non_shiftable_load,outdoor_dry_bulb_temperature_predicted_1,outdoor_dry_bulb_temperature_predicted_2,outdoor_dry_bulb_temperature_predicted_3,outdoor_relative_humidity_predicted_1,outdoor_relative_humidity_predicted_2,outdoor_relative_humidity_predicted_3,diffuse_solar_irradiance_predicted_1,diffuse_solar_irradiance_predicted_2,diffuse_solar_irradiance_predicted_3,direct_solar_irradiance_predicted_1,direct_solar_irradiance_predicted_2,direct_solar_irradiance_predicted_3,electricity_pricing_predicted_1,electricity_pricing_predicted_2,electricity_pricing_predicted_3,electricity_pricing,outdoor_dry_bulb_temperature,solar_generation,carbon_intensity,outdoor_relative_humidity,diffuse_solar_irradiance,direct_solar_irradiance,month_sin,month_cos,hour_sin,hour_cos,day_type_sin,day_type_cos
0.7512441996701807,0.5167792596107107,1.7038218396971327,0.9713569757352701,0.4964570723019269,-0.20516083320391562,0.4953877901119818,-0.5875699060450955,3.0449748780781154,-0.6826680894736445,-0.31126428657124866,2.1319213188500146,-0.6505684099646967,0.030303030303030276,0.030303030303030276,0.030303030303030276,0.030303030303030276,0.9633905379704456,0.0,0.5139458045907864,0.6575031592342735,-0.6829968743182837,-0.651087827846492,-0.4999999999999997,-0.8660254037844388,-2.4492935982947064e-16,1.0,-2.4492935982947064e-16,1.0
0.47045359476705606,0.8062838036019201,1.7038218396971327,0.8131394892324716,0.3885805745217917,-0.04337505269897623,0.818916396576765,0.09230007000421923,3.0527096612659435,-0.6826680894736445,0.8626335717308733,1.8996922099997273,-0.6505684099646967,0.030303030303030276,0.030303030303030276,0.030303030303030276,0.030303030303030276,0.9897016871914003,0.0,0.44528407109348866,0.38782052138163176,-0.6829968743182837,-0.651087827846492,-0.8660254037844385,-0.5000000000000004,0.25881904510252074,0.9659258262890683,0.7818314824680298,0.6234898018587336
0.3779817879990136,1.2536999170428818,1.5458209446114568,0.8131394892324716,0.064951081181386,0.06448213430431671,0.818916396576765,0.9382746424746734,1.9582378401882672,-0.6826680894736445,1.3676826503027166,0.3423911271213311,-0.6505684099646967,0.030303030303030276,0.030303030303030276,0.030303030303030276,0.030303030303030276,0.8844570903075823,0.0,0.43085810789388534,0.3338839938111034,-0.6829968743182837,-0.651087827846492,-0.8660254037844385,-0.5000000000000004,0.49999999999999994,0.8660254037844387,0.7818314824680298,0.6234898018587336
0.18644811074481538,1.5432044610340911,1.7038218396971327,0.8131394892324716,-0.04292541659874924,-0.04337505269897623,0.9806806998091566,1.455902919694038,1.335587793568105,-0.6826680894736445,1.0230207791151749,-0.1288973584866046,-0.6505684099646967,0.030303030303030276,0.030303030303030276,0.030303030303030276,0.030303030303030276,0.7792124934237654,0.0,0.41263574423713634,0.3338839938111034,-0.6829968743182837,-0.651087827846492,-0.8660254037844385,-0.5000000000000004,0.7071067811865476,0.7071067811865476,0.7818314824680298,0.6234898018587336
0.18631653359951503,1.4116114864926321,1.5458209446114568,0.681291583813473,0.064951081181386,-0.04337505269897623,0.9806806998091566,2.3211919801204384,1.0339312492428092,-0.6826680894736445,1.8522567662297553,-0.05717954545931004,-0.6505684099646967,0.030303030303030276,1.0,0.030303030303030276,0.030303030303030276,0.6739678965399476,0.0,0.41711746361112756,0.3338839938111034,-0.6829968743182837,-0.651087827846492,-0.8660254037844385,-0.5000000000000004,0.8660254037844386,0.5000000000000001,0.7818314824680298,0.6234898018587336
0.5191121513984701,1.5432044610340911,1.2561526369543852,0.5230740973106753,-0.04292541659874924,0.22626791480925612,1.1424450030415483,2.8040541790190994,0.8328268863592787,-0.6826680894736445,2.115018786838079,0.7009801922578038,-0.6505684099646967,0.030303030303030276,1.0,0.030303030303030276,0.030303030303030276,0.5161010012142222,0.0,0.4492237329116521,0.4956935765226884,-0.6829968743182837,-0.651087827846492,-0.8660254037844385,-0.5000000000000004,0.9659258262890683,0.25881904510252074,0.7818314824680298,0.6234898018587336
0.11967847748173596,1.7011160304838424,1.1244852243829888,0.681291583813473,-0.20474016326895209,0.33412510181254906,0.9806806998091566,3.0396909320816463,0.21017683973911663,-0.6245722791443928,2.128668761934615,0.4414300117780712,-0.602739265049959,0.030303030303030276,1.0,0.030303030303030276,0.030303030303030276,0.5161010012142222,0.007461693503752125,0.46894918841696287,0.4956935765226884,-0.5862032360197689,-0.3092415480386732,-0.8660254037844385,-0.5000000000000004,1.0,6.123233995736766e-17,0.7818314824680298,0.6234898018587336
0.23292142275185163,1.7011160304838424,1.1244852243829888,0.9713569757352701,-0.04292541659874924,0.06448213430431671,0.818916396576765,3.0474167272640247,-0.5787710454193495,-0.23339382292743105,1.8966191852934982,-0.16304869802341154,-0.5070809752204838,0.030303030303030276,1.0,0.030303030303030276,0.030303030303030276,0.8055236426447192,0.03924873190673373,0.4812756581635389,0.38782052138163176,0.09522397760177567,0.8667096545002234,-0.8660254037844385,-0.5000000000000004,0.9659258262890683,-0.25881904510252063,0.7818314824680298,0.6234898018587336
0.5170756660033726,1.5432044610340911,0.9664843292973129,0.9713569757352701,0.064951081181386,0.22626791480925612,0.818916396576765,1.9542167089574562,-0.6831906184550289,0.29334152405778474,0.34052202428835976,-0.6514128533997506,-0.3977572154153693,0.030303030303030276,1.0,0.030303030303030276,0.030303030303030276,1.2528131794009436,0.1287280787184275,0.6177872424861669,0.06420135595846167,0.9431362490967657,1.3726421486157951,-0.8660254037844385,-0.5000000000000004,0.8660254037844387,-0.4999999999999998,0.7818314824680298,0.6234898018587336
0.5670556573795537,1.7011160304838424,1.1244852243829888,0.9713569757352701,-0.04292541659874924,-0.09730364620062269,0.6571520933443734,1.3322901967759808,-0.6831906184550289,0.4482636849357894,-0.13040211654214268,-0.6514128533997506,-0.5309955476778526,0.030303030303030276,0.030303030303030276,0.030303030303030276,0.030303030303030276,1.5422358208314406,0.2999589790880628,0.678742262567599,-0.043671699182595024,1.4619501503768053,1.0273774060098984,-0.8660254037844385,-0.5000000000000004,0.7071067811865476,-0.7071067811865475,0.7818314824680298,0.6234898018587336
0.9386591364398423,1.5432044610340911,1.1244852243829888,1.419639854159865,-0.04292541659874924,0.06448213430431671,0.2257806180579958,1.0309841846632164,-0.6831906184550289,1.005983464096606,-0.05873974728532709,-0.6514128533997506,-0.32601349804326285,1.0,0.030303030303030276,0.030303030303030276,0.030303030303030276,1.410680074726669,0.48801474113186216,0.7298227487670532,0.06420135595846167,2.3292211495314983,1.8580638659428979,-0.8660254037844385,-0.5000000000000004,0.49999999999999994,-0.8660254037844387,0.7818314824680298,0.6234898018587336
0.9116173873508805,1.2536999170428818,0.8084834342116368,1.419639854159865,0.22676582785158886,0.4959108823174885,0.0640163148256042,0.8301135099213733,-0.6831906184550289,1.6566565397842257,0.6988338705724376,-0.6514128533997506,0.06345239626245763,1.0,0.030303030303030276,0.030303030303030276,0.030303030303030276,1.5422358208314406,0.6540512860385848,0.7955797134742046,-0.043671699182595024,2.8131893410240725,2.1212855013949183,-0.8660254037844385,-0.5000000000000004,0.258819045102521,-0.9659258262890682,0.7818314824680298,0.6234898018587336
0.8845756382619185,1.1221069425014227,0.9664843292973129,1.5514877595788634,0.3346423256317241,0.4959108823174885,-0.04382655399599019,0.2081869977398979,-0.6831906184550289,1.598560729454974,0.4394843437382479,-0.6514128533997506,-0.15861149084168125,1.0,0.030303030303030276,0.030303030303030276,0.030303030303030276,1.700102716157167,0.77016768814485,0.8411548043749981,-0.20548128189418005,3.049365818472449,2.1349593525872312,-0.8660254037844385,-0.5000000000000004,1.2246467991473532e-16,-1.0,0.7818314824680298,0.6234898018587336
0.8575338891729566,1.1221069425014227,0.8084834342116368,1.2350527865732672,0.064951081181386,0.8194824433273673,0.3336234868795902,-0.5798441108627169,-0.6831906184550289,1.46300383868672,-0.16452705428348344,-0.6514128533997506,-0.19619153327468938,1.0,0.030303030303030276,0.030303030303030276,0.030303030303030276,1.700102716157167,0.831335772449104,0.8834254083371351,-0.043671699182595024,3.05710930953633,1.9025038823179143,-0.8660254037844385,-0.5000000000000004,-0.2588190451025208,-0.9659258262890683,0.7818314824680298,0.6234898018587336
0.8304921400839944,0.9641953730516715,0.8084834342116368,1.2350527865732672,0.22676582785158886,0.8194824433273673,0.3336234868795902,-0.6841423458248278,-0.6831906184550289,2.830191908435111,-0.6525136639846563,-0.6514128533997506,1.6896433233635362,1.0,0.030303030303030276,0.030303030303030276,0.030303030303030276,1.5422358208314406,0.8397731854366609,0.8802423631886012,0.06420135595846167,1.961405323997142,0.34368484639426067,-0.8660254037844385,-0.5000000000000004,-0.4999999999999997,-0.8660254037844388,0.7818314824680298,0.6234898018587336
0.8034503909950325,1.1221069425014227,0.8084834342116368,1.7097052460816622,-0.09686366548881685,0.9812682238323067,-0.2055908572283818,-0.6841423458248278,-0.6831906184550289,2.373171533844997,-0.6525136639846563,-0.6514128533997506,2.0039491328032404,0.030303030303030276,0.030303030303030276,0.030303030303030276,0.030303030303030276,1.700102716157167,0.7986395830725621,0.8825014058513427,-0.043671699182595024,1.3380542933547064,-0.12806301974052925,-0.8660254037844385,-0.5000000000000004,-0.7071067811865471,-0.7071067811865479,0.7818314824680298,0.6234898018587336
0.7764086419060705,1.1221069425014227,0.6768160216402405,1.7097052460816622,0.064951081181386,0.9812682238323067,-0.259512291639179,-0.6841423458248278,-0.6831906184550289,1.7612289983768787,-0.6525136639846563,-0.6514128533997506,1.751137938253913,0.030303030303030276,0.030303030303030276,1.0,1.0,1.5422358208314406,0.6845411245818082,0.8956616290604311,-0.043671699182595024,1.03605814186334,-0.0562753009808873,-0.8660254037844385,-0.5000000000000004,-0.8660254037844385,-0.5000000000000004,0.7818314824680298,0.6234898018587336
0.3320576745687966,0.8062838036019201,0.5188151265545653,1.5514877595788634,0.4964570723019269,1.1430540043372461,-0.2055908572283818,-0.6841423458248278,-0.6831906184550289,1.033094842250257,-0.6525136639846563,-0.6514128533997506,1.3480065739725533,0.030303030303030276,0.030303030303030276,1.0,1.0,1.2528131794009436,0.5121959513828752,0.900257465814597,0.2260109386700467,0.8347273742024292,0.7026234401924704,-0.8660254037844385,-0.5000000000000004,-0.9659258262890683,-0.25881904510252063,0.7818314824680298,0.6234898018587336
0.055586060714660115,0.9641953730516715,0.6768160216402405,1.8415531515006607,0.4964570723019269,0.9812682238323067,0.3875449212903874,-0.6841423458248278,-0.6251797445463182,0.26623014590413396,-0.6525136639846563,-0.603600978048221,0.5007474354829158,0.030303030303030276,0.030303030303030276,1.0,1.0,1.121257433296172,0.2796250492804417,0.8829065020631017,0.3338839938111034,0.2113763435599935,0.4428202675385281,-0.8660254037844385,-0.5000000000000004,-1.0,-1.8369701987210297e-16,0.7818314824680298,0.6234898018587336
0.002042204691978163,0.8062838036019201,0.9664843292973129,1.7097052460816622,0.8200865656423326,0.8194824433273673,-0.2055908572283818,-0.6841423458248278,-0.23457319356099912,-0.5780956308809914,-0.6525136639846563,-0.5079772273451616,-0.14836238835995177,0.030303030303030276,0.030303030303030276,1.0,1.0,1.121257433296172,0.025068187686744136,0.8765044555717425,0.06420135595846167,-0.5784597449558877,-0.16224764772131112,-0.8660254037844385,-0.5000000000000004,-0.9659258262890684,0.2588190451025203,0.7818314824680298,0.6234898018587336
0.12299066225023926,0.8062838036019201,0.9664843292973129,1.7097052460816622,0.8200865656423326,0.8194824433273673,-0.5830408981039622,-0.6841423458248278,0.29139206321131167,-0.6826680894736445,-0.6525136639846563,-0.3986929408273794,-0.6505684099646967,0.030303030303030276,0.030303030303030276,1.0,1.0,0.9633905379704456,0.0,0.8871561964226453,0.2260109386700467,-0.6829968743182837,-0.651087827846492,-0.8660254037844385,-0.5000000000000004,-0.8660254037844386,0.5000000000000001,0.7818314824680298,0.6234898018587336
0.543847590702546,0.8062838036019201,0.9664843292973129,0.9713569757352701,0.9819013123125355,0.6576966628224279,0.6571520933443734,-0.6841423458248278,0.4460877269678737,-0.6826680894736445,-0.6525136639846563,-0.5318831650209264,-0.6505684099646967,0.030303030303030276,0.030303030303030276,0.030303030303030276,0.030303030303030276,1.121257433296172,0.0,0.8725591595920803,-0.09760822675312336,-0.6829968743182837,-0.651087827846492,-0.8660254037844385,-0.5000000000000004,-0.7071067811865477,0.7071067811865474,0.7818314824680298,0.6234898018587336
0.8790915696612013,0.6746908290604611,1.4141535320400604,1.1295744622380688,0.9819013123125355,0.22626791480925612,0.3336234868795902,-0.6841423458248278,1.0029921164914968,-0.6826680894736445,-0.6525136639846563,-0.3269751278000848,-0.6505684099646967,0.030303030303030276,0.030303030303030276,0.030303030303030276,0.030303030303030276,1.121257433296172,0.0,0.8138162649740004,0.06420135595846167,-0.6829968743182837,-0.651087827846492,-0.8660254037844385,-0.5000000000000004,-0.5000000000000004,0.8660254037844384,0.7818314824680298,0.6234898018587336
0.4922601511860619,0.5167792596107107,1.4141535320400604,1.1295744622380688,1.1437160589827384,0.06448213430431671,0.3336234868795902,-0.6841423458248278,1.6527139042690573,-0.6826680894736445,-0.6525136639846563,0.062350142919514226,-0.6505684099646967,0.030303030303030276,0.030303030303030276,0.030303030303030276,0.030303030303030276,0.8055236426447192,0.0,0.7422334748378601,0.4956935765226884,-0.6829968743182837,-0.651087827846492,-0.8660254037844385,-0.5000000000000004,-0.25881904510252157,0.9659258262890681,0.7818314824680298,0.6234898018587336
0.7439705766362388,0.6746908290604611,1.5458209446114568,0.8131394892324716,0.9819013123125355,-0.04337505269897623,0.3875449212903874,-0.6261988819569885,1.5947030303603464,-0.6826680894736445,-0.6047387511467791,-0.15963356406973084,-0.6505684099646967,0.030303030303030276,0.030303030303030276,0.030303030303030276,0.030303030303030276,0.9633905379704456,0.0,0.6207616700002976,0.4956935765226884,-0.6829968743182837,-0.651087827846492,-0.8660254037844385,-0.5000000000000004,-2.4492935982947064e-16,1.0,0.7818314824680298,0.6234898018587336
0.9956810020864155,0.9641953730516715,1.2298191544401056,0.9713569757352701,0.8200865656423326,0.33412510181254906,0.3336234868795902,-0.2360462252468703,1.4593443245733546,-0.6826680894736445,-0.509188925471025,-0.19720003756021848,-0.6505684099646967,0.030303030303030276,0.030303030303030276,0.030303030303030276,0.030303030303030276,0.8055236426447192,0.0,0.5241344685861434,0.8193127419458585,-0.6829968743182837,-0.651087827846492,-0.8660254037844385,-0.5000000000000004,0.25881904510252074,0.9659258262890683,0.9749279121818236,-0.22252093395631434
0.775624945294973,0.9641953730516715,1.2298191544401056,0.8131394892324716,0.8200865656423326,0.33412510181254906,0.6571520933443734,0.28930784715487295,2.8245335572250143,-0.6826680894736445,-0.39998912469873465,1.6879539048715242,-0.6505684099646967,0.030303030303030276,0.030303030303030276,0.030303030303030276,0.030303030303030276,0.8055236426447192,0.0,0.4939337751437901,0.8193127419458585,-0.6829968743182837,-0.651087827846492,-0.8660254037844385,-0.5000000000000004,0.49999999999999994,0.8660254037844387,0.9749279121818236,-0.22252093395631434
0.49701961590690846,0.9641953730516715,1.7038218396971327,0.8131394892324716,0.6582718189721298,-0.20516083320391562,0.6571520933443734,0.4438237508024445,2.3681813491431565,-0.6826680894736445,-0.5330763818899635,2.002146228610148,-0.6505684099646967,0.030303030303030276,0.030303030303030276,0.030303030303030276,0.030303030303030276,0.8055236426447192,0.0,0.47708891275383103,0.9811223246574435,-0.6829968743182837,-0.651087827846492,-0.8660254037844385,-0.5000000000000004,0.7071067811865476,0.7071067811865476,0.9749279121818236,-0.22252093395631434
0.38934839212071415,1.4116114864926321,1.7038218396971327,0.8131394892324716,0.22676582785158886,-0.2590894267055621,0.6571520933443734,1.000081003933702,1.7571334773047367,-0.6826680894736445,-0.328326755441919,1.7494263160377768,-0.6505684099646967,0.030303030303030276,1.0,0.030303030303030276,0.030303030303030276,0.6739678965399476,0.0,0.47198067462118065,0.9811223246574435,-0.6829968743182837,-0.651087827846492,-0.8660254037844385,-0.5000000000000004,0.8660254037844386,0.5000000000000001,0.9749279121818236,-0.22252093395631434
0.12090838656701207,1.4116114864926321,1.5458209446114568,0.681291583813473,0.064951081181386,-0.20516083320391562,0.818916396576765,1.6490477992535024,1.0300638576488952,-0.6826680894736445,0.06069753480936555,1.3464405095034548,-0.6505684099646967,0.030303030303030276,1.0,0.030303030303030276,0.030303030303030276,0.5161010012142222,0.0,0.496707011872766,1.1429319073690285,-0.6829968743182837,-0.651087827846492,-0.8660254037844385,-0.5000000000000004,0.9659258262890683,0.25881904510252074,0.9749279121818236,-0.22252093395631434
0.11994162147544256,1.5432044610340911,1.835489252268529,0.8131394892324716,-0.04292541659874924,0.38805369531419553,0.6571520933443734,1.591104335385663,0.2643203220539133,-0.5780956308809914,-0.16111456050934936,0.499487288990643,-0.15861149084168125,0.030303030303030276,1.0,0.030303030303030276,0.030303030303030276,0.6739678965399476,0.007666807376696717,0.5141358294922437,0.9811223246574435,-0.6249206913391748,-0.6032293486733973,-0.8660254037844385,-0.5000000000000004,1.0,6.123233995736766e-17,0.9749279121818236,-0.22252093395631434
0.5979406077870296,1.2273813221345895,1.7038218396971327,1.2614223676570673,0.3346423256317241,-0.20516083320391562,0.2257806180579958,1.455902919694038,-0.5787710454193495,0.06095828274077778,-0.19865199202482417,-0.14938816220868875,0.6988967501296858,0.030303030303030276,1.0,0.030303030303030276,0.030303030303030276,0.9633905379704456,0.039176664582625524,0.581377037216761,0.8193127419458585,-0.2338743926131748,-0.5075123903272081,-0.8660254037844385,-0.5000000000000004,0.9659258262890683,-0.25881904510252063,0.9749279121818236,-0.22252093395631434
0.2078084512573449,1.2273813221345895,1.7038218396971327,1.7097052460816622,0.3346423256317241,-0.582660987715441,-0.3134337260499762,2.8195057693838566,-0.6831906184550289,0.8820457353942024,1.6850445712971855,-0.6514128533997506,1.429999393826389,0.030303030303030276,1.0,0.030303030303030276,0.030303030303030276,0.9633905379704456,0.1259895337069706,0.6526513314010207,0.8193127419458585,0.29268299973074596,-0.3981215807887061,-0.8660254037844385,-0.5000000000000004,0.8660254037844387,-0.4999999999999998,0.9749279121818236,-0.22252093395631434
0.8478919804925492,1.7011160304838424,0.9664843292973129,2.131618543422457,-0.20474016326895209,0.6576966628224279,-0.4212765948715706,2.3636838536235207,-0.6831906184550289,1.6837679179378766,1.9989939985175205,-0.6514128533997506,1.8433798605894784,0.030303030303030276,0.030303030303030276,0.030303030303030276,0.030303030303030276,0.9633905379704456,0.2949641987702667,0.7193589840316081,0.6575031592342735,0.44755282100836974,-0.5314416299137554,-0.8660254037844385,-0.5000000000000004,0.7071067811865476,-0.7071067811865475,0.9749279121818236,-0.22252093395631434
0.6840683951218384,1.7011160304838424,1.1244852243829888,1.9997706380034583,-0.2586784121590197,0.33412510181254906,-0.3134337260499762,1.7533460342156133,-0.6831906184550289,2.330567939603546,1.7464694592315988,-0.6514128533997506,2.0586110127057977,1.0,0.030303030303030276,0.030303030303030276,0.030303030303030276,1.410680074726669,0.4775650390071194,0.7836266861956946,0.2260109386700467,1.0050841776078152,-0.3263338620290641,-0.8660254037844385,-0.5000000000000004,0.49999999999999994,-0.8660254037844387,0.9749279121818236,-0.22252093395631434
0.6640266405467039,1.5432044610340911,1.1244852243829888,2.2898360299252554,-0.20474016326895209,0.33412510181254906,-0.529119463693165,1.027121287072027,-0.6831906184550289,2.7914613682156095,1.343795193883778,-0.6514128533997506,2.1201056275961747,1.0,0.030303030303030276,0.030303030303030276,0.030303030303030276,1.410680074726669,0.6390835492944914,0.8652320350022793,0.06420135595846167,1.655537426973835,0.06337089695184926,-0.8660254037844385,-0.5000000000000004,0.258819045102521,-0.9659258262890682,0.9749279121818236,-0.22252093395631434
0.6439848859715694,1.8327090050253017,0.8084834342116368,2.2898360299252554,0.3885805745217917,0.38805369531419553,-0.7448052013363538,0.26226756401654794,-0.6831906184550289,3.027717663554567,0.4974967378985272,-0.6514128533997506,2.133771097571814,1.0,0.030303030303030276,0.030303030303030276,0.030303030303030276,1.5422358208314406,0.7581435397704873,0.8932005248784851,-0.043671699182595024,1.5974612439947262,-0.15882918492323295,-0.8660254037844385,-0.5000000000000004,1.2246467991473532e-16,-1.0,0.9749279121818236,-0.22252093395631434
0.4471769164522617,1.7011160304838424,0.9664843292973129,2.2898360299252554,-0.20474016326895209,0.33412510181254906,-0.7448052013363538,-0.5798441108627169,-0.6831906184550289,3.035463771598467,-0.15087707918694712,-0.6514128533997506,2.1474365675474534,1.0,0.030303030303030276,0.030303030303030276,0.030303030303030276,1.226502030179989,0.8156196488678059,0.8870462790537701,0.3338839938111034,1.4619501503768053,-0.19643227570209298,-0.8660254037844385,-0.5000000000000004,-0.2588190451025208,-0.9659258262890683,0.9749279121818236,-0.22252093395631434
0.42047367203683583,1.7011160304838424,0.8084834342116368,2.131618543422457,-0.5823079054994255,0.6576966628224279,-0.7448052013363538,-0.6841423458248278,-0.6831906184550289,2.80695358430341,-0.6525136639846563,-0.6514128533997506,2.1235219950900843,1.0,0.030303030303030276,0.030303030303030276,0.030303030303030276,1.226502030179989,0.8246724021437312,0.8856797900117275,0.3338839938111034,2.828676323151835,1.6905591888370666,-0.8660254037844385,-0.5000000000000004,-0.4999999999999997,-0.8660254037844388,0.9749279121818236,-0.22252093395631434
0.6387449510098238,0.9641953730516715,0.8084834342116368,2.2898360299252554,0.6582718189721298,0.6576966628224279,-0.8526480701579482,-0.6841423458248278,-0.6831906184550289,2.3770445878669473,-0.6525136639846563,-0.6514128533997506,1.9834509278397814,0.030303030303030276,0.030303030303030276,0.030303030303030276,0.030303030303030276,1.700102716157167,0.7774020942378285,0.915693685390573,-0.20548128189418005,2.371810350382845,2.00505776626026,-0.8660254037844385,-0.5000000000000004,-0.7071067811865471,-0.7071067811865479,0.9749279121818236,-0.22252093395631434
0.8570162299828118,1.1221069425014227,0.8084834342116368,1.9997706380034583,0.3346423256317241,0.6576966628224279,-0.4212765948715706,-0.6841423458248278,-0.6831906184550289,1.765102052398829,-0.6525136639846563,-0.6514128533997506,1.41291755635684,0.030303030303030276,0.030303030303030276,1.0,1.0,1.700102716157167,0.6763144041089884,0.924411782015111,-0.2594178094647084,1.760074556336231,1.752091519202474,-0.8660254037844385,-0.5000000000000004,-0.8660254037844385,-0.5000000000000004,0.9749279121818236,-0.22252093395631434
0.29826666605820573,1.1221069425014227,0.6768160216402405,1.8415531515006607,0.3346423256317241,0.8194824433273673,-0.4212765948715706,-0.6841423458248278,-0.6831906184550289,0.7193774664722975,-0.6525136639846563,-0.6514128533997506,0.3504272657508833,0.030303030303030276,0.030303030303030276,1.0,1.0,1.5422358208314406,0.5139033776580572,0.9059641031180627,-0.20548128189418005,1.0321863963313993,1.348712909029248,-0.8660254037844385,-0.5000000000000004,-0.9659258262890683,-0.25881904510252063,0.9749279121818236,-0.22252093395631434
0.10595501726603777,0.8062838036019201,0.8084834342116368,1.7097052460816622,0.3885805745217917,0.6576966628224279,-0.4212765948715706,-0.6841423458248278,-0.5787710454193495,-0.20240939075183012,-0.6525136639846563,-0.15963356406973084,-0.544661017653492,0.030303030303030276,0.030303030303030276,1.0,1.0,1.8316584622619385,0.28667095502302875,0.850917013564551,0.38782052138163176,0.2655807810071618,0.5009341351058573,-0.8660254037844385,-0.5000000000000004,-1.0,-1.8369701987210297e-16,0.9749279121818236,-0.22252093395631434
0.4793833016045046,0.9641953730516715,1.2561526369543852,1.5514877595788634,0.3346423256317241,0.22626791480925612,-0.2055908572283818,-0.6841423458248278,0.05934856757646868,-0.632318387188293,-0.6525136639846563,0.6975650583041232,-0.6061556325438688,0.030303030303030276,0.030303030303030276,1.0,1.0,1.700102716157167,0.02724682359347446,0.7959417339603232,-0.20548128189418005,-0.5784597449558877,-0.14857379652899838,-0.8660254037844385,-0.5000000000000004,-0.9659258262890684,0.2588190451025203,0.9749279121818236,-0.22252093395631434
5.673705355535082e-10,0.8062838036019201,1.7038218396971327,1.2614223676570673,0.6582718189721298,-0.3130180202072086,0.3336234868795902,-0.6841423458248278,0.8792355854862474,-0.6826680894736445,-0.6525136639846563,1.4284037243917915,-0.6505684099646967,0.030303030303030276,0.030303030303030276,1.0,1.0,1.700102716157167,0.0,0.7753487712431577,-0.5830369748878784,-0.6829968743182837,-0.651087827846492,-0.8660254037844385,-0.5000000000000004,-0.8660254037844386,0.5000000000000001,0.9749279121818236,-0.22252093395631434
0.0,0.8062838036019201,2.1251575599256007,1.1295744622380688,0.6582718189721298,-0.4208752072105015,0.3336234868795902,-0.6841423458248278,1.6797856454264555,-0.6826680894736445,-0.6525136639846563,1.8416349327871555,-0.6505684099646967,0.030303030303030276,0.030303030303030276,0.030303030303030276,0.030303030303030276,0.9633905379704456,0.0,0.756333373745637,0.6575031592342735,-0.6829968743182837,-0.651087827846492,-0.8660254037844385,-0.5000000000000004,-0.7071067811865477,0.7071067811865474,0.9749279121818236,-0.22252093395631434
5.673705355535082e-10,0.8062838036019201,1.9934901473542042,1.1295744622380688,0.6582718189721298,-0.3130180202072086,0.0640163148256042,-0.6841423458248278,2.325640041610102,-0.6826680894736445,-0.6525136639846563,2.056788371869039,-0.6505684099646967,0.030303030303030276,0.030303030303030276,0.030303030303030276,0.030303030303030276,1.121257433296172,0.0,0.6963404123499384,0.3338839938111034,-0.6829968743182837,-0.651087827846492,-0.8660254037844385,-0.5000000000000004,-0.5000000000000004,0.8660254037844384,0.9749279121818236,-0.22252093395631434
5.673705355535082e-10,0.6746908290604611,2.2831584550112765,0.9713569757352701,0.8200865656423326,-0.5287323942137945,0.2257806180579958,-0.6841423458248278,2.785859641285874,-0.6826680894736445,-0.6525136639846563,2.1182607830352915,-0.6505684099646967,0.030303030303030276,0.030303030303030276,0.030303030303030276,0.030303030303030276,1.121257433296172,0.0,0.6261550479244337,0.3338839938111034,-0.6829968743182837,-0.651087827846492,-0.8660254037844385,-0.5000000000000004,-0.25881904510252157,0.9659258262890681,0.9749279121818236,-0.22252093395631434
5.673705355535082e-10,0.8062838036019201,2.2831584550112765,0.681291583813473,0.6582718189721298,-0.7444467682203804,0.6571520933443734,-0.5798441108627169,3.021770528514631,-0.6826680894736445,-0.16111456050934936,2.1319213188500146,-0.6505684099646967,0.030303030303030276,0.030303030303030276,0.030303030303030276,0.030303030303030276,0.8055236426447192,0.0,0.5586151272011836,0.38782052138163176,-0.6829968743182837,-0.651087827846492,-0.8660254037844385,-0.5000000000000004,-2.4492935982947064e-16,1.0,0.9749279121818236,-0.22252093395631434
5.673705355535082e-10,1.2536999170428818,2.2831584550112765,0.8131394892324716,0.22676582785158886,-0.7444467682203804,0.4953877901119818,0.05753399168351564,3.029505311702459,-0.6826680894736445,0.6954213767983036,2.145581854664737,-0.6505684099646967,0.030303030303030276,0.030303030303030276,0.030303030303030276,0.030303030303030276,0.9633905379704456,0.0,0.484416549540132,0.3338839938111034,-0.6829968743182837,-0.651087827846492,-0.8660254037844385,-0.5000000000000004,0.25881904510252074,0.9659258262890683,0.43388373911755823,-0.900968867902419
5.673705355535082e-10,1.7011160304838424,2.1251575599256007,0.9713569757352701,-0.3126166610490873,-0.7444467682203804,0.4953877901119818,0.8764682810156448,2.80132920766153,-0.6826680894736445,1.4256950444629959,2.121675916988972,-0.6505684099646967,0.030303030303030276,0.030303030303030276,0.030303030303030276,0.030303030303030276,0.8055236426447192,0.0,0.44519387328985893,0.6575031592342735,-0.6829968743182837,-0.651087827846492,-0.8660254037844385,-0.5000000000000004,0.49999999999999994,0.8660254037844387,0.43388373911755823,-0.900968867902419
5.673705355535082e-10,2.122213549016511,2.2831584550112765,0.8131394892324716,-0.42049315882922256,-0.8523039552236732,0.6571520933443734,1.6760880823918276,2.3720487407370707,-0.6826680894736445,1.838606791133219,1.9816554248880638,-0.6505684099646967,0.030303030303030276,0.030303030303030276,0.030303030303030276,0.030303030303030276,0.8055236426447192,0.0,0.4540391995249684,0.6575031592342735,-0.6829968743182837,-0.651087827846492,-0.8660254037844385,-0.5000000000000004,0.7071067811865476,0.7071067811865476,0.43388373911755823,-0.900968867902419
5.673705355535082e-10,1.990620574475052,1.9934901473542042,0.681291583813473,-0.3126166610490873,-0.4208752072105015,0.818916396576765,2.3211919801204384,1.7610008688986507,-0.6826680894736445,2.0535938989036655,1.4113280546233882,-0.6505684099646967,0.030303030303030276,1.0,0.030303030303030276,0.030303030303030276,0.8055236426447192,0.0,0.44313427994417254,0.6575031592342735,-0.6829968743182837,-0.651087827846492,-0.8660254037844385,-0.5000000000000004,0.8660254037844386,0.5000000000000001,0.43388373911755823,-0.900968867902419
5.673705355535082e-10,2.2801251184662625,1.835489252268529,0.681291583813473,-0.5283696566093578,-0.4208752072105015,0.818916396576765,2.780876793471964,0.7168051385418572,-0.6826680894736445,2.115018786838079,0.3492213950286925,-0.6505684099646967,0.030303030303030276,1.0,0.030303030303030276,0.030303030303030276,0.6739678965399476,0.0,0.44561428417696436,0.8193127419458585,-0.6829968743182837,-0.651087827846492,-0.8660254037844385,-0.5000000000000004,0.9659258262890683,0.25881904510252074,0.43388373911755823,-0.900968867902419
7.41947510678388e-10,2.2801251184662625,1.7038218396971327,0.681291583813473,-0.7441226521696283,-0.4208752072105015,0.818916396576765,3.0165135465345103,-0.2036340608096867,-0.632318387188293,2.128668761934615,-0.5455437008356492,-0.6266538375073278,0.030303030303030276,1.0,0.030303030303030276,0.030303030303030276,0.8055236426447192,0.008664656492969608,0.49949197790158917,0.6575031592342735,-0.5784597449558877,-0.15882918492323295,-0.8660254037844385,-0.5000000000000004,1.0,6.123233995736766e-17,0.43388373911755823,-0.900968867902419
0.005211370509409389,2.2801251184662625,1.5458209446114568,0.9713569757352701,-0.7441226521696283,-0.20516083320391562,0.4953877901119818,3.024239341716889,-0.6329145277341462,-0.37282376771763526,2.1423187370311516,-0.6070161120019016,-0.6334865724951475,0.030303030303030276,1.0,0.030303030303030276,0.030303030303030276,1.2528131794009436,0.04394416680290633,0.5549130221196666,0.2260109386700467,0.060378267814310334,0.6992049773943921,-0.8660254037844385,-0.5000000000000004,0.9659258262890683,-0.25881904510252063,0.43388373911755823,-0.900968867902419
0.10870085912902026,2.122213549016511,1.2561526369543852,1.2614223676570673,-0.7441226521696283,0.33412510181254906,0.2257806180579958,2.796328383836721,-0.6831906184550289,0.9362684917015041,2.118431280612213,-0.6514128533997506,1.0986117469171357,0.030303030303030276,1.0,0.030303030303030276,0.030303030303030276,1.700102716157167,0.1264108522131708,0.6798504509147496,-0.31335433703523674,0.8811883205857163,1.4307560161831243,-0.8660254037844385,-0.5000000000000004,0.8660254037844387,-0.4999999999999998,0.43388373911755823,-0.900968867902419
0.44731990598853955,2.2801251184662625,1.1244852243829888,1.9997706380034583,-0.8519991499497634,0.33412510181254906,-0.4212765948715706,2.36754675121471,-0.6831906184550289,1.703133188047627,1.978519035872716,-0.6514128533997506,1.8638780655529374,0.030303030303030276,0.030303030303030276,0.030303030303030276,0.030303030303030276,2.1210811036924357,0.28178705569903295,0.7346524032234163,-0.42122739217629346,1.6826396456974193,1.8443900147505852,-0.8660254037844385,-0.5000000000000004,0.7071067811865476,-0.7071067811865475,0.43388373911755823,-0.900968867902419
0.8815056078405178,1.990620574475052,1.1244852243829888,2.448053516428054,-0.42049315882922256,0.06448213430431671,-0.6369623325147594,1.7572089318068025,-0.6831906184550289,2.330567939603546,1.4086325755923255,-0.6514128533997506,2.0586110127057977,1.0,0.030303030303030276,0.030303030303030276,0.030303030303030276,1.989525357587664,0.45292371387626545,0.7433615364092063,-0.31335433703523674,2.3292211495314983,2.059753171029511,-0.8660254037844385,-0.5000000000000004,0.49999999999999994,-0.8660254037844387,0.43388373911755823,-0.900968867902419
0.41001655824933864,1.8327090050253017,0.9664843292973129,1.8415531515006607,-0.42049315882922256,0.22626791480925612,-0.04382655399599019,0.7142265821856947,-0.6831906184550289,2.7914613682156095,0.34734701183662786,-0.6514128533997506,1.874127168034667,1.0,0.030303030303030276,0.030303030303030276,0.030303030303030276,2.278947999018162,0.6612690746176136,0.823856443204041,-0.5291004473173502,2.789958867832429,2.1212855013949183,-0.8660254037844385,-0.5000000000000004,0.258819045102521,-0.9659258262890682,0.43388373911755823,-0.900968867902419
0.46442421409499834,1.7011160304838424,0.6768160216402405,1.5514877595788634,-0.42049315882922256,0.6576966628224279,-0.04382655399599019,-0.205143044517356,-0.6831906184550289,2.105930806330439,-0.5467263569864999,-0.6514128533997506,0.2923490183544162,1.0,0.030303030303030276,0.030303030303030276,0.030303030303030276,2.278947999018162,0.7749462545161321,0.8699891112146088,-0.7448465575994635,3.0261353452808053,2.1349593525872312,-0.8660254037844385,-0.5000000000000004,1.2246467991473532e-16,-1.0,0.43388373911755823,-0.900968867902419
0.7303929890871708,1.5432044610340911,0.8084834342116368,1.5514877595788634,-0.20474016326895209,0.4959108823174885,-0.04382655399599019,-0.633924677139367,-0.6831906184550289,1.1531595169307105,-0.6081512449209132,-0.6514128533997506,-0.4250881553666479,1.0,0.030303030303030276,0.030303030303030276,0.030303030303030276,2.278947999018162,0.8376943331110924,0.8971877185318378,-0.7448465575994635,3.0338788363446865,2.1486332037795437,-0.8660254037844385,-0.5000000000000004,-0.2588190451025208,-0.9659258262890683,0.43388373911755823,-0.900968867902419
0.996361764079343,1.2536999170428818,0.9664843292973129,1.5514877595788634,0.3346423256317241,0.4959108823174885,0.0640163148256042,-0.6841423458248278,-0.6831906184550289,1.0253487342063567,-0.6525136639846563,-0.6514128533997506,-0.5480773851474018,1.0,0.030303030303030276,0.030303030303030276,0.030303030303030276,2.1210811036924357,0.8492804257234113,0.8877051174115718,-0.7448465575994635,2.8054458499601913,2.1247039641929963,-0.8660254037844385,-0.5000000000000004,-0.4999999999999997,-0.8660254037844388,0.43388373911755823,-0.900968867902419
0.8878344107524483,1.1221069425014227,0.8084834342116368,1.419639854159865,0.3346423256317241,0.6576966628224279,0.2257806180579958,-0.6841423458248278,-0.6831906184550289,0.5876936297259936,-0.6525136639846563,-0.6514128533997506,-0.5890737950743197,0.030303030303030276,0.030303030303030276,0.030303030303030276,0.030303030303030276,2.278947999018162,0.8022873203020093,0.8977262931514665,-0.8527196127405202,2.3756820959147853,1.9845469894717909,-0.8660254037844385,-0.5000000000000004,-0.7071067811865471,-0.7071067811865479,0.43388373911755823,-0.900968867902419
0.7793070574255534,1.1221069425014227,0.6768160216402405,1.1295744622380688,0.064951081181386,0.8194824433273673,0.4953877901119818,-0.6841423458248278,-0.6831906184550289,1.0447140043161074,-0.6525136639846563,-0.6514128533997506,0.05320329378072814,0.030303030303030276,0.030303030303030276,1.0,1.0,1.989525357587664,0.6930228420701278,0.9152603671516706,-0.42122739217629346,1.7639463018681716,1.4136637021927334,-0.8660254037844385,-0.5000000000000004,-0.8660254037844385,-0.5000000000000004,0.43388373911755823,-0.900968867902419
0.6707797040986586,0.9641953730516715,0.6768160216402405,0.9713569757352701,0.22676582785158886,0.8194824433273673,0.4953877901119818,-0.6841423458248278,-0.6831906184550289,1.0098565181185564,-0.6525136639846563,-0.6514128533997506,0.9961207220998408,0.030303030303030276,0.030303030303030276,1.0,1.0,1.8316584622619385,0.5249628720300817,0.9072595505055712,-0.42122739217629346,0.7185750082442113,0.350521771990417,-0.8660254037844385,-0.5000000000000004,-0.9659258262890683,-0.25881904510252063,0.43388373911755823,-0.900968867902419
0.07935471433337826,0.6746908290604611,0.6768160216402405,0.9713569757352701,0.6582718189721298,0.8194824433273673,0.3336234868795902,-0.6841423458248278,-0.6329145277341462,0.24299182177243325,-0.6525136639846563,-0.6275069157239859,0.4597510255559978,0.030303030303030276,0.030303030303030276,1.0,1.0,1.700102716157167,0.2878961008633337,0.9198314648148918,-0.42122739217629346,-0.20290042835765007,-0.5451154811060681,-0.8660254037844385,-0.5000000000000004,-1.0,-1.8369701987210297e-16,0.43388373911755823,-0.900968867902419
4.3643866228435317e-10,0.8062838036019201,0.9664843292973129,0.8131394892324716,0.4964570723019269,0.4959108823174885,0.4953877901119818,-0.6841423458248278,-0.37379929094190495,-0.5935878469687919,-0.6525136639846563,-0.6343371836313472,-0.18935879828686972,0.030303030303030276,0.030303030303030276,1.0,1.0,1.5422358208314406,0.0250515555376741,0.9265282803919346,-0.20548128189418005,-0.632664182403056,-0.6066478114714755,-0.8660254037844385,-0.5000000000000004,-0.9659258262890684,0.2588190451025203,0.43388373911755823,-0.900968867902419
5.673705355535082e-10,0.9641953730516715,1.2561526369543852,0.8131394892324716,0.4964570723019269,0.22626791480925612,0.3875449212903874,-0.6841423458248278,0.933379067801044,-0.6826680894736445,-0.6525136639846563,1.0971357308847642,-0.6505684099646967,0.030303030303030276,0.030303030303030276,1.0,1.0,1.2528131794009436,0.0,0.8974684534334245,0.3338839938111034,-0.6829968743182837,-0.651087827846492,-0.8660254037844385,-0.5000000000000004,-0.8660254037844386,0.5000000000000001,0.43388373911755823,-0.900968867902419
5.673705355535082e-10,0.8062838036019201,1.9934901473542042,0.8131394892324716,0.6582718189721298,-0.4208752072105015,0.6571520933443734,-0.6841423458248278,1.6991226033960258,-0.6826680894736445,-0.6525136639846563,1.8621257365092396,-0.6505684099646967,0.030303030303030276,0.030303030303030276,0.030303030303030276,0.030303030303030276,1.121257433296172,0.0,0.8576831293280283,0.3338839938111034,-0.6829968743182837,-0.651087827846492,-0.8660254037844385,-0.5000000000000004,-0.7071067811865477,0.7071067811865474,0.43388373911755823,-0.900968867902419
5.673705355535082e-10,0.6746908290604611,2.4411593500969526,0.681291583813473,0.8200865656423326,-0.6365895812170874,0.6571520933443734,-0.6841423458248278,2.325640041610102,-0.6826680894736445,-0.6525136639846563,2.056788371869039,-0.6505684099646967,0.030303030303030276,0.030303030303030276,0.030303030303030276,0.030303030303030276,1.121257433296172,0.0,0.7397519852352188,0.06420135595846167,-0.6829968743182837,-0.651087827846492,-0.8660254037844385,-0.5000000000000004,-0.5000000000000004,0.8660254037844384,0.43388373911755823,-0.900968867902419
5.673705355535082e-10,0.6746908290604611,1.835489252268529,0.681291583813473,0.8200865656423326,-0.04337505269897623,0.818916396576765,-0.6841423458248278,2.785859641285874,-0.6826680894736445,-0.6525136639846563,1.8723711383702817,-0.6505684099646967,0.030303030303030276,0.030303030303030276,0.030303030303030276,0.030303030303030276,0.9633905379704456,0.0,0.6469156013363615,0.2260109386700467,-0.6829968743182837,-0.651087827846492,-0.8660254037844385,-0.5000000000000004,-0.25881904510252157,0.9659258262890681,0.43388373911755823,-0.900968867902419
5.673705355535082e-10,0.6746908290604611,1.5458209446114568,0.9713569757352701,0.8200865656423326,-0.04337505269897623,-0.2055908572283818,-0.633924677139367,2.101331329163087,-0.6826680894736445,-0.6286262075657176,0.29116411781612067,-0.6505684099646967,0.030303030303030276,0.030303030303030276,0.030303030303030276,0.030303030303030276,0.6739678965399476,0.0,0.5388365056991847,0.6575031592342735,-0.6829968743182837,-0.651087827846492,-0.8660254037844385,-0.5000000000000004,-2.4492935982947064e-16,1.0,0.43388373911755823,-0.900968867902419
5.673705355535082e-10,0.9641953730516715,1.5458209446114568,0.681291583813473,0.4964570723019269,-0.04337505269897623,0.6571520933443734,-0.3751105385296847,1.1499529970602307,-0.6826680894736445,-0.6354511951139858,-0.4260140124568249,-0.6505684099646967,0.030303030303030276,0.030303030303030276,0.030303030303030276,0.030303030303030276,0.8055236426447192,0.0,0.5115273151576307,0.4956935765226884,-0.6829968743182837,-0.651087827846492,-0.8660254037844385,-0.5000000000000004,0.25881904510252074,0.9659258262890683,-0.433883739117558,-0.9009688679024191
5.673705355535082e-10,1.2536999170428818,1.5458209446114568,0.9713569757352701,0.22676582785158886,0.06448213430431671,0.3336234868795902,0.9305488472922948,1.0223290744610671,-0.6826680894736445,1.0946831483719905,-0.5489588347893298,-0.6505684099646967,0.030303030303030276,0.030303030303030276,0.030303030303030276,0.030303030303030276,0.9633905379704456,0.0,0.44920227187830686,0.4956935765226884,-0.6829968743182837,-0.651087827846492,-0.8660254037844385,-0.5000000000000004,0.49999999999999994,0.8660254037844387,-0.433883739117558,-0.9009688679024191
5.673705355535082e-10,1.990620574475052,1.4141535320400604,0.8131394892324716,-0.42049315882922256,0.22626791480925612,0.4953877901119818,1.695402570347774,0.5853138243487795,-0.6826680894736445,1.8590817537780233,-0.5899404422334982,-0.6505684099646967,0.030303030303030276,0.030303030303030276,0.030303030303030276,0.030303030303030276,0.8055236426447192,0.0,0.44331380481738225,0.6575031592342735,-0.6829968743182837,-0.651087827846492,-0.8660254037844385,-0.5000000000000004,0.7071067811865476,0.7071067811865476,-0.433883739117558,-0.9009688679024191
5.782818110174377e-10,2.438036687916014,1.1244852243829888,0.8131394892324716,-0.6362461543894931,0.4959108823174885,0.4953877901119818,2.3211919801204384,1.0416660324306373,-0.6826680894736445,2.0535938989036655,0.05210474105847215,-0.6505684099646967,0.030303030303030276,1.0,0.030303030303030276,0.030303030303030276,0.6739678965399476,0.0,0.4633515465286726,0.8193127419458585,-0.6829968743182837,-0.651087827846492,-0.8660254037844385,-0.5000000000000004,0.8660254037844386,0.5000000000000001,-0.433883739117558,-0.9009688679024191
0.057285037946752,1.8327090050253017,0.9664843292973129,0.8131394892324716,-0.04292541659874924,0.4959108823174885,0.4953877901119818,2.780876793471964,1.0068595080854108,-0.6826680894736445,1.8693192351004255,0.9946817122743435,-0.6505684099646967,0.030303030303030276,1.0,0.030303030303030276,0.030303030303030276,0.6739678965399476,0.0,0.4984696336878194,0.8193127419458585,-0.6829968743182837,-0.651087827846492,-0.8660254037844385,-0.5000000000000004,0.9659258262890683,0.25881904510252074,-0.433883739117558,-0.9009688679024191
0.12736682165535437,1.5432044610340911,0.9664843292973129,0.8131394892324716,-0.04292541659874924,0.33412510181254906,0.3875449212903874,2.09714391983146,0.24111597249042904,-0.6129531170785425,0.2893346176763486,0.45850568154647464,-0.4729173002813855,0.030303030303030276,1.0,0.030303030303030276,0.030303030303030276,0.6739678965399476,0.005077943191891015,0.5051617882767132,0.8193127419458585,-0.632664182403056,-0.6271585882599446,-0.8660254037844385,-0.5000000000000004,1.0,6.123233995736766e-17,-0.433883739117558,-0.9009688679024191
0.14276068522197513,1.5432044610340911,0.8084834342116368,0.9713569757352701,-0.04292541659874924,0.4959108823174885,0.2257806180579958,1.146871112398895,-0.5942406117950058,-0.25275909303718164,-0.42728907489180723,-0.19036976965285707,-0.4899991377509347,0.030303030303030276,1.0,0.030303030303030276,0.030303030303030276,0.9633905379704456,0.04507506113755012,0.5754068235944546,0.4956935765226884,-0.3732572317630362,-0.633995513856101,-0.8660254037844385,-0.5000000000000004,0.9659258262890683,-0.25881904510252063,-0.433883739117558,-0.9009688679024191
0.16774780807660752,1.5432044610340911,0.8084834342116368,0.9713569757352701,0.064951081181386,0.38805369531419553,0.3336234868795902,1.0193954918896484,-0.6831906184550289,0.1616576873114808,-0.550138850760634,-0.6514128533997506,-0.5549101201352215,0.030303030303030276,1.0,0.030303030303030276,0.030303030303030276,1.2528131794009436,0.12495842295348862,0.6646555271098693,0.2260109386700467,0.9353927580328846,1.0991651247695402,-0.8660254037844385,-0.5000000000000004,0.8660254037844387,-0.4999999999999998,-0.433883739117558,-0.9009688679024191
0.3461930105490974,1.4116114864926321,0.8084834342116368,1.1295744622380688,0.22676582785158886,0.6576966628224279,0.0640163148256042,0.5828880640852588,-0.6831906184550289,0.6922660883186468,-0.5910887760502429,-0.6514128533997506,-0.3499280705006317,0.030303030303030276,0.030303030303030276,0.030303030303030276,0.030303030303030276,1.989525357587664,0.29534670759817133,0.6945978686376806,-0.42122739217629346,1.7019983733571222,1.8649007915390543,-0.8660254037844385,-0.5000000000000004,0.7071067811865476,-0.7071067811865475,-0.433883739117558,-0.9009688679024191
0.4350666363145906,1.1221069425014227,0.6768160216402405,1.2614223676570673,0.4964570723019269,0.6576966628224279,0.0640163148256042,1.038709979845595,-0.6831906184550289,0.8123307629991003,0.05046005348696332,-0.6514128533997506,-0.5104973427143936,1.0,0.030303030303030276,0.030303030303030276,0.030303030303030276,2.4368148943438883,0.48457770972180714,0.7246019810633781,-0.6369735024584068,2.3292211495314983,2.059753171029511,-0.8660254037844385,-0.5000000000000004,0.49999999999999994,-0.8660254037844387,-0.433883739117558,-0.9009688679024191
0.1542932066308498,0.9641953730516715,0.6768160216402405,1.419639854159865,0.4964570723019269,0.8194824433273673,0.0640163148256042,1.0039439015248914,-0.6831906184550289,1.699260134025677,0.9923083351479682,-0.6514128533997506,0.24451987343967857,1.0,0.030303030303030276,0.030303030303030276,0.030303030303030276,1.8316584622619385,0.642237870092924,0.7971715177565464,-0.043671699182595024,2.789958867832429,1.8751561799332888,-0.8660254037844385,-0.5000000000000004,0.258819045102521,-0.9659258262890682,-0.433883739117558,-0.9009688679024191
0.6278244941486388,0.9641953730516715,0.9664843292973129,1.419639854159865,0.3346423256317241,-0.20516083320391562,-0.09774798840678739,0.2390901784694122,-0.6831906184550289,3.027717663554567,0.4565468126089183,-0.6514128533997506,1.9082908429737653,1.0,0.030303030303030276,0.030303030303030276,0.030303030303030276,1.5422358208314406,0.7596681201736034,0.8071038786233611,-0.043671699182595024,2.104659908678944,0.29240790442308784,-0.8660254037844385,-0.5000000000000004,1.2246467991473532e-16,-1.0,-0.433883739117558,-0.9009688679024191
0.8293232481050457,0.8062838036019201,0.6768160216402405,1.419639854159865,0.4964570723019269,0.6576966628224279,0.0640163148256042,-0.5952957012274741,-0.6831906184550289,3.035463771598467,-0.19182700447655604,-0.6514128533997506,2.1474365675474534,1.0,0.030303030303030276,0.030303030303030276,0.030303030303030276,1.5422358208314406,0.8285030783778283,0.7942284366682089,-0.043671699182595024,1.1522105078215579,-0.42546928317333155,-0.8660254037844385,-0.5000000000000004,-0.2588190451025208,-0.9659258262890683,-0.433883739117558,-0.9009688679024191
0.8873491124123085,0.8062838036019201,0.9664843292973129,1.2614223676570673,0.3885805745217917,0.33412510181254906,0.2257806180579958,-0.6841423458248278,-0.6831906184550289,2.80695358430341,-0.6525136639846563,-0.6514128533997506,2.1235219950900843,1.0,0.030303030303030276,0.030303030303030276,0.030303030303030276,1.5422358208314406,0.8456216456304108,0.7911149990240094,0.06420135595846167,1.0244429052675181,-0.5485339439041463,-0.8660254037844385,-0.5000000000000004,-0.4999999999999997,-0.8660254037844388,-0.433883739117558,-0.9009688679024191
0.9453749767195712,0.8062838036019201,0.8084834342116368,1.1295744622380688,0.6582718189721298,0.4959108823174885,0.1718591836471986,-0.6841423458248278,-0.6831906184550289,2.3538062637352466,-0.6525136639846563,-0.6514128533997506,1.9834509278397814,0.030303030303030276,0.030303030303030276,0.030303030303030276,0.030303030303030276,1.410680074726669,0.804659992626028,0.8279756811150638,0.2260109386700467,0.5869356601582311,-0.5895554974810846,-0.8660254037844385,-0.5000000000000004,-0.7071067811865471,-0.7071067811865479,-0.433883739117558,-0.9009688679024191
0.9524626721687753,0.6746908290604611,0.8084834342116368,0.9713569757352701,0.6582718189721298,0.4959108823174885,0.3336234868795902,-0.6841423458248278,-0.6831906184550289,1.7418637282671283,-0.6525136639846563,-0.6514128533997506,1.734056100784364,0.030303030303030276,0.030303030303030276,1.0,1.0,1.121257433296172,0.6874348870189995,0.8294286289262871,0.4956935765226884,1.0438016329272213,0.0531155085576147,-0.8660254037844385,-0.5000000000000004,-0.8660254037844385,-0.5000000000000004,-0.433883739117558,-0.9009688679024191
0.8892912267728413,0.6746908290604611,0.8084834342116368,0.9713569757352701,0.8200865656423326,0.4959108823174885,0.3336234868795902,-0.6841423458248278,-0.6831906184550289,1.0137295721405064,-0.6525136639846563,-0.6514128533997506,1.3309247365030041,0.030303030303030276,0.030303030303030276,1.0,1.0,0.9633905379704456,0.5086868486573155,0.8383280431117841,0.4956935765226884,1.0089559231397558,0.9966112408271945,-0.8660254037844385,-0.5000000000000004,-0.9659258262890683,-0.25881904510252063,-0.433883739117558,-0.9009688679024191
0.8292546021442786,0.9641953730516715,0.8084834342116368,0.8131394892324716,-0.20474016326895209,0.38805369531419553,0.3875449212903874,-0.6841423458248278,-0.613577569764576,0.2546109838382836,-0.6525136639846563,-0.4738258878083546,0.43925282059253884,0.030303030303030276,0.030303030303030276,1.0,1.0,0.9633905379704456,0.2698904723556945,0.8354824842370245,0.3338839938111034,0.24235030781551825,0.459912581528919,-0.8660254037844385,-0.5000000000000004,-1.0,-1.8369701987210297e-16,-0.433883739117558,-0.9009688679024191
0.769103544699117,0.6746908290604611,0.9664843292973129,0.8131394892324716,0.6582718189721298,0.22626791480925612,0.3875449212903874,-0.6841423458248278,-0.2539101515305694,-0.597460900990742,-0.6525136639846563,-0.4909015575767581,-0.2098570032503287,0.030303030303030276,0.030303030303030276,1.0,1.0,0.8055236426447192,0.021492561686766276,0.780665575790561,0.4956935765226884,-0.59394672708365,-0.18959535010593662,-0.8660254037844385,-0.5000000000000004,-0.9659258262890684,0.2588190451025203,-0.433883739117558,-0.9009688679024191
0.7343515613837474,0.9641953730516715,0.9664843292973129,0.8131394892324716,0.3346423256317241,0.33412510181254906,0.2257806180579958,-0.6841423458248278,0.15990074901823398,-0.6826680894736445,-0.6525136639846563,-0.5557891026966912,-0.6505684099646967,0.030303030303030276,0.030303030303030276,1.0,1.0,0.8055236426447192,0.0,0.7610908597151662,0.38782052138163176,-0.6829968743182837,-0.651087827846492,-0.8660254037844385,-0.5000000000000004,-0.8660254037844386,0.5000000000000001,-0.433883739117558,-0.9009688679024191
0.9454150659606592,0.8062838036019201,1.1244852243829888,0.8131394892324716,0.4964570723019269,0.06448213430431671,0.2257806180579958,-0.6841423458248278,0.6897333973844588,-0.6826680894736445,-0.6525136639846563,-0.3508810654758497,-0.6505684099646967,0.030303030303030276,0.030303030303030276,0.030303030303030276,0.030303030303030276,0.8055236426447192,0.0,0.7239762818191189,0.6575031592342735,-0.6829968743182837,-0.651087827846492,-0.8660254037844385,-0.5000000000000004,-0.7071067811865477,0.7071067811865474,-0.433883739117558,-0.9009688679024191
0.9348263578663716,0.8062838036019201,1.2561526369543852,0.8131394892324716,0.4964570723019269,0.06448213430431671,0.2257806180579958,-0.6841423458248278,0.8096225367957944,-0.6826680894736445,-0.6525136639846563,-0.5113923612988422,-0.6505684099646967,0.030303030303030276,0.030303030303030276,0.030303030303030276,0.030303030303030276,0.6739678965399476,0.0,0.6267315763047039,0.6575031592342735,-0.6829968743182837,-0.651087827846492,-0.8660254037844385,-0.5000000000000004,-0.5000000000000004,0.8660254037844384,-0.433883739117558,-0.9009688679024191
0.46289110953020607,0.8062838036019201,1.4141535320400604,0.9713569757352701,0.4964570723019269,0.06448213430431671,0.0640163148256042,-0.6841423458248278,1.6952552118021118,-0.6826680894736445,-0.6525136639846563,0.24335224246459097,-0.6505684099646967,0.030303030303030276,0.030303030303030276,0.030303030303030276,0.030303030303030276,0.6739678965399476,0.0,0.4971744423985607,0.8193127419458585,-0.6829968743182837,-0.651087827846492,-0.8660254037844385,-0.5000000000000004,-0.25881904510252157,0.9659258262890681,-0.433883739117558,-0.9009688679024191
0.4502688334941535,0.8062838036019201,1.4141535320400604,0.681291583813473,0.3885805745217917,-0.09730364620062269,0.3336234868795902,-0.6146101891834206,3.021770528514631,-0.6826680894736445,-0.4750639877296843,1.9065224779070886,-0.6505684099646967,0.030303030303030276,0.030303030303030276,0.030303030303030276,0.030303030303030276,0.9633905379704456,0.0,0.43702889766554653,-0.20548128189418005,-0.6829968743182837,-0.651087827846492,-0.8660254037844385,-0.5000000000000004,-2.4492935982947064e-16,1.0,-0.433883739117558,-0.9009688679024191
0.11130367026814839,0.9641953730516715,1.4141535320400604,0.9713569757352701,0.22676582785158886,0.06448213430431671,-0.2055908572283818,-0.2553607132028167,3.029505311702459,-0.6826680894736445,-0.49212645660035464,2.145581854664737,-0.6505684099646967,0.030303030303030276,0.030303030303030276,0.030303030303030276,0.030303030303030276,0.6739678965399476,0.0,0.40850959167336487,0.6575031592342735,-0.6829968743182837,-0.651087827846492,-0.8660254037844385,-0.5000000000000004,0.25881904510252074,0.9659258262890683,-0.9749279121818236,-0.2225209339563146
0.36822259769463567,0.9641953730516715,1.2561526369543852,0.8131394892324716,0.3346423256317241,0.22626791480925612,0.0640163148256042,0.15796932905443714,2.80132920766153,-0.6826680894736445,-0.5569638383089021,2.121675916988972,-0.6505684099646967,0.030303030303030276,0.030303030303030276,0.030303030303030276,0.030303030303030276,0.9633905379704456,0.0,0.38084104406749153,0.3338839938111034,-0.6829968743182837,-0.651087827846492,-0.8660254037844385,-0.5000000000000004,0.49999999999999994,0.8660254037844387,-0.9749279121818236,-0.2225209339563146
0.110949000614951,1.1221069425014227,1.1244852243829888,0.9713569757352701,0.064951081181386,0.17233932130760965,-0.3673551604607734,0.6871862990473697,2.348844391173586,-0.6826680894736445,-0.35221421186085755,1.9816554248880638,-0.6505684099646967,0.030303030303030276,0.030303030303030276,0.030303030303030276,0.030303030303030276,0.8055236426447192,0.0,0.4203680162583461,0.4956935765226884,-0.6829968743182837,-0.651087827846492,-0.8660254037844385,-0.5000000000000004,0.7071067811865476,0.7071067811865476,-0.9749279121818236,-0.2225209339563146
0.1121903461172909,1.2536999170428818,0.9664843292973129,0.9713569757352701,0.064951081181386,0.33412510181254906,-0.47519802928236776,0.8069361243742376,1.7377965193351663,-0.6826680894736445,-0.5126014192451591,1.7323506462693732,-0.6505684099646967,0.030303030303030276,1.0,0.030303030303030276,0.030303030303030276,0.8055236426447192,0.0,0.4194821724117954,0.4956935765226884,-0.6829968743182837,-0.651087827846492,-0.8660254037844385,-0.5000000000000004,0.8660254037844386,0.5000000000000001,-0.9749279121818236,-0.2225209339563146
0.11012524908574567,1.4116114864926321,0.9664843292973129,0.9713569757352701,0.064951081181386,0.33412510181254906,-0.47519802928236776,1.6915396727565848,1.0107268996793248,-0.6826680894736445,0.24155970483847156,1.3293648397350515,-0.6505684099646967,0.030303030303030276,1.0,0.030303030303030276,0.030303030303030276,0.8055236426447192,0.0,0.4723407487605996,0.4956935765226884,-0.6829968743182837,-0.651087827846492,-0.8660254037844385,-0.5000000000000004,0.9659258262890683,0.25881904510252074,-0.9749279121818236,-0.2225209339563146
0.13293286955061834,1.4116114864926321,0.8084834342116368,0.9713569757352701,-0.09686366548881685,0.38805369531419553,-0.47519802928236776,3.0165135465345103,0.2527181472721712,-0.6478106032760935,1.9034441728417664,0.43801487782439047,-0.6505684099646967,0.030303030303030276,1.0,0.030303030303030276,0.030303030303030276,0.8055236426447192,0.0070126620666620685,0.4794540825313487,0.38782052138163176,-0.613305454743353,-0.4733277623464262,-0.8660254037844385,-0.5000000000000004,1.0,6.123233995736766e-17,-0.9749279121818236,-0.2225209339563146
0.3614667368197797,1.4116114864926321,0.8084834342116368,0.9713569757352701,0.064951081181386,0.38805369531419553,-0.47519802928236776,3.024239341716889,-0.5981080033889198,-0.1249483103128278,2.1423187370311516,-0.21086057337494124,-0.07661867098784536,0.030303030303030276,1.0,0.030303030303030276,0.030303030303030276,0.9633905379704456,0.04448189704794189,0.5359731223862292,0.2260109386700467,-0.25323312027287775,-0.4904200763368171,-0.8660254037844385,-0.5000000000000004,0.9659258262890683,-0.25881904510252063,-0.9749279121818236,-0.2225209339563146
0.5614953345574176,1.2536999170428818,0.8084834342116368,1.2614223676570673,0.22676582785158886,0.22626791480925612,-0.6908837669255565,2.796328383836721,-0.6831906184550289,-0.09396387813722687,2.118431280612213,-0.6514128533997506,-0.6129883675316885,0.030303030303030276,1.0,0.030303030303030276,0.030303030303030276,0.9633905379704456,0.13441582400304494,0.5877106542557357,0.3338839938111034,0.16104365164476578,-0.5553708695003027,-0.8660254037844385,-0.5000000000000004,0.8660254037844387,-0.4999999999999998,-0.9749279121818236,-0.2225209339563146
0.579737964308297,1.1221069425014227,0.8084834342116368,1.419639854159865,0.17282757896152123,0.22626791480925612,-0.798726635747151,2.3443693656675744,-0.6831906184550289,0.9711259778990551,1.978519035872716,-0.6514128533997506,0.06686876375636745,0.030303030303030276,0.030303030303030276,0.030303030303030276,0.030303030303030276,1.121257433296172,0.2970541338733533,0.6378560745250004,0.06420135595846167,0.6914727895206272,-0.3502631016156114,-0.8660254037844385,-0.5000000000000004,0.7071067811865476,-0.7071067811865475,-0.9749279121818236,-0.2225209339563146
0.6850294385725778,0.9641953730516715,0.8084834342116368,1.2614223676570673,0.3346423256317241,0.22626791480925612,-0.2055908572283818,1.734031546259667,-0.6831906184550289,1.7108792960915273,1.7294069903609286,-0.6514128533997506,0.5212456404463747,1.0,0.030303030303030276,0.030303030303030276,0.030303030303030276,1.2528131794009436,0.48454446138925295,0.6853520047396615,0.06420135595846167,0.8114969010107855,-0.5109308531252863,-0.8660254037844385,-0.5000000000000004,0.49999999999999994,-0.8660254037844387,-0.9749279121818236,-0.2225209339563146
0.6220239104638179,0.9641953730516715,0.9664843292973129,1.2614223676570673,0.3346423256317241,0.06448213430431671,-0.3134337260499762,1.0078067991160806,-0.6831906184550289,2.4545056683059494,1.3267327250131076,-0.6514128533997506,1.3035937965517255,1.0,0.030303030303030276,0.030303030303030276,0.030303030303030276,1.410680074726669,0.6504313156238798,0.7737923597389578,0.06420135595846167,1.6981266278251816,0.2445494252499932,-0.8660254037844385,-0.5000000000000004,0.258819045102521,-0.9659258262890682,-0.9749279121818236,-0.2225209339563146
0.5929511996914015,0.8062838036019201,0.6768160216402405,1.5514877595788634,0.3885805745217917,0.33412510181254906,-0.5830408981039622,0.25067887124298005,-0.6831906184550289,2.706254179732707,0.43607184996411386,-0.6514128533997506,1.3753375139238317,1.0,0.030303030303030276,0.030303030303030276,0.030303030303030276,1.410680074726669,0.7725514166370772,0.7410016934752874,-0.09760822675312336,3.0261353452808053,1.9093408079140708,-0.8660254037844385,-0.5000000000000004,1.2246467991473532e-16,-1.0,-0.9749279121818236,-0.2225209339563146
0.5638784889189852,0.8062838036019201,0.9664843292973129,1.7097052460816622,0.3885805745217917,-0.20516083320391562,-0.5830408981039622,-0.5991585988186634,-0.6831906184550289,1.9393894833865841,-0.21230196712136049,-0.6514128533997506,0.23427077095794907,1.0,0.030303030303030276,0.030303030303030276,0.030303030303030276,1.410680074726669,0.841380786886251,0.7072218733310396,0.06420135595846167,3.0338788363446865,2.1486332037795437,-0.8660254037844385,-0.5000000000000004,-0.2588190451025208,-0.9659258262890683,-0.9749279121818236,-0.2225209339563146
0.5348057781465687,0.8062838036019201,0.8084834342116368,1.5514877595788634,0.22676582785158886,0.06448213430431671,-0.3134337260499762,-0.6841423458248278,-0.6831906184550289,2.3615523717791467,-0.6525136639846563,-0.6514128533997506,1.0473662345084882,1.0,0.030303030303030276,0.030303030303030276,0.030303030303030276,1.2528131794009436,0.8526897435373437,0.6773584612838603,0.2260109386700467,2.8054458499601913,2.1247039641929963,-0.8660254037844385,-0.5000000000000004,-0.4999999999999997,-0.8660254037844388,-0.9749279121818236,-0.2225209339563146
0.5057330673741522,0.8062838036019201,0.9664843292973129,1.5514877595788634,0.22676582785158886,-0.366946613708855,-0.5830408981039622,-0.6841423458248278,-0.6831906184550289,2.071073320132888,-0.6525136639846563,-0.6514128533997506,1.293344694069996,0.030303030303030276,0.030303030303030276,0.030303030303030276,0.030303030303030276,1.121257433296172,0.8101204358647515,0.6548439421777272,0.17207441109951835,2.352451622723142,1.9845469894717909,-0.8660254037844385,-0.5000000000000004,-0.7071067811865471,-0.7071067811865479,-0.9749279121818236,-0.2225209339563146
0.47666035660173595,0.8062838036019201,0.9664843292973129,1.419639854159865,0.22676582785158886,-0.47480380071214795,-0.5830408981039622,-0.6841423458248278,-0.6831906184550289,1.3545583260721166,-0.6525136639846563,-0.6514128533997506,0.8389678173799888,0.030303030303030276,0.030303030303030276,0.5757575757575757,1.0,0.9633905379704456,0.7030401828251168,0.6307940116238897,0.3338839938111034,1.740715828676528,1.734999205212083,-0.8660254037844385,-0.5000000000000004,-0.8660254037844385,-0.5000000000000004,-0.9749279121818236,-0.2225209339563146
0.6875407480783016,0.9641953730516715,0.9664843292973129,1.1295744622380688,0.064951081181386,-0.47480380071214795,-0.2055908572283818,-0.6841423458248278,-0.6831906184550289,0.6961391423405968,-0.6525136639846563,-0.6514128533997506,0.4870819655072764,0.030303030303030276,0.030303030303030276,0.5757575757575757,1.0,0.9633905379704456,0.5378185081160524,0.6515825821843613,0.3338839938111034,1.0128276686716964,1.3316205950388569,-0.8660254037844385,-0.5000000000000004,-0.9659258262890683,-0.25881904510252063,-0.9749279121818236,-0.2225209339563146
0.9777426798796168,0.6746908290604611,0.9664843292973129,0.9713569757352701,0.3346423256317241,-0.47480380071214795,-0.09774798840678739,-0.6841423458248278,-0.6483840941098025,0.0648313367627279,-0.6525136639846563,-0.6514128533997506,0.015623251347720022,0.030303030303030276,0.030303030303030276,0.5757575757575757,1.0,0.8055236426447192,0.30937314000924726,0.7191988201860942,0.38782052138163176,0.25396554441134,0.43940180474044993,-0.8660254037844385,-0.5000000000000004,-1.0,-1.8369701987210297e-16,-0.9749279121818236,-0.2225209339563146
0.4289628434210614,0.9641953730516715,0.9664843292973129,0.8131394892324716,-0.20474016326895209,-0.47480380071214795,0.0640163148256042,-0.6841423458248278,-0.12628622893140573,-0.6168261711004925,-0.6525136639846563,-0.0776703491813942,-0.3875081129336398,0.030303030303030276,0.030303030303030276,0.5757575757575757,1.0,0.8055236426447192,0.019114354626315885,0.729294776614972,0.38782052138163176,-0.5978184726155906,-0.21010612689440575,-0.8660254037844385,-0.5000000000000004,-0.9659258262890684,0.2588190451025203,-0.9749279121818236,-0.2225209339563146
0.17731819453049155,0.8062838036019201,1.2561526369543852,0.8131394892324716,0.064951081181386,-0.6905181747187339,0.2257806180579958,-0.6841423458248278,-0.09534709618009332,-0.6826680894736445,-0.6525136639846563,-0.613846379909263,-0.6505684099646967,0.030303030303030276,0.030303030303030276,0.5757575757575757,1.0,0.8055236426447192,0.0,0.7201035640834905,0.2260109386700467,-0.6829968743182837,-0.651087827846492,-0.8660254037844385,-0.5000000000000004,-0.8660254037844386,0.5000000000000001,-0.9749279121818236,-0.2225209339563146
0.17953774497376282,0.9641953730516715,1.4141535320400604,0.681291583813473,-0.36655490993915496,-0.7983753617220268,0.3336234868795902,-0.6841423458248278,0.9681855921462704,-0.6826680894736445,-0.6525136639846563,0.06576527687319492,-0.6505684099646967,0.030303030303030276,0.030303030303030276,0.030303030303030276,0.030303030303030276,0.8055236426447192,0.0,0.6105442717812969,0.2260109386700467,-0.6829968743182837,-0.651087827846492,-0.8660254037844385,-0.5000000000000004,-0.7071067811865477,0.7071067811865474,-0.9749279121818236,-0.2225209339563146
0.25225669941305595,0.9641953730516715,1.2561526369543852,0.8131394892324716,-0.47443140771929015,-0.20516083320391562,0.3875449212903874,-0.6841423458248278,1.7068573865838539,-0.6826680894736445,-0.6525136639846563,0.5199780927127271,-0.6505684099646967,0.030303030303030276,0.030303030303030276,0.030303030303030276,0.030303030303030276,0.8055236426447192,0.0,0.4493886089649649,0.2260109386700467,-0.6829968743182837,-0.651087827846492,-0.8660254037844385,-0.5000000000000004,-0.5000000000000004,0.8660254037844384,-0.9749279121818236,-0.2225209339563146
0.3249756538523491,0.9641953730516715,1.2561526369543852,0.8131394892324716,-0.47443140771929015,-0.3130180202072086,0.3875449212903874,-0.6841423458248278,2.4493965726153517,-0.6826680894736445,-0.6525136639846563,1.3020437681056058,-0.6505684099646967,0.030303030303030276,0.030303030303030276,0.030303030303030276,0.030303030303030276,0.9633905379704456,0.0,0.4157580941004335,0.06420135595846167,-0.6829968743182837,-0.651087827846492,-0.8660254037844385,-0.5000000000000004,-0.25881904510252157,0.9659258262890681,-0.9749279121818236,-0.2225209339563146
0.39769460829164227,0.9641953730516715,1.5458209446114568,0.5230740973106753,-0.47443140771929015,-0.582660987715441,0.6571520933443734,-0.6493762675041241,2.700777026219765,-0.6826680894736445,-0.6525136639846563,1.3737615811329005,-0.6505684099646967,0.030303030303030276,0.030303030303030276,0.030303030303030276,0.030303030303030276,0.6739678965399476,0.0,0.3372266413682571,0.3338839938111034,-0.6829968743182837,-0.651087827846492,-0.8660254037844385,-0.5000000000000004,-2.4492935982947064e-16,1.0,-0.9749279121818236,-0.2225209339563146
0.3597505878006019,0.9641953730516715,1.7038218396971327,0.5230740973106753,-0.47443140771929015,-0.582660987715441,0.6571520933443734,-0.1278850926935702,1.9350334906247828,-0.6826680894736445,-0.07921470993013155,0.2331068406035489,-0.6505684099646967,0.030303030303030276,0.030303030303030276,0.030303030303030276,0.030303030303030276,0.9633905379704456,0.0,0.2553300576318379,-0.20548128189418005,-0.6829968743182837,-0.651087827846492,-0.8660254037844385,-0.5000000000000004,0.25881904510252074,0.9659258262890683,-0.7818314824680299,0.6234898018587334
0.31372916872099754,1.2536999170428818,1.5458209446114568,0.23300870538887822,-0.6901844032795607,-0.3130180202072086,0.818916396576765,-0.0969819119640559,2.356579174361414,-0.6826680894736445,-0.6149762324691814,1.045908721579554,-0.6505684099646967,0.030303030303030276,0.030303030303030276,0.030303030303030276,0.030303030303030276,0.8055236426447192,0.0,0.23808680880426847,0.06420135595846167,-0.6829968743182837,-0.651087827846492,-0.8660254037844385,-0.5000000000000004,0.49999999999999994,0.8660254037844387,-0.7818314824680299,0.6234898018587334
0.36408671288139766,1.4116114864926321,1.5458209446114568,0.23300870538887822,-0.7980609010596958,-0.582660987715441,0.6571520933443734,0.9653149256129985,2.0665248048178606,-0.6826680894736445,0.06411002858349962,1.2917983662445638,-0.6505684099646967,0.030303030303030276,0.030303030303030276,0.030303030303030276,0.030303030303030276,0.9633905379704456,0.0,0.26048198612592843,-0.3672908646057651,-0.6829968743182837,-0.651087827846492,-0.8660254037844385,-0.5000000000000004,0.7071067811865476,0.7071067811865476,-0.7818314824680299,0.6234898018587334
0.2150105452001675,1.2536999170428818,1.4141535320400604,0.23300870538887822,-0.20474016326895209,-0.582660987715441,0.6571520933443734,1.7031283655301526,1.3510573599437614,-0.6826680894736445,0.5179717005433316,0.8375855504050316,-0.6505684099646967,0.030303030303030276,0.5757575757575757,0.030303030303030276,0.030303030303030276,0.9633905379704456,0.0,0.23778020797943744,-0.47516391974682176,-0.6829968743182837,-0.651087827846492,-0.8660254037844385,-0.5000000000000004,0.8660254037844386,0.5000000000000001,-0.7818314824680299,0.6234898018587334
0.17825636514710352,1.2536999170428818,1.1244852243829888,0.23300870538887822,-0.3126166610490873,-0.20516083320391562,0.6571520933443734,2.444804703038496,0.6936007889783729,-0.6826680894736445,1.299432774820035,0.48582675317592017,-0.6505684099646967,0.030303030303030276,0.5757575757575757,0.030303030303030276,0.030303030303030276,0.9633905379704456,0.0,0.24274610670476993,-0.47516391974682176,-0.6829968743182837,-0.651087827846492,-0.8660254037844385,-0.5000000000000004,0.9659258262890683,0.25881904510252074,-0.7818314824680299,0.6234898018587334
0.7056632817208189,1.5432044610340911,0.9664843292973129,0.39122619189167684,-0.5823079054994255,-0.09730364620062269,0.4414663557011846,2.6958930464657995,0.06321595917038274,-0.6013339550126922,1.3710951440768506,0.014538267567984518,-0.2201061057320582,0.030303030303030276,0.5757575757575757,0.030303030303030276,0.030303030303030276,0.9633905379704456,0.006397321645247238,0.26780011654519154,-0.47516391974682176,-0.6481511645308183,-0.651087827846492,-0.8660254037844385,-0.5000000000000004,1.0,6.123233995736766e-17,-0.7818314824680299,0.6234898018587334
0.1313654591669327,1.7011160304838424,0.8084834342116368,0.681291583813473,-0.5823079054994255,0.06448213430431671,0.1718591836471986,1.9310393234103205,-0.6174449613584901,0.006735526433476152,0.23132222351606932,-0.38844753896633727,0.6715658101784072,0.030303030303030276,0.5757575757575757,0.030303030303030276,0.030303030303030276,0.9633905379704456,0.04336763087097167,0.2501431461168052,-0.47516391974682176,-0.12546551771883818,-0.07678607776935643,-0.8660254037844385,-0.5000000000000004,0.9659258262890683,-0.25881904510252063,-0.7818314824680299,0.6234898018587334
0.4478233211418252,1.5432044610340911,0.8084834342116368,0.9713569757352701,-0.3126166610490873,0.22626791480925612,-0.09774798840678739,2.3520951608499527,-0.6831906184550289,0.730996628538148,1.0434957417599793,-0.6514128533997506,0.9995370895937506,0.030303030303030276,0.5757575757575757,0.030303030303030276,0.030303030303030276,1.2528131794009436,0.1333126419340583,0.2906922576428296,-0.6909100300289351,-0.09449155346331342,-0.6134847370676318,-0.8660254037844385,-0.5000000000000004,0.8660254037844387,-0.4999999999999998,-0.7818314824680299,0.6234898018587334
0.5696069874804045,1.5432044610340911,0.6768160216402405,1.1295744622380688,-0.5823079054994255,0.33412510181254906,-0.2055908572283818,2.0623778415107563,-0.6831906184550289,1.536591865103772,1.2891952934976327,-0.6514128533997506,1.4060848213690202,0.030303030303030276,0.030303030303030276,0.030303030303030276,0.030303030303030276,1.410680074726669,0.2978302476113355,0.3679564850146414,-0.7987830851699919,0.97023846782035,0.06678935974992745,-0.8660254037844385,-0.5000000000000004,0.7071067811865476,-0.7071067811865475,-0.7818314824680299,0.6234898018587334
0.3484125403985804,1.4116114864926321,0.8084834342116368,1.1295744622380688,-0.5823079054994255,0.38805369531419553,-0.2055908572283818,1.347741787140738,-0.6831906184550289,2.1795188327474913,0.8353336215378007,-0.6514128533997506,1.5939850335340608,0.5757575757575757,0.030303030303030276,0.030303030303030276,0.030303030303030276,1.2528131794009436,0.48784289820938503,0.4536522350693054,-0.20548128189418005,1.7097418644210034,0.5214449118943264,-0.8660254037844385,-0.5000000000000004,0.49999999999999994,-0.8660254037844387,-0.7818314824680299,0.6234898018587334
0.9777815678163913,1.1221069425014227,0.8084834342116368,1.419639854159865,-0.20474016326895209,0.38805369531419553,-0.47519802928236776,0.6910491966385589,-0.6831906184550289,2.6559044774473555,0.4838467628019909,-0.6514128533997506,1.771636143217372,0.5757575757575757,0.030303030303030276,0.030303030303030276,0.030303030303030276,1.2528131794009436,0.6551378372889669,0.5028221258848898,-0.31335433703523674,2.4531170065535974,1.3042728926542315,-0.8660254037844385,-0.5000000000000004,0.258819045102521,-0.9659258262890682,-0.7818314824680299,0.6234898018587334
0.6683427381684458,0.9641953730516715,0.5188151265545653,1.5514877595788634,-0.09686366548881685,0.6576966628224279,-0.5830408981039622,0.06139688927470493,-0.6831906184550289,2.9347643670277637,0.012922621971488494,-0.6514128533997506,1.9082908429737653,0.5757575757575757,0.030303030303030276,0.030303030303030276,0.030303030303030276,1.5422358208314406,0.7730281224215579,0.5334793912872404,-0.5830369748878784,2.704780466129736,1.3760606114138734,-0.8660254037844385,-0.5000000000000004,1.2246467991473532e-16,-1.0,-0.7818314824680299,0.6234898018587334
0.47982950034949073,0.8062838036019201,0.5188151265545653,1.5514877595788634,0.064951081181386,0.6576966628224279,-0.5830408981039622,-0.6184730867746099,-0.6831906184550289,2.965748799203365,-0.3897516433763324,-0.6514128533997506,1.9834509278397814,0.5757575757575757,0.030303030303030276,0.030303030303030276,0.030303030303030276,1.700102716157167,0.842561575007174,0.5438659167905029,-0.5830369748878784,1.9381748508054983,0.23429403685575864,-0.8660254037844385,-0.5000000000000004,-0.2588190451025208,-0.9659258262890683,-0.7818314824680299,0.6234898018587334
0.9197929267813545,0.8062838036019201,0.22914681889749292,1.5514877595788634,0.22676582785158886,0.8194824433273673,-0.5830408981039622,-0.6841423458248278,-0.6831906184550289,2.7837152601717094,-0.6525136639846563,-0.6514128533997506,2.1235219950900843,0.5757575757575757,0.030303030303030276,0.030303030303030276,0.030303030303030276,1.5422358208314406,0.8582222713962266,0.5521179658197958,-0.31335433703523674,2.360195113787023,1.0478881827983675,-0.8660254037844385,-0.5000000000000004,-0.4999999999999997,-0.8660254037844388,-0.7818314824680299,0.6234898018587334
0.4221154431575224,0.6746908290604611,0.22914681889749292,1.419639854159865,0.3346423256317241,0.6576966628224279,-0.3134337260499762,-0.6841423458248278,-0.6831906184550289,2.3576793177571966,-0.6525136639846563,-0.6514128533997506,1.9834509278397814,0.030303030303030276,0.030303030303030276,0.030303030303030276,0.030303030303030276,1.5422358208314406,0.8220058832119523,0.5566856317664678,-0.5830369748878784,2.0698141988914784,1.2940175042599968,-0.8660254037844385,-0.5000000000000004,-0.7071067811865471,-0.7071067811865479,-0.7818314824680299,0.6234898018587334
0.9415708235117403,0.8062838036019201,0.22914681889749292,1.2614223676570673,0.3885805745217917,0.6576966628224279,-0.2055908572283818,-0.6841423458248278,-0.6831906184550289,1.7186254041354276,-0.6525136639846563,-0.6514128533997506,1.672561485893987,0.030303030303030276,0.030303030303030276,0.5757575757575757,0.5757575757575757,1.410680074726669,0.7132459174932583,0.5473158675351265,-0.5830369748878784,1.3535412754824687,0.8393619521155978,-0.8660254037844385,-0.5000000000000004,-0.8660254037844385,-0.5000000000000004,-0.7818314824680299,0.6234898018587334
0.8831102128939459,0.8062838036019201,0.22914681889749292,1.1295744622380688,0.3885805745217917,0.6576966628224279,-0.09774798840678739,-0.6841423458248278,-0.6831906184550289,0.9285223836576039,-0.6525136639846563,-0.6514128533997506,0.9790388846302917,0.030303030303030276,0.030303030303030276,0.5757575757575757,0.5757575757575757,1.121257433296172,0.5406346511966527,0.5711766439215565,-0.20548128189418005,0.6953445350525678,0.48726028391354453,-0.8660254037844385,-0.5000000000000004,-0.9659258262890683,-0.25881904510252063,-0.7818314824680299,0.6234898018587334
0.8246496022761515,0.5167792596107107,0.38714771398316894,0.9713569757352701,0.6582718189721298,0.441982288815842,-0.2055908572283818,-0.6841423458248278,-0.6019753949828339,0.026100796543226733,-0.6525136639846563,-0.22110597523598333,-0.059536833518296216,0.030303030303030276,0.030303030303030276,0.5757575757575757,0.5757575757575757,0.9633905379704456,0.311628279012024,0.5986167518884811,-0.09760822675312336,0.06425001334625093,0.015512417778754636,-0.8660254037844385,-0.5000000000000004,-1.0,-1.8369701987210297e-16,-0.7818314824680299,0.6234898018587334
0.7661889916583572,0.5167792596107107,0.6768160216402405,0.8131394892324716,0.6582718189721298,0.17233932130760965,-0.09774798840678739,-0.6841423458248278,0.005205085261671982,-0.6245722791443928,-0.6525136639846563,0.6702439866746777,-0.4250881553666479,0.030303030303030276,0.030303030303030276,0.5757575757575757,0.5757575757575757,0.8055236426447192,0.020511343389097932,0.6100725900245529,0.06420135595846167,-0.6171772002752937,-0.3878661923944715,-0.8660254037844385,-0.5000000000000004,-0.9659258262890684,0.2588190451025203,-0.7818314824680299,0.6234898018587334
0.7077283810405628,0.22727471561950033,0.9664843292973129,0.681291583813473,0.8200865656423326,-0.09730364620062269,0.1718591836471986,-0.6841423458248278,0.7284073133235993,-0.6826680894736445,-0.6525136639846563,0.9980968462280242,-0.6505684099646967,0.030303030303030276,0.030303030303030276,0.5757575757575757,0.5757575757575757,0.8055236426447192,0.0,0.6046344461263269,0.2260109386700467,-0.6829968743182837,-0.651087827846492,-0.8660254037844385,-0.5000000000000004,-0.8660254037844386,0.5000000000000001,-0.7818314824680299,0.6234898018587334
0.6492677704227682,0.22727471561950033,1.1244852243829888,0.5230740973106753,0.6582718189721298,-0.20516083320391562,0.4953877901119818,-0.6841423458248278,1.5328247648577216,-0.6826680894736445,-0.6525136639846563,1.4044977867160267,-0.6505684099646967,0.030303030303030276,0.030303030303030276,0.030303030303030276,0.030303030303030276,0.6739678965399476,0.0,0.5979471061845318,0.3338839938111034,-0.6829968743182837,-0.651087827846492,-0.8660254037844385,-0.5000000000000004,-0.7071067811865477,0.7071067811865474,-0.7818314824680299,0.6234898018587334
0.5908071598049741,0.22727471561950033,1.1244852243829888,0.5230740973106753,0.6582718189721298,-0.20516083320391562,0.6571520933443734,-0.6841423458248278,2.174811769447454,-0.6826680894736445,-0.6525136639846563,1.592330154168465,-0.6505684099646967,0.030303030303030276,0.030303030303030276,0.030303030303030276,0.030303030303030276,0.8055236426447192,0.0,0.5164788723809663,0.38782052138163176,-0.6829968743182837,-0.651087827846492,-0.8660254037844385,-0.5000000000000004,-0.5000000000000004,0.8660254037844384,-0.7818314824680299,0.6234898018587334
0.35100965735526296,0.22727471561950033,1.4141535320400604,0.5230740973106753,0.6582718189721298,-0.47480380071214795,0.818916396576765,-0.6841423458248278,2.650500935498882,-0.6826680894736445,-0.6525136639846563,1.7699171197598609,-0.6505684099646967,0.030303030303030276,0.030303030303030276,0.030303030303030276,0.030303030303030276,0.8055236426447192,0.0,0.4287687559315555,0.38782052138163176,-0.6829968743182837,-0.651087827846492,-0.8660254037844385,-0.5000000000000004,-0.25881904510252157,0.9659258262890681,-0.7818314824680299,0.6234898018587334
0.2550454530102133,0.3851862850692516,1.5458209446114568,0.5230740973106753,0.44251882341185933,-0.582660987715441,0.3336234868795902,-0.6030214964098527,2.9289531302606937,-0.6826680894736445,-0.22253944844376272,1.9065224779070886,-0.6505684099646967,0.030303030303030276,0.030303030303030276,0.030303030303030276,0.030303030303030276,0.5161010012142222,0.0,0.3884567401653277,0.6575031592342735,-0.6829968743182837,-0.651087827846492,-0.8660254037844385,-0.5000000000000004,-2.4492935982947064e-16,1.0,-0.7818314824680299,0.6234898018587334
0.14555228305010692,0.6746908290604611,1.5458209446114568,0.39122619189167684,0.17282757896152123,-0.582660987715441,0.6571520933443734,0.0034534254068656007,2.9598922630120064,-0.6826680894736445,0.668121426605231,1.9816554248880638,-0.6505684099646967,0.030303030303030276,0.030303030303030276,0.030303030303030276,0.030303030303030276,0.5161010012142222,0.0,0.36945476221610407,0.6575031592342735,-0.6829968743182837,-0.651087827846492,-0.8660254037844385,-0.5000000000000004,0.25881904510252074,0.9659258262890683,-2.4492935982947064e-16,1.0
0.20062922671635183,0.9641953730516715,1.5458209446114568,0.39122619189167684,-0.09686366548881685,-0.582660987715441,0.6571520933443734,0.7258152749592626,2.778124858098046,-0.6826680894736445,0.9957208289221023,2.121675916988972,-0.6505684099646967,0.030303030303030276,0.030303030303030276,0.030303030303030276,0.030303030303030276,0.22667835978372425,0.0,0.36130356467763847,0.8193127419458585,-0.6829968743182837,-0.651087827846492,-0.8660254037844385,-0.5000000000000004,0.49999999999999994,0.8660254037844387,-2.4492935982947064e-16,1.0
0.18549851400803374,1.1221069425014227,1.4141535320400604,0.23300870538887822,-0.20474016326895209,-0.3130180202072086,0.6571520933443734,1.5292979739266346,2.3527117827675004,-0.6826680894736445,1.4018075880440573,1.9816554248880638,-0.6505684099646967,0.030303030303030276,0.030303030303030276,0.030303030303030276,0.030303030303030276,0.22667835978372425,0.0,0.346602910495147,0.6575031592342735,-0.6829968743182837,-0.651087827846492,-0.8660254037844385,-0.5000000000000004,0.7071067811865476,0.7071067811865476,-2.4492935982947064e-16,1.0
0.1299238871262273,1.1221069425014227,1.2561526369543852,0.23300870538887822,-0.20474016326895209,-0.20516083320391562,0.6571520933443734,2.170538974064056,1.714592169771682,-0.6826680894736445,1.5894947456214314,1.6708782351031208,-0.6505684099646967,0.030303030303030276,0.5757575757575757,0.030303030303030276,0.030303030303030276,0.22667835978372425,0.0,0.36049188688427125,0.6575031592342735,-0.6829968743182837,-0.651087827846492,-0.8660254037844385,-0.5000000000000004,0.8660254037844386,0.5000000000000001,-2.4492935982947064e-16,1.0
0.14289225207038136,1.4116114864926321,1.1244852243829888,0.23300870538887822,-0.47443140771929015,-0.09730364620062269,0.4953877901119818,2.645675377780339,0.9256442846132159,-0.6826680894736445,1.7669444218764034,0.9776060425059401,-0.6505684099646967,0.030303030303030276,0.5757575757575757,0.030303030303030276,0.030303030303030276,0.22667835978372425,0.0,0.4103375185421535,0.6575031592342735,-0.6829968743182837,-0.651087827846492,-0.8660254037844385,-0.5000000000000004,0.9659258262890683,0.25881904510252074,-2.4492935982947064e-16,1.0
0.14284076759980605,1.5432044610340911,0.9664843292973129,0.39122619189167684,-0.5823079054994255,-0.20516083320391562,0.4414663557011846,2.9238040043459677,0.024542043231242233,-0.6129531170785425,1.9034441728417664,-0.06059467941299074,-0.2816007206224351,0.030303030303030276,0.5757575757575757,0.030303030303030276,0.030303030303030276,0.3845452551094506,0.005776437706328588,0.459066766708887,0.44175704895216006,-0.6016902181475312,-0.22036151528864031,-0.8660254037844385,-0.5000000000000004,1.0,6.123233995736766e-17,-2.4492935982947064e-16,1.0
0.14538067158048718,1.5432044610340911,0.8084834342116368,0.681291583813473,-0.5823079054994255,-0.09730364620062269,0.1718591836471986,2.954707185075482,-0.6251797445463182,0.0183546884993265,1.978519035872716,-0.4260140124568249,0.7057294851175054,0.030303030303030276,0.5757575757575757,0.030303030303030276,0.030303030303030276,0.6739678965399476,0.039198839450920085,0.5194294315382023,0.17207441109951835,0.0061738303671420155,0.6718572750097667,-0.8660254037844385,-0.5000000000000004,0.9659258262890683,-0.25881904510252063,-2.4492935982947064e-16,1.0
0.14849834115456081,1.5432044610340911,0.6768160216402405,0.9713569757352701,-0.5823079054994255,0.17233932130760965,-0.09774798840678739,2.7731509982895854,-0.6831906184550289,0.7464888446259483,2.118431280612213,-0.6514128533997506,0.9585406796668328,0.030303030303030276,0.5757575757575757,0.030303030303030276,0.030303030303030276,0.9633905379704456,0.13069051265283324,0.6245620143704922,-0.09760822675312336,0.730190244840033,1.0000297036252728,-0.8660254037844385,-0.5000000000000004,0.8660254037844387,-0.4999999999999998,-2.4492935982947064e-16,1.0
0.1928322022576469,1.4116114864926321,0.5188151265545653,1.2350527865732672,-0.3126166610490873,0.4959108823174885,-0.4212765948715706,2.3482322632587636,-0.6831906184550289,1.4126541364013683,1.978519035872716,-0.6514128533997506,1.1259426868684144,0.030303030303030276,0.030303030303030276,0.030303030303030276,0.030303030303030276,1.121257433296172,0.2971650148671536,0.6549468936742042,-0.20548128189418005,1.5355133154836766,1.4068267765965772,-0.8660254037844385,-0.5000000000000004,0.7071067811865476,-0.7071067811865475,-2.4492935982947064e-16,1.0
0.2939705753017294,1.2536999170428818,0.5188151265545653,1.419639854159865,-0.20474016326895209,0.6576966628224279,-0.3134337260499762,1.7108541607125312,-0.6831906184550289,2.071073320132888,1.6679821024265151,-0.6514128533997506,1.2899283265760861,0.5757575757575757,0.030303030303030276,0.030303030303030276,0.030303030303030276,1.121257433296172,0.4875380087380716,0.6739622911717247,-0.20548128189418005,2.1782230737858153,1.5948422304908774,-0.8660254037844385,-0.5000000000000004,0.49999999999999994,-0.8660254037844387,-2.4492935982947064e-16,1.0
0.4388593256469735,1.1221069425014227,0.5188151265545653,1.5514877595788634,-0.09686366548881685,0.8194824433273673,-0.4212765948715706,0.9228230521099162,-0.6831906184550289,2.698508071688807,0.9752458662772978,-0.6514128533997506,1.833130758107749,0.5757575757575757,0.030303030303030276,0.030303030303030276,0.030303030303030276,1.410680074726669,0.6528483456672807,0.6946901664469598,-0.47516391974682176,2.6544477742145083,1.772602295990943,-0.8660254037844385,-0.5000000000000004,0.258819045102521,-0.9659258262890682,-2.4492935982947064e-16,1.0
0.47013709112394586,0.9641953730516715,0.5188151265545653,1.7097052460816622,-0.20474016326895209,0.33412510181254906,-0.6908837669255565,0.02276791336281204,-0.6831906184550289,2.9347643670277637,-0.06215224105946117,-0.6514128533997506,1.9082908429737653,0.5757575757575757,0.030303030303030276,0.030303030303030276,0.030303030303030276,1.5422358208314406,0.7756281180789185,0.7105852116475326,-0.5830369748878784,2.933213452514231,1.9093408079140708,-0.8660254037844385,-0.5000000000000004,1.2246467991473532e-16,-1.0,-2.4492935982947064e-16,1.0
0.5014148566009181,0.8062838036019201,0.38714771398316894,1.5514877595788634,-0.09686366548881685,0.6576966628224279,-0.5830408981039622,-0.6261988819569885,-0.6831906184550289,2.942510475071664,-0.42728907489180723,-0.6514128533997506,1.9424545179128634,0.5757575757575757,0.030303030303030276,0.030303030303030276,0.030303030303030276,1.5422358208314406,0.8420432788715269,0.7241923775224204,-0.5830369748878784,2.964187416769756,1.9845469894717909,-0.8660254037844385,-0.5000000000000004,-0.2588190451025208,-0.9659258262890683,-2.4492935982947064e-16,1.0
0.5326926220778905,0.6746908290604611,0.38714771398316894,1.5514877595788634,0.17282757896152123,0.6576966628224279,-0.6908837669255565,-0.6841423458248278,-0.6831906184550289,2.7875883141936595,-0.6525136639846563,-0.6514128533997506,2.1235219950900843,0.5757575757575757,0.030303030303030276,0.030303030303030276,0.030303030303030276,1.5422358208314406,0.8632281611008505,0.7109851858942926,-0.5830369748878784,2.782215376768548,2.1247039641929963,-0.8660254037844385,-0.5000000000000004,-0.4999999999999997,-0.8660254037844388,-2.4492935982947064e-16,1.0
0.5400549013701631,0.5167792596107107,0.22914681889749292,1.419639854159865,0.4964570723019269,0.6576966628224279,-0.47519802928236776,-0.6841423458248278,-0.6831906184550289,2.334440993625496,-0.6525136639846563,-0.6514128533997506,1.9834509278397814,0.030303030303030276,0.030303030303030276,0.030303030303030276,0.030303030303030276,1.410680074726669,0.8193061558615838,0.6739319179192815,-0.31335433703523674,2.3563233682550826,1.9845469894717909,-0.8660254037844385,-0.5000000000000004,-0.7071067811865471,-0.7071067811865479,-2.4492935982947064e-16,1.0
0.6328699722650215,0.5167792596107107,0.22914681889749292,1.419639854159865,0.6582718189721298,0.6576966628224279,-0.3134337260499762,-0.6841423458248278,-0.6831906184550289,1.7224984581573777,-0.6525136639846563,-0.6514128533997506,1.713557895820905,0.030303030303030276,0.030303030303030276,1.0,0.5757575757575757,1.2528131794009436,0.7009557425444972,0.6593166468933207,-0.20548128189418005,1.7174853554848846,1.6734668748466757,-0.8660254037844385,-0.5000000000000004,-0.8660254037844385,-0.5000000000000004,-2.4492935982947064e-16,1.0
0.5741776758091414,0.5167792596107107,0.22914681889749292,1.1295744622380688,0.8200865656423326,0.4959108823174885,-0.2055908572283818,-0.6841423458248278,-0.6831906184550289,0.9323954376795539,-0.6525136639846563,-0.6514128533997506,1.2250173441917993,0.030303030303030276,0.030303030303030276,1.0,0.5757575757575757,1.121257433296172,0.5259829000060456,0.6670058944085402,-0.09760822675312336,0.9276492669690034,0.9795189268368036,-0.8660254037844385,-0.5000000000000004,-0.9659258262890683,-0.25881904510252063,-2.4492935982947064e-16,1.0
0.5417824799418086,0.5167792596107107,0.38714771398316894,0.9713569757352701,0.3346423256317241,0.441982288815842,-0.09774798840678739,-0.6841423458248278,-0.613577569764576,0.037719958609077085,-0.6525136639846563,-0.2825783864022358,0.08053423373200677,0.030303030303030276,0.030303030303030276,1.0,0.5757575757575757,0.9633905379704456,0.3012949926175131,0.6653980583757522,-0.20548128189418005,0.025532558026844985,-0.05969376377896549,-0.8660254037844385,-0.5000000000000004,-1.0,-1.8369701987210297e-16,-2.4492935982947064e-16,1.0
0.42587377518654135,0.3851862850692516,0.6768160216402405,0.8131394892324716,0.6582718189721298,0.17233932130760965,0.0640163148256042,-0.6841423458248278,0.01680726004341413,-0.6284453331663429,-0.6525136639846563,0.7043953262114846,-0.3806753779458201,0.030303030303030276,0.030303030303030276,1.0,0.5757575757575757,0.8055236426447192,0.015544271345562546,0.6689100873361618,-0.09760822675312336,-0.6249206913391748,-0.42546928317333155,-0.8660254037844385,-0.5000000000000004,-0.9659258262890684,0.2588190451025203,-2.4492935982947064e-16,1.0
0.44543790832814845,0.3851862850692516,0.9664843292973129,0.5230740973106753,0.6582718189721298,-0.09730364620062269,0.4953877901119818,-0.6841423458248278,0.7438768796992555,-0.6826680894736445,-0.6525136639846563,0.9571152387838558,-0.6505684099646967,0.030303030303030276,0.030303030303030276,1.0,0.5757575757575757,0.6739678965399476,0.0,0.670476435452459,0.17207441109951835,-0.6829968743182837,-0.651087827846492,-0.8660254037844385,-0.5000000000000004,-0.8660254037844386,0.5000000000000001,-2.4492935982947064e-16,1.0
0.47126591674379364,0.22727471561950033,1.2298191544401056,0.681291583813473,0.6582718189721298,-0.4208752072105015,0.3336234868795902,-0.6841423458248278,1.409068233852472,-0.6826680894736445,-0.6525136639846563,1.1244568025142099,-0.6505684099646967,0.030303030303030276,0.030303030303030276,0.030303030303030276,0.030303030303030276,0.5161010012142222,0.0,0.6209792510734485,0.4956935765226884,-0.6829968743182837,-0.651087827846492,-0.8660254037844385,-0.5000000000000004,-0.7071067811865477,0.7071067811865474,-2.4492935982947064e-16,1.0
0.47829643010767886,0.22727471561950033,1.4141535320400604,0.5230740973106753,0.6582718189721298,-0.3130180202072086,0.3336234868795902,-0.6841423458248278,2.0665248048178606,-0.6826680894736445,-0.6525136639846563,1.288383232290883,-0.6505684099646967,0.030303030303030276,0.030303030303030276,0.030303030303030276,0.030303030303030276,0.5161010012142222,0.0,0.5595320101556273,0.6575031592342735,-0.6829968743182837,-0.651087827846492,-0.8660254037844385,-0.5000000000000004,-0.5000000000000004,0.8660254037844384,-2.4492935982947064e-16,1.0
0.4343830255142913,0.22727471561950033,1.5458209446114568,0.5230740973106753,0.4964570723019269,-0.4208752072105015,0.3336234868795902,-0.6841423458248278,2.6930422430319365,-0.6826680894736445,-0.6525136639846563,1.8313895309261135,-0.6505684099646967,0.030303030303030276,0.030303030303030276,0.030303030303030276,0.030303030303030276,0.5161010012142222,0.0,0.49645654778432224,0.8193127419458585,-0.6829968743182837,-0.651087827846492,-0.8660254037844385,-0.5000000000000004,-0.25881904510252157,0.9659258262890681,-2.4492935982947064e-16,1.0
0.3904696209209038,0.3851862850692516,1.7038218396971327,0.5230740973106753,0.44251882341185933,-0.6905181747187339,0.4953877901119818,-0.6146101891834206,2.9289531302606937,-0.6826680894736445,-0.2839643363781761,1.9065224779070886,-0.6505684099646967,0.030303030303030276,0.030303030303030276,0.030303030303030276,0.030303030303030276,0.5161010012142222,0.0,0.40313419184637456,0.3338839938111034,-0.6829968743182837,-0.651087827846492,-0.8660254037844385,-0.5000000000000004,-2.4492935982947064e-16,1.0,-2.4492935982947064e-16,1.0
0.0787883679955594,0.6746908290604611,1.5458209446114568,0.39122619189167684,0.17282757896152123,-0.582660987715441,0.6571520933443734,0.015042118180433467,2.9366879134485218,-0.6826680894736445,0.7022463643465717,1.9406738174438956,-0.6505684099646967,0.030303030303030276,0.030303030303030276,0.030303030303030276,0.030303030303030276,0.3845452551094506,0.0,0.378236063888728,0.6575031592342735,-0.6829968743182837,-0.651087827846492,-0.8660254037844385,-0.5000000000000004,0.25881904510252074,0.9659258262890683,0.7818314824680298,0.6234898018587336
0.07939474179310156,0.9641953730516715,1.5458209446114568,0.5230740973106753,-0.09686366548881685,-0.6905181747187339,0.3336234868795902,0.7412668653240198,2.78199224969196,-0.6826680894736445,0.9547709036324934,2.121675916988972,-0.6505684099646967,0.030303030303030276,0.030303030303030276,0.030303030303030276,0.030303030303030276,0.3845452551094506,0.0,0.35618800213503976,0.6575031592342735,-0.6829968743182837,-0.651087827846492,-0.8660254037844385,-0.5000000000000004,0.49999999999999994,0.8660254037844387,0.7818314824680298,0.6234898018587336
0.09699670908903565,1.2273813221345895,1.4141535320400604,0.23300870538887822,-0.42049315882922256,-0.47480380071214795,0.4953877901119818,1.4056852510085773,2.329507433204016,-0.6826680894736445,1.1219830985650632,1.9816554248880638,-0.6505684099646967,0.030303030303030276,0.030303030303030276,0.030303030303030276,0.030303030303030276,0.22667835978372425,0.0,0.3671015778366836,0.6575031592342735,-0.6829968743182837,-0.651087827846492,-0.8660254037844385,-0.5000000000000004,0.7071067811865476,0.7071067811865476,0.7818314824680298,0.6234898018587336
0.15814309864233994,1.4116114864926321,1.4141535320400604,0.23300870538887822,-0.3126166610490873,-0.3130180202072086,0.6571520933443734,2.0623778415107563,1.718459561365596,-0.6826680894736445,1.2857827997234987,1.711859842547289,-0.6505684099646967,0.030303030303030276,1.0,0.030303030303030276,0.030303030303030276,0.22667835978372425,0.0,0.3623312869546572,0.6575031592342735,-0.6829968743182837,-0.651087827846492,-0.8660254037844385,-0.5000000000000004,0.8660254037844386,0.5000000000000001,0.7818314824680298,0.6234898018587336
0.09395912532509097,1.5432044610340911,1.1244852243829888,0.23300870538887822,-0.42049315882922256,-0.20516083320391562,0.6571520933443734,2.6881672512834207,0.9295116762071299,-0.6826680894736445,1.8283693098108167,1.22349568717095,-0.6505684099646967,0.030303030303030276,1.0,0.030303030303030276,0.030303030303030276,0.22667835978372425,0.0,0.39231813835830864,0.4956935765226884,-0.6829968743182837,-0.651087827846492,-0.8660254037844385,-0.5000000000000004,0.9659258262890683,0.25881904510252074,0.7818314824680298,0.6234898018587336
0.10846630617797316,1.7011160304838424,0.9664843292973129,0.39122619189167684,-0.6901844032795607,-0.09730364620062269,0.3336234868795902,2.9238040043459677,0.03614421801298438,-0.6168261711004925,1.9034441728417664,0.0794258126879177,-0.30893166057371374,0.030303030303030276,1.0,0.030303030303030276,0.030303030303030276,0.3845452551094506,0.003775195823232439,0.4458272554816165,0.44175704895216006,-0.613305454743353,-0.2818938456540477,-0.8660254037844385,-0.5000000000000004,1.0,6.123233995736766e-17,0.7818314824680298,0.6234898018587336
0.2482981385574728,1.5432044610340911,0.8084834342116368,0.681291583813473,-0.5823079054994255,0.06448213430431671,0.1718591836471986,2.931529799528346,-0.6290471361402322,0.04546606665297732,1.9375691105831072,-0.3816172710589759,0.8458005523678085,0.030303030303030276,1.0,0.030303030303030276,0.030303030303030276,0.6739678965399476,0.03825642817061634,0.49981932268466556,0.17207441109951835,0.017789066962963798,0.7060419029905486,-0.8660254037844385,-0.5000000000000004,0.9659258262890683,-0.25881904510252063,0.7818314824680298,0.6234898018587336
0.45479661809741107,1.5432044610340911,0.5188151265545653,0.9713569757352701,-0.6901844032795607,0.4959108823174885,-0.09774798840678739,2.7770138958807746,-0.6831906184550289,0.870426573328352,2.118431280612213,-0.6514128533997506,1.4846612737289464,0.030303030303030276,1.0,0.030303030303030276,0.030303030303030276,0.9633905379704456,0.13429940295095116,0.6091835705597032,-0.09760822675312336,0.7456772269677955,0.9590081500483345,-0.8660254037844385,-0.5000000000000004,0.8660254037844387,-0.4999999999999998,0.7818314824680298,0.6234898018587336
0.08050451701473718,1.4116114864926321,0.6768160216402405,1.419639854159865,-0.47443140771929015,0.33412510181254906,-0.5830408981039622,2.3250548777116276,-0.6831906184550289,1.6760218098939763,1.978519035872716,-0.6514128533997506,1.8638780655529374,0.030303030303030276,0.030303030303030276,0.030303030303030276,0.030303030303030276,1.226502030179989,0.29691555258808533,0.6679629847882247,-0.42122739217629346,1.4116174584615777,1.1265128271541658,-0.8660254037844385,-0.5000000000000004,0.7071067811865476,-0.7071067811865475,0.7818314824680298,0.6234898018587336
0.08259821881813408,1.4116114864926321,0.5188151265545653,1.419639854159865,-0.3126166610490873,0.33412510181254906,-0.3134337260499762,1.7147170583037203,-0.6831906184550289,2.307329615471845,1.7089320277161242,-0.6514128533997506,2.0586110127057977,1.0,0.030303030303030276,0.030303030303030276,0.030303030303030276,1.410680074726669,0.4852872868807162,0.6554734316760855,-0.31335433703523674,2.0698141988914784,1.2905990414619186,-0.8660254037844385,-0.5000000000000004,0.49999999999999994,-0.8660254037844387,0.7818314824680298,0.6234898018587336
0.08443449826865429,1.1221069425014227,0.5188151265545653,1.5514877595788634,-0.20474016326895209,0.33412510181254906,-0.4212765948715706,0.9266859497011055,-0.6831906184550289,2.768223044083909,1.2209454180149513,-0.6514128533997506,2.1166892601022647,1.0,0.030303030303030276,0.030303030303030276,0.030303030303030276,1.5422358208314406,0.6513238450920937,0.667073760444775,-0.42122739217629346,2.697036975065855,1.8341346263563505,-0.8660254037844385,-0.5000000000000004,0.258819045102521,-0.9659258262890682,0.7818314824680298,0.6234898018587336
0.26749039936811425,0.9641953730516715,0.5188151265545653,1.5514877595788634,-0.09686366548881685,0.4959108823174885,-0.4212765948715706,0.03435660613637991,-0.6831906184550289,3.004479339422866,0.07776000368003592,-0.6514128533997506,2.133771097571814,1.0,0.030303030303030276,0.030303030303030276,0.030303030303030276,1.700102716157167,0.7721356461719634,0.6738182102963071,-0.6909100300289351,2.933213452514231,1.9093408079140708,-0.8660254037844385,-0.5000000000000004,1.2246467991473532e-16,-1.0,0.7818314824680298,0.6234898018587336
0.3167324295045586,0.8062838036019201,0.38714771398316894,1.419639854159865,0.064951081181386,0.6576966628224279,-0.2055908572283818,-0.6300617795481778,-0.6831906184550289,3.0160985014887163,-0.38292665582806423,-0.6514128533997506,2.1474365675474534,1.0,0.030303030303030276,0.030303030303030276,0.030303030303030276,1.5422358208314406,0.8415194213901385,0.6809187903742091,-0.5830369748878784,2.9409569435781124,1.9435254358948526,-0.8660254037844385,-0.5000000000000004,-0.2588190451025208,-0.9659258262890683,0.7818314824680298,0.6234898018587336
0.6449344655468608,0.5167792596107107,0.5188151265545653,1.419639854159865,0.4964570723019269,0.33412510181254906,-0.3134337260499762,-0.6841423458248278,-0.6831906184550289,2.7875883141936595,-0.6525136639846563,-0.6514128533997506,2.1235219950900843,1.0,0.030303030303030276,0.030303030303030276,0.030303030303030276,1.5422358208314406,0.8579728091171585,0.6963393367372888,-0.6909100300289351,2.7860871223004886,2.1247039641929963,-0.8660254037844385,-0.5000000000000004,-0.4999999999999997,-0.8660254037844388,0.7818314824680298,0.6234898018587336
0.3056689831070958,0.6746908290604611,0.22914681889749292,1.419639854159865,0.3346423256317241,0.4959108823174885,-0.2055908572283818,-0.6841423458248278,-0.6831906184550289,2.334440993625496,-0.6525136639846563,-0.6514128533997506,1.9834509278397814,0.030303030303030276,0.030303030303030276,0.030303030303030276,0.030303030303030276,1.410680074726669,0.8147216378817798,0.7038877302150399,-0.47516391974682176,2.333092895063439,1.9845469894717909,-0.8660254037844385,-0.5000000000000004,-0.7071067811865471,-0.7071067811865479,0.7818314824680298,0.6234898018587336
0.8719009395938268,0.5167792596107107,0.22914681889749292,1.419639854159865,0.3346423256317241,0.6576966628224279,-0.2055908572283818,-0.6841423458248278,-0.6831906184550289,1.699260134025677,-0.6525136639846563,-0.6514128533997506,1.672561485893987,0.030303030303030276,0.030303030303030276,1.0,1.0,1.410680074726669,0.7117491438188489,0.6886285769690739,-0.31335433703523674,1.7213571010168252,1.714488428423614,-0.8660254037844385,-0.5000000000000004,-0.8660254037844385,-0.5000000000000004,0.7818314824680298,0.6234898018587336
0.878736910304898,0.5167792596107107,0.22914681889749292,1.1295744622380688,0.3346423256317241,0.6576966628224279,-0.09774798840678739,-0.6841423458248278,-0.6831906184550289,0.8084577089771502,-0.6525136639846563,-0.6514128533997506,0.8458005523678085,0.030303030303030276,0.030303030303030276,1.0,1.0,1.121257433296172,0.5464665337904174,0.7009717955411963,-0.20548128189418005,0.931521012500944,1.2256482482984332,-0.8660254037844385,-0.5000000000000004,-0.9659258262890683,-0.25881904510252063,0.7818314824680298,0.6234898018587336
0.8546307142001938,0.5167792596107107,0.38714771398316894,0.8131394892324716,0.4964570723019269,0.33412510181254906,0.3875449212903874,-0.6841423458248278,-0.6174449613584901,0.049339120674927434,-0.6525136639846563,-0.30989945803168134,0.02928872132335934,0.030303030303030276,0.030303030303030276,1.0,1.0,0.9633905379704456,0.32129633266235297,0.7031308062275103,-0.09760822675312336,0.03714779462266677,0.0804632109422402,-0.8660254037844385,-0.5000000000000004,-1.0,-1.8369701987210297e-16,0.7818314824680298,0.6234898018587336
0.3545906768676204,0.3851862850692516,0.6768160216402405,0.681291583813473,0.6582718189721298,0.17233932130760965,0.1718591836471986,-0.6841423458248278,0.043879001200812486,-0.632318387188293,-0.6525136639846563,0.844415818312393,-0.4080063178970988,0.030303030303030276,0.030303030303030276,1.0,1.0,0.8055236426447192,0.015588619751686178,0.7012185205951906,0.06420135595846167,-0.6287924368711154,-0.3810292667983151,-0.8660254037844385,-0.5000000000000004,-0.9659258262890684,0.2588190451025203,0.7818314824680298,0.6234898018587336
0.4555059368100176,0.5167792596107107,0.9664843292973129,0.681291583813473,0.3346423256317241,-0.09730364620062269,0.1718591836471986,-0.6841423458248278,0.8676334107045052,-0.6826680894736445,-0.6525136639846563,1.4830458676506826,-0.6505684099646967,0.030303030303030276,0.030303030303030276,1.0,1.0,0.5161010012142222,0.0,0.6941823748369742,0.4956935765226884,-0.6829968743182837,-0.651087827846492,-0.8660254037844385,-0.5000000000000004,-0.8660254037844386,0.5000000000000001,0.7818314824680298,0.6234898018587336
0.5178136100816191,0.22727471561950033,1.4141535320400604,0.681291583813473,0.4964570723019269,-0.582660987715441,0.4953877901119818,-0.6841423458248278,1.6720508622386274,-0.6826680894736445,-0.6525136639846563,1.8621257365092396,-0.6505684099646967,0.030303030303030276,0.030303030303030276,0.030303030303030276,0.030303030303030276,0.6739678965399476,0.0,0.6310218366270385,0.3338839938111034,-0.6829968743182837,-0.651087827846492,-0.8660254037844385,-0.5000000000000004,-0.7071067811865477,0.7071067811865474,0.7818314824680298,0.6234898018587336
0.43376232873703513,0.22727471561950033,1.4141535320400604,0.681291583813473,0.6582718189721298,-0.3130180202072086,0.4953877901119818,-0.6841423458248278,2.302435692046618,-0.6826680894736445,-0.6525136639846563,2.056788371869039,-0.6505684099646967,0.030303030303030276,0.030303030303030276,0.030303030303030276,0.030303030303030276,0.5161010012142222,0.0,0.5126353498458313,0.3338839938111034,-0.6829968743182837,-0.651087827846492,-0.8660254037844385,-0.5000000000000004,-0.5000000000000004,0.8660254037844384,0.7818314824680298,0.6234898018587336
0.7656140645754423,0.22727471561950033,1.5458209446114568,0.681291583813473,0.6582718189721298,-0.4208752072105015,0.4953877901119818,-0.6841423458248278,2.7626552917223894,-0.6826680894736445,-0.6525136639846563,2.114845649081611,-0.6505684099646967,0.030303030303030276,0.030303030303030276,0.030303030303030276,0.030303030303030276,0.5161010012142222,0.0,0.44012896698109893,0.3338839938111034,-0.6829968743182837,-0.651087827846492,-0.8660254037844385,-0.5000000000000004,-0.25881904510252157,0.9659258262890681,0.7818314824680298,0.6234898018587336
0.4334992087694147,0.3851862850692516,1.5458209446114568,0.39122619189167684,0.3346423256317241,-0.4208752072105015,0.6571520933443734,-0.6184730867746099,2.9985661789511466,-0.6826680894736445,-0.31126428657124866,2.1319213188500146,-0.6505684099646967,0.030303030303030276,0.030303030303030276,0.030303030303030276,0.030303030303030276,0.5161010012142222,0.0,0.3355119611455929,0.4956935765226884,-0.6829968743182837,-0.651087827846492,-0.8660254037844385,-0.5000000000000004,-2.4492935982947064e-16,1.0,0.7818314824680298,0.6234898018587336
0.08750640501298253,0.6746908290604611,1.4141535320400604,0.681291583813473,0.17282757896152123,-0.20516083320391562,0.3336234868795902,0.04208240131875848,3.010168353732889,-0.6826680894736445,0.8421586090860689,2.145581854664737,-0.6505684099646967,0.030303030303030276,0.030303030303030276,0.030303030303030276,0.030303030303030276,0.3845452551094506,0.0,0.2954596802244568,0.6575031592342735,-0.6829968743182837,-0.651087827846492,-0.8660254037844385,-0.5000000000000004,0.25881904510252074,0.9659258262890683,0.9749279121818236,-0.22252093395631434
0.08528113292888134,0.9641953730516715,1.4141535320400604,0.681291583813473,-0.09686366548881685,-0.3130180202072086,0.3336234868795902,0.8648795882420769,2.78199224969196,-0.6826680894736445,1.480294944849141,2.121675916988972,-0.6505684099646967,0.030303030303030276,0.030303030303030276,0.030303030303030276,0.030303030303030276,0.5161010012142222,0.0,0.2977891499059325,0.3338839938111034,-0.6829968743182837,-0.651087827846492,-0.8660254037844385,-0.5000000000000004,0.49999999999999994,0.8660254037844387,0.9749279121818236,-0.22252093395631434
0.098203731610992,1.4116114864926321,1.4141535320400604,0.681291583813473,-0.5823079054994255,-0.20516083320391562,0.1718591836471986,1.668362287209449,2.329507433204016,-0.6826680894736445,1.8590817537780233,1.9816554248880638,-0.6505684099646967,0.030303030303030276,0.030303030303030276,0.030303030303030276,0.030303030303030276,0.22667835978372425,0.0,0.26919275834051815,0.4956935765226884,-0.6829968743182837,-0.651087827846492,-0.8660254037844385,-0.5000000000000004,0.7071067811865476,0.7071067811865476,0.9749279121818236,-0.22252093395631434
0.09960525559818588,1.4116114864926321,1.4141535320400604,0.681291583813473,-0.3126166610490873,-0.20516083320391562,-0.09774798840678739,2.298014594573303,1.6952552118021118,-0.6826680894736445,2.0535938989036655,1.6708782351031208,-0.6505684099646967,0.030303030303030276,1.0,0.030303030303030276,0.030303030303030276,0.22667835978372425,0.0,0.27319188617231804,0.6575031592342735,-0.6829968743182837,-0.651087827846492,-0.8660254037844385,-0.5000000000000004,0.8660254037844386,0.5000000000000001,0.9749279121818236,-0.22252093395631434
0.1117899136343481,1.5432044610340911,1.1244852243829888,0.8131394892324716,-0.42049315882922256,-0.09730364620062269,-0.3134337260499762,2.7576994079248283,0.8057551452018804,-0.6826680894736445,2.1116062930639448,0.844415818312393,-0.6505684099646967,0.030303030303030276,1.0,0.030303030303030276,0.030303030303030276,0.22667835978372425,0.0,0.29831266594846473,0.6575031592342735,-0.6829968743182837,-0.651087827846492,-0.8660254037844385,-0.5000000000000004,0.9659258262890683,0.25881904510252074,0.9749279121818236,-0.22252093395631434
0.10339221985744079,1.5432044610340911,0.8084834342116368,0.9713569757352701,-0.42049315882922256,0.38805369531419553,-0.47519802928236776,2.9933361609873748,0.04774639279472653,-0.667175873385844,2.128668761934615,0.02819880338270729,-0.6505684099646967,0.030303030303030276,1.0,0.030303030303030276,0.030303030303030276,0.3845452551094506,0.010399805145346436,0.3362876315250183,0.3338839938111034,-0.6171772002752937,-0.3092415480386732,-0.8660254037844385,-0.5000000000000004,1.0,6.123233995736766e-17,0.9749279121818236,-0.22252093395631434
0.15219377975432494,1.4116114864926321,0.6768160216402405,0.8131394892324716,-0.20474016326895209,0.17233932130760965,-0.3134337260499762,3.0049248537609428,-0.6329145277341462,-0.23339382292743105,2.1423187370311516,-0.40893834268842144,-0.36700990797018085,0.030303030303030276,1.0,0.030303030303030276,0.030303030303030276,0.6739678965399476,0.041837595559353236,0.41715137101942,0.17207441109951835,0.04489128568654795,0.8461988777117543,-0.8660254037844385,-0.5000000000000004,0.9659258262890683,-0.25881904510252063,0.9749279121818236,-0.22252093395631434
0.2208111288849884,1.4116114864926321,0.6768160216402405,0.9713569757352701,-0.3126166610490873,0.17233932130760965,-0.47519802928236776,2.7770138958807746,-0.6831906184550289,0.35918344243093675,2.118431280612213,-0.6514128533997506,-0.26110251565897613,0.030303030303030276,1.0,0.030303030303030276,0.030303030303030276,0.9633905379704456,0.13209304413483983,0.4992157503292014,-0.09760822675312336,0.8695730839898944,1.4854514209523755,-0.8660254037844385,-0.5000000000000004,0.8660254037844387,-0.4999999999999998,0.9749279121818236,-0.22252093395631434
0.27932610252731294,1.4116114864926321,0.6768160216402405,1.2614223676570673,-0.20474016326895209,0.4959108823174885,-0.6908837669255565,2.3250548777116276,-0.6831906184550289,1.0292217882283068,1.978519035872716,-0.6514128533997506,0.1659434210797525,0.030303030303030276,0.030303030303030276,0.030303030303030276,0.030303030303030276,1.410680074726669,0.30144466998495406,0.5606104911057845,-0.5830369748878784,1.674896154633538,1.8649007915390543,-0.8660254037844385,-0.5000000000000004,0.7071067811865476,-0.7071067811865475,0.9749279121818236,-0.22252093395631434
0.18218063505708482,1.4116114864926321,0.6768160216402405,1.2614223676570673,-0.20474016326895209,0.4959108823174885,-0.2055908572283818,1.6915396727565848,-0.6831906184550289,2.3034565614498947,1.6679821024265151,-0.6514128533997506,1.7750525107112818,1.0,0.030303030303030276,0.030303030303030276,0.030303030303030276,1.410680074726669,0.4955983944155361,0.5632939910079806,-0.31335433703523674,2.3059906763398548,2.059753171029511,-0.8660254037844385,-0.5000000000000004,0.49999999999999994,-0.8660254037844387,0.9749279121818236,-0.22252093395631434
0.4013156827221073,1.1221069425014227,0.6768160216402405,1.419639854159865,-0.09686366548881685,0.4959108823174885,-0.47519802928236776,0.8030732267830484,-0.6831906184550289,2.768223044083909,0.8421586090860689,-0.6514128533997506,2.1166892601022647,1.0,0.030303030303030276,0.030303030303030276,0.030303030303030276,1.5422358208314406,0.6671619191400552,0.5972137944556469,-0.42122739217629346,2.7667283946407855,2.1178670385968403,-0.8660254037844385,-0.5000000000000004,0.258819045102521,-0.9659258262890682,0.9749279121818236,-0.22252093395631434
0.16567127119570046,0.8062838036019201,0.38714771398316894,1.5514877595788634,0.3885805745217917,0.6576966628224279,-0.6908837669255565,0.04594529890994777,-0.6831906184550289,3.004479339422866,0.026572597068024794,-0.6514128533997506,2.133771097571814,1.0,0.030303030303030276,0.030303030303030276,0.030303030303030276,1.5422358208314406,0.791504961891211,0.6275192320822266,-0.42122739217629346,3.002904872089162,2.1349593525872312,-0.8660254037844385,-0.5000000000000004,1.2246467991473532e-16,-1.0,0.9749279121818236,-0.22252093395631434
0.4580229782534652,0.6746908290604611,0.6768160216402405,1.5514877595788634,0.17282757896152123,0.33412510181254906,-0.5830408981039622,-0.633924677139367,-0.6831906184550289,2.9928601773570156,-0.41022660602113686,-0.6514128533997506,2.1474365675474534,1.0,0.030303030303030276,0.030303030303030276,0.030303030303030276,1.410680074726669,0.8570137563745263,0.6622681792239065,-0.20548128189418005,3.0145201086849833,2.1486332037795437,-0.8660254037844385,-0.5000000000000004,-0.2588190451025208,-0.9659258262890683,0.9749279121818236,-0.22252093395631434
0.5464904601920798,0.6746908290604611,0.6768160216402405,1.419639854159865,0.17282757896152123,0.33412510181254906,-0.3134337260499762,-0.6841423458248278,-0.6831906184550289,2.764349990061959,-0.6525136639846563,-0.6514128533997506,2.1269383625839944,1.0,0.030303030303030276,0.030303030303030276,0.030303030303030276,1.410680074726669,0.8661885133357345,0.6647950494364376,-0.31335433703523674,2.7860871223004886,2.1247039641929963,-0.8660254037844385,-0.5000000000000004,-0.4999999999999997,-0.8660254037844388,0.9749279121818236,-0.22252093395631434
0.7083804947858634,0.6746908290604611,0.6768160216402405,1.2614223676570673,0.4964570723019269,0.17233932130760965,-0.04382655399599019,-0.6841423458248278,-0.6831906184550289,2.338314047647446,-0.6525136639846563,-0.6514128533997506,1.9868672953336912,0.030303030303030276,0.030303030303030276,0.030303030303030276,0.030303030303030276,1.410680074726669,0.8224882567794136,0.6931128061059149,-0.20548128189418005,2.333092895063439,1.9845469894717909,-0.8660254037844385,-0.5000000000000004,-0.7071067811865471,-0.7071067811865479,0.9749279121818236,-0.22252093395631434
0.7034094288909523,0.6746908290604611,0.6768160216402405,1.1295744622380688,0.4964570723019269,-0.09730364620062269,0.0640163148256042,-0.6841423458248278,-0.6831906184550289,1.699260134025677,-0.6525136639846563,-0.6514128533997506,1.7169742633148148,0.030303030303030276,0.030303030303030276,1.0,1.0,1.410680074726669,0.7201532951691968,0.7320337473981056,-0.20548128189418005,1.6981266278251816,1.6734668748466757,-0.8660254037844385,-0.5000000000000004,-0.8660254037844385,-0.5000000000000004,0.9749279121818236,-0.22252093395631434
0.7545735287673855,0.6746908290604611,0.8084834342116368,1.1295744622380688,0.4964570723019269,-0.3130180202072086,-0.09774798840678739,-0.6841423458248278,-0.6831906184550289,0.9440145997454042,-0.6525136639846563,-0.6514128533997506,1.2967610615639058,0.030303030303030276,0.030303030303030276,1.0,1.0,1.121257433296172,0.552154260448518,0.7765221622047436,-0.09760822675312336,0.807625155478845,0.8461988777117543,-0.8660254037844385,-0.5000000000000004,-0.9659258262890683,-0.25881904510252063,0.9749279121818236,-0.22252093395631434
0.46883471707428526,0.3851862850692516,0.9664843292973129,0.9713569757352701,0.6582718189721298,-0.47480380071214795,-0.09774798840678739,-0.6841423458248278,-0.6677210520793727,0.16553074133343093,-0.6525136639846563,-0.6514128533997506,0.33676179577524396,0.030303030303030276,0.030303030303030276,1.0,1.0,0.8055236426447192,0.3162294677243974,0.8026339909885172,0.38782052138163176,0.04876303121848855,0.029186268971067388,-0.8660254037844385,-0.5000000000000004,-1.0,-1.8369701987210297e-16,0.9749279121818236,-0.22252093395631434
0.6957782633703548,0.6746908290604611,0.8084834342116368,0.8131394892324716,0.3346423256317241,-0.3130180202072086,0.2257806180579958,-0.6841423458248278,-0.23457319356099912,-0.6284453331663429,-0.6525136639846563,-0.36795673524425315,-0.3123480280676236,0.030303030303030276,0.030303030303030276,1.0,1.0,0.6739678965399476,0.011475264837138252,0.7656129913929988,0.17207441109951835,-0.632664182403056,-0.40837696918294064,-0.8660254037844385,-0.5000000000000004,-0.9659258262890684,0.2588190451025203,0.9749279121818236,-0.22252093395631434
0.42391166768993505,0.6746908290604611,0.9664843292973129,0.681291583813473,0.3346423256317241,-0.47480380071214795,0.3336234868795902,-0.6841423458248278,0.3571377203078505,-0.6826680894736445,-0.6525136639846563,-0.26208758268015164,-0.6505684099646967,0.030303030303030276,0.030303030303030276,1.0,1.0,0.6739678965399476,0.0,0.7357557769234682,0.17207441109951835,-0.6829968743182837,-0.651087827846492,-0.8660254037844385,-0.5000000000000004,-0.8660254037844386,0.5000000000000001,0.9749279121818236,-0.22252093395631434
0.4563468841523951,0.6746908290604611,1.2561526369543852,0.681291583813473,0.17282757896152123,-0.6905181747187339,0.3336234868795902,-0.6841423458248278,1.0261964660549812,-0.6826680894736445,-0.6525136639846563,0.16480416152993502,-0.6505684099646967,0.030303030303030276,0.030303030303030276,0.030303030303030276,0.030303030303030276,0.6739678965399476,0.0,0.6858491938820996,0.4956935765226884,-0.6829968743182837,-0.651087827846492,-0.8660254037844385,-0.5000000000000004,-0.7071067811865477,0.7071067811865474,0.9749279121818236,-0.22252093395631434
0.5039585555591303,0.6746908290604611,1.2561526369543852,0.681291583813473,-0.09686366548881685,-0.20516083320391562,0.3336234868795902,-0.6841423458248278,2.2985683004527036,-0.6826680894736445,-0.6525136639846563,1.7733322537135416,-0.6505684099646967,0.030303030303030276,0.030303030303030276,0.030303030303030276,0.030303030303030276,0.6739678965399476,0.0,0.6171783432871039,0.4956935765226884,-0.6829968743182837,-0.651087827846492,-0.8660254037844385,-0.5000000000000004,-0.5000000000000004,0.8660254037844384,0.9749279121818236,-0.22252093395631434
0.2750071320721129,0.8062838036019201,1.4141535320400604,0.5230740973106753,-0.3126166610490873,-0.47480380071214795,0.818916396576765,-0.6841423458248278,2.7626552917223894,-0.6826680894736445,-0.6525136639846563,2.114845649081611,-0.6505684099646967,0.030303030303030276,0.030303030303030276,0.030303030303030276,0.030303030303030276,0.6739678965399476,0.0,0.49769350233154397,0.4956935765226884,-0.6829968743182837,-0.651087827846492,-0.8660254037844385,-0.5000000000000004,-0.25881904510252157,0.9659258262890681,0.9749279121818236,-0.22252093395631434
0.35212230541035666,0.9641953730516715,1.5458209446114568,0.681291583813473,-0.47443140771929015,-0.6905181747187339,0.3336234868795902,-0.6686907554600706,2.9985661789511466,-0.6826680894736445,-0.6525136639846563,2.1319213188500146,-0.6505684099646967,0.030303030303030276,0.030303030303030276,0.030303030303030276,0.030303030303030276,0.3845452551094506,0.0,0.3516471752849618,0.6575031592342735,-0.6829968743182837,-0.651087827846492,-0.8660254037844385,-0.5000000000000004,-2.4492935982947064e-16,1.0,0.9749279121818236,-0.22252093395631434
0.5304273053725758,0.8062838036019201,1.5458209446114568,0.39122619189167684,-0.3126166610490873,-0.582660987715441,0.6571520933443734,-0.2360462252468703,2.9869640041694043,-0.6826680894736445,-0.369276680731528,2.145581854664737,-0.6505684099646967,0.030303030303030276,0.030303030303030276,0.030303030303030276,0.030303030303030276,0.6739678965399476,0.0,0.2967744886396608,0.3338839938111034,-0.6829968743182837,-0.651087827846492,-0.8660254037844385,-0.5000000000000004,0.25881904510252074,0.9659258262890683,0.43388373911755823,-0.900968867902419
0.08447454288986779,0.9641953730516715,1.4141535320400604,0.39122619189167684,-0.47443140771929015,-0.3130180202072086,0.6571520933443734,0.3549771062050909,2.7587879001284756,-0.6826680894736445,-0.2634893737333716,2.125091050942653,-0.6505684099646967,0.030303030303030276,0.030303030303030276,0.030303030303030276,0.030303030303030276,0.6739678965399476,0.0,0.2810051364601597,0.3338839938111034,-0.6829968743182837,-0.651087827846492,-0.8660254037844385,-0.5000000000000004,0.49999999999999994,0.8660254037844387,0.43388373911755823,-0.900968867902419
0.08463471451012569,1.2536999170428818,1.2561526369543852,0.5230740973106753,-0.6901844032795607,-0.04337505269897623,0.4953877901119818,1.0232583894808378,2.33337482479793,-0.6826680894736445,0.16307234803338783,1.9850705588417445,-0.6505684099646967,0.030303030303030276,0.030303030303030276,0.030303030303030276,0.030303030303030276,0.6739678965399476,0.0,0.2810878561948911,0.17207441109951835,-0.6829968743182837,-0.651087827846492,-0.8660254037844385,-0.5000000000000004,0.7071067811865476,0.7071067811865476,0.43388373911755823,-0.900968867902419
0.09593841833797537,1.2536999170428818,1.1244852243829888,0.39122619189167684,-0.20474016326895209,0.06448213430431671,0.4414663557011846,2.2941516969821136,1.6952552118021118,-0.6826680894736445,1.7703569156505374,1.7152749765009698,-0.6505684099646967,0.030303030303030276,1.0,0.030303030303030276,0.030303030303030276,0.6739678965399476,0.0,0.2783985889601064,-0.09760822675312336,-0.6829968743182837,-0.651087827846492,-0.8660254037844385,-0.5000000000000004,0.8660254037844386,0.5000000000000001,0.43388373911755823,-0.900968867902419
0.09953088799658881,1.4116114864926321,1.1244852243829888,0.39122619189167684,-0.47443140771929015,-0.09730364620062269,0.4414663557011846,2.7576994079248283,0.9411138509888721,-0.6826680894736445,2.1116062930639448,1.2952135001982445,-0.6505684099646967,0.030303030303030276,1.0,0.030303030303030276,0.030303030303030276,0.8055236426447192,0.0,0.29440086761989503,-0.31335433703523674,-0.6829968743182837,-0.651087827846492,-0.8660254037844385,-0.5000000000000004,0.9659258262890683,0.25881904510252074,0.43388373911755823,-0.900968867902419
0.11132655339917012,1.5432044610340911,0.9664843292973129,0.5230740973106753,-0.6901844032795607,-0.09730364620062269,0.3336234868795902,2.9933361609873748,0.16376814061214803,-0.6245722791443928,2.128668761934615,0.33556085921396966,-0.4114226853910086,0.030303030303030276,1.0,0.030303030303030276,0.030303030303030276,0.9633905379704456,0.0008481717488319577,0.32577331299503454,-0.47516391974682176,-0.6675098921905214,-0.651087827846492,-0.8660254037844385,-0.5000000000000004,1.0,6.123233995736766e-17,0.43388373911755823,-0.900968867902419
0.10211083316618542,1.5432044610340911,0.8084834342116368,0.8131394892324716,-0.5823079054994255,0.22626791480925612,0.0640163148256042,2.9817474682138068,-0.6290471361402322,-0.2953626872786329,2.1423187370311516,-0.31331459198536205,-0.5070809752204838,0.030303030303030276,1.0,0.030303030303030276,0.030303030303030276,0.8055236426447192,0.030855713891592394,0.40762912589006306,-0.31335433703523674,-0.2338743926131748,-0.3673554156060024,-0.8660254037844385,-0.5000000000000004,0.9659258262890683,-0.25881904510252063,0.43388373911755823,-0.900968867902419
0.14107313754235096,1.4116114864926321,0.6768160216402405,1.1295744622380688,-0.3126166610490873,0.33412510181254906,-0.2055908572283818,2.7538365103336386,-0.6831906184550289,0.17327684937733115,2.121843774386347,-0.6514128533997506,-0.49683187273875434,0.030303030303030276,1.0,0.030303030303030276,0.030303030303030276,0.9633905379704456,0.12482537640465224,0.5151840908489077,-0.47516391974682176,0.35850267377373607,-0.26138306886557855,-0.8660254037844385,-0.5000000000000004,0.8660254037844387,-0.4999999999999998,0.43388373911755823,-0.900968867902419
0.08649387709166763,1.2536999170428818,0.6768160216402405,0.9713569757352701,-0.04292541659874924,0.33412510181254906,0.0640163148256042,2.328917775302817,-0.6831906184550289,0.4443906309138393,1.98193152964685,-0.6514128533997506,-0.45241909531792657,0.030303030303030276,0.030303030303030276,0.030303030303030276,0.030303030303030276,1.2528131794009436,0.2964221760710354,0.5833756279593113,-0.6909100300289351,1.0283146507994587,0.16592478089419488,-0.8660254037844385,-0.5000000000000004,0.7071067811865476,-0.7071067811865475,0.43388373911755823,-0.900968867902419
0.08846744846372208,1.1221069425014227,0.6768160216402405,1.1295744622380688,0.064951081181386,0.33412510181254906,-0.09774798840678739,1.6915396727565848,-0.6831906184550289,2.0478349960011872,1.7123445214902582,-0.6514128533997506,1.0268680295450292,1.0,0.030303030303030276,0.030303030303030276,0.030303030303030276,1.2528131794009436,0.4930871408062493,0.6703838815449301,-0.20548128189418005,2.3021189308079144,1.7760207587890213,-0.8660254037844385,-0.5000000000000004,0.49999999999999994,-0.8660254037844387,0.43388373911755823,-0.900968867902419
0.09001770422181202,1.1221069425014227,0.5188151265545653,1.419639854159865,-0.09686366548881685,0.8194824433273673,-0.3134337260499762,0.9382746424746734,-0.6831906184550289,2.632666153315655,1.292607787271767,-0.6514128533997506,1.6896433233635362,1.0,0.030303030303030276,0.030303030303030276,0.030303030303030276,1.410680074726669,0.6603987240090906,0.7041001893231922,-0.47516391974682176,2.7667283946407855,2.1178670385968403,-0.8660254037844385,-0.5000000000000004,0.258819045102521,-0.9659258262890682,0.43388373911755823,-0.900968867902419
0.3080258357687954,0.9641953730516715,0.6768160216402405,1.419639854159865,-0.09686366548881685,0.33412510181254906,-0.3134337260499762,0.16183222664562644,-0.6831906184550289,2.8689224486546117,0.3336970367400916,-0.6514128533997506,1.7443052032660933,1.0,0.030303030303030276,0.030303030303030276,0.030303030303030276,1.5422358208314406,0.78956474406953,0.7405087555637984,-0.6909100300289351,3.002904872089162,2.1349593525872312,-0.8660254037844385,-0.5000000000000004,1.2246467991473532e-16,-1.0,0.43388373911755823,-0.900968867902419
0.6732395291338069,0.8062838036019201,0.38714771398316894,1.419639854159865,0.22676582785158886,0.6576966628224279,-0.47519802928236776,-0.6300617795481778,-0.6831906184550289,2.896033826808263,-0.31467678034538277,-0.6514128533997506,1.8809599030224866,1.0,0.030303030303030276,0.030303030303030276,0.030303030303030276,1.5422358208314406,0.8577178387109683,0.7680201100638571,-0.5830369748878784,2.99128963549334,2.1486332037795437,-0.8660254037844385,-0.5000000000000004,-0.2588190451025208,-0.9659258262890683,0.43388373911755823,-0.900968867902419
0.532114863349094,0.6746908290604611,0.38714771398316894,1.419639854159865,0.3346423256317241,0.6576966628224279,-0.47519802928236776,-0.6841423458248278,-0.6831906184550289,2.7140002877766074,-0.6525136639846563,-0.6514128533997506,1.9595363553824126,1.0,0.030303030303030276,0.030303030303030276,0.030303030303030276,1.410680074726669,0.8590150425621231,0.7803128260610903,-0.31335433703523674,2.762856649108845,2.128122426991075,-0.8660254037844385,-0.5000000000000004,-0.4999999999999997,-0.8660254037844388,0.43388373911755823,-0.900968867902419
0.6698358221381109,0.6746908290604611,0.5188151265545653,1.419639854159865,0.3346423256317241,0.4959108823174885,-0.2055908572283818,-0.6841423458248278,-0.6831906184550289,2.3112026694937953,-0.6525136639846563,-0.6514128533997506,1.9868672953336912,0.030303030303030276,0.030303030303030276,0.030303030303030276,0.030303030303030276,1.2528131794009436,0.8095272611314194,0.7938722552221888,-0.043671699182595024,2.3369646405953794,1.987965452269869,-0.8660254037844385,-0.5000000000000004,-0.7071067811865471,-0.7071067811865479,0.43388373911755823,-0.900968867902419
0.845586608869127,0.6746908290604611,0.38714771398316894,1.2614223676570673,0.3346423256317241,0.441982288815842,-0.2055908572283818,-0.6841423458248278,-0.6831906184550289,1.6760218098939763,-0.6525136639846563,-0.6514128533997506,1.7169742633148148,0.030303030303030276,0.030303030303030276,1.0,1.0,1.121257433296172,0.7096813343568339,0.8053601056395034,0.06420135595846167,1.6981266278251816,1.7179068912216922,-0.8660254037844385,-0.5000000000000004,-0.8660254037844385,-0.5000000000000004,0.43388373911755823,-0.900968867902419
0.8177221150583842,0.5167792596107107,0.38714771398316894,1.2614223676570673,0.8200865656423326,0.441982288815842,-0.04382655399599019,-0.6841423458248278,-0.6831906184550289,0.9478876537673544,-0.6525136639846563,-0.6514128533997506,1.2762628566004468,0.030303030303030276,0.030303030303030276,1.0,1.0,1.121257433296172,0.5428188364749349,0.8117005861115767,-0.09760822675312336,0.9431362490967657,1.297435967058075,-0.8660254037844385,-0.5000000000000004,-0.9659258262890683,-0.25881904510252063,0.43388373911755823,-0.900968867902419
0.5405182616053411,0.6746908290604611,0.5188151265545653,1.2614223676570673,0.3346423256317241,0.33412510181254906,-0.3134337260499762,-0.6841423458248278,-0.6251797445463182,0.1810229574212314,-0.6525136639846563,-0.41235347664210215,0.31626359081178496,0.030303030303030276,0.030303030303030276,1.0,1.0,0.9633905379704456,0.3063563095143822,0.7846905183259554,-0.09760822675312336,0.16491539717670636,0.33684792079810427,-0.8660254037844385,-0.5000000000000004,-1.0,-1.8369701987210297e-16,0.43388373911755823,-0.900968867902419
0.6431782959325558,0.3851862850692516,0.8084834342116368,0.9713569757352701,0.6582718189721298,0.06448213430431671,-0.09774798840678739,-0.6841423458248278,-0.2964514590636239,-0.6361914412102432,-0.6525136639846563,-0.5079772273451616,-0.3328462330310825,0.030303030303030276,0.030303030303030276,1.0,1.0,0.8055236426447192,0.00664124067290474,0.7428541033367706,0.2260109386700467,-0.6287924368711154,-0.3126600108367514,-0.8660254037844385,-0.5000000000000004,-0.9659258262890684,0.2588190451025203,0.43388373911755823,-0.900968867902419
0.49386759932636504,0.3851862850692516,1.1244852243829888,0.8131394892324716,0.6582718189721298,-0.20516083320391562,0.3875449212903874,-0.6841423458248278,0.17150292379997614,-0.6826680894736445,-0.6525136639846563,-0.4977318254841195,-0.6505684099646967,0.030303030303030276,0.030303030303030276,1.0,1.0,0.6739678965399476,0.0,0.6911035616761669,0.3338839938111034,-0.6829968743182837,-0.651087827846492,-0.8660254037844385,-0.5000000000000004,-0.8660254037844386,0.5000000000000001,0.43388373911755823,-0.900968867902419
0.36910356563214036,0.5167792596107107,0.9664843292973129,0.681291583813473,0.4964570723019269,0.06448213430431671,0.4953877901119818,-0.6841423458248278,0.44222033537395966,-0.6826680894736445,-0.6525136639846563,-0.4533350840862705,-0.6505684099646967,0.030303030303030276,0.030303030303030276,0.030303030303030276,0.030303030303030276,0.6739678965399476,0.0,0.6444962411691559,0.3338839938111034,-0.6829968743182837,-0.651087827846492,-0.8660254037844385,-0.5000000000000004,-0.7071067811865477,0.7071067811865474,0.43388373911755823,-0.900968867902419
0.3276757283091888,0.3851862850692516,1.1244852243829888,0.681291583813473,0.44251882341185933,-0.09730364620062269,0.4953877901119818,-0.6841423458248278,2.0433204552543764,-0.6826680894736445,-0.6525136639846563,1.0254179178574698,-0.6505684099646967,0.030303030303030276,0.030303030303030276,0.030303030303030276,0.030303030303030276,0.6739678965399476,0.0,0.5954218237811502,0.3338839938111034,-0.6829968743182837,-0.651087827846492,-0.8660254037844385,-0.5000000000000004,-0.5000000000000004,0.8660254037844384,0.43388373911755823,-0.900968867902419
0.392305900371424,0.3851862850692516,1.4141535320400604,0.8131394892324716,0.44251882341185933,-0.3130180202072086,0.2257806180579958,-0.6841423458248278,2.627296585935398,-0.6826680894736445,-0.6525136639846563,1.6879539048715242,-0.6505684099646967,0.030303030303030276,0.030303030303030276,0.030303030303030276,0.030303030303030276,0.5161010012142222,0.0,0.48858265343089446,0.8193127419458585,-0.6829968743182837,-0.651087827846492,-0.8660254037844385,-0.5000000000000004,-0.25881904510252157,0.9659258262890681,0.43388373911755823,-0.900968867902419
0.1572421204072716,0.5167792596107107,1.4141535320400604,0.9713569757352701,0.3346423256317241,-0.3130180202072086,0.2257806180579958,-0.6261988819569885,2.863207473164155,-0.6826680894736445,-0.4136390997952709,1.7425960481304152,-0.6505684099646967,0.030303030303030276,0.030303030303030276,0.030303030303030276,0.030303030303030276,0.6739678965399476,0.0,0.3634175020719628,0.3338839938111034,-0.6829968743182837,-0.651087827846492,-0.8660254037844385,-0.5000000000000004,-2.4492935982947064e-16,1.0,0.43388373911755823,-0.900968867902419
0.0867226912403946,0.8062838036019201,1.4141535320400604,0.681291583813473,0.064951081181386,-0.47480380071214795,0.3336234868795902,-0.2978525867058989,2.8902792143215534,-0.6826680894736445,-0.509188925471025,1.879201406277643,-0.6505684099646967,0.030303030303030276,0.030303030303030276,0.030303030303030276,0.030303030303030276,0.3845452551094506,0.0,0.3139841885964877,0.6575031592342735,-0.6829968743182837,-0.651087827846492,-0.8660254037844385,-0.5000000000000004,0.25881904510252074,0.9659258262890683,-0.433883739117558,-0.9009688679024191
0.08678562242492786,1.1221069425014227,1.4141535320400604,0.681291583813473,-0.20474016326895209,-0.47480380071214795,0.3336234868795902,0.169558021828005,2.708511809407593,-0.6826680894736445,-0.4989514441486228,1.957749487212299,-0.6505684099646967,0.030303030303030276,0.030303030303030276,0.030303030303030276,0.030303030303030276,0.3845452551094506,0.0,0.3100292633226278,0.6575031592342735,-0.6829968743182837,-0.651087827846492,-0.8660254037844385,-0.5000000000000004,0.49999999999999994,0.8660254037844387,-0.433883739117558,-0.9009688679024191
0.08810133209656677,0.9641953730516715,1.4141535320400604,0.681291583813473,0.064951081181386,-0.20516083320391562,0.3336234868795902,0.4399608532112552,2.3063030836405316,-0.6826680894736445,-0.45458902508487986,1.9850705588417445,-0.6505684099646967,0.030303030303030276,0.030303030303030276,0.030303030303030276,0.030303030303030276,0.5161010012142222,0.0,0.30219972518608995,0.4956935765226884,-0.6829968743182837,-0.651087827846492,-0.8660254037844385,-0.5000000000000004,0.7071067811865476,0.7071067811865476,-0.433883739117558,-0.9009688679024191
0.10114407150691399,1.1221069425014227,1.2561526369543852,0.681291583813473,-0.09686366548881685,-0.20516083320391562,0.3336234868795902,2.0392004559636203,1.6720508622386274,-0.6826680894736445,1.0230207791151749,1.7152749765009698,-0.6505684099646967,0.030303030303030276,1.0,0.030303030303030276,0.030303030303030276,0.3845452551094506,0.0,0.2986582449269368,0.44175704895216006,-0.6829968743182837,-0.651087827846492,-0.8660254037844385,-0.5000000000000004,0.8660254037844386,0.5000000000000001,-0.433883739117558,-0.9009688679024191
0.10105826062365704,1.4116114864926321,1.2561526369543852,0.5230740973106753,-0.3126166610490873,-0.04337505269897623,0.4953877901119818,2.622497992233203,0.9449812425827862,-0.6826680894736445,1.6850445712971855,1.2747226964761604,-0.6505684099646967,0.030303030303030276,1.0,0.030303030303030276,0.030303030303030276,0.3845452551094506,0.0,0.33042564502313765,0.44175704895216006,-0.6829968743182837,-0.651087827846492,-0.8660254037844385,-0.5000000000000004,0.9659258262890683,0.25881904510252074,-0.433883739117558,-0.9009688679024191
0.11026254100727988,1.4116114864926321,1.2561526369543852,0.681291583813473,-0.3126166610490873,-0.3130180202072086,0.3336234868795902,2.8581347452957497,0.17923770698780422,-0.6206992251224427,1.7396444716833308,0.31507005549188555,-0.28843345561025474,0.030303030303030276,1.0,0.030303030303030276,0.030303030303030276,0.5161010012142222,0.00027718030564091825,0.3655222199292891,0.3338839938111034,-0.6249206913391748,-0.4117954319810188,-0.8660254037844385,-0.5000000000000004,1.0,6.123233995736766e-17,-0.433883739117558,-0.9009688679024191
0.28167723698048064,1.4116114864926321,0.9664843292973129,0.9713569757352701,-0.47443140771929015,-0.09730364620062269,0.0640163148256042,2.8851750284340745,-0.6367819193280604,0.049339120674927434,1.8761442226486937,-0.3338053957074462,0.8936296972825459,0.030303030303030276,1.0,0.030303030303030276,0.030303030303030276,0.8055236426447192,0.027191388418436293,0.41695192170236484,0.06420135595846167,-0.2958223211242243,-0.5075123903272081,-0.8660254037844385,-0.5000000000000004,0.9659258262890683,-0.25881904510252063,-0.433883739117558,-0.9009688679024191
0.12800752186557812,1.4116114864926321,0.8084834342116368,1.419639854159865,-0.47443140771929015,0.38805369531419553,-0.3134337260499762,2.703618841648178,-0.6831906184550289,0.866553519306402,1.9546315794537774,-0.6514128533997506,1.4983267437045857,0.030303030303030276,1.0,0.030303030303030276,0.030303030303030276,1.121257433296172,0.11419829129913889,0.49341625180030657,-0.20548128189418005,0.17265888824058756,-0.4972570019329735,-0.8660254037844385,-0.5000000000000004,0.8660254037844387,-0.4999999999999998,-0.433883739117558,-0.9009688679024191
0.12383727974897613,1.4116114864926321,0.6768160216402405,1.7097052460816622,-0.20474016326895209,0.4959108823174885,-0.3134337260499762,2.301877492164492,-0.6831906184550289,1.6527834857622756,1.98193152964685,-0.6514128533997506,1.8604616980590276,0.030303030303030276,0.030303030303030276,0.030303030303030276,0.030303030303030276,0.9633905379704456,0.28790163559976534,0.5930266905083892,0.06420135595846167,0.44368107547642915,-0.4528169855579571,-0.8660254037844385,-0.5000000000000004,0.7071067811865476,-0.7071067811865475,-0.433883739117558,-0.9009688679024191
0.2809964749875532,1.2536999170428818,0.6768160216402405,1.8415531515006607,-0.20474016326895209,0.4959108823174885,-0.4212765948715706,1.668362287209449,-0.6831906184550289,2.284091291340144,1.7123445214902582,-0.6514128533997506,2.0551946452118877,1.0,0.030303030303030276,0.030303030303030276,0.030303030303030276,1.121257433296172,0.47919487253501997,0.6641187963976398,-0.09760822675312336,2.046583725699835,1.0273774060098984,-0.8660254037844385,-0.5000000000000004,0.49999999999999994,-0.8660254037844387,-0.433883739117558,-0.9009688679024191
0.3077054856636835,1.2536999170428818,0.8084834342116368,1.8415531515006607,-0.04292541659874924,0.22626791480925612,-0.4212765948715706,0.9421375400658627,-0.6831906184550289,2.744984719952208,1.2721328246269625,-0.6514128533997506,2.1166892601022647,1.0,0.030303030303030276,0.030303030303030276,0.030303030303030276,1.410680074726669,0.6470053669913428,0.7087305481214501,-0.31335433703523674,2.6312173010228648,1.6905591888370666,-0.8660254037844385,-0.5000000000000004,0.258819045102521,-0.9659258262890682,-0.433883739117558,-0.9009688679024191
0.30911844263564314,1.2536999170428818,0.9664843292973129,1.7097052460816622,-0.3126166610490873,0.22626791480925612,-0.3134337260499762,0.1772838170103836,-0.6831906184550289,2.9851140693131155,0.31322207409528713,-0.6514128533997506,2.133771097571814,1.0,0.030303030303030276,0.030303030303030276,0.030303030303030276,1.410680074726669,0.7659268294006902,0.7195980261381043,-0.31335433703523674,2.867393778471241,1.7452545936063177,-0.8660254037844385,-0.5000000000000004,1.2246467991473532e-16,-1.0,-0.433883739117558,-0.9009688679024191
0.38481206109534116,0.9641953730516715,0.6768160216402405,1.7097052460816622,-0.09686366548881685,0.33412510181254906,-0.2055908572283818,-0.6377875747305563,-0.6831906184550289,2.9928601773570156,-0.3351517429901872,-0.6514128533997506,2.1474365675474534,1.0,0.030303030303030276,0.030303030303030276,0.030303030303030276,1.410680074726669,0.8314245144971778,0.7357487598314196,-0.47516391974682176,2.894495997194825,1.8819931055294452,-0.8660254037844385,-0.5000000000000004,-0.2588190451025208,-0.9659258262890683,-0.433883739117558,-0.9009688679024191
0.5638178676710316,0.8062838036019201,0.6768160216402405,1.7097052460816622,0.3885805745217917,0.33412510181254906,-0.2055908572283818,-0.6841423458248278,-0.6831906184550289,2.764349990061959,-0.6525136639846563,-0.6514128533997506,2.1269383625839944,1.0,0.030303030303030276,0.030303030303030276,0.030303030303030276,1.410680074726669,0.834024430326609,0.7449438138366502,-0.47516391974682176,2.7125239571936173,1.9606177498852435,-0.8660254037844385,-0.5000000000000004,-0.4999999999999997,-0.8660254037844388,-0.433883739117558,-0.9009688679024191
0.6871803567842741,0.6746908290604611,0.6768160216402405,1.7097052460816622,0.4964570723019269,0.33412510181254906,-0.2055908572283818,-0.6841423458248278,-0.6831906184550289,2.3150757235157453,-0.6525136639846563,-0.6514128533997506,1.9663690903702322,0.030303030303030276,0.030303030303030276,0.030303030303030276,0.030303030303030276,1.410680074726669,0.7884947837237877,0.7527132713237519,-0.20548128189418005,2.3098624218717956,1.987965452269869,-0.8660254037844385,-0.5000000000000004,-0.7071067811865471,-0.7071067811865479,-0.433883739117558,-0.9009688679024191
0.7968022585146071,0.6746908290604611,0.6768160216402405,1.7097052460816622,0.4964570723019269,0.33412510181254906,-0.5830408981039622,-0.6841423458248278,-0.6831906184550289,1.6489104317403254,-0.6525136639846563,-0.6514128533997506,1.6554796484244378,0.030303030303030276,0.030303030303030276,1.0,1.0,1.2528131794009436,0.6868306428128041,0.7462528344314057,-0.20548128189418005,1.674896154633538,1.7179068912216922,-0.8660254037844385,-0.5000000000000004,-0.8660254037844385,-0.5000000000000004,-0.433883739117558,-0.9009688679024191
0.7426377466619845,0.8062838036019201,0.5188151265545653,1.419639854159865,0.22676582785158886,0.4959108823174885,-0.2055908572283818,-0.6841423458248278,-0.6831906184550289,0.8549343572405517,-0.6525136639846563,-0.6514128533997506,1.2352664466735288,0.030303030303030276,0.030303030303030276,1.0,1.0,1.2528131794009436,0.5185821857270216,0.7387942802197343,-0.043671699182595024,0.9470079946287063,1.276925190269606,-0.8660254037844385,-0.5000000000000004,-0.9659258262890683,-0.25881904510252063,-0.433883739117558,-0.9009688679024191
0.688473234809362,0.9641953730516715,0.6768160216402405,1.2614223676570673,0.22676582785158886,0.33412510181254906,-0.04382655399599019,-0.6841423458248278,-0.6213123529524042,0.14229241720173022,-0.6525136639846563,-0.28940865430959717,0.295765385848326,0.030303030303030276,0.030303030303030276,1.0,1.0,1.2528131794009436,0.29274120381368884,0.7178952800938876,-0.31335433703523674,0.18040237930446873,0.31633714400963514,-0.8660254037844385,-0.5000000000000004,-1.0,-1.8369701987210297e-16,-0.433883739117558,-0.9009688679024191
0.6266174578974903,0.6746908290604611,0.9664843292973129,1.1295744622380688,0.3346423256317241,0.06448213430431671,0.0640163148256042,-0.6841423458248278,0.04774639279472653,-0.6400644952321932,-0.6525136639846563,0.8922276936639227,-0.3533444379945415,0.030303030303030276,0.030303030303030276,1.0,1.0,0.9633905379704456,0.00716788281856027,0.6733193309054193,-0.09760822675312336,-0.6365359279349966,-0.3331707876252205,-0.8660254037844385,-0.5000000000000004,-0.9659258262890684,0.2588190451025203,-0.433883739117558,-0.9009688679024191
0.54137633611493,0.6746908290604611,1.4141535320400604,1.1295744622380688,0.3346423256317241,-0.3130180202072086,0.1718591836471986,-0.6841423458248278,0.8637660191105911,-0.6826680894736445,-0.6525136639846563,1.4967064034654054,-0.6505684099646967,0.030303030303030276,0.030303030303030276,1.0,1.0,0.8055236426447192,0.0,0.6668918794676659,0.38782052138163176,-0.6829968743182837,-0.651087827846492,-0.8660254037844385,-0.5000000000000004,-0.8660254037844386,0.5000000000000001,-0.433883739117558,-0.9009688679024191
0.5295492034039331,0.6746908290604611,1.7038218396971327,1.1295744622380688,0.3346423256317241,-0.3130180202072086,0.1718591836471986,-0.6841423458248278,1.6488465126751433,-0.6826680894736445,-0.6525136639846563,1.8587106025555589,-0.6505684099646967,0.030303030303030276,0.030303030303030276,0.030303030303030276,0.030303030303030276,0.6739678965399476,0.0,0.5838371682253573,0.4956935765226884,-0.6829968743182837,-0.651087827846492,-0.8660254037844385,-0.5000000000000004,-0.7071067811865477,0.7071067811865474,-0.433883739117558,-0.9009688679024191
0.5177220706929361,0.6746908290604611,1.835489252268529,0.9713569757352701,0.3346423256317241,-0.4208752072105015,0.6571520933443734,-0.6841423458248278,2.279231342483133,-0.6826680894736445,-0.6525136639846563,2.053373237915358,-0.6505684099646967,0.030303030303030276,0.030303030303030276,0.030303030303030276,0.030303030303030276,0.6739678965399476,0.0,0.5010245210488943,0.4956935765226884,-0.6829968743182837,-0.651087827846492,-0.8660254037844385,-0.5000000000000004,-0.5000000000000004,0.8660254037844384,-0.433883739117558,-0.9009688679024191
0.5105828907731566,0.5167792596107107,1.835489252268529,0.9713569757352701,0.4964570723019269,-0.4208752072105015,0.3336234868795902,-0.6841423458248278,2.7394509421589053,-0.6826680894736445,-0.6525136639846563,2.114845649081611,-0.6505684099646967,0.030303030303030276,0.030303030303030276,0.030303030303030276,0.030303030303030276,0.8055236426447192,0.0,0.43226946534931765,0.2260109386700467,-0.6829968743182837,-0.651087827846492,-0.8660254037844385,-0.5000000000000004,-0.25881904510252157,0.9659258262890681,-0.433883739117558,-0.9009688679024191
0.19158798048955086,0.6746908290604611,1.7038218396971327,0.9713569757352701,0.3346423256317241,-0.3130180202072086,0.4953877901119818,-0.6223359843657992,2.9792292209815763,-0.6826680894736445,-0.29078932392644424,2.1319213188500146,-0.6505684099646967,0.030303030303030276,0.030303030303030276,0.030303030303030276,0.030303030303030276,0.9633905379704456,0.0,0.3333610431639771,0.2260109386700467,-0.6829968743182837,-0.651087827846492,-0.8660254037844385,-0.5000000000000004,-2.4492935982947064e-16,1.0,-0.433883739117558,-0.9009688679024191
0.08415991442558585,0.9641953730516715,1.7038218396971327,0.9713569757352701,0.064951081181386,-0.20516083320391562,0.2257806180579958,0.04594529890994777,2.9869640041694043,-0.6826680894736445,0.8899335219239459,2.145581854664737,-0.6505684099646967,0.030303030303030276,0.030303030303030276,0.030303030303030276,0.030303030303030276,0.6739678965399476,0.0,0.2805882085092535,0.3338839938111034,-0.6829968743182837,-0.651087827846492,-0.8660254037844385,-0.5000000000000004,0.25881904510252074,0.9659258262890683,-0.9749279121818236,-0.2225209339563146
0.39263770062279185,1.4116114864926321,1.7038218396971327,0.9713569757352701,-0.3126166610490873,-0.20516083320391562,0.2257806180579958,0.8610166906508876,2.7587879001284756,-0.6826680894736445,1.4939449199456774,2.125091050942653,-0.6505684099646967,0.030303030303030276,0.030303030303030276,0.030303030303030276,0.030303030303030276,0.6739678965399476,0.0,0.2647385951382205,0.3338839938111034,-0.6829968743182837,-0.651087827846492,-0.8660254037844385,-0.5000000000000004,0.49999999999999994,0.8660254037844387,-0.9749279121818236,-0.2225209339563146
0.08215774171397779,1.7011160304838424,1.7038218396971327,0.8131394892324716,-0.3126166610490873,-0.20516083320391562,0.6571520933443734,1.6451849016623132,2.310170475234446,-0.6826680894736445,1.8556692600038893,1.9645797551196604,-0.6505684099646967,0.030303030303030276,0.030303030303030276,0.030303030303030276,0.030303030303030276,0.6739678965399476,0.0,0.24911593603628635,0.3338839938111034,-0.6829968743182837,-0.651087827846492,-0.8660254037844385,-0.5000000000000004,0.7071067811865476,0.7071067811865476,-0.9749279121818236,-0.2225209339563146
0.08232363497506563,1.8327090050253017,1.7038218396971327,0.681291583813473,-0.42049315882922256,-0.582660987715441,0.6571520933443734,2.274837209026167,1.644979121081229,-0.6826680894736445,2.0501814051295315,1.6538025653347173,-0.6505684099646967,0.030303030303030276,1.0,0.030303030303030276,0.030303030303030276,0.6739678965399476,0.0,0.2519489256089388,0.3338839938111034,-0.6829968743182837,-0.651087827846492,-0.8660254037844385,-0.5000000000000004,0.8660254037844386,0.5000000000000001,-0.9749279121818236,-0.2225209339563146
0.09692233805514056,1.8327090050253017,1.4141535320400604,0.681291583813473,-0.42049315882922256,-0.20516083320391562,0.6571520933443734,2.7345220223776923,0.852163844328849,-0.6826680894736445,2.1116062930639448,1.233741089031992,-0.6505684099646967,0.030303030303030276,1.0,0.030303030303030276,0.030303030303030276,0.5161010012142222,0.0,0.26783945835834766,0.4956935765226884,-0.6829968743182837,-0.651087827846492,-0.8660254037844385,-0.5000000000000004,0.9659258262890683,0.25881904510252074,-0.9749279121818236,-0.2225209339563146
0.2890452276166891,1.7011160304838424,1.2561526369543852,0.8131394892324716,-0.3126166610490873,-0.04337505269897623,0.4953877901119818,2.9740216730314284,0.14056379104866373,-0.632318387188293,2.128668761934615,0.2945792517698014,-0.3157643955615334,0.030303030303030276,1.0,0.030303030303030276,0.030303030303030276,0.6739678965399476,0.0028327826802770095,0.2949305812400759,0.3338839938111034,-0.6210489458072342,-0.2887307712502041,-0.8660254037844385,-0.5000000000000004,1.0,6.123233995736766e-17,-0.9749279121818236,-0.2225209339563146
0.19572676216233334,1.7011160304838424,1.1244852243829888,1.1295744622380688,-0.20474016326895209,0.06448213430431671,0.3336234868795902,2.9817474682138068,-0.6406493109219744,0.04546606665297732,2.1423187370311516,-0.35429619942953033,0.8013877749469807,0.030303030303030276,1.0,0.030303030303030276,0.030303030303030276,0.9633905379704456,0.03340577185731279,0.3014089450099179,0.06420135595846167,0.04876303121848855,0.894057356884849,-0.8660254037844385,-0.5000000000000004,0.9659258262890683,-0.25881904510252063,-0.9749279121818236,-0.2225209339563146
0.45361817288892203,1.7011160304838424,1.1244852243829888,1.5514877595788634,-0.20474016326895209,0.17233932130760965,-0.04382655399599019,2.7538365103336386,-0.6831906184550289,0.8471882491966514,2.121843774386347,-0.6514128533997506,1.4983267437045857,0.030303030303030276,1.0,0.030303030303030276,0.030303030303030276,1.410680074726669,0.1079506435621223,0.3698132997660234,-0.31335433703523674,0.8657013384579538,1.4991252721446882,-0.8660254037844385,-0.5000000000000004,0.8660254037844387,-0.4999999999999998,-0.9749279121818236,-0.2225209339563146
0.08282131819062717,1.7011160304838424,1.1244852243829888,1.9997706380034583,-0.20474016326895209,0.17233932130760965,-0.529119463693165,2.305740389755681,-0.6831906184550289,1.6489104317403254,1.9614565670020456,-0.6514128533997506,1.7818852456991014,0.030303030303030276,0.030303030303030276,0.030303030303030276,0.030303030303030276,1.700102716157167,0.2716921355014173,0.42476010124485764,-0.31335433703523674,1.6516656814418944,1.861482328740976,-0.8660254037844385,-0.5000000000000004,0.7071067811865476,-0.7071067811865475,-0.9749279121818236,-0.2225209339563146
0.566798235026677,1.7011160304838424,0.9664843292973129,1.8415531515006607,-0.5823079054994255,0.6576966628224279,-0.04382655399599019,1.6413220040711238,-0.6831906184550289,2.109803860352389,1.6509196335558447,-0.6514128533997506,1.3685047789360123,1.0,0.030303030303030276,0.030303030303030276,0.030303030303030276,1.8316584622619385,0.4561777929770155,0.5314888932493883,-0.42122739217629346,2.2827602031482113,2.0563347082314327,-0.8660254037844385,-0.5000000000000004,0.49999999999999994,-0.8660254037844387,-0.9749279121818236,-0.2225209339563146
0.08355926226887363,1.4116114864926321,0.9664843292973129,2.131618543422457,-0.20474016326895209,0.33412510181254906,-0.4212765948715706,0.8494279978773198,-0.6831906184550289,2.744984719952208,1.2311828993373535,-0.6514128533997506,2.0381128077423387,1.0,0.030303030303030276,0.030303030303030276,0.030303030303030276,1.8316584622619385,0.6181453619760201,0.5697150912091355,-0.42122739217629346,2.743497921449142,2.1178670385968403,-0.8660254037844385,-0.5000000000000004,0.258819045102521,-0.9659258262890682,-0.9749279121818236,-0.2225209339563146
0.8065041980877051,1.2536999170428818,0.9664843292973129,1.8415531515006607,-0.04292541659874924,0.4959108823174885,-0.15166942281758458,0.1386548410984907,-0.6831906184550289,2.9851140693131155,0.29274711145048266,-0.6514128533997506,2.133771097571814,1.0,0.030303030303030276,0.030303030303030276,0.030303030303030276,1.700102716157167,0.7363294937163711,0.5765473827603979,-0.31335433703523674,2.9835461444294586,2.1349593525872312,-0.8660254037844385,-0.5000000000000004,1.2246467991473532e-16,-1.0,-0.9749279121818236,-0.2225209339563146
0.384989407934983,1.1221069425014227,0.9664843292973129,1.8415531515006607,0.064951081181386,0.22626791480925612,-0.3134337260499762,-0.6416504723217455,-0.6831906184550289,2.969621853225315,-0.35562670563499166,-0.6514128533997506,2.0244473377666994,1.0,0.030303030303030276,0.030303030303030276,0.030303030303030276,1.700102716157167,0.8042719091477272,0.5862504844738643,-0.20548128189418005,2.99128963549334,2.1486332037795437,-0.8660254037844385,-0.5000000000000004,-0.2588190451025208,-0.9659258262890683,-0.9749279121818236,-0.2225209339563146
0.5544791510378425,1.1221069425014227,0.9664843292973129,1.7097052460816622,0.17282757896152123,0.22626791480925612,-0.04382655399599019,-0.6841423458248278,-0.6831906184550289,2.543585910810802,-0.6525136639846563,-0.6514128533997506,1.4197502913446596,1.0,0.030303030303030276,0.030303030303030276,0.030303030303030276,1.700102716157167,0.8231756284693218,0.6018647947728502,-0.20548128189418005,2.762856649108845,2.128122426991075,-0.8660254037844385,-0.5000000000000004,-0.4999999999999997,-0.8660254037844388,-0.9749279121818236,-0.2225209339563146
0.7239688941407021,1.1221069425014227,0.8084834342116368,1.7097052460816622,0.17282757896152123,0.6576966628224279,-0.04382655399599019,-0.6841423458248278,-0.6831906184550289,2.2918373993840446,-0.6525136639846563,-0.6514128533997506,1.9014581079859456,0.030303030303030276,0.030303030303030276,0.030303030303030276,0.030303030303030276,1.700102716157167,0.7807282579587381,0.6191342680612137,-0.20548128189418005,2.313734167403736,1.9674546754814,-0.8660254037844385,-0.5000000000000004,-0.7071067811865471,-0.7071067811865479,-0.9749279121818236,-0.2225209339563146
0.7243893506504007,0.9641953730516715,0.6768160216402405,1.5514877595788634,0.6582718189721298,0.6576966628224279,0.0640163148256042,-0.6841423458248278,-0.6831906184550289,1.6837679179378766,-0.6525136639846563,-0.6514128533997506,1.6964760583513558,0.030303030303030276,0.030303030303030276,0.5757575757575757,1.0,1.700102716157167,0.6639355403307728,0.6046348558835267,-0.5830369748878784,1.6477939359099538,1.6563745608562848,-0.8660254037844385,-0.5000000000000004,-0.8660254037844385,-0.5000000000000004,-0.9749279121818236,-0.2225209339563146
0.7248098071600991,0.9641953730516715,0.6768160216402405,1.5514877595788634,0.3346423256317241,0.6576966628224279,-0.2055908572283818,-0.6841423458248278,-0.6831906184550289,0.9285223836576039,-0.6525136639846563,-0.6514128533997506,0.9448752096911934,0.030303030303030276,0.030303030303030276,0.5757575757575757,1.0,1.410680074726669,0.4907810183659585,0.6282433754937636,-0.20548128189418005,0.8540861018621321,1.2359036366926677,-0.8660254037844385,-0.5000000000000004,-0.9659258262890683,-0.25881904510252063,-0.9749279121818236,-0.2225209339563146
0.6424918363248847,0.9641953730516715,0.8084834342116368,1.2614223676570673,0.4964570723019269,0.4959108823174885,-0.2055908572283818,-0.6841423458248278,-0.6329145277341462,-0.12107525629087769,-0.6525136639846563,-0.31672972593904275,-0.4250881553666479,0.030303030303030276,0.030303030303030276,0.5757575757575757,1.0,1.2528131794009436,0.256425057327097,0.6559272889946335,-0.043671699182595024,0.1416849239850628,0.295826367221166,-0.8660254037844385,-0.5000000000000004,-1.0,-1.8369701987210297e-16,-0.9749279121818236,-0.2225209339563146
0.7641953928272489,0.9641953730516715,1.1244852243829888,1.1295744622380688,0.22676582785158886,0.33412510181254906,0.0640163148256042,-0.6841423458248278,0.043879001200812486,-0.6594297653419439,-0.6525136639846563,0.800019076914544,-0.5822410600865,0.030303030303030276,0.030303030303030276,0.5757575757575757,1.0,1.121257433296172,0.005737632418569126,0.6385973765192836,0.06420135595846167,-0.6404076734669372,-0.35368156441368964,-0.8660254037844385,-0.5000000000000004,-0.9659258262890684,0.2588190451025203,-0.9749279121818236,-0.2225209339563146
0.30511410064472505,0.9641953730516715,1.5458209446114568,1.1295744622380688,0.22676582785158886,-0.04337505269897623,0.1718591836471986,-0.6841423458248278,0.8444290611410209,-0.6826680894736445,-0.6525136639846563,1.4967064034654054,-0.6505684099646967,0.030303030303030276,0.030303030303030276,0.5757575757575757,1.0,1.121257433296172,0.0,0.6208693849242232,0.17207441109951835,-0.6829968743182837,-0.651087827846492,-0.8660254037844385,-0.5000000000000004,-0.8660254037844386,0.5000000000000001,-0.9749279121818236,-0.2225209339563146
0.7623877387423685,0.8062838036019201,1.9934901473542042,1.1295744622380688,0.6582718189721298,-0.5287323942137945,0.3336234868795902,-0.6841423458248278,1.644979121081229,-0.6826680894736445,-0.6525136639846563,1.780162521620903,-0.6505684099646967,0.030303030303030276,0.030303030303030276,0.030303030303030276,0.030303030303030276,1.121257433296172,0.0,0.5811072121006218,0.17207441109951835,-0.6829968743182837,-0.651087827846492,-0.8660254037844385,-0.5000000000000004,-0.7071067811865477,0.7071067811865474,-0.9749279121818236,-0.2225209339563146
0.4066128512536426,0.6746908290604611,1.835489252268529,1.1295744622380688,0.6582718189721298,-0.04337505269897623,0.3336234868795902,-0.6841423458248278,2.105198720757001,-0.6826680894736445,-0.6525136639846563,1.366931313225539,-0.6505684099646967,0.030303030303030276,0.030303030303030276,0.030303030303030276,0.030303030303030276,0.9633905379704456,0.0,0.5189940132936504,0.6575031592342735,-0.6829968743182837,-0.651087827846492,-0.8660254037844385,-0.5000000000000004,-0.5000000000000004,0.8660254037844384,-0.9749279121818236,-0.2225209339563146
0.6269721172537936,0.6746908290604611,2.1251575599256007,0.9713569757352701,0.6582718189721298,-0.4208752072105015,0.6571520933443734,-0.6841423458248278,2.7394509421589053,-0.6826680894736445,-0.6525136639846563,2.036297568146955,-0.6505684099646967,0.030303030303030276,0.030303030303030276,0.030303030303030276,0.030303030303030276,0.9633905379704456,0.0,0.4418027739230722,0.3338839938111034,-0.6829968743182837,-0.651087827846492,-0.8660254037844385,-0.5000000000000004,-0.25881904510252157,0.9659258262890681,-0.9749279121818236,-0.2225209339563146
0.2804587711768644,0.8062838036019201,1.835489252268529,0.681291583813473,0.4964570723019269,-0.15123223970226915,0.6571520933443734,-0.633924677139367,2.9792292209815763,-0.6826680894736445,-0.3180892741195168,2.1319213188500146,-0.6505684099646967,0.030303030303030276,0.030303030303030276,0.030303030303030276,0.030303030303030276,0.9633905379704456,0.0,0.38603420437982294,0.4956935765226884,-0.6829968743182837,-0.651087827846492,-0.8660254037844385,-0.5000000000000004,-2.4492935982947064e-16,1.0,-0.9749279121818236,-0.2225209339563146
0.11676674578996367,1.1221069425014227,1.835489252268529,0.9713569757352701,0.3346423256317241,-0.3130180202072086,0.4953877901119818,0.04208240131875848,2.96375965460592,-0.6826680894736445,0.7977961900223258,2.022637032332232,-0.6505684099646967,0.030303030303030276,0.030303030303030276,0.030303030303030276,0.030303030303030276,0.9633905379704456,0.0,0.3723247528639082,0.2260109386700467,-0.6829968743182837,-0.651087827846492,-0.8660254037844385,-0.5000000000000004,0.25881904510252074,0.9659258262890683,-0.7818314824680299,0.6234898018587334
0.1162061348221669,1.5432044610340911,1.7038218396971327,0.8131394892324716,-0.04292541659874924,-0.04337505269897623,0.6571520933443734,0.8417022026949412,2.5383465792753745,-0.6826680894736445,1.4939449199456774,1.4181583225307495,-0.6505684099646967,0.030303030303030276,0.030303030303030276,0.030303030303030276,0.030303030303030276,0.9633905379704456,0.0,0.342425896818937,0.2260109386700467,-0.6829968743182837,-0.651087827846492,-0.8660254037844385,-0.5000000000000004,0.49999999999999994,0.8660254037844387,-0.7818314824680299,0.6234898018587334
0.11543387119583494,1.990620574475052,1.7038218396971327,0.8131394892324716,-0.5283696566093578,-0.04337505269897623,0.6571520933443734,1.6413220040711238,2.2869661256709612,-0.6826680894736445,1.7771819031988056,1.8996922099997273,-0.6505684099646967,0.030303030303030276,0.030303030303030276,0.030303030303030276,0.030303030303030276,0.8055236426447192,0.0,0.3386596135159846,0.6575031592342735,-0.6829968743182837,-0.651087827846492,-0.8660254037844385,-0.5000000000000004,0.7071067811865476,0.7071067811865476,-0.7818314824680299,0.6234898018587334
0.11416964599477136,1.8327090050253017,1.5458209446114568,0.8131394892324716,-0.04292541659874924,0.06448213430431671,0.4953877901119818,2.101006817422649,1.6797856454264555,-0.6826680894736445,1.3642701565285824,1.6947841727788857,-0.6505684099646967,0.030303030303030276,0.5757575757575757,0.030303030303030276,0.030303030303030276,0.6739678965399476,0.0,0.3178373404258207,0.6575031592342735,-0.6829968743182837,-0.651087827846492,-0.8660254037844385,-0.5000000000000004,0.8660254037844386,0.5000000000000001,-0.7818314824680299,0.6234898018587334
0.11444422297324373,2.122213549016511,1.5458209446114568,0.7076611648972732,-0.42049315882922256,-0.20516083320391562,0.6032306589335762,2.7345220223776923,0.9256442846132159,-0.6826680894736445,2.033118936258861,0.9434547029691331,-0.6505684099646967,0.030303030303030276,0.5757575757575757,0.030303030303030276,0.030303030303030276,0.6739678965399476,0.0,0.3096712379692085,0.6575031592342735,-0.6829968743182837,-0.651087827846492,-0.8660254037844385,-0.5000000000000004,0.9659258262890683,0.25881904510252074,-0.7818314824680299,0.6234898018587334
0.11105769462922964,1.8327090050253017,1.2561526369543852,0.8131394892324716,-0.15080191437888446,-0.20516083320391562,0.4953877901119818,2.9740216730314284,-0.12241883733749168,-0.6594297653419439,2.128668761934615,-0.4260140124568249,-0.6505684099646967,0.030303030303030276,0.5757575757575757,0.030303030303030276,0.030303030303030276,0.8055236426447192,0.0,0.3045680705819068,0.4956935765226884,-0.632664182403056,-0.31607847363482955,-0.8660254037844385,-0.5000000000000004,1.0,6.123233995736766e-17,-0.7818314824680299,0.6234898018587334
0.48087065363644554,1.8327090050253017,1.1244852243829888,0.8131394892324716,-0.3126166610490873,0.06448213430431671,0.4953877901119818,2.958570082666671,-0.6599862688915447,-0.496761496420039,2.019468961162325,-0.5831101743261368,-0.6505684099646967,0.030303030303030276,0.5757575757575757,0.030303030303030276,0.030303030303030276,1.121257433296172,0.020744173519096118,0.3062018237575892,0.3338839938111034,0.04489128568654795,0.8017588613367378,-0.8660254037844385,-0.5000000000000004,0.9659258262890683,-0.25881904510252063,-0.7818314824680299,0.6234898018587334
0.20446767887848014,1.7011160304838424,1.1244852243829888,0.9713569757352701,-0.04292541659874924,0.17233932130760965,0.4953877901119818,2.5336513476358493,-0.6831906184550289,-0.28374352521278257,1.4154575631405937,-0.6514128533997506,-0.6505684099646967,0.030303030303030276,0.5757575757575757,0.030303030303030276,0.030303030303030276,1.5422358208314406,0.09898109227597729,0.3673733492995226,-0.043671699182595024,0.8463426107982509,1.4991252721446882,-0.8660254037844385,-0.5000000000000004,0.8660254037844387,-0.4999999999999998,-0.7818314824680299,0.6234898018587334
0.5605800436395294,1.7011160304838424,1.1244852243829888,1.1295744622380688,-0.04292541659874924,0.33412510181254906,0.3336234868795902,2.2825630042085456,-0.6831906184550289,0.4211523067821386,1.8966191852934982,-0.6514128533997506,-0.45241909531792657,0.030303030303030276,0.030303030303030276,0.030303030303030276,0.030303030303030276,1.989525357587664,0.26785596444485316,0.4479881612949801,-0.5291004473173502,1.6477939359099538,1.7828576843851778,-0.8660254037844385,-0.5000000000000004,0.7071067811865476,-0.7071067811865475,-0.7818314824680299,0.6234898018587334
0.706870283648987,1.5432044610340911,1.1244852243829888,1.419639854159865,0.064951081181386,0.33412510181254906,0.0640163148256042,1.6760880823918276,-0.6831906184550289,1.2770972456331142,1.6918695588454538,-0.6514128533997506,0.015623251347720022,0.5757575757575757,0.030303030303030276,0.030303030303030276,0.030303030303030276,1.8316584622619385,0.45037365058868306,0.5494850709317882,-0.043671699182595024,2.1085316542108847,1.3692236858177171,-0.8660254037844385,-0.5000000000000004,0.49999999999999994,-0.8660254037844387,-0.7818314824680299,0.6234898018587334
0.4028087666917724,1.5432044610340911,0.9664843292973129,1.8415531515006607,-0.20474016326895209,0.6576966628224279,-0.3134337260499762,0.9228230521099162,-0.6831906184550289,2.675269747557106,0.9411209285359571,-0.6514128533997506,1.7306397332904542,0.5757575757575757,0.030303030303030276,0.030303030303030276,0.030303030303030276,2.1210811036924357,0.6101958173783912,0.579861703871852,-0.42122739217629346,2.743497921449142,2.039242394241042,-0.8660254037844385,-0.5000000000000004,0.258819045102521,-0.9659258262890682,-0.7818314824680299,0.6234898018587334
0.24427091000323495,1.2536999170428818,0.6768160216402405,1.7097052460816622,-0.20474016326895209,0.6576966628224279,-0.04382655399599019,-0.12402219510238092,-0.6831906184550289,2.938637421049714,-0.42728907489180723,-0.6514128533997506,2.051778277717978,0.5757575757575757,0.030303030303030276,0.030303030303030276,0.030303030303030276,1.8316584622619385,0.7291893644078982,0.6099961190871203,-0.15154475432365172,2.9835461444294586,2.1349593525872312,-0.8660254037844385,-0.5000000000000004,1.2246467991473532e-16,-1.0,-0.7818314824680299,0.6234898018587334
0.08573305331469751,1.1221069425014227,0.9664843292973129,1.7097052460816622,0.064951081181386,0.4959108823174885,-0.2055908572283818,-0.660964960277692,-0.6831906184550289,2.9463835290936142,-0.5842637885019747,-0.6514128533997506,2.0654437476936174,0.5757575757575757,0.030303030303030276,0.030303030303030276,0.030303030303030276,1.8316584622619385,0.7982183044803266,0.6256461294821482,-0.31335433703523674,2.9680591623016963,2.025568543048729,-0.8660254037844385,-0.5000000000000004,-0.2588190451025208,-0.9659258262890683,-0.7818314824680299,0.6234898018587334
0.6817573258836723,1.1221069425014227,0.8084834342116368,1.5514877595788634,0.17282757896152123,0.6576966628224279,-0.04382655399599019,-0.6841423458248278,-0.6831906184550289,2.744984719952208,-0.6525136639846563,-0.6514128533997506,2.1269383625839944,0.5757575757575757,0.030303030303030276,0.030303030303030276,0.030303030303030276,1.700102716157167,0.8109075924662871,0.650725523781104,-0.043671699182595024,2.542167153788231,1.4205006277888899,-0.8660254037844385,-0.5000000000000004,-0.4999999999999997,-0.8660254037844388,-0.7818314824680299,0.6234898018587334
0.8631828682534233,1.1221069425014227,0.8084834342116368,1.419639854159865,0.3346423256317241,0.6576966628224279,0.0640163148256042,-0.6841423458248278,-0.6831906184550289,2.2918373993840446,-0.6525136639846563,-0.6514128533997506,1.9663690903702322,0.030303030303030276,0.030303030303030276,0.030303030303030276,0.030303030303030276,1.700102716157167,0.7713762164712052,0.6738760372811441,-0.043671699182595024,2.2905036942120924,1.9025038823179143,-0.8660254037844385,-0.5000000000000004,-0.7071067811865471,-0.7071067811865479,-0.7818314824680299,0.6234898018587334
0.9309135381026462,1.1221069425014227,0.8084834342116368,1.2614223676570673,0.3346423256317241,0.4959108823174885,0.2257806180579958,-0.6841423458248278,-0.6831906184550289,1.6566565397842257,-0.6525136639846563,-0.6514128533997506,1.2079355067222501,0.030303030303030276,0.030303030303030276,0.5757575757575757,0.5757575757575757,1.5422358208314406,0.660897648567227,0.7049476184322514,0.06420135595846167,1.6826396456974193,1.697396114433223,-0.8660254037844385,-0.5000000000000004,-0.8660254037844385,-0.5000000000000004,-0.7818314824680299,0.6234898018587334
0.7054096577777713,0.9641953730516715,0.70314950415452,0.9713569757352701,0.6582718189721298,0.6037680693207814,0.4953877901119818,-0.6841423458248278,-0.6831906184550289,0.10743493100417918,-0.6525136639846563,-0.6514128533997506,-0.4934155052448445,0.030303030303030276,0.030303030303030276,0.5757575757575757,0.5757575757575757,1.5422358208314406,0.4807969658574882,0.7119496006839257,-0.20548128189418005,0.9276492669690034,0.9453342988560218,-0.8660254037844385,-0.5000000000000004,-0.9659258262890683,-0.25881904510252063,-0.7818314824680299,0.6234898018587334
0.47990577745289653,0.6746908290604611,0.8084834342116368,0.8131394892324716,0.6582718189721298,0.4959108823174885,0.6571520933443734,-0.6841423458248278,-0.6599862688915447,-0.27987047119083247,-0.6525136639846563,-0.6514128533997506,-0.6505684099646967,0.030303030303030276,0.030303030303030276,0.5757575757575757,0.5757575757575757,1.2528131794009436,0.25,0.7310117617218856,-0.20548128189418005,-0.12159377218689758,-0.42546928317333155,-0.8660254037844385,-0.5000000000000004,-1.0,-1.8369701987210297e-16,-0.7818314824680299,0.6234898018587334
0.25440189712802164,0.9641953730516715,0.8084834342116368,0.681291583813473,0.4964570723019269,0.4959108823174885,0.6571520933443734,-0.6841423458248278,-0.49755582194715453,-0.667175873385844,-0.6525136639846563,-0.6514128533997506,-0.6505684099646967,0.030303030303030276,0.030303030303030276,0.5757575757575757,0.5757575757575757,1.121257433296172,0.00380291380989117,0.737950334046874,0.06420135595846167,-0.6597664011266401,-0.5827185718849281,-0.8660254037844385,-0.5000000000000004,-0.9659258262890684,0.2588190451025203,-0.7818314824680299,0.6234898018587334
0.3104970903564114,0.8062838036019201,0.9664843292973129,0.5230740973106753,0.6582718189721298,0.4959108823174885,0.818916396576765,-0.6841423458248278,-0.2848492842818818,-0.6826680894736445,-0.6525136639846563,-0.6514128533997506,-0.6505684099646967,0.030303030303030276,0.030303030303030276,0.5757575757575757,0.5757575757575757,1.121257433296172,0.0,0.6964961200859034,0.17207441109951835,-0.6829968743182837,-0.651087827846492,-0.8660254037844385,-0.5000000000000004,-0.8660254037844386,0.5000000000000001,-0.7818314824680299,0.6234898018587334
0.31380352945799844,0.8062838036019201,1.1244852243829888,0.5230740973106753,0.6582718189721298,0.33412510181254906,0.818916396576765,-0.6841423458248278,0.41901598581047533,-0.6826680894736445,-0.6525136639846563,-0.4533350840862705,-0.6505684099646967,0.030303030303030276,0.030303030303030276,0.030303030303030276,0.030303030303030276,1.121257433296172,0.0,0.6580787191727493,0.3338839938111034,-0.6829968743182837,-0.651087827846492,-0.8660254037844385,-0.5000000000000004,-0.7071067811865477,0.7071067811865474,-0.7818314824680299,0.6234898018587334
0.37910776481148956,0.8062838036019201,1.4141535320400604,0.5230740973106753,0.4964570723019269,0.06448213430431671,0.9806806998091566,-0.6841423458248278,1.2737095280654802,-0.6826680894736445,-0.6525136639846563,0.014538267567984518,-0.6505684099646967,0.030303030303030276,0.030303030303030276,0.030303030303030276,0.030303030303030276,1.121257433296172,0.0,0.5931821933657542,0.3338839938111034,-0.6829968743182837,-0.651087827846492,-0.8660254037844385,-0.5000000000000004,-0.5000000000000004,0.8660254037844384,-0.7818314824680299,0.6234898018587334
0.44441200016498067,0.7010094239687532,1.835489252268529,0.9713569757352701,0.6043335700820621,-0.3130180202072086,0.3336234868795902,-0.6841423458248278,2.6698378934684524,-0.6826680894736445,-0.6525136639846563,1.7289355123156926,-0.6505684099646967,0.030303030303030276,0.030303030303030276,0.030303030303030276,0.030303030303030276,0.9633905379704456,0.0,0.5041327342887948,0.6575031592342735,-0.6829968743182837,-0.651087827846492,-0.8660254037844385,-0.5000000000000004,-0.25881904510252157,0.9659258262890681,-0.7818314824680299,0.6234898018587334
0.5097162355184718,0.8062838036019201,1.7038218396971327,0.5230740973106753,0.4964570723019269,-0.04337505269897623,0.6571520933443734,-0.660964960277692,2.932820521854608,-0.6826680894736445,-0.6525136639846563,2.0499581039616777,-0.6505684099646967,0.030303030303030276,0.030303030303030276,0.030303030303030276,0.030303030303030276,0.6739678965399476,0.0,0.37386400578536183,0.6575031592342735,-0.6829968743182837,-0.651087827846492,-0.8660254037844385,-0.5000000000000004,-2.4492935982947064e-16,1.0,-0.7818314824680299,0.6234898018587334
0.21771063109800068,0.8062838036019201,1.7038218396971327,0.681291583813473,0.4964570723019269,-0.20516083320391562,0.6571520933443734,-0.49872326144774193,2.940555305042436,-0.6826680894736445,-0.6525136639846563,2.0636186397764007,-0.6505684099646967,0.030303030303030276,0.030303030303030276,0.030303030303030276,0.030303030303030276,0.9633905379704456,0.0,0.3518166098871236,0.4956935765226884,-0.6829968743182837,-0.651087827846492,-0.8660254037844385,-0.5000000000000004,0.25881904510252074,0.9659258262890683,-2.4492935982947064e-16,1.0
0.11649787672312908,0.9641953730516715,1.5458209446114568,0.5230740973106753,0.4964570723019269,-0.04337505269897623,0.6571520933443734,-0.28626389393233104,2.7394509421589053,-0.6826680894736445,-0.6525136639846563,2.125091050942653,-0.6505684099646967,0.030303030303030276,0.030303030303030276,0.030303030303030276,0.030303030303030276,0.8055236426447192,0.0,0.33878663824795596,0.6575031592342735,-0.6829968743182837,-0.651087827846492,-0.8660254037844385,-0.5000000000000004,0.49999999999999994,0.8660254037844387,-2.4492935982947064e-16,1.0
0.11707565261341568,1.1221069425014227,1.4141535320400604,0.5230740973106753,0.3346423256317241,0.06448213430431671,0.818916396576765,0.41678346766411944,2.2869661256709612,-0.6826680894736445,-0.45458902508487986,1.9645797551196604,-0.6505684099646967,0.030303030303030276,0.030303030303030276,0.030303030303030276,0.030303030303030276,0.8055236426447192,0.0,0.31998206082978786,0.6575031592342735,-0.6829968743182837,-0.651087827846492,-0.8660254037844385,-0.5000000000000004,0.7071067811865476,0.7071067811865476,-2.4492935982947064e-16,1.0
0.11370627889499728,1.4116114864926321,1.2561526369543852,0.681291583813473,0.064951081181386,0.22626791480925612,0.6571520933443734,1.2704838353169523,1.6527139042690573,-0.6826680894736445,0.012922621971488494,1.2064200174025466,-0.6505684099646967,0.030303030303030276,0.5757575757575757,0.030303030303030276,0.030303030303030276,0.8055236426447192,0.0,0.31932603955273553,0.4956935765226884,-0.6829968743182837,-0.651087827846492,-0.8660254037844385,-0.5000000000000004,0.8660254037844386,0.5000000000000001,-2.4492935982947064e-16,1.0
0.11383213096716967,1.8327090050253017,0.9664843292973129,0.5230740973106753,-0.3126166610490873,0.4959108823174885,0.6571520933443734,2.664989865736285,0.10575726670343728,-0.6826680894736445,1.7259944965867944,-0.4943166915304388,-0.6505684099646967,0.030303030303030276,0.5757575757575757,0.030303030303030276,0.030303030303030276,0.7002790457609023,0.0,0.3487187942361708,0.6035666316637451,-0.6829968743182837,-0.651087827846492,-0.8660254037844385,-0.5000000000000004,0.9659258262890683,0.25881904510252074,-2.4492935982947064e-16,1.0
0.11072590124245789,1.7011160304838424,0.8084834342116368,0.681291583813473,-0.04292541659874924,0.6576966628224279,0.4953877901119818,2.927666901937157,-0.28098189268796775,-0.6710489274077942,2.0467689113553975,-0.6514128533997506,-0.6505684099646967,0.030303030303030276,0.5757575757575757,0.030303030303030276,0.030303030303030276,0.8055236426447192,0.0,0.3745765223363514,0.4956935765226884,-0.6597664011266401,-0.651087827846492,-0.8660254037844385,-0.5000000000000004,1.0,6.123233995736766e-17,-2.4492935982947064e-16,1.0
0.11139519935993722,1.7011160304838424,0.6768160216402405,0.8131394892324716,-0.20474016326895209,0.6576966628224279,0.3875449212903874,2.935392697119535,-0.6677210520793727,-0.48514233435418863,2.060418886451934,-0.6514128533997506,-0.6505684099646967,0.030303030303030276,0.5757575757575757,0.030303030303030276,0.030303030303030276,0.8055236426447192,0.017323768936249203,0.4455340742050825,0.4956935765226884,-0.4971530887851352,-0.651087827846492,-0.8660254037844385,-0.5000000000000004,0.9659258262890683,-0.25881904510252063,-2.4492935982947064e-16,1.0
0.11477029471918554,1.5432044610340911,0.5188151265545653,1.1295744622380688,-0.04292541659874924,0.8194824433273673,0.1718591836471986,2.7345220223776923,-0.6831906184550289,-0.17529801259817931,2.121843774386347,-0.6514128533997506,-0.6505684099646967,0.030303030303030276,0.5757575757575757,0.030303030303030276,0.030303030303030276,0.9633905379704456,0.0960429774412658,0.5152412007586449,0.4956935765226884,-0.28420708452840254,-0.651087827846492,-0.8660254037844385,-0.5000000000000004,0.8660254037844387,-0.4999999999999998,-2.4492935982947064e-16,1.0
0.6516675359627422,1.4116114864926321,0.5188151265545653,1.1295744622380688,0.064951081181386,0.8194824433273673,0.1718591836471986,2.2825630042085456,-0.6831906184550289,1.1066828686673091,1.9614565670020456,-0.6514128533997506,0.24451987343967857,0.030303030303030276,0.030303030303030276,0.030303030303030276,0.030303030303030276,1.121257433296172,0.26500101168595736,0.5725736086553421,0.3338839938111034,0.4204506022847856,-0.4528169855579571,-0.8660254037844385,-0.5000000000000004,0.7071067811865476,-0.7071067811865475,-2.4492935982947064e-16,1.0
0.5225616109270175,1.2536999170428818,0.5188151265545653,1.2614223676570673,0.22676582785158886,0.9812682238323067,0.0640163148256042,1.6490477992535024,-0.6831906184550289,2.0245966718694866,1.2038829491442808,-0.6514128533997506,1.2694301216126271,0.5757575757575757,0.030303030303030276,0.030303030303030276,0.030303030303030276,1.410680074726669,0.44867732039567404,0.6334330016502459,0.06420135595846167,1.2761063648436568,0.015512417778754636,-0.8660254037844385,-0.5000000000000004,0.49999999999999994,-0.8660254037844387,-2.4492935982947064e-16,1.0
0.3872661541927654,0.9641953730516715,0.9664843292973129,1.419639854159865,0.4964570723019269,0.33412510181254906,-0.09774798840678739,0.10388876277778711,-0.6831906184550289,2.744984719952208,-0.49553895037448875,-0.6514128533997506,2.0381128077423387,0.5757575757575757,0.030303030303030276,0.030303030303030276,0.030303030303030276,1.8316584622619385,0.6091148141690955,0.7083996691825245,-0.31335433703523674,2.6738065018742114,1.7315807424140048,-0.8660254037844385,-0.5000000000000004,0.258819045102521,-0.9659258262890682,-2.4492935982947064e-16,1.0
0.5253875591939171,0.8062838036019201,0.5188151265545653,1.419639854159865,0.6582718189721298,0.6576966628224279,-0.2055908572283818,-0.28240099634114174,-0.6831906184550289,2.961875745181415,-0.6525136639846563,-0.6514128533997506,2.133771097571814,0.5757575757575757,0.030303030303030276,0.030303030303030276,0.030303030303030276,1.700102716157167,0.7262900140156556,0.7082758200688524,-0.043671699182595024,2.9370851980461716,2.0529162454333547,-0.8660254037844385,-0.5000000000000004,1.2246467991473532e-16,-1.0,-2.4492935982947064e-16,1.0
0.6791887999696494,0.6746908290604611,0.6768160216402405,1.5514877595788634,0.6582718189721298,0.6576966628224279,-0.2055908572283818,-0.6686907554600706,-0.6831906184550289,2.973494907247265,-0.6525136639846563,-0.6514128533997506,2.150852935041363,0.5757575757575757,0.030303030303030276,0.030303030303030276,0.030303030303030276,1.700102716157167,0.7918375782633019,0.714480209930906,-0.20548128189418005,2.944828689110053,2.066590096625667,-0.8660254037844385,-0.5000000000000004,-0.2588190451025208,-0.9659258262890683,-2.4492935982947064e-16,1.0
0.7226496972542562,0.5167792596107107,0.5188151265545653,1.419639854159865,0.8200865656423326,0.6576966628224279,0.0640163148256042,-0.6841423458248278,-0.6831906184550289,2.744984719952208,-0.6525136639846563,-0.6514128533997506,2.1269383625839944,0.5757575757575757,0.030303030303030276,0.030303030303030276,0.030303030303030276,1.5422358208314406,0.8148824379407034,0.753338151053611,-0.043671699182595024,2.743497921449142,2.128122426991075,-0.8660254037844385,-0.5000000000000004,-0.4999999999999997,-0.8660254037844388,-2.4492935982947064e-16,1.0
0.7661105945388631,0.5167792596107107,0.5188151265545653,1.419639854159865,0.8200865656423326,0.8194824433273673,-0.09774798840678739,-0.6841423458248278,-0.6831906184550289,2.268599075252344,-0.6525136639846563,-0.6514128533997506,1.9663690903702322,0.030303030303030276,0.030303030303030276,0.030303030303030276,0.030303030303030276,1.410680074726669,0.7786106225641837,0.7692857988347221,0.06420135595846167,2.2905036942120924,1.9674546754814,-0.8660254037844385,-0.5000000000000004,-0.7071067811865471,-0.7071067811865479,-2.4492935982947064e-16,1.0
0.80957149182347,0.5167792596107107,0.6768160216402405,1.2614223676570673,0.9819013123125355,0.6576966628224279,0.0640163148256042,-0.6841423458248278,-0.6831906184550289,1.6605295938061757,-0.6525136639846563,-0.6514128533997506,1.6998924258452657,0.030303030303030276,0.030303030303030276,1.0,0.5757575757575757,1.2528131794009436,0.6723839961818834,0.7795456069239131,0.2260109386700467,1.655537426973835,1.2085559343080423,-0.8660254037844385,-0.5000000000000004,-0.8660254037844385,-0.5000000000000004,-2.4492935982947064e-16,1.0
0.8530323891080768,0.9641953730516715,0.5188151265545653,0.9713569757352701,0.3346423256317241,0.6576966628224279,0.3336234868795902,-0.6841423458248278,-0.6831906184550289,0.9091571135478532,-0.6525136639846563,-0.6514128533997506,1.2420991816613485,0.030303030303030276,0.030303030303030276,1.0,0.5757575757575757,0.9633905379704456,0.4975386654558367,0.7648382429672731,0.4956935765226884,0.10683921419759745,-0.49383853913489534,-0.8660254037844385,-0.5000000000000004,-0.9659258262890683,-0.25881904510252063,-2.4492935982947064e-16,1.0
0.8964932863926837,0.5167792596107107,0.6768160216402405,0.8131394892324716,0.6582718189721298,0.4959108823174885,0.3875449212903874,-0.6841423458248278,-0.6715884436732867,0.1384193631797801,-0.6525136639846563,-0.6514128533997506,0.2376871384518589,0.030303030303030276,0.030303030303030276,1.0,0.5757575757575757,0.8055236426447192,0.2689979428874805,0.7493026572703194,0.6575031592342735,-0.28033533899646196,-0.651087827846492,-0.8660254037844385,-0.5000000000000004,-1.0,-1.8369701987210297e-16,-2.4492935982947064e-16,1.0
0.5949173023829245,0.6746908290604611,0.8084834342116368,0.681291583813473,0.6582718189721298,0.38805369531419553,0.3336234868795902,-0.6841423458248278,-0.4859536471654124,-0.6555567113199937,-0.6525136639846563,-0.6514128533997506,-0.4114226853910086,0.030303030303030276,0.030303030303030276,1.0,0.5757575757575757,0.6739678965399476,0.002716367083091721,0.7358473064379976,0.6575031592342735,-0.6675098921905214,-0.651087827846492,-0.8660254037844385,-0.5000000000000004,-0.9659258262890684,0.2588190451025203,-2.4492935982947064e-16,1.0
0.8141810818181736,0.5167792596107107,1.1244852243829888,0.681291583813473,0.6582718189721298,0.17233932130760965,0.3336234868795902,-0.6841423458248278,-0.17656231965228839,-0.6826680894736445,-0.6525136639846563,-0.6514128533997506,-0.6505684099646967,0.030303030303030276,0.030303030303030276,1.0,0.5757575757575757,0.5161010012142222,0.0,0.7354416468100888,0.8193127419458585,-0.6829968743182837,-0.651087827846492,-0.8660254037844385,-0.5000000000000004,-0.8660254037844386,0.5000000000000001,-2.4492935982947064e-16,1.0
0.7661975895649432,0.5167792596107107,1.1244852243829888,0.8131394892324716,0.8200865656423326,0.17233932130760965,0.2257806180579958,-0.6841423458248278,1.1035442979332621,-0.6826680894736445,-0.6525136639846563,0.24335224246459097,-0.6505684099646967,0.030303030303030276,0.030303030303030276,0.030303030303030276,0.030303030303030276,0.5161010012142222,0.0,0.7421982869383181,0.8193127419458585,-0.6829968743182837,-0.651087827846492,-0.8660254037844385,-0.5000000000000004,-0.7071067811865477,0.7071067811865474,-2.4492935982947064e-16,1.0
0.7095303146287125,0.6746908290604611,1.2561526369543852,0.681291583813473,0.6582718189721298,0.06448213430431671,0.4953877901119818,-0.6841423458248278,2.020116105690892,-0.6826680894736445,-0.6525136639846563,1.267892428568799,-0.6505684099646967,0.030303030303030276,0.030303030303030276,0.030303030303030276,0.030303030303030276,0.5161010012142222,0.0,0.6337392439375269,0.9811223246574435,-0.6829968743182837,-0.651087827846492,-0.8660254037844385,-0.5000000000000004,-0.5000000000000004,0.8660254037844384,-2.4492935982947064e-16,1.0
0.18943994197590877,0.5167792596107107,1.4141535320400604,0.9713569757352701,0.6582718189721298,-0.09730364620062269,0.2257806180579958,-0.6841423458248278,2.7394509421589053,-0.6826680894736445,-0.6525136639846563,2.036297568146955,-0.6505684099646967,0.030303030303030276,0.030303030303030276,0.030303030303030276,0.030303030303030276,0.9633905379704456,0.0,0.5552657206294873,0.3338839938111034,-0.6829968743182837,-0.651087827846492,-0.8660254037844385,-0.5000000000000004,-0.25881904510252157,0.9659258262890681,-2.4492935982947064e-16,1.0
0.5401092346481102,0.6746908290604611,1.4141535320400604,0.681291583813473,0.4964570723019269,-0.20516083320391562,0.1718591836471986,-0.6725536530512599,2.956024871418092,-0.6826680894736445,-0.6525136639846563,2.1319213188500146,-0.6505684099646967,0.030303030303030276,0.030303030303030276,0.030303030303030276,0.030303030303030276,0.5161010012142222,0.0,0.48159403950786717,0.6575031592342735,-0.6829968743182837,-0.651087827846492,-0.8660254037844385,-0.5000000000000004,-2.4492935982947064e-16,1.0,-2.4492935982947064e-16,1.0
0.08422856038635297,0.8062838036019201,1.5458209446114568,0.5230740973106753,0.3885805745217917,-0.20516083320391562,0.4953877901119818,-0.48713456867417404,2.9676270461998344,-0.6826680894736445,-0.6525136639846563,2.1489969886184177,-0.6505684099646967,0.030303030303030276,0.030303030303030276,0.030303030303030276,0.030303030303030276,0.6739678965399476,0.0,0.4249558627471136,0.6575031592342735,-0.6829968743182837,-0.651087827846492,-0.8660254037844385,-0.5000000000000004,0.25881904510252074,0.9659258262890683,0.7818314824680298,0.6234898018587336
0.08339908721631768,1.1221069425014227,1.4141535320400604,0.5230740973106753,0.17282757896152123,0.06448213430431671,0.6571520933443734,-0.17810276137903097,2.7394509421589053,-0.6826680894736445,-0.6525136639846563,2.125091050942653,-0.6505684099646967,0.030303030303030276,0.030303030303030276,0.030303030303030276,0.030303030303030276,0.5161010012142222,0.0,0.4185392186555076,0.6575031592342735,-0.6829968743182837,-0.651087827846492,-0.8660254037844385,-0.5000000000000004,0.49999999999999994,0.8660254037844387,0.7818314824680298,0.6234898018587336
0.08273551073966828,1.1221069425014227,1.4141535320400604,0.39122619189167684,0.17282757896152123,-0.09730364620062269,0.6571520933443734,1.1005163413046235,2.263761776107477,-0.6826680894736445,0.24155970483847156,1.9645797551196604,-0.6505684099646967,0.030303030303030276,0.030303030303030276,0.030303030303030276,0.030303030303030276,0.5161010012142222,0.0,0.3928469812444396,0.8193127419458585,-0.6829968743182837,-0.651087827846492,-0.8660254037844385,-0.5000000000000004,0.7071067811865476,0.7071067811865476,0.7818314824680298,0.6234898018587336
0.460660115805275,1.2536999170428818,1.2561526369543852,0.39122619189167684,0.064951081181386,0.06448213430431671,0.6571520933443734,2.0160230704164848,1.6565812958629713,-0.6826680894736445,1.2653078370786943,1.6981993067325662,-0.6505684099646967,0.030303030303030276,1.0,0.030303030303030276,0.030303030303030276,0.6739678965399476,0.0,0.4075583403337789,0.6575031592342735,-0.6829968743182837,-0.651087827846492,-0.8660254037844385,-0.5000000000000004,0.8660254037844386,0.5000000000000001,0.7818314824680298,0.6234898018587336
0.082603940458964,1.4116114864926321,0.9664843292973129,0.23300870538887822,-0.09686366548881685,0.33412510181254906,0.818916396576765,2.7345220223776923,0.9063073266436457,-0.6826680894736445,2.033118936258861,1.2405713569393535,-0.6505684099646967,0.030303030303030276,1.0,0.030303030303030276,0.030303030303030276,0.5161010012142222,0.0,0.4187352874756636,0.6575031592342735,-0.6829968743182837,-0.651087827846492,-0.8660254037844385,-0.5000000000000004,0.9659258262890683,0.25881904510252074,0.7818314824680298,0.6234898018587336
0.09304241000351678,1.4116114864926321,0.8084834342116368,0.39122619189167684,-0.20474016326895209,0.38805369531419553,0.6571520933443734,2.9508442874842924,0.13669639945474968,-0.6361914412102432,2.128668761934615,0.2365219745572296,-0.34651170300672185,0.030303030303030276,1.0,0.030303030303030276,0.030303030303030276,0.6739678965399476,0.0005765350538274405,0.47452818635265737,0.4956935765226884,-0.671381637722462,-0.651087827846492,-0.8660254037844385,-0.5000000000000004,1.0,6.123233995736766e-17,0.7818314824680298,0.6234898018587336
0.5677192235593089,1.5432044610340911,0.6768160216402405,0.8131394892324716,-0.20474016326895209,0.33412510181254906,0.3875449212903874,2.9624329802578604,-0.6561188772976306,0.022227742521276617,2.1457312308052856,-0.41235347664210215,0.8628823898373577,0.030303030303030276,1.0,0.030303030303030276,0.030303030303030276,0.8055236426447192,0.010122624480479837,0.5452723059398864,0.38782052138163176,-0.4855378521893134,-0.651087827846492,-0.8660254037844385,-0.5000000000000004,0.9659258262890683,-0.25881904510252063,0.7818314824680298,0.6234898018587336
0.09764312750779129,1.4116114864926321,0.6768160216402405,0.9713569757352701,0.064951081181386,0.33412510181254906,0.4953877901119818,2.7345220223776923,-0.6831906184550289,0.8394421411527512,2.121843774386347,-0.6514128533997506,1.494910376210676,0.030303030303030276,1.0,0.030303030303030276,0.030303030303030276,1.121257433296172,0.09355943742810165,0.6243735772781847,0.17207441109951835,-0.1757982096340659,-0.651087827846492,-0.8660254037844385,-0.5000000000000004,0.8660254037844387,-0.4999999999999998,0.7818314824680298,0.6234898018587336
0.0836164683802789,1.4116114864926321,0.8084834342116368,1.2614223676570673,-0.09686366548881685,0.22626791480925612,0.0640163148256042,2.25938561866141,-0.6831906184550289,1.6256721076086247,1.9614565670020456,-0.6514128533997506,1.8604616980590276,0.030303030303030276,0.030303030303030276,0.030303030303030276,0.030303030303030276,1.121257433296172,0.26567732720765735,0.6827906124830379,0.17207441109951835,1.1057495614382706,0.2445494252499932,-0.8660254037844385,-0.5000000000000004,0.7071067811865476,-0.7071067811865475,0.7818314824680298,0.6234898018587336
0.08475484494146814,1.2536999170428818,0.6768160216402405,1.5514877595788634,0.064951081181386,0.4959108823174885,-0.3134337260499762,1.6529106968446918,-0.6831906184550289,2.2569799131864934,1.6952820526195878,-0.6514128533997506,2.0551946452118877,1.0,0.030303030303030276,0.030303030303030276,0.030303030303030276,1.2528131794009436,0.4521198865421606,0.7084263546201686,0.06420135595846167,2.0233532525081914,1.2700882646734497,-0.8660254037844385,-0.5000000000000004,0.49999999999999994,-0.8660254037844387,0.7818314824680298,0.6234898018587336
0.0873233502617029,0.9641953730516715,0.9664843292973129,1.7097052460816622,0.3346423256317241,0.22626791480925612,-0.6908837669255565,0.9035085641539699,-0.6831906184550289,2.7217463958205075,1.2380078868856217,-0.6514128533997506,2.1166892601022647,1.0,0.030303030303030276,0.030303030303030276,0.030303030303030276,1.410680074726669,0.616681836634165,0.7173671030632063,-0.09760822675312336,2.743497921449142,2.039242394241042,-0.8660254037844385,-0.5000000000000004,0.258819045102521,-0.9659258262890682,0.7818314824680298,0.6234898018587336
0.09014927450251631,0.8062838036019201,0.6768160216402405,1.5514877595788634,0.3885805745217917,0.17233932130760965,-0.4212765948715706,0.13479194350730142,-0.6831906184550289,2.961875745181415,0.2347347172902034,-0.6514128533997506,2.072276482681437,1.0,0.030303030303030276,0.030303030303030276,0.030303030303030276,1.410680074726669,0.730237079370675,0.7228368494854756,-0.20548128189418005,2.960315671237815,2.1349593525872312,-0.8660254037844385,-0.5000000000000004,1.2246467991473532e-16,-1.0,0.7818314824680298,0.6234898018587336
0.5888507499231114,0.6746908290604611,0.5188151265545653,1.5514877595788634,0.3346423256317241,0.4959108823174885,-0.798726635747151,-0.6571020626865027,-0.6831906184550289,2.6868889096229562,-0.4136390997952709,-0.6514128533997506,1.2830955915882665,1.0,0.030303030303030276,0.030303030303030276,0.030303030303030276,1.5422358208314406,0.7985842357082461,0.7362598807186544,-0.20548128189418005,2.971930907833637,2.152051666577622,-0.8660254037844385,-0.5000000000000004,-0.2588190451025208,-0.9659258262890683,0.7818314824680298,0.6234898018587336
0.7701104093286685,0.6746908290604611,0.5188151265545653,1.5514877595788634,0.3346423256317241,0.6576966628224279,-0.5830408981039622,-0.6841423458248278,-0.6831906184550289,2.7217463958205075,-0.6525136639846563,-0.6514128533997506,1.9390381504189536,1.0,0.030303030303030276,0.030303030303030276,0.030303030303030276,1.410680074726669,0.8185189992600483,0.7278802947608904,0.06420135595846167,2.743497921449142,2.128122426991075,-0.8660254037844385,-0.5000000000000004,-0.4999999999999997,-0.8660254037844388,0.7818314824680298,0.6234898018587336
0.7823236584074903,0.8062838036019201,0.38714771398316894,1.5514877595788634,0.22676582785158886,0.6576966628224279,-0.6908837669255565,-0.6841423458248278,-0.6831906184550289,2.14078829252799,-0.6525136639846563,-0.6514128533997506,1.631565075967069,0.030303030303030276,0.030303030303030276,0.030303030303030276,0.030303030303030276,1.410680074726669,0.779613926588959,0.7087388969243982,-0.09760822675312336,2.267273221020449,1.9674546754814,-0.8660254037844385,-0.5000000000000004,-0.7071067811865471,-0.7071067811865479,0.7818314824680298,0.6234898018587336
0.8707453706517635,0.6746908290604611,0.38714771398316894,1.5514877595788634,0.4964570723019269,0.6576966628224279,-0.6908837669255565,-0.6841423458248278,-0.6831906184550289,1.5791954593452233,-0.6525136639846563,-0.6514128533997506,1.5290740511497742,0.030303030303030276,0.030303030303030276,1.0,1.0,1.2528131794009436,0.6751668909299294,0.7281260466415351,0.06420135595846167,1.6594091725057756,1.7008145772313013,-0.8660254037844385,-0.5000000000000004,-0.8660254037844385,-0.5000000000000004,0.7818314824680298,0.6234898018587336
0.9591670828960365,0.9641953730516715,0.22914681889749292,1.2614223676570673,0.22676582785158886,0.8194824433273673,-0.3134337260499762,-0.6841423458248278,-0.6831906184550289,0.6806469262527964,-0.6525136639846563,-0.6514128533997506,0.8184696124165298,0.030303030303030276,0.030303030303030276,1.0,1.0,0.9633905379704456,0.49882477322481844,0.7402787281157002,0.3338839938111034,0.9082905393093004,1.2427405622888241,-0.8660254037844385,-0.5000000000000004,-0.9659258262890683,-0.25881904510252063,0.7818314824680298,0.6234898018587336
0.7125050186925945,0.6746908290604611,0.38714771398316894,1.1295744622380688,0.17282757896152123,0.6576966628224279,-0.2055908572283818,-0.6841423458248278,-0.6367819193280604,0.037719958609077085,-0.6525136639846563,-0.347465931522169,0.1898579935371213,0.030303030303030276,0.030303030303030276,1.0,1.0,0.8055236426447192,0.27010002067011185,0.7328034762981324,0.38782052138163176,0.13781317845312221,0.23771249965383684,-0.8660254037844385,-0.5000000000000004,-1.0,-1.8369701987210297e-16,0.7818314824680298,0.6234898018587336
0.7629326160559575,0.5167792596107107,0.8084834342116368,0.8131394892324716,0.4964570723019269,0.38805369531419553,-0.09774798840678739,-0.6841423458248278,0.020674651637328182,-0.663302819363894,-0.6525136639846563,0.8614914880807965,-0.43875362534228723,0.030303030303030276,0.030303030303030276,1.0,1.0,0.6739678965399476,0.0005931658591273339,0.7327261346266498,0.3338839938111034,-0.6558946555946995,-0.4117954319810188,-0.8660254037844385,-0.5000000000000004,-0.9659258262890684,0.2588190451025203,0.7818314824680298,0.6234898018587336
0.8133602134193204,0.5167792596107107,0.9664843292973129,0.8131394892324716,0.6582718189721298,0.4959108823174885,-0.2055908572283818,-0.6841423458248278,0.8366942779531927,-0.6826680894736445,-0.6525136639846563,1.4932912695117246,-0.6505684099646967,0.030303030303030276,0.030303030303030276,1.0,1.0,0.6739678965399476,0.0,0.7404593798212096,0.3338839938111034,-0.6829968743182837,-0.651087827846492,-0.8660254037844385,-0.5000000000000004,-0.8660254037844386,0.5000000000000001,0.7818314824680298,0.6234898018587336
0.8637878107826834,0.3851862850692516,1.2561526369543852,0.9713569757352701,0.6582718189721298,0.06448213430431671,-0.2055908572283818,-0.6841423458248278,1.6217747715177449,-0.6826680894736445,-0.6525136639846563,1.8587106025555589,-0.6505684099646967,0.030303030303030276,0.030303030303030276,0.030303030303030276,0.030303030303030276,0.8055236426447192,0.0,0.7020816741367963,0.2260109386700467,-0.6829968743182837,-0.651087827846492,-0.8660254037844385,-0.5000000000000004,-0.7071067811865477,0.7071067811865474,0.7818314824680298,0.6234898018587336
0.9142154081460463,0.3851862850692516,1.5458209446114568,0.8131394892324716,0.6582718189721298,-0.3130180202072086,-0.09774798840678739,-0.6841423458248278,2.252159601325735,-0.6826680894736445,-0.6525136639846563,2.053373237915358,-0.6505684099646967,0.030303030303030276,0.030303030303030276,0.030303030303030276,0.030303030303030276,0.6739678965399476,0.0,0.6611153273419659,0.4956935765226884,-0.6829968743182837,-0.651087827846492,-0.8660254037844385,-0.5000000000000004,-0.5000000000000004,0.8660254037844384,0.7818314824680298,0.6234898018587336
0.39121899455161796,0.22727471561950033,1.7038218396971327,0.681291583813473,0.8200865656423326,-0.6905181747187339,0.6571520933443734,-0.6841423458248278,2.716246592595421,-0.6826680894736445,-0.6525136639846563,2.114845649081611,-0.6505684099646967,0.030303030303030276,0.030303030303030276,0.030303030303030276,0.030303030303030276,0.9633905379704456,0.0,0.6217337165177788,0.2260109386700467,-0.6829968743182837,-0.651087827846492,-0.8660254037844385,-0.5000000000000004,-0.25881904510252157,0.9659258262890681,0.7818314824680298,0.6234898018587336
0.2682025840495828,0.3851862850692516,1.5458209446114568,0.681291583813473,0.6582718189721298,-0.4208752072105015,0.0640163148256042,-0.6377875747305563,2.956024871418092,-0.6826680894736445,-0.3488017180867235,2.0704489076837618,-0.6505684099646967,0.030303030303030276,0.030303030303030276,0.030303030303030276,0.030303030303030276,0.6739678965399476,0.0,0.523873965446302,0.17207441109951835,-0.6829968743182837,-0.651087827846492,-0.8660254037844385,-0.5000000000000004,-2.4492935982947064e-16,1.0,0.7818314824680298,0.6234898018587336
0.25991644682351817,0.8062838036019201,1.5458209446114568,0.681291583813473,0.3885805745217917,-0.7983753617220268,0.3336234868795902,0.018905015771622756,2.6814400682501947,-0.6826680894736445,0.8592210779567392,1.2815529643835217,-0.6505684099646967,0.030303030303030276,0.030303030303030276,0.030303030303030276,0.030303030303030276,0.5161010012142222,0.0,0.45412074120775003,0.4956935765226884,-0.6829968743182837,-0.651087827846492,-0.8660254037844385,-0.5000000000000004,0.25881904510252074,0.9659258262890683,0.9749279121818236,-0.22252093395631434
0.08357070211823547,0.9641953730516715,1.5458209446114568,0.8131394892324716,0.4964570723019269,-0.582660987715441,0.0640163148256042,0.8339764075125626,2.716246592595421,-0.6826680894736445,1.4905324261715434,1.9372586834902148,-0.6505684099646967,0.030303030303030276,0.030303030303030276,0.030303030303030276,0.030303030303030276,0.5161010012142222,0.0,0.4485097309908127,0.6575031592342735,-0.6829968743182837,-0.651087827846492,-0.8660254037844385,-0.5000000000000004,0.49999999999999994,0.8660254037844387,0.9749279121818236,-0.22252093395631434
0.0828899641513943,1.2536999170428818,1.5458209446114568,0.681291583813473,0.064951081181386,-0.6905181747187339,0.3336234868795902,1.6181446185239883,2.1361378535083135,-0.6826680894736445,1.8556692600038893,1.6298966276589524,-0.6505684099646967,0.030303030303030276,0.030303030303030276,0.030303030303030276,0.030303030303030276,0.3845452551094506,0.0,0.4510494061158412,0.6575031592342735,-0.6829968743182837,-0.651087827846492,-0.8660254037844385,-0.5000000000000004,0.7071067811865476,0.7071067811865476,0.9749279121818236,-0.22252093395631434
0.08332471961472064,1.5432044610340911,1.5458209446114568,0.39122619189167684,-0.3126166610490873,-0.6905181747187339,0.3336234868795902,2.247796925887842,1.5753660723907763,-0.6826680894736445,2.0501814051295315,1.5274426090485316,-0.6505684099646967,0.030303030303030276,1.0,0.030303030303030276,0.030303030303030276,0.3845452551094506,0.0,0.4494384969040538,0.6575031592342735,-0.6829968743182837,-0.651087827846492,-0.8660254037844385,-0.5000000000000004,0.8660254037844386,0.5000000000000001,0.9749279121818236,-0.22252093395631434
0.08268402626909296,1.7011160304838424,1.2561526369543852,0.5230740973106753,-0.6901844032795607,-0.3130180202072086,0.6571520933443734,2.7113446368305567,0.6781312226027167,-0.6826680894736445,2.1116062930639448,0.8170947466829475,-0.6505684099646967,0.030303030303030276,1.0,0.030303030303030276,0.030303030303030276,0.22667835978372425,0.0,0.4604840656437179,0.8193127419458585,-0.6829968743182837,-0.651087827846492,-0.8660254037844385,-0.5000000000000004,0.9659258262890683,0.25881904510252074,0.9749279121818236,-0.22252093395631434
0.22748694856958995,1.5432044610340911,1.1244852243829888,0.681291583813473,-0.42049315882922256,-0.20516083320391562,0.6571520933443734,2.9508442874842924,0.03614421801298438,-0.6478106032760935,2.067243874000202,0.18871009920569987,-0.3977572154153693,0.030303030303030276,1.0,0.030303030303030276,0.030303030303030276,0.3845452551094506,0.0,0.5071515180198154,0.6575031592342735,-0.6365359279349966,-0.34684463881753325,-0.8660254037844385,-0.5000000000000004,1.0,6.123233995736766e-17,0.9749279121818236,-0.22252093395631434
0.14776611528484626,1.5432044610340911,0.8084834342116368,1.1295744622380688,-0.7980609010596958,-0.09730364620062269,0.1718591836471986,2.676578558509853,-0.6638536604854587,-0.16367885053232897,1.2789578121752305,-0.43967454827154767,-0.052704098530476556,0.030303030303030276,1.0,0.030303030303030276,0.030303030303030276,0.8055236426447192,0.007988336447686949,0.5960726718735537,0.38782052138163176,0.02166081249490439,0.8632911917021452,-0.8660254037844385,-0.5000000000000004,0.9659258262890683,-0.25881904510252063,0.9749279121818236,-0.22252093395631434
0.4448086308057963,1.5432044610340911,0.8084834342116368,0.9713569757352701,-0.5823079054994255,-0.20516083320391562,0.3336234868795902,2.7113446368305567,-0.6831906184550289,0.8394421411527512,1.934156616808973,-0.6514128533997506,1.1874373017587914,0.030303030303030276,1.0,0.030303030303030276,0.030303030303030276,0.9633905379704456,0.09689669723118424,0.63887964801037,0.4956935765226884,0.8385991197343697,1.49570680934661,-0.8660254037844385,-0.5000000000000004,0.8660254037844387,-0.4999999999999998,0.9749279121818236,-0.22252093395631434
0.3670098981517239,1.5432044610340911,0.9664843292973129,1.1295744622380688,-0.6901844032795607,-0.20516083320391562,-0.09774798840678739,2.1319099981521634,-0.6831906184550289,1.3429391640062662,1.6270321771369063,-0.6514128533997506,0.9448752096911934,0.030303030303030276,0.030303030303030276,0.030303030303030276,0.030303030303030276,1.2528131794009436,0.27911502864013227,0.7029032373226114,0.06420135595846167,1.6245634627183103,1.861482328740976,-0.8660254037844385,-0.5000000000000004,0.7071067811865476,-0.7071067811865475,0.9749279121818236,-0.22252093395631434
0.48470336356395566,1.5432044610340911,0.8084834342116368,1.2614223676570673,-0.6901844032795607,-0.09730364620062269,-0.04382655399599019,1.5717898474297167,-0.6831906184550289,2.2569799131864934,1.524657363912884,-0.6514128533997506,1.771636143217372,1.0,0.030303030303030276,0.030303030303030276,0.030303030303030276,1.5422358208314406,0.4756968392823235,0.7295080552375242,-0.31335433703523674,2.255657984424627,2.0563347082314327,-0.8660254037844385,-0.5000000000000004,0.49999999999999994,-0.8660254037844387,0.9749279121818236,-0.22252093395631434
0.630209941285296,1.2536999170428818,0.6768160216402405,1.419639854159865,-0.3126166610490873,0.6576966628224279,-0.3134337260499762,0.6755976062738018,-0.6831906184550289,2.4312673441742487,0.8148586588929962,-0.6514128533997506,1.4060848213690202,1.0,0.030303030303030276,0.030303030303030276,0.030303030303030276,1.700102716157167,0.6459742562378608,0.7513163578096163,-0.6909100300289351,2.7202674482574984,2.1178670385968403,-0.8660254037844385,-0.5000000000000004,0.258819045102521,-0.9659258262890682,0.9749279121818236,-0.22252093395631434
0.702642859447066,1.1221069425014227,0.6768160216402405,1.1295744622380688,-0.20474016326895209,0.06448213430431671,0.0640163148256042,0.03435660613637991,-0.6831906184550289,2.961875745181415,0.18695980445232635,-0.6514128533997506,1.990283662827601,1.0,0.030303030303030276,0.030303030303030276,0.030303030303030276,1.5422358208314406,0.7662094867936932,0.7820860503436915,-0.42122739217629346,2.960315671237815,2.0734270222218236,-0.8660254037844385,-0.5000000000000004,1.2246467991473532e-16,-1.0,0.9749279121818236,-0.22252093395631434
0.8045306267156507,0.8062838036019201,0.6768160216402405,1.5514877595788634,-0.09686366548881685,0.33412510181254906,-0.798726635747151,-0.6648278578688813,-0.6831906184550289,2.640412261359555,-0.44093904998834355,-0.6514128533997506,1.40950118886293,1.0,0.030303030303030276,0.030303030303030276,0.030303030303030276,1.5422358208314406,0.8347284594444317,0.8141946757481153,-0.7987830851699919,2.685421738470033,1.2837621158657624,-0.8660254037844385,-0.5000000000000004,-0.2588190451025208,-0.9659258262890683,0.9749279121818236,-0.22252093395631434
0.8511326533314234,0.8062838036019201,0.8084834342116368,1.419639854159865,-0.20474016326895209,0.06448213430431671,-0.47519802928236776,-0.6841423458248278,-0.6831906184550289,2.7217463958205075,-0.6525136639846563,-0.6514128533997506,2.0449455427301584,1.0,0.030303030303030276,0.030303030303030276,0.030303030303030276,1.5422358208314406,0.8478391324598668,0.8220460846751985,-0.5830369748878784,2.7202674482574984,1.9401069730967744,-0.8660254037844385,-0.5000000000000004,-0.4999999999999997,-0.8660254037844388,0.9749279121818236,-0.22252093395631434
0.8977346799471959,0.9641953730516715,0.6768160216402405,1.2614223676570673,-0.20474016326895209,0.33412510181254906,-0.5830408981039622,-0.6841423458248278,-0.6831906184550289,2.2453607511206433,-0.6525136639846563,-0.6514128533997506,1.9663690903702322,0.030303030303030276,0.030303030303030276,0.030303030303030276,0.030303030303030276,1.5422358208314406,0.8030717627539485,0.8173745452783499,-0.6909100300289351,2.1395056184664094,1.6324453212697374,-0.8660254037844385,-0.5000000000000004,-0.7071067811865471,-0.7071067811865479,0.9749279121818236,-0.22252093395631434
0.9443367065629686,0.8062838036019201,0.38714771398316894,1.2614223676570673,-0.09686366548881685,0.33412510181254906,-0.47519802928236776,-0.6841423458248278,-0.6831906184550289,1.6101798915208243,-0.6525136639846563,-0.6514128533997506,1.6793942208818067,0.030303030303030276,0.030303030303030276,1.0,1.0,1.5422358208314406,0.7015045595584473,0.8392376528759293,-0.6909100300289351,1.578102516335023,1.529891437327392,-0.8660254037844385,-0.5000000000000004,-0.8660254037844385,-0.5000000000000004,0.9749279121818236,-0.22252093395631434
0.9909387331787414,0.6746908290604611,0.5188151265545653,1.1295744622380688,0.6582718189721298,0.6576966628224279,-0.47519802928236776,-0.6841423458248278,-0.6831906184550289,0.8549343572405517,-0.6525136639846563,-0.6514128533997506,1.1361917893501439,0.030303030303030276,0.030303030303030276,1.0,1.0,1.2528131794009436,0.5398031102664252,0.8413843708462463,-0.31335433703523674,0.6798575529248053,0.8188511753271287,-0.8660254037844385,-0.5000000000000004,-0.9659258262890683,-0.25881904510252063,0.9749279121818236,-0.22252093395631434
0.9692980940469095,0.6746908290604611,0.6768160216402405,1.1295744622380688,0.064951081181386,0.6576966628224279,-0.3673551604607734,-0.6841423458248278,-0.6483840941098025,-0.004883635632374196,-0.6525136639846563,-0.3986929408273794,-0.004874953615738951,0.030303030303030276,0.030303030303030276,1.0,1.0,1.121257433296172,0.3013615158919313,0.8526951037139008,-0.20548128189418005,0.03714779462266677,0.1898540204807422,-0.8660254037844385,-0.5000000000000004,-1.0,-1.8369701987210297e-16,0.9749279121818236,-0.22252093395631434
0.8922029824907,0.6746908290604611,1.1244852243829888,0.8131394892324716,0.3346423256317241,0.17233932130760965,0.0640163148256042,-0.6841423458248278,-0.16496014487054622,-0.667175873385844,-0.6525136639846563,-0.05376441150562935,-0.49683187273875434,0.030303030303030276,0.030303030303030276,1.0,1.0,0.8055236426447192,0.0,0.8660567738063938,-0.09760822675312336,-0.6636381466585808,-0.43914313436564434,-0.8660254037844385,-0.5000000000000004,-0.9659258262890684,0.2588190451025203,0.9749279121818236,-0.22252093395631434
0.5723013414405136,0.8062838036019201,0.9664843292973129,0.8131394892324716,0.064951081181386,0.33412510181254906,0.0640163148256042,-0.6841423458248278,0.8366942779531927,-0.6826680894736445,-0.6525136639846563,1.1859292136804622,-0.6505684099646967,0.030303030303030276,0.030303030303030276,1.0,1.0,0.8055236426447192,0.0,0.8108451155174692,-0.20548128189418005,-0.6829968743182837,-0.651087827846492,-0.8660254037844385,-0.5000000000000004,-0.8660254037844386,0.5000000000000001,0.9749279121818236,-0.22252093395631434
0.5179223109604938,0.6746908290604611,1.1244852243829888,0.8131394892324716,0.3346423256317241,-0.09730364620062269,0.2257806180579958,-0.6841423458248278,1.3394551851620191,-0.6826680894736445,-0.6525136639846563,0.9434547029691331,-0.6505684099646967,0.030303030303030276,0.030303030303030276,0.030303030303030276,0.030303030303030276,0.9633905379704456,0.0,0.7633932854214482,-0.20548128189418005,-0.6829968743182837,-0.651087827846492,-0.8660254037844385,-0.5000000000000004,-0.7071067811865477,0.7071067811865474,0.9749279121818236,-0.22252093395631434
0.5533836473114504,0.3851862850692516,1.2561526369543852,0.8131394892324716,0.3346423256317241,-0.04337505269897623,0.3875449212903874,-0.6841423458248278,2.252159601325735,-0.6826680894736445,-0.6525136639846563,1.7699171197598609,-0.6505684099646967,0.030303030303030276,0.030303030303030276,0.030303030303030276,0.030303030303030276,0.8055236426447192,0.0,0.6909954369950415,-0.09760822675312336,-0.6829968743182837,-0.651087827846492,-0.8660254037844385,-0.5000000000000004,-0.5000000000000004,0.8660254037844384,0.9749279121818236,-0.22252093395631434
0.2762027044478133,0.5167792596107107,1.4141535320400604,0.681291583813473,0.6582718189721298,-0.3130180202072086,0.3336234868795902,-0.6841423458248278,2.426192223051867,-0.6826680894736445,-0.6525136639846563,1.4044977867160267,-0.6505684099646967,0.030303030303030276,0.030303030303030276,0.030303030303030276,0.030303030303030276,0.6739678965399476,0.0,0.608646225211674,0.6575031592342735,-0.6829968743182837,-0.651087827846492,-0.8660254037844385,-0.5000000000000004,-0.25881904510252157,0.9659258262890681,0.9749279121818236,-0.22252093395631434
0.2511011796672645,0.6746908290604611,1.1244852243829888,0.681291583813473,0.6582718189721298,0.06448213430431671,0.1718591836471986,-0.6493762675041241,2.956024871418092,-0.6826680894736445,-0.39998912469873465,1.9884856927954253,-0.6505684099646967,0.030303030303030276,0.030303030303030276,0.030303030303030276,0.030303030303030276,0.6739678965399476,0.0,0.50175455472018,0.06420135595846167,-0.6829968743182837,-0.651087827846492,-0.8660254037844385,-0.5000000000000004,-2.4492935982947064e-16,1.0,0.9749279121818236,-0.22252093395631434
0.08426288336673651,1.1221069425014227,1.5458209446114568,0.681291583813473,0.17282757896152123,-0.7983753617220268,0.3336234868795902,-0.16651406860546308,2.635031369123226,-0.6826680894736445,-0.05532725351119302,1.4079129206697074,-0.6505684099646967,0.030303030303030276,0.030303030303030276,0.030303030303030276,0.030303030303030276,0.6739678965399476,0.0,0.4626257128686859,0.3338839938111034,-0.6829968743182837,-0.651087827846492,-0.8660254037844385,-0.5000000000000004,0.25881904510252074,0.9659258262890683,0.43388373911755823,-0.900968867902419
0.22587376849156288,0.9641953730516715,1.4141535320400604,0.5230740973106753,0.3346423256317241,-0.47480380071214795,0.6571520933443734,0.8339764075125626,2.716246592595421,-0.6826680894736445,1.1834079864994764,2.043127836054316,-0.6505684099646967,0.030303030303030276,0.030303030303030276,0.030303030303030276,0.030303030303030276,0.8055236426447192,0.0,0.4438096110292705,0.06420135595846167,-0.6829968743182837,-0.651087827846492,-0.8660254037844385,-0.5000000000000004,0.49999999999999994,0.8660254037844387,0.43388373911755823,-0.900968867902419
0.08287852430203245,1.1221069425014227,1.2561526369543852,0.681291583813473,-0.09686366548881685,-0.582660987715441,0.4953877901119818,1.3361530943671702,2.240557426543993,-0.6826680894736445,0.9411209285359571,1.9645797551196604,-0.6505684099646967,0.030303030303030276,0.030303030303030276,0.030303030303030276,0.030303030303030276,0.6739678965399476,0.0,0.4049333844915197,0.3338839938111034,-0.6829968743182837,-0.651087827846492,-0.8660254037844385,-0.5000000000000004,0.7071067811865476,0.7071067811865476,0.43388373911755823,-0.900968867902419
0.08336476766823217,1.2536999170428818,1.2561526369543852,0.5230740973106753,-0.04292541659874924,-0.47480380071214795,0.6571520933443734,2.247796925887842,1.6063052051420885,-0.6826680894736445,1.7669444218764034,1.6777085030104821,-0.6505684099646967,0.030303030303030276,1.0,0.030303030303030276,0.030303030303030276,0.3845452551094506,0.0,0.41000674204252796,0.3338839938111034,-0.6829968743182837,-0.651087827846492,-0.8660254037844385,-0.5000000000000004,0.8660254037844386,0.5000000000000001,0.43388373911755823,-0.900968867902419
0.08280987834126534,1.4116114864926321,1.1244852243829888,0.39122619189167684,-0.3126166610490873,-0.47480380071214795,0.818916396576765,2.42162731749136,0.852163844328849,-0.6826680894736445,1.4018075880440573,1.134702204375252,-0.6505684099646967,0.030303030303030276,1.0,0.030303030303030276,0.030303030303030276,0.5161010012142222,0.0,0.41902319312824876,0.6575031592342735,-0.6829968743182837,-0.651087827846492,-0.8660254037844385,-0.5000000000000004,0.9659258262890683,0.25881904510252074,0.43388373911755823,-0.900968867902419
0.1329214297012565,1.1221069425014227,1.1244852243829888,0.5230740973106753,0.064951081181386,-0.366946613708855,0.6571520933443734,2.9508442874842924,-0.006397089520070169,-0.6516836572980436,1.9853440234209843,-0.005952536154099642,-0.4558354628118364,0.030303030303030276,1.0,0.030303030303030276,0.030303030303030276,0.6739678965399476,0.0,0.45804790543131624,0.6575031592342735,-0.6481511645308183,-0.3981215807887061,-0.8660254037844385,-0.5000000000000004,1.0,6.123233995736766e-17,0.43388373911755823,-0.900968867902419
0.15590066163574895,1.5432044610340911,0.8084834342116368,0.9713569757352701,-0.7980609010596958,0.06448213430431671,0.3336234868795902,2.6302237874155816,-0.6677210520793727,-0.10945609422502733,1.4052200818181915,-0.4977318254841195,0.3333454282813341,0.030303030303030276,1.0,0.030303030303030276,0.030303030303030276,1.121257433296172,0.00899172881537056,0.5081783183431343,0.17207441109951835,-0.1641829730382441,-0.05285683818280912,-0.8660254037844385,-0.5000000000000004,0.9659258262890683,-0.25881904510252063,0.43388373911755823,-0.900968867902419
0.2254333016843007,1.4116114864926321,0.8084834342116368,1.1295744622380688,-0.47443140771929015,0.06448213430431671,0.3336234868795902,2.7113446368305567,-0.6831906184550289,0.80071160093325,2.0399439238071295,-0.6514128533997506,1.3411738389847336,0.030303030303030276,1.0,0.030303030303030276,0.030303030303030276,0.9633905379704456,0.09378673415213373,0.5862395234687667,0.3338839938111034,0.8385991197343697,1.1880451575195732,-0.8660254037844385,-0.5000000000000004,0.8660254037844387,-0.4999999999999998,0.43388373911755823,-0.900968867902419
0.08317026620299464,1.2536999170428818,0.8084834342116368,1.2614223676570673,-0.5823079054994255,0.22626791480925612,0.0640163148256042,2.236208233114274,-0.6831906184550289,1.5249727030379217,1.9614565670020456,-0.6514128533997506,1.5598213585949625,0.030303030303030276,0.030303030303030276,0.030303030303030276,0.030303030303030276,1.121257433296172,0.2693970958386446,0.6392417197161386,-0.09760822675312336,1.341926038886647,0.9453342988560218,-0.8660254037844385,-0.5000000000000004,0.7071067811865476,-0.7071067811865475,0.43388373911755823,-0.900968867902419
0.08482349090223525,1.2536999170428818,0.8084834342116368,1.1295744622380688,-0.47443140771929015,0.38805369531419553,0.0640163148256042,1.602693028159231,-0.6831906184550289,1.9819930776280354,1.6748070899747833,-0.6514128533997506,1.2694301216126271,1.0,0.030303030303030276,0.030303030303030276,0.030303030303030276,1.2528131794009436,0.4583287299227436,0.6603937961325783,-0.043671699182595024,2.255657984424627,1.772602295990943,-0.8660254037844385,-0.5000000000000004,0.49999999999999994,-0.8660254037844387,0.43388373911755823,-0.900968867902419
0.08702588328761274,1.1221069425014227,0.6768160216402405,1.2614223676570673,-0.47443140771929015,0.33412510181254906,-0.04382655399599019,0.8494279978773198,-0.6831906184550289,2.698508071688807,1.1322205798874654,-0.6514128533997506,1.9356217829250437,1.0,0.030303030303030276,0.030303030303030276,0.030303030303030276,1.410680074726669,0.6257012883589166,0.6786052500038797,-0.31335433703523674,2.429886533361954,1.4068267765965772,-0.8660254037844385,-0.5000000000000004,0.258819045102521,-0.9659258262890682,0.43388373911755823,-0.900968867902419
0.08977744335912713,1.1221069425014227,0.6768160216402405,1.5514877595788634,-0.36655490993915496,0.17233932130760965,-0.6908837669255565,-0.008135267366702266,-0.6831906184550289,2.938637421049714,-0.007552340673315959,-0.6514128533997506,2.133771097571814,1.0,0.030303030303030276,0.030303030303030276,0.030303030303030276,1.121257433296172,0.7487914849782995,0.7306339655835707,0.06420135595846167,2.960315671237815,1.991383915067947,-0.8660254037844385,-0.5000000000000004,1.2246467991473532e-16,-1.0,0.43388373911755823,-0.900968867902419
0.5571248864962384,0.8062838036019201,0.6768160216402405,1.5514877595788634,0.064951081181386,0.33412510181254906,-0.6908837669255565,-0.6686907554600706,-0.6831906184550289,2.9502565831155643,-0.4989514441486228,-0.6514128533997506,2.150852935041363,1.0,0.030303030303030276,0.030303030303030276,0.030303030303030276,1.5422358208314406,0.8190235117732358,0.7891564620477503,-0.7987830851699919,2.638960792086746,1.4102452393946552,-0.8660254037844385,-0.5000000000000004,-0.2588190451025208,-0.9659258262890683,0.43388373911755823,-0.900968867902419
0.5915679973111364,0.8062838036019201,0.5188151265545653,1.419639854159865,0.064951081181386,0.6576966628224279,-0.6908837669255565,-0.6841423458248278,-0.6831906184550289,2.698508071688807,-0.6525136639846563,-0.6514128533997506,2.1064401576205354,1.0,0.030303030303030276,0.030303030303030276,0.030303030303030276,1.410680074726669,0.8357929116630521,0.7927774864233355,-0.47516391974682176,2.7202674482574984,2.0460793198371983,-0.8660254037844385,-0.5000000000000004,-0.4999999999999997,-0.8660254037844388,0.43388373911755823,-0.900968867902419
0.8000457458378727,0.8062838036019201,0.6768160216402405,1.419639854159865,0.22676582785158886,0.4959108823174885,-0.6908837669255565,-0.6841423458248278,-0.6831906184550289,2.2492338051425933,-0.6525136639846563,-0.6514128533997506,1.9458708854067732,0.030303030303030276,0.030303030303030276,0.030303030303030276,0.030303030303030276,1.2528131794009436,0.7863549960788522,0.7870882638008656,-0.5830369748878784,2.2440427478288054,1.9674546754814,-0.8660254037844385,-0.5000000000000004,-0.7071067811865471,-0.7071067811865479,0.43388373911755823,-0.900968867902419
0.7901401336991786,0.8062838036019201,0.5188151265545653,1.5514877595788634,0.3885805745217917,0.6576966628224279,-0.9065695045687454,-0.6841423458248278,-0.6831906184550289,1.528845757059872,-0.6525136639846563,-0.6514128533997506,1.5974014010279707,0.030303030303030276,0.030303030303030276,1.0,1.0,1.2528131794009436,0.6766747473818568,0.7997370075851691,-0.47516391974682176,1.609076480590548,1.6803038004428321,-0.8660254037844385,-0.5000000000000004,-0.8660254037844385,-0.5000000000000004,0.43388373911755823,-0.900968867902419
0.7802345215604845,0.6746908290604611,0.38714771398316894,1.419639854159865,0.3346423256317241,0.8194824433273673,-0.798726635747151,-0.6841423458248278,-0.6831906184550289,0.7271235745161978,-0.6525136639846563,-0.6514128533997506,0.7296440575748743,0.030303030303030276,0.030303030303030276,1.0,1.0,1.121257433296172,0.5078164847441377,0.8091243913761064,-0.47516391974682176,0.8540861018621321,1.1367682155484002,-0.8660254037844385,-0.5000000000000004,-0.9659258262890683,-0.25881904510252063,0.43388373911755823,-0.900968867902419
0.7703289094217903,0.6746908290604611,0.5188151265545653,1.1295744622380688,0.17282757896152123,0.6576966628224279,-0.47519802928236776,-0.6841423458248278,-0.6522514857037165,-0.047487229873825476,-0.6525136639846563,-0.45675021803995114,-0.1756933283112304,0.030303030303030276,0.030303030303030276,1.0,1.0,1.121257433296172,0.25884760880227453,0.8000517011146981,-0.3672908646057651,-0.005441406228679766,-0.00499835900971449,-0.8660254037844385,-0.5000000000000004,-1.0,-1.8369701987210297e-16,0.43388373911755823,-0.900968867902419
0.7604232972830961,0.6746908290604611,0.9664843292973129,0.8131394892324716,0.3346423256317241,0.33412510181254906,-0.09774798840678739,-0.6841423458248278,-0.11081666255574953,-0.6710489274077942,-0.6525136639846563,0.332145725260289,-0.544661017653492,0.030303030303030276,0.030303030303030276,1.0,1.0,0.8055236426447192,0.0,0.7535065612627732,0.06420135595846167,-0.6675098921905214,-0.4972570019329735,-0.8660254037844385,-0.5000000000000004,-0.9659258262890684,0.2588190451025203,0.43388373911755823,-0.900968867902419
0.750517685144402,0.5167792596107107,1.1244852243829888,0.8131394892324716,0.6582718189721298,0.33412510181254906,0.0640163148256042,-0.6841423458248278,0.7980203620140522,-0.6826680894736445,-0.6525136639846563,1.3396102415960935,-0.6505684099646967,0.030303030303030276,0.030303030303030276,1.0,1.0,0.8055236426447192,0.0,0.7261200802693866,0.06420135595846167,-0.6829968743182837,-0.651087827846492,-0.8660254037844385,-0.5000000000000004,-0.8660254037844386,0.5000000000000001,0.43388373911755823,-0.900968867902419
0.7987872594391293,0.6746908290604611,1.2561526369543852,0.8131394892324716,0.4964570723019269,0.06448213430431671,-0.09774798840678739,-0.6841423458248278,1.5212225900759795,-0.6826680894736445,-0.6525136639846563,1.558178814631658,-0.6505684099646967,0.030303030303030276,0.030303030303030276,0.030303030303030276,0.030303030303030276,0.8055236426447192,0.0,0.6865959763789315,0.2260109386700467,-0.6829968743182837,-0.651087827846492,-0.8660254037844385,-0.5000000000000004,-0.7071067811865477,0.7071067811865474,0.43388373911755823,-0.900968867902419
0.7338996650240174,0.5167792596107107,1.1244852243829888,0.8131394892324716,0.6582718189721298,0.06448213430431671,0.0640163148256042,-0.6841423458248278,1.9775747981578373,-0.6826680894736445,-0.6525136639846563,1.267892428568799,-0.6505684099646967,0.030303030303030276,0.030303030303030276,0.030303030303030276,0.030303030303030276,0.8055236426447192,0.0,0.5868391519111817,0.38782052138163176,-0.6829968743182837,-0.651087827846492,-0.8660254037844385,-0.5000000000000004,-0.5000000000000004,0.8660254037844384,0.43388373911755823,-0.900968867902419
0.510331200358004,0.3851862850692516,1.2561526369543852,0.8131394892324716,0.8200865656423326,-0.04337505269897623,0.2257806180579958,-0.6841423458248278,2.6930422430319365,-0.6826680894736445,-0.6525136639846563,1.9338435495365343,-0.6505684099646967,0.030303030303030276,0.030303030303030276,0.030303030303030276,0.030303030303030276,0.6739678965399476,0.0,0.5385271902329043,0.3338839938111034,-0.6829968743182837,-0.651087827846492,-0.8660254037844385,-0.5000000000000004,-0.25881904510252157,0.9659258262890681,0.43388373911755823,-0.900968867902419
0.3007836937724612,0.5167792596107107,1.5458209446114568,0.23300870538887822,0.6582718189721298,-0.6905181747187339,0.818916396576765,-0.6532391650953134,2.932820521854608,-0.6826680894736445,-0.4580015188590139,2.1319213188500146,-0.6505684099646967,0.030303030303030276,0.030303030303030276,0.030303030303030276,0.030303030303030276,0.6739678965399476,0.0,0.46133052157942744,0.17207441109951835,-0.6829968743182837,-0.651087827846492,-0.8660254037844385,-0.5000000000000004,-2.4492935982947064e-16,1.0,0.43388373911755823,-0.900968867902419
0.11339165386301338,0.9641953730516715,1.5458209446114568,0.681291583813473,0.3346423256317241,-0.6905181747187339,0.1718591836471986,-0.11243350232881305,2.94442269663635,-0.6826680894736445,0.3302845429659575,2.1489969886184177,-0.6505684099646967,0.030303030303030276,0.030303030303030276,0.030303030303030276,0.030303030303030276,0.6739678965399476,0.0,0.4262237539629282,0.3338839938111034,-0.6829968743182837,-0.651087827846492,-0.8660254037844385,-0.5000000000000004,0.25881904510252074,0.9659258262890683,-0.433883739117558,-0.9009688679024191
0.2738973499858812,1.1221069425014227,1.4141535320400604,0.5230740973106753,0.3346423256317241,-0.6905181747187339,0.3336234868795902,0.7953474316006698,2.6930422430319365,-0.6826680894736445,1.3369702063355098,2.104600247220569,-0.6505684099646967,0.030303030303030276,0.030303030303030276,0.030303030303030276,0.030303030303030276,0.5161010012142222,0.0,0.4109065688535253,0.6575031592342735,-0.6829968743182837,-0.651087827846492,-0.8660254037844385,-0.5000000000000004,0.49999999999999994,0.8660254037844387,-0.433883739117558,-0.9009688679024191
0.11213886164671556,1.2536999170428818,1.4141535320400604,0.5230740973106753,0.064951081181386,-0.6905181747187339,0.2257806180579958,1.5177092811530668,2.2444248181379067,-0.6826680894736445,1.5553698078800906,1.9440889513975763,-0.6505684099646967,0.030303030303030276,0.030303030303030276,0.030303030303030276,0.030303030303030276,0.6739678965399476,0.0,0.40606052410916593,0.4956935765226884,-0.6829968743182837,-0.651087827846492,-0.8660254037844385,-0.5000000000000004,0.7071067811865476,0.7071067811865476,-0.433883739117558,-0.9009688679024191
0.11259078203253173,1.1221069425014227,1.5458209446114568,0.39122619189167684,0.064951081181386,-0.9062325487253197,0.3336234868795902,1.9735311969134028,1.5250899816698935,-0.6826680894736445,1.2653078370786943,1.5957452881221454,-0.6505684099646967,0.030303030303030276,1.0,0.030303030303030276,0.030303030303030276,0.5161010012142222,0.0,0.3925246559870623,0.6575031592342735,-0.6829968743182837,-0.651087827846492,-0.8660254037844385,-0.5000000000000004,0.8660254037844386,0.5000000000000001,-0.433883739117558,-0.9009688679024191
0.11207594419137447,1.2536999170428818,1.4141535320400604,0.39122619189167684,-0.04292541659874924,-0.7983753617220268,0.3336234868795902,2.6881672512834207,0.7245399217296853,-0.6826680894736445,1.930744123034839,0.7283012638872494,-0.6505684099646967,0.030303030303030276,1.0,0.030303030303030276,0.030303030303030276,0.3845452551094506,0.0,0.4256569573161557,0.8193127419458585,-0.6829968743182837,-0.651087827846492,-0.8660254037844385,-0.5000000000000004,0.9659258262890683,0.25881904510252074,-0.433883739117558,-0.9009688679024191
0.18365651978127964,1.5432044610340911,1.1244852243829888,0.39122619189167684,-0.6901844032795607,-0.47480380071214795,0.818916396576765,2.927666901937157,-0.04893839705312472,-0.6516836572980436,2.128668761934615,-0.1767092338381343,-0.42167178787273807,0.030303030303030276,1.0,0.030303030303030276,0.030303030303030276,0.5161010012142222,0.0,0.47846165059317214,0.6575031592342735,-0.6520229100627589,-0.45623544835603524,-0.8660254037844385,-0.5000000000000004,1.0,6.123233995736766e-17,-0.433883739117558,-0.9009688679024191
0.4397402935844782,1.5432044610340911,0.8084834342116368,0.681291583813473,-0.6901844032795607,-0.09730364620062269,0.4953877901119818,2.939255594710725,-0.6715884436732867,-0.059106391939675824,2.1457312308052856,-0.5455437008356492,0.6783985451662269,0.030303030303030276,1.0,0.030303030303030276,0.030303030303030276,0.9633905379704456,0.013432158713250415,0.5582273432311209,0.3338839938111034,-0.1099785355910758,0.3334294580000261,-0.8660254037844385,-0.5000000000000004,0.9659258262890683,-0.25881904510252063,-0.433883739117558,-0.9009688679024191
0.37412618464358766,1.4116114864926321,0.8084834342116368,0.9713569757352701,-0.6901844032795607,0.06448213430431671,0.2257806180579958,2.6881672512834207,-0.6831906184550289,0.7426157906039983,2.1013688117415428,-0.6514128533997506,1.2796792240943566,0.030303030303030276,1.0,0.030303030303030276,0.030303030303030276,1.121257433296172,0.09239528012578327,0.6638146541160084,0.3338839938111034,0.7998816644149638,1.3418759834330916,-0.8660254037844385,-0.5000000000000004,0.8660254037844387,-0.4999999999999998,-0.433883739117558,-0.9009688679024191
0.08867338634602343,1.4116114864926321,0.8084834342116368,1.419639854159865,-0.6901844032795607,-0.09730364620062269,-0.09774798840678739,2.2400711307054633,-0.6831906184550289,1.501734378906221,1.9409816043572412,-0.6514128533997506,1.5598213585949625,0.030303030303030276,0.030303030303030276,0.030303030303030276,0.030303030303030276,1.2528131794009436,0.264890143996812,0.733356443639408,0.06420135595846167,1.523898078887855,1.5606576025100956,-0.8660254037844385,-0.5000000000000004,0.7071067811865476,-0.7071067811865475,-0.433883739117558,-0.9009688679024191
0.08286994355693657,1.5432044610340911,0.8084834342116368,1.1295744622380688,-0.9059373988398312,0.06448213430431671,0.0640163148256042,1.521572178744256,-0.6831906184550289,2.1717727247035907,1.5929072393955654,-0.6514128533997506,1.751137938253913,1.0,0.030303030303030276,0.030303030303030276,0.030303030303030276,1.121257433296172,0.4439111805720533,0.767105019797163,0.06420135595846167,1.980764051656845,1.2700882646734497,-0.8660254037844385,-0.5000000000000004,0.49999999999999994,-0.8660254037844387,-0.433883739117558,-0.9009688679024191
0.08646527918441206,1.4116114864926321,0.8084834342116368,1.419639854159865,-0.7980609010596958,0.22626791480925612,-0.09774798840678739,0.7219523773680733,-0.6831906184550289,2.698508071688807,0.7261338207655103,-0.6514128533997506,2.0551946452118877,1.0,0.030303030303030276,0.030303030303030276,0.030303030303030276,1.2528131794009436,0.61478037527216,0.7948128016549272,-0.043671699182595024,2.697036975065855,1.9366885102986962,-0.8660254037844385,-0.5000000000000004,0.258819045102521,-0.9659258262890682,-0.433883739117558,-0.9009688679024191
0.08913102837266951,1.1221069425014227,0.22914681889749292,1.2614223676570673,-0.47443140771929015,0.8194824433273673,-0.04382655399599019,-0.05062714086978444,-0.6831906184550289,2.938637421049714,-0.17817702938001972,-0.6514128533997506,2.133771097571814,1.0,0.030303030303030276,0.030303030303030276,0.030303030303030276,1.5422358208314406,0.7302149404249485,0.8053705032284513,-0.6909100300289351,2.9370851980461716,2.1349593525872312,-0.8660254037844385,-0.5000000000000004,1.2246467991473532e-16,-1.0,-0.433883739117558,-0.9009688679024191
0.4605571811871047,0.8062838036019201,0.6768160216402405,1.419639854159865,-0.09686366548881685,0.17233932130760965,-0.2055908572283818,-0.6725536530512599,-0.6831906184550289,2.9502565831155643,-0.5467263569864999,-0.6514128533997506,2.150852935041363,1.0,0.030303030303030276,0.030303030303030276,0.030303030303030276,1.5422358208314406,0.8007462421268374,0.8235323764785638,-0.6909100300289351,2.9487004346419936,2.152051666577622,-0.8660254037844385,-0.5000000000000004,-0.2588190451025208,-0.9659258262890683,-0.433883739117558,-0.9009688679024191
0.580086960372837,0.8062838036019201,0.5188151265545653,1.5514877595788634,0.064951081181386,0.33412510181254906,-0.3134337260499762,-0.6841423458248278,-0.6831906184550289,2.675269747557106,-0.6525136639846563,-0.6514128533997506,1.9834509278397814,1.0,0.030303030303030276,0.030303030303030276,0.030303030303030276,1.410680074726669,0.8043273762539371,0.8029847943712882,-0.6909100300289351,2.697036975065855,2.1076116502026054,-0.8660254037844385,-0.5000000000000004,-0.4999999999999997,-0.8660254037844388,-0.433883739117558,-0.9009688679024191
0.747777612974422,0.8062838036019201,0.5188151265545653,1.419639854159865,-0.09686366548881685,0.22626791480925612,-0.2055908572283818,-0.6841423458248278,-0.6831906184550289,2.0943116442645886,-0.6525136639846563,-0.6514128533997506,1.61106687100361,0.030303030303030276,0.030303030303030276,0.030303030303030276,0.030303030303030276,1.410680074726669,0.7640752871038087,0.8049523972255954,-0.6909100300289351,2.247914493360746,1.9469438986929308,-0.8660254037844385,-0.5000000000000004,-0.7071067811865471,-0.7071067811865479,-0.433883739117558,-0.9009688679024191
0.9154682655760068,0.8062838036019201,0.38714771398316894,1.2614223676570673,0.064951081181386,0.33412510181254906,0.0640163148256042,-0.6841423458248278,-0.6831906184550289,1.532718811081822,-0.6525136639846563,-0.6514128533997506,1.6178996059914297,0.030303030303030276,0.030303030303030276,1.0,1.0,1.5422358208314406,0.6664357111625416,0.8449707195187892,-0.9066561403110486,1.5277698244197955,1.5982606932889556,-0.8660254037844385,-0.5000000000000004,-0.8660254037844385,-0.5000000000000004,-0.433883739117558,-0.9009688679024191
0.8505205716222435,0.8062838036019201,0.38714771398316894,1.2614223676570673,0.22676582785158886,0.33412510181254906,-0.2055908572283818,-0.6841423458248278,-0.6831906184550289,0.835569087130801,-0.6525136639846563,-0.6514128533997506,1.21135187421616,0.030303030303030276,0.030303030303030276,1.0,1.0,1.410680074726669,0.49783799358140873,0.84749999705487,-0.7987830851699919,0.7263184993080924,0.7299711425770958,-0.8660254037844385,-0.5000000000000004,-0.9659258262890683,-0.25881904510252063,-0.433883739117558,-0.9009688679024191
0.78557287766848,0.22727471561950033,0.38714771398316894,0.8131394892324716,0.8200865656423326,0.8194824433273673,0.3875449212903874,-0.6841423458248278,-0.6522514857037165,0.09968882296027895,-0.6525136639846563,-0.4225988785031442,0.12836337864674438,0.030303030303030276,0.030303030303030276,1.0,1.0,1.121257433296172,0.25444044187206927,0.8316180640846942,-0.47516391974682176,-0.0480306070800263,-0.17592149891362388,-0.8660254037844385,-0.5000000000000004,-1.0,-1.8369701987210297e-16,-0.433883739117558,-0.9009688679024191
0.8263199873214845,0.6746908290604611,0.6768160216402405,0.681291583813473,0.17282757896152123,0.4959108823174885,0.6571520933443734,-0.6841423458248278,-0.06054057183486687,-0.6710489274077942,-0.6525136639846563,0.6770742545820391,-0.4899991377509347,0.030303030303030276,0.030303030303030276,1.0,1.0,0.8055236426447192,0.0,0.8331276608288045,-0.09760822675312336,-0.671381637722462,-0.5451154811060681,-0.8660254037844385,-0.5000000000000004,-0.9659258262890684,0.2588190451025203,-0.433883739117558,-0.9009688679024191
0.27381154253492235,0.5167792596107107,0.9664843292973129,0.23300870538887822,0.3346423256317241,0.22626791480925612,0.818916396576765,-0.6841423458248278,0.7400094881053415,-0.6826680894736445,-0.6525136639846563,1.278137830429841,-0.6505684099646967,0.030303030303030276,0.030303030303030276,1.0,1.0,0.8055236426447192,0.0,0.8231756316163943,0.06420135595846167,-0.6829968743182837,-0.651087827846492,-0.8660254037844385,-0.5000000000000004,-0.8660254037844386,0.5000000000000001,-0.433883739117558,-0.9009688679024191
0.297849058355879,0.5167792596107107,1.4141535320400604,0.23300870538887822,0.22676582785158886,-0.09730364620062269,0.818916396576765,-0.6841423458248278,1.4980182405124953,-0.6826680894736445,-0.6525136639846563,1.558178814631658,-0.6505684099646967,0.030303030303030276,0.030303030303030276,0.030303030303030276,0.030303030303030276,0.8055236426447192,0.0,0.7459771702751676,-0.09760822675312336,-0.6829968743182837,-0.651087827846492,-0.8660254037844385,-0.5000000000000004,-0.7071067811865477,0.7071067811865474,-0.433883739117558,-0.9009688679024191
0.22670038370143153,0.3851862850692516,1.1244852243829888,0.39122619189167684,0.3346423256317241,0.06448213430431671,0.6571520933443734,-0.6841423458248278,2.1670769862596257,-0.6826680894736445,-0.6525136639846563,1.7494263160377768,-0.6505684099646967,0.030303030303030276,0.030303030303030276,0.030303030303030276,0.030303030303030276,0.8055236426447192,0.0,0.6738802372924431,0.06420135595846167,-0.6829968743182837,-0.651087827846492,-0.8660254037844385,-0.5000000000000004,-0.5000000000000004,0.8660254037844384,-0.433883739117558,-0.9009688679024191
0.1555517090469841,0.3851862850692516,1.4141535320400604,0.39122619189167684,0.3346423256317241,-0.09730364620062269,0.818916396576765,-0.6841423458248278,2.6930422430319365,-0.6826680894736445,-0.6525136639846563,2.053373237915358,-0.6505684099646967,0.030303030303030276,0.030303030303030276,0.030303030303030276,0.030303030303030276,0.8055236426447192,0.0,0.635662388135644,0.2260109386700467,-0.6829968743182837,-0.651087827846492,-0.8660254037844385,-0.5000000000000004,-0.25881904510252157,0.9659258262890681,-0.433883739117558,-0.9009688679024191
0.0844030343925367,0.3851862850692516,1.2561526369543852,0.39122619189167684,0.8200865656423326,-0.04337505269897623,0.6571520933443734,-0.6532391650953134,2.932820521854608,-0.6826680894736445,-0.4238765811176732,2.1319213188500146,-0.6505684099646967,0.030303030303030276,0.030303030303030276,0.030303030303030276,0.030303030303030276,0.22667835978372425,0.0,0.5941954204818263,0.8193127419458585,-0.6829968743182837,-0.651087827846492,-0.8660254037844385,-0.5000000000000004,-2.4492935982947064e-16,1.0,-0.433883739117558,-0.9009688679024191
0.2385904327236702,0.6746908290604611,1.4141535320400604,0.23300870538887822,0.4964570723019269,-0.20516083320391562,0.6571520933443734,-0.06221583364335231,2.94442269663635,-0.6826680894736445,0.6749464141534991,2.1489969886184177,-0.6505684099646967,0.030303030303030276,0.030303030303030276,0.030303030303030276,0.030303030303030276,0.6739678965399476,0.0,0.5279766594103787,0.17207441109951835,-0.6829968743182837,-0.651087827846492,-0.8660254037844385,-0.5000000000000004,0.25881904510252074,0.9659258262890683,-0.9749279121818236,-0.2225209339563146
0.3369944312125163,0.9641953730516715,1.5458209446114568,0.23300870538887822,0.22676582785158886,-0.3130180202072086,0.818916396576765,0.7374039677328305,2.6698378934684524,-0.6826680894736445,1.2755453184010965,1.9816554248880638,-0.6505684099646967,0.030303030303030276,0.030303030303030276,0.030303030303030276,0.030303030303030276,0.5161010012142222,0.0,0.503811791961967,0.3338839938111034,-0.6829968743182837,-0.651087827846492,-0.8660254037844385,-0.5000000000000004,0.49999999999999994,0.8660254037844387,-0.9749279121818236,-0.2225209339563146
0.08287852430203245,1.4116114864926321,1.4141535320400604,0.1011607999698797,-0.09686366548881685,-0.20516083320391562,0.9806806998091566,1.494531895605931,2.0897291543813448,-0.6826680894736445,1.5553698078800906,1.6094058239368683,-0.6505684099646967,0.030303030303030276,0.030303030303030276,0.030303030303030276,0.030303030303030276,0.5161010012142222,0.0,0.48768856322069554,0.2260109386700467,-0.6829968743182837,-0.651087827846492,-0.8660254037844385,-0.5000000000000004,0.7071067811865476,0.7071067811865476,-0.9749279121818236,-0.2225209339563146
0.0835764237590654,1.1221069425014227,1.2561526369543852,0.1011607999698797,0.064951081181386,0.06448213430431671,0.9806806998091566,2.162813178881678,1.5289573732638075,-0.6826680894736445,1.7464694592315988,1.6162360918442298,-0.6505684099646967,0.030303030303030276,1.0,0.030303030303030276,0.030303030303030276,0.3845452551094506,0.0,0.48296616271140846,0.3338839938111034,-0.6829968743182837,-0.651087827846492,-0.8660254037844385,-0.5000000000000004,0.8660254037844386,0.5000000000000001,-0.9749279121818236,-0.2225209339563146
0.08298148981088509,1.4116114864926321,1.2561526369543852,0.1011607999698797,-0.09686366548881685,-0.20516083320391562,1.1424450030415483,2.6881672512834207,0.8328268863592787,-0.6826680894736445,2.0501814051295315,1.209835151356227,-0.6505684099646967,0.030303030303030276,1.0,0.030303030303030276,0.030303030303030276,0.3845452551094506,0.0,0.4939912948107271,0.3338839938111034,-0.6829968743182837,-0.651087827846492,-0.8660254037844385,-0.5000000000000004,0.9659258262890683,0.25881904510252074,-0.9749279121818236,-0.2225209339563146
0.12460954680760612,1.2536999170428818,0.8084834342116368,0.23300870538887822,-0.04292541659874924,0.38805369531419553,0.9806806998091566,2.927666901937157,0.09802248351560919,-0.663302819363894,2.128668761934615,0.1272376880394474,-0.6266538375073278,0.030303030303030276,1.0,0.030303030303030276,0.030303030303030276,0.3845452551094506,0.0,0.5065090699500101,0.8193127419458585,-0.6520229100627589,-0.4220508203752534,-0.8660254037844385,-0.5000000000000004,1.0,6.123233995736766e-17,-0.9749279121818236,-0.2225209339563146
0.3326068079319531,1.4116114864926321,0.6768160216402405,0.23300870538887822,-0.20474016326895209,0.6576966628224279,0.818916396576765,2.939255594710725,-0.6715884436732867,-0.3108549033664334,2.1457312308052856,-0.4909015575767581,-0.5275791801839428,0.030303030303030276,1.0,0.030303030303030276,0.030303030303030276,0.6739678965399476,0.01672505946648547,0.4933682589882673,0.4956935765226884,-0.05964584367584808,0.678694200605923,-0.8660254037844385,-0.5000000000000004,0.9659258262890683,-0.25881904510252063,-0.9749279121818236,-0.2225209339563146
0.3414621368709104,1.5432044610340911,0.22914681889749292,0.39122619189167684,-0.3126166610490873,0.8194824433273673,0.818916396576765,2.664989865736285,-0.6831906184550289,0.14616547122368034,1.978519035872716,-0.6514128533997506,-0.47633366777529534,0.030303030303030276,1.0,0.030303030303030276,0.030303030303030276,0.9633905379704456,0.0921402777884215,0.5474272190542013,0.2260109386700467,0.7418054814358549,1.2803436530676842,-0.8660254037844385,-0.5000000000000004,0.8660254037844387,-0.4999999999999998,-0.9749279121818236,-0.2225209339563146
0.16716432427468314,1.4116114864926321,0.22914681889749292,1.1295744622380688,-0.20474016326895209,0.8194824433273673,0.0640163148256042,2.085555227057892,-0.6831906184550289,0.23911876775048313,1.6065572144921019,-0.6514128533997506,-0.5924901625682295,0.030303030303030276,0.030303030303030276,0.030303030303030276,0.030303030303030276,1.410680074726669,0.2606714508076884,0.6150628180836301,-0.09760822675312336,1.5006676056962114,1.5606576025100956,-0.8660254037844385,-0.5000000000000004,0.7071067811865476,-0.7071067811865475,-0.9749279121818236,-0.2225209339563146
0.16489900756936848,1.2536999170428818,0.38714771398316894,0.8131394892324716,0.064951081181386,0.6576966628224279,0.3875449212903874,1.5254350763354452,-0.6831906184550289,0.9130301675698034,1.6133822020403699,-0.6514128533997506,-0.36700990797018085,1.0,0.030303030303030276,0.030303030303030276,0.030303030303030276,1.121257433296172,0.44648758707630526,0.6514807575201842,0.06420135595846167,2.170479582721934,1.752091519202474,-0.8660254037844385,-0.5000000000000004,0.49999999999999994,-0.8660254037844387,-0.9749279121818236,-0.2225209339563146
0.20010294216123664,1.2536999170428818,0.38714771398316894,0.8131394892324716,-0.20474016326895209,0.8194824433273673,0.3875449212903874,0.8301135099213733,-0.6831906184550289,1.2964625157428649,1.207295442918415,-0.6514128533997506,-0.2850170881163449,1.0,0.030303030303030276,0.030303030303030276,0.030303030303030276,1.410680074726669,0.6112989994473779,0.6916328143194979,-0.09760822675312336,2.697036975065855,2.0563347082314327,-0.8660254037844385,-0.5000000000000004,0.258819045102521,-0.9659258262890682,-0.9749279121818236,-0.2225209339563146
0.4952862710745585,0.8062838036019201,0.38714771398316894,0.9713569757352701,0.3885805745217917,0.6576966628224279,0.2257806180579958,0.09616296759540853,-0.6831906184550289,1.5791954593452233,0.125534916517913,-0.6514128533997506,-0.09711687595130433,1.0,0.030303030303030276,0.030303030303030276,0.030303030303030276,1.2528131794009436,0.7359636157070711,0.7276628673466894,-0.043671699182595024,2.9370851980461716,2.1349593525872312,-0.8660254037844385,-0.5000000000000004,1.2246467991473532e-16,-1.0,-0.9749279121818236,-0.2225209339563146
0.7169326488390928,0.6746908290604611,0.22914681889749292,0.9713569757352701,0.6582718189721298,0.6576966628224279,0.2257806180579958,-0.6725536530512599,-0.6831906184550289,2.284091291340144,-0.49212645660035464,-0.6514128533997506,0.7296440575748743,1.0,0.030303030303030276,0.030303030303030276,0.030303030303030276,1.410680074726669,0.8100261856895558,0.7646744425266099,-0.20548128189418005,2.9487004346419936,2.152051666577622,-0.8660254037844385,-0.5000000000000004,-0.2588190451025208,-0.9659258262890683,-0.9749279121818236,-0.2225209339563146
0.7237643549198514,0.22727471561950033,0.22914681889749292,1.1295744622380688,0.8200865656423326,0.8194824433273673,0.1718591836471986,-0.6841423458248278,-0.6831906184550289,2.078819428176788,-0.6525136639846563,-0.6514128533997506,0.7603913650200628,1.0,0.030303030303030276,0.030303030303030276,0.030303030303030276,1.5422358208314406,0.8272390829452632,0.7859468339008726,-0.31335433703523674,2.6738065018742114,1.9845469894717909,-0.8660254037844385,-0.5000000000000004,-0.4999999999999997,-0.8660254037844388,-0.9749279121818236,-0.2225209339563146
0.73059606100061,0.22727471561950033,0.09747940632609654,0.8131394892324716,0.8200865656423326,0.9812682238323067,0.3875449212903874,-0.6841423458248278,-0.6831906184550289,1.598560729454974,-0.6525136639846563,-0.6514128533997506,0.39825641066562084,0.030303030303030276,0.030303030303030276,0.030303030303030276,0.030303030303030276,1.410680074726669,0.7787547119765736,0.7902530747540035,-0.20548128189418005,2.093044672083122,1.6119345444812683,-0.8660254037844385,-0.5000000000000004,-0.7071067811865471,-0.7071067811865479,-0.9749279121818236,-0.2225209339563146
0.7374277670813685,0.3851862850692516,0.09747940632609654,0.681291583813473,0.6582718189721298,0.9812682238323067,0.3336234868795902,-0.6841423458248278,-0.6831906184550289,0.5993127917918439,-0.6525136639846563,-0.6514128533997506,-0.3704262754640906,0.030303030303030276,0.030303030303030276,0.5757575757575757,1.0,1.2528131794009436,0.6523050500851072,0.8049592606586937,0.06420135595846167,1.531641569951736,1.6187714700774247,-0.8660254037844385,-0.5000000000000004,-0.8660254037844385,-0.5000000000000004,-0.9749279121818236,-0.2225209339563146
0.7442594731621271,0.3851862850692516,0.09747940632609654,0.23300870538887822,0.8200865656423326,1.1430540043372461,0.818916396576765,-0.6841423458248278,-0.6831906184550289,0.0648313367627279,-0.6525136639846563,-0.6514128533997506,-0.6061556325438688,0.030303030303030276,0.030303030303030276,0.5757575757575757,1.0,1.2528131794009436,0.4654966127413039,0.8281170985686821,-0.20548128189418005,0.8347273742024292,1.2119743971061203,-0.8660254037844385,-0.5000000000000004,-0.9659258262890683,-0.25881904510252063,-0.9749279121818236,-0.2225209339563146
0.701927774473755,0.3851862850692516,0.22914681889749292,0.23300870538887822,0.6582718189721298,0.9812682238323067,0.9806806998091566,-0.6841423458248278,-0.6638536604854587,-0.27987047119083247,-0.6525136639846563,-0.6275069157239859,-0.6505684099646967,0.030303030303030276,0.030303030303030276,0.5757575757575757,1.0,0.8055236426447192,0.1885047808414673,0.8170056613591328,0.38782052138163176,0.09909572313371627,0.12832169011533484,-0.8660254037844385,-0.5000000000000004,-1.0,-1.8369701987210297e-16,-0.9749279121818236,-0.2225209339563146
0.17166635291346083,0.22727471561950033,0.22914681889749292,0.23300870538887822,0.6582718189721298,0.8194824433273673,0.818916396576765,-0.6841423458248278,-0.31192102543928013,-0.6787950354516944,-0.6525136639846563,-0.5284680310672457,-0.6505684099646967,0.030303030303030276,0.030303030303030276,0.5757575757575757,1.0,0.6739678965399476,0.001286116603272647,0.7693006013135688,0.6575031592342735,-0.671381637722462,-0.4904200763368171,-0.8660254037844385,-0.5000000000000004,-0.9659258262890684,0.2588190451025203,-0.9749279121818236,-0.2225209339563146
0.21774495407838423,0.22727471561950033,0.38714771398316894,0.23300870538887822,0.8200865656423326,0.8194824433273673,0.818916396576765,-0.6841423458248278,0.1444311826425778,-0.6826680894736445,-0.6525136639846563,-0.4772410217620353,-0.6505684099646967,0.030303030303030276,0.030303030303030276,0.5757575757575757,1.0,0.22667835978372425,0.0,0.7271747440822993,0.8193127419458585,-0.6829968743182837,-0.651087827846492,-0.8660254037844385,-0.5000000000000004,-0.8660254037844386,0.5000000000000001,-0.9749279121818236,-0.2225209339563146
0.2780389804660355,0.09568174107804124,1.1244852243829888,0.23300870538887822,0.9819013123125355,0.06448213430431671,0.818916396576765,-0.6841423458248278,0.237248580896515,-0.6826680894736445,-0.6525136639846563,-0.5933555761871789,-0.6505684099646967,0.030303030303030276,0.030303030303030276,0.030303030303030276,0.030303030303030276,0.22667835978372425,0.0,0.6931485062019567,0.8193127419458585,-0.6829968743182837,-0.651087827846492,-0.8660254037844385,-0.5000000000000004,-0.7071067811865477,0.7071067811865474,-0.9749279121818236,-0.2225209339563146
0.5312081428794075,0.09568174107804124,0.8084834342116368,0.23300870538887822,0.9819013123125355,0.38805369531419553,0.818916396576765,-0.6841423458248278,0.9101747182375597,-0.6826680894736445,-0.6525136639846563,-0.36795673524425315,-0.6505684099646967,0.030303030303030276,0.030303030303030276,0.030303030303030276,0.030303030303030276,0.3845452551094506,0.0,0.6577717598103685,0.6575031592342735,-0.6829968743182837,-0.651087827846492,-0.8660254037844385,-0.5000000000000004,-0.5000000000000004,0.8660254037844384,-0.9749279121818236,-0.2225209339563146
0.7843773052927796,0.09568174107804124,0.8084834342116368,0.23300870538887822,1.1437160589827384,0.38805369531419553,0.818916396576765,-0.6841423458248278,1.2930464860350506,-0.6826680894736445,-0.6525136639846563,-0.2859935203559165,-0.6505684099646967,0.030303030303030276,0.030303030303030276,0.030303030303030276,0.030303030303030276,0.3845452551094506,0.0,0.6450611426888788,0.8193127419458585,-0.6829968743182837,-0.651087827846492,-0.8660254037844385,-0.5000000000000004,-0.25881904510252157,0.9659258262890681,-0.9749279121818236,-0.2225209339563146
0.6272266907992985,0.22727471561950033,0.9664843292973129,0.39122619189167684,0.9819013123125355,0.22626791480925612,0.6571520933443734,-0.6648278578688813,1.5753660723907763,-0.6826680894736445,-0.6286262075657176,-0.09816115290347836,-0.6505684099646967,0.030303030303030276,0.030303030303030276,0.030303030303030276,0.030303030303030276,0.3845452551094506,0.0,0.5679456571806337,0.6575031592342735,-0.6829968743182837,-0.651087827846492,-0.8660254037844385,-0.5000000000000004,-2.4492935982947064e-16,1.0,-0.9749279121818236,-0.2225209339563146
0.12075392629068998,0.22727471561950033,0.9664843292973129,0.39122619189167684,0.8200865656423326,0.22626791480925612,0.6571520933443734,-0.31330417707065605,2.279231342483133,-0.6826680894736445,-0.5296638881158295,0.7283012638872494,-0.6505684099646967,0.030303030303030276,0.030303030303030276,0.030303030303030276,0.030303030303030276,0.22667835978372425,0.0,0.4767400044981095,0.6575031592342735,-0.6829968743182837,-0.651087827846492,-0.8660254037844385,-0.5000000000000004,0.25881904510252074,0.9659258262890683,-0.7818314824680299,0.6234898018587334
0.1188547328171267,0.3851862850692516,1.1244852243829888,0.23300870538887822,0.8200865656423326,0.17233932130760965,0.818916396576765,0.14251773868967998,2.0742595880056887,-0.6826680894736445,-0.4784764815038184,0.7590374694703756,-0.6505684099646967,0.030303030303030276,0.030303030303030276,0.030303030303030276,0.030303030303030276,0.22667835978372425,0.0,0.47664914083903,0.8193127419458585,-0.6829968743182837,-0.651087827846492,-0.8660254037844385,-0.5000000000000004,0.49999999999999994,0.8660254037844387,-0.7818314824680299,0.6234898018587334
0.11853437927971679,1.1221069425014227,0.8084834342116368,0.23300870538887822,0.064951081181386,0.38805369531419553,0.9806806998091566,0.23522728087822292,1.5947030303603464,-0.6826680894736445,-0.5945012698243769,0.3970332703802222,-0.6505684099646967,0.030303030303030276,0.030303030303030276,0.030303030303030276,0.030303030303030276,0.09512261367895261,0.0,0.46025926259991856,0.9811223246574435,-0.6829968743182837,-0.651087827846492,-0.8660254037844385,-0.5000000000000004,0.7071067811865476,0.7071067811865476,-0.7818314824680299,0.6234898018587334
0.11531374419679054,0.8062838036019201,0.6768160216402405,0.23300870538887822,0.3885805745217917,0.33412510181254906,0.9806806998091566,0.9073714617451591,0.5969159991305216,-0.6826680894736445,-0.369276680731528,-0.3713718691979338,-0.6505684099646967,0.030303030303030276,0.5757575757575757,0.030303030303030276,0.030303030303030276,0.09512261367895261,0.0,0.4410593719231396,0.9811223246574435,-0.6829968743182837,-0.651087827846492,-0.8660254037844385,-0.5000000000000004,0.8660254037844386,0.5000000000000001,-0.7818314824680299,0.6234898018587334
0.11429549120234768,0.8062838036019201,0.22914681889749292,0.23300870538887822,0.3885805745217917,0.8194824433273673,0.9806806998091566,1.2897983232728987,0.06321595917038274,-0.6826680894736445,-0.28737683015231014,-0.6070161120019016,-0.6505684099646967,0.030303030303030276,0.5757575757575757,0.030303030303030276,0.030303030303030276,0.09512261367895261,0.0,0.4398688735984575,1.1429319073690285,-0.6829968743182837,-0.651087827846492,-0.8660254037844385,-0.5000000000000004,0.9659258262890683,0.25881904510252074,-0.7818314824680299,0.6234898018587334
0.11241344892208205,0.9641953730516715,0.22914681889749292,0.23300870538887822,0.22676582785158886,0.9812682238323067,0.9806806998091566,1.5717898474297167,-0.28098189268796775,-0.6749219814297444,-0.099689672574936,-0.6514128533997506,-0.6505684099646967,0.030303030303030276,0.5757575757575757,0.030303030303030276,0.030303030303030276,0.22667835978372425,0.000864802567436506,0.44648624749836807,0.9811223246574435,-0.6636381466585808,-0.6271585882599446,-0.8660254037844385,-0.5000000000000004,1.0,6.123233995736766e-17,-0.7818314824680299,0.6234898018587334
0.11374632351621076,0.9641953730516715,0.22914681889749292,0.5230740973106753,0.22676582785158886,0.8194824433273673,0.6571520933443734,2.274837209026167,-0.6793232268611149,-0.45028484815663755,0.7261338207655103,-0.6514128533997506,-0.6505684099646967,0.030303030303030276,0.5757575757575757,0.030303030303030276,0.030303030303030276,0.22667835978372425,0.03563430021985676,0.42650325959291535,0.8193127419458585,-0.3113093032519867,-0.5280231671156772,-0.8660254037844385,-0.5000000000000004,0.9659258262890683,-0.25881904510252063,-0.7818314824680299,0.6234898018587334
0.4950059896167464,1.1221069425014227,0.22914681889749292,0.8131394892324716,0.17282757896152123,0.8194824433273673,0.3875449212903874,2.0701036366931347,-0.6831906184550289,-0.1249483103128278,0.756846264732717,-0.6514128533997506,-0.6300702050012377,0.030303030303030276,0.5757575757575757,0.030303030303030276,0.030303030303030276,0.3845452551094506,0.1062487520233719,0.4395184287532362,0.8193127419458585,0.14555666951700338,-0.4767462251445044,-0.8660254037844385,-0.5000000000000004,0.8660254037844387,-0.4999999999999998,-0.7818314824680299,0.6234898018587334
0.12271606467797866,0.8062838036019201,0.22914681889749292,1.1295744622380688,0.3885805745217917,0.8194824433273673,0.0640163148256042,1.591104335385663,-0.6831906184550289,0.6186780619015946,0.39512192467450497,-0.6514128533997506,-0.3328462330310825,0.030303030303030276,0.030303030303030276,0.030303030303030276,0.030303030303030276,1.121257433296172,0.257822046089879,0.5209540868594091,0.06420135595846167,0.23847856228357764,-0.5929739602791627,-0.8660254037844385,-0.5000000000000004,0.7071067811865476,-0.7071067811865475,-0.7818314824680299,0.6234898018587334
0.6214518493497652,0.6746908290604611,0.22914681889749292,0.9713569757352701,0.3346423256317241,0.8194824433273673,0.3336234868795902,0.5944767568588267,-0.6831906184550289,1.2770972456331142,-0.372689174505662,-0.6514128533997506,0.015623251347720022,0.5757575757575757,0.030303030303030276,0.030303030303030276,0.030303030303030276,0.8055236426447192,0.42791096269502493,0.5833272253900721,0.38782052138163176,0.912162284841241,-0.3673554156060024,-0.8660254037844385,-0.5000000000000004,0.49999999999999994,-0.8660254037844387,-0.7818314824680299,0.6234898018587334
0.645723928418663,0.22727471561950033,0.22914681889749292,0.9713569757352701,0.8200865656423326,0.8194824433273673,0.2257806180579958,0.06139688927470493,-0.6831906184550289,1.4087810823794182,-0.6081512449209132,-0.6514128533997506,-0.16202785833559108,0.5757575757575757,0.030303030303030276,0.030303030303030276,0.030303030303030276,0.8055236426447192,0.5857485140297054,0.6315405380224717,0.38782052138163176,1.2954650925033597,-0.28531230845212585,-0.8660254037844385,-0.5000000000000004,0.258819045102521,-0.9659258262890682,-0.7818314824680299,0.6234898018587334
0.5882729568713347,0.22727471561950033,0.38714771398316894,1.1295744622380688,0.9819013123125355,0.6576966628224279,0.0640163148256042,-0.28240099634114174,-0.6831906184550289,1.7883403765305297,-0.6525136639846563,-0.6514128533997506,0.12836337864674438,0.5757575757575757,0.030303030303030276,0.030303030303030276,0.030303030303030276,0.9633905379704456,0.7005510681615564,0.6723069745233972,0.2260109386700467,1.578102516335023,-0.09729685455782555,-0.8660254037844385,-0.5000000000000004,1.2246467991473532e-16,-1.0,-0.7818314824680299,0.6234898018587334
0.5128711009063871,0.22727471561950033,0.38714771398316894,1.1295744622380688,0.8200865656423326,0.6576966628224279,0.0640163148256042,-0.6802794482336385,-0.6831906184550289,2.5242206407010515,-0.6525136639846563,-0.6514128533997506,1.1191099518805947,0.5757575757575757,0.030303030303030276,0.030303030303030276,0.030303030303030276,0.9633905379704456,0.7628167997983654,0.7106093361026773,0.2260109386700467,2.2827602031482113,0.7299711425770958,-0.8660254037844385,-0.5000000000000004,-0.2588190451025208,-0.9659258262890683,-0.7818314824680299,0.6234898018587334
0.9321892203145619,0.22727471561950033,0.22914681889749292,1.2614223676570673,0.8200865656423326,0.8194824433273673,0.0640163148256042,-0.6841423458248278,-0.6831906184550289,2.1795188327474913,-0.6525136639846563,-0.6514128533997506,0.9858716196181113,0.5757575757575757,0.030303030303030276,0.030303030303030276,0.030303030303030276,1.121257433296172,0.7797248075827592,0.7307198097169514,0.17207441109951835,2.0775576899553596,0.7607373077597995,-0.8660254037844385,-0.5000000000000004,-0.4999999999999997,-0.8660254037844388,-0.7818314824680299,0.6234898018587334
0.8893856149688961,0.22727471561950033,0.22914681889749292,1.419639854159865,0.8200865656423326,0.9812682238323067,-0.09774798840678739,-0.6841423458248278,-0.6831906184550289,1.7070062420695773,-0.6525136639846563,-0.6514128533997506,0.6066548277941204,0.030303030303030276,0.030303030303030276,0.030303030303030276,0.030303030303030276,0.8055236426447192,0.733092005520261,0.7424139728844197,0.38782052138163176,1.5974612439947262,0.39838025116351167,-0.8660254037844385,-0.5000000000000004,-0.7071067811865471,-0.7071067811865479,-0.7818314824680299,0.6234898018587334
0.8465820096232305,0.22727471561950033,0.22914681889749292,0.681291583813473,0.8200865656423326,0.9812682238323067,0.4953877901119818,-0.6841423458248278,-0.6831906184550289,0.5722014136381931,-0.6525136639846563,-0.6514128533997506,-0.39434084792145946,0.030303030303030276,0.030303030303030276,0.5757575757575757,0.5757575757575757,0.6739678965399476,0.5912588630288973,0.7685113577268965,0.3338839938111034,0.5985508967540529,-0.37077387840408055,-0.8660254037844385,-0.5000000000000004,-0.8660254037844385,-0.5000000000000004,-0.7818314824680299,0.6234898018587334
0.7619157977620946,0.22727471561950033,0.22914681889749292,0.5230740973106753,0.8200865656423326,0.9812682238323067,0.6571520933443734,-0.6841423458248278,-0.6831906184550289,0.4405175768918892,-0.6525136639846563,-0.6514128533997506,0.16935978857366232,0.030303030303030276,0.030303030303030276,0.5757575757575757,0.5757575757575757,0.22667835978372425,0.42448501406248806,0.7801103547846862,0.8193127419458585,0.06425001334625093,-0.6066478114714755,-0.8660254037844385,-0.5000000000000004,-0.9659258262890683,-0.25881904510252063,-0.7818314824680299,0.6234898018587334
0.6772495859009589,0.3851862850692516,0.22914681889749292,0.39122619189167684,0.6582718189721298,0.9812682238323067,0.818916396576765,-0.6841423458248278,-0.6754558352672009,-0.1946632827079299,-0.6525136639846563,-0.6514128533997506,-0.46608456529356584,0.030303030303030276,0.030303030303030276,0.5757575757575757,0.5757575757575757,0.22667835978372425,0.18268399432987542,0.7910047743372342,0.9811223246574435,-0.28033533899646196,-0.651087827846492,-0.8660254037844385,-0.5000000000000004,-1.0,-1.8369701987210297e-16,-0.7818314824680299,0.6234898018587334
0.6612779704701378,0.3851862850692516,0.5188151265545653,0.23300870538887822,0.6582718189721298,0.6576966628224279,0.9806806998091566,-0.6841423458248278,-0.45114712282018593,-0.6787950354516944,-0.6525136639846563,-0.6514128533997506,-0.6198211025195082,0.030303030303030276,0.030303030303030276,0.5757575757575757,0.5757575757575757,0.22667835978372425,0.0038638935668055463,0.7910827818641666,0.8193127419458585,-0.6791251287863431,-0.651087827846492,-0.8660254037844385,-0.5000000000000004,-0.9659258262890684,0.2588190451025203,-0.7818314824680299,0.6234898018587334
0.8744579673094213,0.22727471561950033,0.8084834342116368,0.39122619189167684,0.8200865656423326,0.38805369531419553,0.818916396576765,-0.6841423458248278,-0.12628622893140573,-0.6826680894736445,-0.6525136639846563,-0.6309220496776665,-0.6505684099646967,0.030303030303030276,0.030303030303030276,0.5757575757575757,0.5757575757575757,0.22667835978372425,0.0,0.7939322334323253,0.8193127419458585,-0.6829968743182837,-0.651087827846492,-0.8660254037844385,-0.5000000000000004,-0.8660254037844386,0.5000000000000001,-0.7818314824680299,0.6234898018587334
0.5805731797129505,0.22727471561950033,1.1244852243829888,0.23300870538887822,0.9819013123125355,0.06448213430431671,0.9806806998091566,-0.6841423458248278,0.6162529571000919,-0.6826680894736445,-0.6525136639846563,-0.3338053957074462,-0.6505684099646967,0.030303030303030276,0.030303030303030276,0.030303030303030276,0.030303030303030276,0.22667835978372425,0.0,0.7485100844063977,0.8193127419458585,-0.6829968743182837,-0.651087827846492,-0.8660254037844385,-0.5000000000000004,-0.7071067811865477,0.7071067811865474,-0.7818314824680299,0.6234898018587334
0.6466906694841463,0.22727471561950033,0.9664843292973129,0.39122619189167684,0.9819013123125355,0.33412510181254906,0.818916396576765,-0.6841423458248278,1.2737095280654802,-0.6826680894736445,-0.6525136639846563,0.014538267567984518,-0.6505684099646967,0.030303030303030276,0.030303030303030276,0.030303030303030276,0.030303030303030276,0.22667835978372425,0.0,0.6794771108859836,0.8193127419458585,-0.6829968743182837,-0.651087827846492,-0.8660254037844385,-0.5000000000000004,-0.5000000000000004,0.8660254037844384,-0.7818314824680299,0.6234898018587334
0.7123447990201641,0.22727471561950033,0.9664843292973129,0.39122619189167684,0.9819013123125355,0.22626791480925612,0.818916396576765,-0.6841423458248278,1.405200842258558,-0.6826680894736445,-0.6525136639846563,-0.16304869802341154,-0.6505684099646967,0.030303030303030276,0.030303030303030276,0.030303030303030276,0.030303030303030276,0.22667835978372425,0.0,0.610748638184751,0.8193127419458585,-0.6829968743182837,-0.651087827846492,-0.8660254037844385,-0.5000000000000004,-0.25881904510252157,0.9659258262890681,-0.7818314824680299,0.6234898018587334
0.29429949928734106,0.22727471561950033,1.1244852243829888,0.681291583813473,0.9819013123125355,0.06448213430431671,0.6571520933443734,-0.6764165506424492,1.7842052184621349,-0.6826680894736445,-0.6525136639846563,0.1272376880394474,-0.6505684099646967,0.030303030303030276,0.030303030303030276,0.030303030303030276,0.030303030303030276,0.3845452551094506,0.0,0.5111364580085687,0.6575031592342735,-0.6829968743182837,-0.651087827846492,-0.8660254037844385,-0.5000000000000004,-2.4492935982947064e-16,1.0,-0.7818314824680299,0.6234898018587334
0.25955605896178885,0.5167792596107107,1.1244852243829888,0.39122619189167684,0.6582718189721298,0.06448213430431671,0.818916396576765,-0.45236849035347043,2.5190096213058046,-0.6826680894736445,-0.6525136639846563,1.1176265346068484,-0.6505684099646967,0.030303030303030276,0.030303030303030276,0.030303030303030276,0.030303030303030276,0.3845452551094506,0.0,0.4607394468185605,0.6575031592342735,-0.6829968743182837,-0.651087827846492,-0.8660254037844385,-0.5000000000000004,0.25881904510252074,0.9659258262890683,-2.4492935982947064e-16,1.0
0.2060122267249323,0.8062838036019201,1.2561526369543852,0.39122619189167684,0.3885805745217917,0.06448213430431671,0.818916396576765,-0.1278850926935702,2.174811769447454,-0.6826680894736445,-0.6320387013398517,0.9844363104133014,-0.6505684099646967,0.030303030303030276,0.030303030303030276,0.030303030303030276,0.030303030303030276,0.22667835978372425,0.0,0.4473476595718744,0.8193127419458585,-0.6829968743182837,-0.651087827846492,-0.8660254037844385,-0.5000000000000004,0.49999999999999994,0.8660254037844387,-2.4492935982947064e-16,1.0
0.2442251334442974,1.1221069425014227,1.4141535320400604,0.23300870538887822,0.064951081181386,-0.09730364620062269,0.818916396576765,0.6137912448147732,1.7029899949899399,-0.6826680894736445,-0.3351517429901872,0.6053564415547444,-0.6505684099646967,0.030303030303030276,0.030303030303030276,0.030303030303030276,0.030303030303030276,0.22667835978372425,0.0,0.443389814777965,0.9811223246574435,-0.6829968743182837,-0.651087827846492,-0.8660254037844385,-0.5000000000000004,0.7071067811865476,0.7071067811865476,-2.4492935982947064e-16,1.0
0.2051369907251516,0.9641953730516715,0.6768160216402405,0.39122619189167684,0.3346423256317241,0.4959108823174885,0.818916396576765,1.2704838353169523,0.5698442579731233,-0.6826680894736445,0.012922621971488494,-0.3952778068736987,-0.6505684099646967,0.030303030303030276,0.5757575757575757,0.030303030303030276,0.030303030303030276,0.22667835978372425,0.0,0.4389934785605045,0.9811223246574435,-0.6829968743182837,-0.651087827846492,-0.8660254037844385,-0.5000000000000004,0.8660254037844386,0.5000000000000001,-2.4492935982947064e-16,1.0
0.15624961651271246,0.9641953730516715,0.5188151265545653,0.39122619189167684,0.22676582785158886,0.6576966628224279,0.9806806998091566,1.4018223534173881,0.4383529437800456,-0.6826680894736445,-0.16452705428348344,0.16821929548361572,-0.6505684099646967,0.030303030303030276,0.5757575757575757,0.030303030303030276,0.030303030303030276,0.22667835978372425,0.0,0.46116159917376554,0.9811223246574435,-0.6829968743182837,-0.651087827846492,-0.8660254037844385,-0.5000000000000004,0.9659258262890683,0.25881904510252074,-2.4492935982947064e-16,1.0
0.11725870393239726,1.1221069425014227,0.38714771398316894,0.5230740973106753,0.064951081181386,0.8194824433273673,0.9806806998091566,1.7803863173539383,-0.19589927762185863,-0.6749219814297444,0.125534916517913,-0.46699561990099325,-0.6505684099646967,0.030303030303030276,0.5757575757575757,0.030303030303030276,0.030303030303030276,0.22667835978372425,0.006879614852592939,0.49672022654246306,0.9811223246574435,-0.6752533832544025,-0.651087827846492,-0.8660254037844385,-0.5000000000000004,1.0,6.123233995736766e-17,-2.4492935982947064e-16,1.0
0.399262035836818,1.1221069425014227,0.22914681889749292,0.8131394892324716,0.064951081181386,0.9812682238323067,0.6571520933443734,2.514336859679903,-0.6793232268611149,-0.4231734700029868,1.115158111016795,-0.6206766478166245,-0.6505684099646967,0.030303030303030276,0.5757575757575757,0.030303030303030276,0.030303030303030276,0.5161010012142222,0.03836729852069268,0.5476051561182613,0.6575031592342735,-0.4506921424018481,-0.651087827846492,-0.8660254037844385,-0.5000000000000004,0.9659258262890683,-0.25881904510252063,-2.4492935982947064e-16,1.0
0.2113208248089353,1.2536999170428818,0.38714771398316894,0.8131394892324716,0.064951081181386,0.8194824433273673,0.6571520933443734,2.170538974064056,-0.6831906184550289,-0.07072555400552617,0.982070853825566,-0.6514128533997506,-0.6129883675316885,0.030303030303030276,0.5757575757575757,0.030303030303030276,0.030303030303030276,0.8055236426447192,0.1054172110931445,0.6126611799153205,0.38782052138163176,-0.12546551771883818,-0.6305770510580229,-0.8660254037844385,-0.5000000000000004,0.8660254037844387,-0.4999999999999998,-2.4492935982947064e-16,1.0
0.5999770931821271,1.4116114864926321,0.22914681889749292,1.419639854159865,-0.09686366548881685,0.9812682238323067,0.2257806180579958,1.6992654679389632,-0.6831906184550289,1.0602062204039078,0.6032840448966835,-0.6514128533997506,0.24451987343967857,0.030303030303030276,0.030303030303030276,0.030303030303030276,0.030303030303030276,1.121257433296172,0.22183295462963673,0.7016173167900008,0.06420135595846167,0.6179096244137559,-0.3331707876252205,-0.8660254037844385,-0.5000000000000004,0.7071067811865476,-0.7071067811865475,-2.4492935982947064e-16,1.0
0.09707108012293073,0.6746908290604611,0.38714771398316894,1.7097052460816622,0.4964570723019269,0.8194824433273673,-0.04382655399599019,0.5674364737205018,-0.6831906184550289,1.830943970771981,-0.39657663092460055,-0.6514128533997506,0.9858716196181113,0.5757575757575757,0.030303030303030276,0.030303030303030276,0.030303030303030276,0.9633905379704456,0.44154267260501306,0.7546197691356227,0.3338839938111034,1.2761063648436568,0.015512417778754636,-0.8660254037844385,-0.5000000000000004,0.49999999999999994,-0.8660254037844387,-2.4492935982947064e-16,1.0
0.8385447002757543,0.5167792596107107,0.38714771398316894,1.419639854159865,0.6582718189721298,0.8194824433273673,0.0640163148256042,0.4360979556200659,-0.6831906184550289,2.632666153315655,0.16648484180752188,-0.6514128533997506,1.792134348180831,0.5757575757575757,0.030303030303030276,0.030303030303030276,0.030303030303030276,0.9633905379704456,0.41421270290130885,0.7853963251027964,0.2260109386700467,1.4077457129296371,-0.16224764772131112,-0.8660254037844385,-0.5000000000000004,0.258819045102521,-0.9659258262890682,-2.4492935982947064e-16,1.0
0.8687202976476435,0.3851862850692516,0.6768160216402405,1.419639854159865,0.8200865656423326,0.6576966628224279,0.0640163148256042,-0.1974172493349774,-0.6831906184550289,2.9192721509399635,-0.4682390001814161,-0.6514128533997506,2.154269302535273,0.5757575757575757,0.030303030303030276,0.030303030303030276,0.030303030303030276,1.121257433296172,0.3538982585590441,0.8238141869928004,0.06420135595846167,1.7871767750598153,0.12832169011533484,-0.8660254037844385,-0.5000000000000004,1.2246467991473532e-16,-1.0,-2.4492935982947064e-16,1.0
0.45749097205752015,0.22727471561950033,0.38714771398316894,1.5514877595788634,0.9819013123125355,0.8194824433273673,-0.04382655399599019,-0.6802794482336385,-0.6831906184550289,2.907652988874113,-0.6218012200174495,-0.6514128533997506,2.150852935041363,0.5757575757575757,0.030303030303030276,0.030303030303030276,0.030303030303030276,1.121257433296172,0.6518671007603025,0.8595307757620625,0.06420135595846167,2.522808426128528,1.1196759015580093,-0.8660254037844385,-0.5000000000000004,-0.2588190451025208,-0.9659258262890683,-2.4492935982947064e-16,1.0
0.6297179556844781,0.3851862850692516,0.38714771398316894,1.5514877595788634,0.8200865656423326,0.8194824433273673,-0.04382655399599019,-0.6841423458248278,-0.6831906184550289,2.683015855601006,-0.6525136639846563,-0.6514128533997506,2.1064401576205354,0.5757575757575757,0.030303030303030276,0.030303030303030276,0.030303030303030276,1.2528131794009436,0.3402277522754153,0.8955507385182062,0.06420135595846167,2.1782230737858153,0.98635585243296,-0.8660254037844385,-0.5000000000000004,-0.4999999999999997,-0.8660254037844388,-2.4492935982947064e-16,1.0
0.8312739603721647,0.22727471561950033,0.22914681889749292,1.419639854159865,0.9819013123125355,0.8194824433273673,0.0640163148256042,-0.6841423458248278,-0.6831906184550289,2.206630210901142,-0.6525136639846563,-0.6514128533997506,1.949287252900683,0.030303030303030276,0.030303030303030276,0.030303030303030276,0.030303030303030276,1.410680074726669,0.5343980942199471,0.8717813379873556,-0.09760822675312336,1.7058701188890628,0.606906481846281,-0.8660254037844385,-0.5000000000000004,-0.7071067811865471,-0.7071067811865479,-2.4492935982947064e-16,1.0
0.7717063935935236,0.3851862850692516,0.38714771398316894,1.419639854159865,0.8200865656423326,0.8194824433273673,-0.09774798840678739,-0.6841423458248278,-0.6831906184550289,1.5753224053232733,-0.6525136639846563,-0.6514128533997506,1.6657287509061673,0.030303030303030276,0.030303030303030276,1.0,0.5757575757575757,0.6739678965399476,0.6226522872085429,0.8659294929761723,0.4956935765226884,0.5714486780304687,-0.3947031179906279,-0.8660254037844385,-0.5000000000000004,-0.8660254037844385,-0.5000000000000004,-2.4492935982947064e-16,1.0
0.7336822632662681,0.3851862850692516,0.38714771398316894,1.2614223676570673,0.8200865656423326,0.9812682238323067,0.0640163148256042,-0.6841423458248278,-0.6831906184550289,0.7890924388673997,-0.6525136639846563,-0.6514128533997506,1.173771831783152,0.030303030303030276,0.030303030303030276,1.0,0.5757575757575757,0.5161010012142222,0.441198986760059,0.8753657915328488,0.6575031592342735,0.4398093299444885,0.16934324369227308,-0.8660254037844385,-0.5000000000000004,-0.9659258262890683,-0.25881904510252063,-2.4492935982947064e-16,1.0
0.7368170840336392,0.6746908290604611,0.5188151265545653,0.9713569757352701,0.6582718189721298,0.9812682238323067,0.4953877901119818,-0.6841423458248278,-0.6754558352672009,0.037719958609077085,-0.6525136639846563,-0.6514128533997506,0.03953782380508883,0.030303030303030276,0.030303030303030276,1.0,0.5757575757575757,0.3845452551094506,0.1982227269476099,0.8771792744603406,0.8193127419458585,-0.19515693729376887,-0.4664908367502698,-0.8660254037844385,-0.5000000000000004,-1.0,-1.8369701987210297e-16,-2.4492935982947064e-16,1.0
0.8677878795625438,0.3851862850692516,0.8084834342116368,0.8131394892324716,0.8200865656423326,0.6576966628224279,0.6571520933443734,-0.6841423458248278,-0.4240753816627876,-0.6826680894736445,-0.6525136639846563,-0.6514128533997506,-0.5412446501595821,0.030303030303030276,0.030303030303030276,1.0,0.5757575757575757,0.22667835978372425,0.00028826752691372027,0.8796989739218735,0.9811223246574435,-0.6791251287863431,-0.6203216626637883,-0.8660254037844385,-0.5000000000000004,-0.9659258262890684,0.2588190451025203,-2.4492935982947064e-16,1.0
0.6954865180370946,0.3851862850692516,0.8084834342116368,0.681291583813473,0.8200865656423326,0.6576966628224279,0.6571520933443734,-0.6841423458248278,-0.07214274661660902,-0.6826680894736445,-0.6525136639846563,-0.613846379909263,-0.6505684099646967,0.030303030303030276,0.030303030303030276,1.0,0.5757575757575757,0.3845452551094506,0.0,0.857786336922755,0.8193127419458585,-0.6829968743182837,-0.651087827846492,-0.8660254037844385,-0.5000000000000004,-0.8660254037844386,0.5000000000000001,-2.4492935982947064e-16,1.0
0.605308584694046,0.22727471561950033,1.4141535320400604,0.8131394892324716,0.8200865656423326,0.22626791480925612,0.6571520933443734,-0.6841423458248278,1.0571355988062936,-0.6826680894736445,-0.6525136639846563,0.24335224246459097,-0.6505684099646967,0.030303030303030276,0.030303030303030276,0.030303030303030276,0.030303030303030276,0.22667835978372425,0.0,0.8023395804403834,0.9811223246574435,-0.6829968743182837,-0.651087827846492,-0.8660254037844385,-0.5000000000000004,-0.7071067811865477,0.7071067811865474,-2.4492935982947064e-16,1.0
0.18639664343573026,0.3851862850692516,1.7038218396971327,0.681291583813473,0.8200865656423326,-0.04337505269897623,0.6571520933443734,-0.6841423458248278,1.8267465259951894,-0.6826680894736445,-0.6525136639846563,0.9844363104133014,-0.6505684099646967,0.030303030303030276,0.030303030303030276,0.030303030303030276,0.030303030303030276,0.3845452551094506,0.0,0.7308110319135808,0.8193127419458585,-0.6829968743182837,-0.651087827846492,-0.8660254037844385,-0.5000000000000004,-0.5000000000000004,0.8660254037844384,-2.4492935982947064e-16,1.0
0.4427091970646754,0.3851862850692516,1.4141535320400604,0.681291583813473,0.9819013123125355,0.06448213430431671,0.9806806998091566,-0.6841423458248278,2.627296585935398,-0.6826680894736445,-0.6525136639846563,1.790407923481945,-0.6505684099646967,0.030303030303030276,0.030303030303030276,0.030303030303030276,0.030303030303030276,0.3845452551094506,0.0,0.6424129331255248,0.8193127419458585,-0.6829968743182837,-0.651087827846492,-0.8660254037844385,-0.5000000000000004,-0.25881904510252157,0.9659258262890681,-2.4492935982947064e-16,1.0
0.7556689810093071,0.5167792596107107,1.4141535320400604,0.5230740973106753,0.9819013123125355,0.06448213430431671,0.6571520933443734,-0.6764165506424492,2.9134835638850376,-0.6826680894736445,-0.6525136639846563,2.1524121225720987,-0.6505684099646967,0.030303030303030276,0.030303030303030276,0.030303030303030276,0.030303030303030276,0.6739678965399476,0.0,0.5625210864896545,0.6575031592342735,-0.6829968743182837,-0.651087827846492,-0.8660254037844385,-0.5000000000000004,-2.4492935982947064e-16,1.0,-2.4492935982947064e-16,1.0
0.09089294022159268,0.8062838036019201,1.5458209446114568,0.5230740973106753,0.6582718189721298,-0.04337505269897623,0.818916396576765,-0.4253282072151454,2.9018813891032953,-0.6826680894736445,-0.6525136639846563,2.1489969886184177,-0.6505684099646967,0.030303030303030276,0.030303030303030276,0.030303030303030276,0.030303030303030276,0.3845452551094506,0.0,0.5335643646865712,0.8193127419458585,-0.6829968743182837,-0.651087827846492,-0.8660254037844385,-0.5000000000000004,0.25881904510252074,0.9659258262890683,0.7818314824680298,0.6234898018587336
0.08983464260593632,0.8062838036019201,1.5458209446114568,0.39122619189167684,0.6582718189721298,-0.04337505269897623,0.9806806998091566,-0.07380452641692017,2.6775726766562804,-0.6826680894736445,-0.6149762324691814,2.104600247220569,-0.6505684099646967,0.030303030303030276,0.030303030303030276,0.030303030303030276,0.030303030303030276,0.3845452551094506,0.0,0.5241347759040434,0.8193127419458585,-0.6829968743182837,-0.651087827846492,-0.8660254037844385,-0.5000000000000004,0.49999999999999994,0.8660254037844387,0.7818314824680298,0.6234898018587336
0.0891081452416478,1.4116114864926321,1.4141535320400604,0.23300870538887822,0.22676582785158886,0.06448213430431671,0.9806806998091566,1.0541615702103522,2.201883510604852,-0.6826680894736445,0.24155970483847156,1.9475040853512569,-0.6505684099646967,0.030303030303030276,0.030303030303030276,0.030303030303030276,0.030303030303030276,0.22667835978372425,0.0,0.5042972005849078,0.8193127419458585,-0.6829968743182837,-0.651087827846492,-0.8660254037844385,-0.5000000000000004,0.7071067811865476,0.7071067811865476,0.7818314824680298,0.6234898018587336
0.08945137161318531,1.7011160304838424,1.4141535320400604,0.23300870538887822,-0.04292541659874924,-0.09730364620062269,0.9806806998091566,1.8228781908570204,1.5714986807968623,-0.6826680894736445,0.982070853825566,1.6640479671957593,-0.6505684099646967,0.030303030303030276,1.0,0.030303030303030276,0.030303030303030276,0.3845452551094506,0.0,0.5109413111421126,0.8193127419458585,-0.6829968743182837,-0.651087827846492,-0.8660254037844385,-0.5000000000000004,0.8660254037844386,0.5000000000000001,0.7818314824680298,0.6234898018587336
0.08926832372650177,1.4116114864926321,1.2561526369543852,0.23300870538887822,0.064951081181386,0.06448213430431671,0.9806806998091566,2.622497992233203,0.78641818723231,-0.6826680894736445,1.7874193845212079,1.1722686778657396,-0.6505684099646967,0.030303030303030276,1.0,0.030303030303030276,0.030303030303030276,0.3845452551094506,0.0,0.5380583255569098,0.9811223246574435,-0.6829968743182837,-0.651087827846492,-0.8660254037844385,-0.5000000000000004,0.9659258262890683,0.25881904510252074,0.7818314824680298,0.6234898018587336
0.18502944242891994,1.4116114864926321,0.9664843292973129,0.23300870538887822,0.064951081181386,0.4959108823174885,0.9806806998091566,2.9083524139812105,0.03614421801298438,-0.667175873385844,2.1491437245794196,0.03844420524374937,-0.5993228975560492,0.030303030303030276,1.0,0.030303030303030276,0.030303030303030276,0.5161010012142222,0.0,0.5650041639014458,0.9811223246574435,-0.6752533832544025,-0.651087827846492,-0.8660254037844385,-0.5000000000000004,1.0,6.123233995736766e-17,0.7818314824680298,0.6234898018587336
0.7887191623112993,1.5432044610340911,0.8084834342116368,0.23300870538887822,-0.04292541659874924,0.6576966628224279,0.9806806998091566,2.8967637212076425,-0.6831906184550289,-0.39606209184933594,2.1457312308052856,-0.5421285668819685,-0.6164047350255983,0.030303030303030276,1.0,0.030303030303030276,0.030303030303030276,0.8055236426447192,0.021653325823121742,0.6138637660773998,0.6575031592342735,-0.4235899236782639,-0.651087827846492,-0.8660254037844385,-0.5000000000000004,0.9659258262890683,-0.25881904510252063,0.7818314824680298,0.6234898018587336
0.0924717938869382,1.5432044610340911,0.6768160216402405,0.5230740973106753,-0.04292541659874924,0.6576966628224279,0.6571520933443734,2.6727156609186635,-0.6831906184550289,0.1810229574212314,2.1013688117415428,-0.6514128533997506,-0.3806753779458201,0.030303030303030276,1.0,0.030303030303030276,0.030303030303030276,0.8055236426447192,0.09090405449246042,0.664042479119157,0.6575031592342735,-0.07126108027166986,-0.6134847370676318,-0.8660254037844385,-0.5000000000000004,0.8660254037844387,-0.4999999999999998,0.7818314824680298,0.6234898018587336
0.09011495152213275,1.4116114864926321,0.8084834342116368,0.681291583813473,0.064951081181386,0.6576966628224279,0.4953877901119818,2.1975792572023813,-0.6831906184550289,0.7581080066917987,1.9443940981313752,-0.6514128533997506,-0.19277516578077955,0.030303030303030276,0.030303030303030276,0.030303030303030276,0.030303030303030276,1.410680074726669,0.25195690185890507,0.737186444186946,0.2260109386700467,1.0592886150549836,0.2445494252499932,-0.8660254037844385,-0.5000000000000004,0.7071067811865476,-0.7071067811865475,0.7818314824680298,0.6234898018587336
0.08970879739836003,1.4116114864926321,0.6768160216402405,0.8131394892324716,-0.09686366548881685,0.6576966628224279,0.3875449212903874,1.5679269498385275,-0.6831906184550289,0.9788720859429554,1.6611571148782471,-0.6514128533997506,-0.2679352506467958,1.0,0.030303030303030276,0.030303030303030276,0.030303030303030276,1.700102716157167,0.4340477347601033,0.8174639235675796,-0.043671699182595024,1.8297659759111617,0.98635585243296,-0.8660254037844385,-0.5000000000000004,0.49999999999999994,-0.8660254037844387,0.7818314824680298,0.6234898018587336
0.09150503222766675,1.2536999170428818,0.6768160216402405,0.7076611648972732,0.064951081181386,0.9812682238323067,0.6032306589335762,0.7837587388271019,-0.6831906184550289,2.543585910810802,1.1697580114029402,-0.6514128533997506,1.4675794362593972,1.0,0.030303030303030276,0.030303030303030276,0.030303030303030276,1.410680074726669,0.5938643668133797,0.8276163752703949,0.06420135595846167,2.6312173010228648,1.7931130727794122,-0.8660254037844385,-0.5000000000000004,0.258819045102521,-0.9659258262890682,0.7818314824680298,0.6234898018587336
0.0972941760631258,0.9641953730516715,0.5188151265545653,0.9713569757352701,0.4964570723019269,0.6576966628224279,0.3336234868795902,0.03435660613637991,-0.6831906184550289,2.7798422061497594,0.03681007839042702,-0.6514128533997506,1.7238069983026345,1.0,0.030303030303030276,0.030303030303030276,0.030303030303030276,1.410680074726669,0.717808296527336,0.8796478054915351,0.06420135595846167,2.9177264703864685,2.1554701293757,-0.8660254037844385,-0.5000000000000004,1.2246467991473532e-16,-1.0,0.7818314824680298,0.6234898018587336
0.09584117103765463,0.8062838036019201,0.5188151265545653,1.2614223676570673,0.6582718189721298,0.8194824433273673,0.0640163148256042,-0.6841423458248278,-0.6831906184550289,2.907652988874113,-0.5433138632123659,-0.6514128533997506,2.150852935041363,1.0,0.030303030303030276,0.030303030303030276,0.030303030303030276,1.5422358208314406,0.7971706161268596,0.9220139853205507,-0.043671699182595024,2.906111233790647,2.152051666577622,-0.8660254037844385,-0.5000000000000004,-0.2588190451025208,-0.9659258262890683,0.7818314824680298,0.6234898018587336
0.09045245625284033,0.6746908290604611,0.38714771398316894,1.2614223676570673,0.6582718189721298,0.9812682238323067,-0.04382655399599019,-0.6841423458248278,-0.6831906184550289,2.6597775314693055,-0.6525136639846563,-0.6514128533997506,2.1064401576205354,1.0,0.030303030303030276,0.030303030303030276,0.030303030303030276,1.5422358208314406,0.8107191453345153,0.9521383102647709,-0.043671699182595024,2.6815499929380926,2.1076116502026054,-0.8660254037844385,-0.5000000000000004,-0.4999999999999997,-0.8660254037844388,0.7818314824680298,0.6234898018587336
0.09107599497287229,0.8062838036019201,0.22914681889749292,1.1295744622380688,0.6582718189721298,0.9812682238323067,0.1718591836471986,-0.6841423458248278,-0.6831906184550289,2.1833918867694413,-0.6525136639846563,-0.6514128533997506,1.928789047937224,0.030303030303030276,0.030303030303030276,0.030303030303030276,0.030303030303030276,1.410680074726669,0.7613533542844395,0.94920987799633,0.06420135595846167,2.2053252925093996,1.9503623614910088,-0.8660254037844385,-0.5000000000000004,-0.7071067811865471,-0.7071067811865479,0.7818314824680298,0.6234898018587336
0.12935755794989864,0.6746908290604611,0.22914681889749292,1.2614223676570673,0.6582718189721298,0.9812682238323067,0.0640163148256042,-0.6841423458248278,-0.6831906184550289,1.5520840811915726,-0.6525136639846563,-0.6514128533997506,1.6452305459427083,0.030303030303030276,0.030303030303030276,1.0,1.0,1.410680074726669,0.501840512737983,0.9280132917040504,-0.09760822675312336,1.5742307708030825,1.6666299492505194,-0.8660254037844385,-0.5000000000000004,-0.8660254037844385,-0.5000000000000004,0.7818314824680298,0.6234898018587336
0.533728031414078,0.6746908290604611,0.22914681889749292,1.1295744622380688,0.9819013123125355,0.9812682238323067,0.1718591836471986,-0.6841423458248278,-0.6831906184550289,0.80071160093325,-0.6525136639846563,-0.6514128533997506,1.1566899943136029,0.030303030303030276,0.030303030303030276,1.0,1.0,1.2528131794009436,0.4052986107385808,0.9189992479418791,0.06420135595846167,0.788266427819142,1.1743713063272603,-0.8660254037844385,-0.5000000000000004,-0.9659258262890683,-0.25881904510252063,0.7818314824680298,0.6234898018587336
0.9380985048782574,0.5167792596107107,0.22914681889749292,0.8131394892324716,0.6582718189721298,0.9812682238323067,0.4953877901119818,-0.6841423458248278,-0.6677210520793727,0.0648313367627279,-0.6525136639846563,-0.6001858440945402,-0.011707688603558608,0.030303030303030276,0.030303030303030276,1.0,1.0,0.9633905379704456,0.14668382009211506,0.9676388105014826,0.4956935765226884,0.03714779462266677,0.039441657365301946,-0.8660254037844385,-0.5000000000000004,-1.0,-1.8369701987210297e-16,0.7818314824680298,0.6234898018587336
0.708580735053421,0.5167792596107107,0.22914681889749292,0.681291583813473,0.8200865656423326,0.9812682238323067,0.4953877901119818,-0.6841423458248278,-0.3970036405053892,-0.6826680894736445,-0.6525136639846563,-0.6172615138629437,-0.6505684099646967,0.030303030303030276,0.030303030303030276,1.0,1.0,0.8055236426447192,0.0,0.9611386783803955,0.6575031592342735,-0.6829968743182837,-0.54169701830799,-0.8660254037844385,-0.5000000000000004,-0.9659258262890684,0.2588190451025203,0.7818314824680298,0.6234898018587336
0.7173273974364841,0.3851862850692516,0.5188151265545653,0.44396535405927606,0.9819013123125355,0.6576966628224279,0.8728378309875622,-0.6841423458248278,0.17923770698780422,-0.6826680894736445,-0.6525136639846563,-0.3816172710589759,-0.6505684099646967,0.030303030303030276,0.030303030303030276,1.0,1.0,0.6739678965399476,0.0,0.9270124085236255,0.6575031592342735,-0.6829968743182837,-0.651087827846492,-0.8660254037844385,-0.5000000000000004,-0.8660254037844386,0.5000000000000001,0.7818314824680298,0.6234898018587336
0.7026142684044064,0.22727471561950033,0.6768160216402405,0.39122619189167684,0.9819013123125355,0.4959108823174885,0.6571520933443734,-0.6841423458248278,0.7554790544809977,-0.6826680894736445,-0.6525136639846563,-0.19378490360653777,-0.6505684099646967,0.030303030303030276,0.030303030303030276,0.030303030303030276,0.030303030303030276,0.8055236426447192,0.0,0.9079527572485151,0.6575031592342735,-0.6829968743182837,-0.651087827846492,-0.8660254037844385,-0.5000000000000004,-0.7071067811865477,0.7071067811865474,0.7818314824680298,0.6234898018587336
0.5424117574641607,0.22727471561950033,0.8084834342116368,0.5230740973106753,0.9819013123125355,0.38805369531419553,0.4953877901119818,-0.6841423458248278,0.9759203753340986,-0.6826680894736445,-0.6525136639846563,-0.26891785058751305,-0.6505684099646967,0.030303030303030276,0.030303030303030276,0.030303030303030276,0.030303030303030276,0.6739678965399476,0.0,0.8424370883124594,0.6575031592342735,-0.6829968743182837,-0.651087827846492,-0.8660254037844385,-0.5000000000000004,-0.5000000000000004,0.8660254037844384,0.7818314824680298,0.6234898018587336
0.28128250897687757,0.22727471561950033,0.70314950415452,0.5230740973106753,0.9819013123125355,0.6037680693207814,0.4953877901119818,-0.6841423458248278,2.5383465792753745,-0.6826680894736445,-0.6525136639846563,1.4659701978822792,-0.6505684099646967,0.030303030303030276,0.030303030303030276,0.030303030303030276,0.030303030303030276,0.6739678965399476,0.0,0.737991207327565,0.9811223246574435,-0.6829968743182837,-0.651087827846492,-0.8660254037844385,-0.5000000000000004,-0.25881904510252157,0.9659258262890681,0.7818314824680298,0.6234898018587336
0.24673071101229693,0.22727471561950033,0.9664843292973129,0.8131394892324716,0.9819013123125355,0.33412510181254906,0.4953877901119818,-0.6686907554600706,2.7742574665041317,-0.6826680894736445,-0.6013262573726451,1.7221052444083311,-0.6505684099646967,0.030303030303030276,0.030303030303030276,0.030303030303030276,0.030303030303030276,0.5161010012142222,0.0,0.48695940028345963,0.6575031592342735,-0.6829968743182837,-0.651087827846492,-0.8660254037844385,-0.5000000000000004,-2.4492935982947064e-16,1.0,0.7818314824680298,0.6234898018587336
0.09598989937625266,0.22727471561950033,1.2561526369543852,0.5230740973106753,0.9819013123125355,0.06448213430431671,0.4953877901119818,-0.3982879240768204,2.9018813891032953,-0.6826680894736445,-0.6183887262433154,2.1489969886184177,-0.6505684099646967,0.030303030303030276,0.030303030303030276,0.030303030303030276,0.030303030303030276,0.5161010012142222,0.0,0.41886999515513323,0.8193127419458585,-0.6829968743182837,-0.651087827846492,-0.8660254037844385,-0.5000000000000004,0.25881904510252074,0.9659258262890683,0.9749279121818236,-0.22252093395631434
0.09472567074289105,0.5167792596107107,1.2561526369543852,0.5230740973106753,0.6582718189721298,-0.04337505269897623,0.4953877901119818,0.1772838170103836,2.6543683270927962,-0.6826680894736445,-0.38292665582806423,2.104600247220569,-0.6505684099646967,0.030303030303030276,0.030303030303030276,0.030303030303030276,0.030303030303030276,0.3845452551094506,0.0,0.3747681350469584,0.9811223246574435,-0.6829968743182837,-0.651087827846492,-0.8660254037844385,-0.5000000000000004,0.49999999999999994,0.8660254037844387,0.9749279121818236,-0.22252093395631434
0.09466274642295386,0.6746908290604611,1.1244852243829888,0.5230740973106753,0.4964570723019269,0.17233932130760965,0.6571520933443734,0.7528555580975875,2.178679161041368,-0.6826680894736445,-0.19523949825069012,1.9270132816291727,-0.6505684099646967,0.030303030303030276,0.030303030303030276,0.030303030303030276,0.030303030303030276,0.22667835978372425,0.0,0.37123377431915383,0.9811223246574435,-0.6829968743182837,-0.651087827846492,-0.8660254037844385,-0.5000000000000004,0.7071067811865476,0.7071067811865476,0.9749279121818236,-0.22252093395631434
0.09485724788819139,0.8062838036019201,1.2561526369543852,0.5230740973106753,0.3885805745217917,0.06448213430431671,0.818916396576765,0.9730407207953771,1.548294331233378,-0.6826680894736445,-0.27031436128163977,1.6435571634736752,-0.6505684099646967,0.030303030303030276,1.0,0.030303030303030276,0.030303030303030276,0.22667835978372425,0.0,0.37488486462928206,0.9811223246574435,-0.6829968743182837,-0.651087827846492,-0.8660254037844385,-0.5000000000000004,0.8660254037844386,0.5000000000000001,0.9749279121818236,-0.22252093395631434
0.09442248556026898,0.7010094239687532,1.1244852243829888,0.5230740973106753,0.6043335700820621,0.17233932130760965,0.818916396576765,2.5336513476358493,0.7980203620140522,-0.6826680894736445,1.4632324759784707,1.155193008097336,-0.6505684099646967,0.030303030303030276,1.0,0.030303030303030276,0.030303030303030276,0.22667835978372425,0.0,0.3870132167697026,0.9811223246574435,-0.6829968743182837,-0.651087827846492,-0.8660254037844385,-0.5000000000000004,0.9659258262890683,0.25881904510252074,0.9749279121818236,-0.22252093395631434
0.1779589016053114,0.9641953730516715,0.8084834342116368,0.5230740973106753,0.3346423256317241,0.4959108823174885,0.818916396576765,2.769288100698396,0.06321595917038274,-0.667175873385844,1.7191695090385264,-0.012782804061461029,-0.5173300777022133,0.030303030303030276,1.0,0.030303030303030276,0.030303030303030276,0.22667835978372425,0.0,0.46419718294998236,0.9811223246574435,-0.6675098921905214,-0.5998108858753192,-0.8660254037844385,-0.5000000000000004,1.0,6.123233995736766e-17,0.9749279121818236,-0.22252093395631434
0.30964473405535436,1.2536999170428818,0.6768160216402405,0.681291583813473,0.064951081181386,0.4959108823174885,0.818916396576765,2.8967637212076425,-0.6831906184550289,-0.3186010114103336,2.1457312308052856,-0.6514128533997506,-0.44216999283619707,0.030303030303030276,1.0,0.030303030303030276,0.030303030303030276,0.22667835978372425,0.02657604813006801,0.5602583047924637,0.9811223246574435,-0.3964877049546798,-0.6169031998657101,-0.8660254037844385,-0.5000000000000004,0.9659258262890683,-0.25881904510252063,0.9749279121818236,-0.22252093395631434
0.25351521441428304,1.2536999170428818,0.4398146790117273,0.681291583813473,-0.04292541659874924,0.8734110368290138,0.818916396576765,2.649538275371528,-0.6831906184550289,0.17714990339928127,2.1013688117415428,-0.6514128533997506,-0.3806753779458201,0.030303030303030276,1.0,0.030303030303030276,0.030303030303030276,0.5161010012142222,0.09307715167136268,0.6452897359867773,0.6575031592342735,0.18040237930446873,-0.3810292667983151,-0.8660254037844385,-0.5000000000000004,0.8660254037844387,-0.4999999999999998,0.9749279121818236,-0.22252093395631434
0.10187629737662852,1.1221069425014227,0.38714771398316894,0.5230740973106753,0.17282757896152123,0.6576966628224279,0.818916396576765,2.1744018716552453,-0.6831906184550289,1.2770972456331142,1.9239191354865708,-0.6514128533997506,0.9004624322703656,0.030303030303030276,0.030303030303030276,0.030303030303030276,0.030303030303030276,0.6739678965399476,0.25129999782868034,0.6277345594907783,0.4956935765226884,0.7572924635636172,-0.19301381290401481,-0.8660254037844385,-0.5000000000000004,0.7071067811865476,-0.7071067811865475,0.9749279121818236,-0.22252093395631434
0.09454261599161141,1.2536999170428818,0.5188151265545653,0.8131394892324716,0.064951081181386,0.4959108823174885,0.3875449212903874,1.5447495642913918,-0.6831906184550289,2.0207236178475365,1.6406821522334425,-0.6514128533997506,1.3480065739725533,1.0,0.030303030303030276,0.030303030303030276,0.030303030303030276,0.8055236426447192,0.42944099800664337,0.6587918503595389,0.38782052138163176,0.9779819588842311,-0.26821999446173495,-0.8660254037844385,-0.5000000000000004,0.49999999999999994,-0.8660254037844387,0.9749279121818236,-0.22252093395631434
0.09671067853200929,1.1221069425014227,0.5188151265545653,1.1295744622380688,0.17282757896152123,0.4959108823174885,-0.09774798840678739,0.7953474316006698,-0.6831906184550289,2.675269747557106,1.1526955425322698,-0.6514128533997506,2.0346964402484287,1.0,0.030303030303030276,0.030303030303030276,0.030303030303030276,0.7002790457609023,0.5872452877041147,0.6654792927406339,0.6035666316637451,2.542167153788231,1.4683591069619846,-0.8660254037844385,-0.5000000000000004,0.258819045102521,-0.9659258262890682,0.9749279121818236,-0.22252093395631434
0.10003429285298031,0.8062838036019201,0.8084834342116368,1.419639854159865,0.4964570723019269,0.4959108823174885,-0.2055908572283818,0.06139688927470493,-0.6831906184550289,2.896033826808263,-0.01437732822158411,-0.6514128533997506,2.154269302535273,1.0,0.030303030303030276,0.030303030303030276,0.030303030303030276,0.9633905379704456,0.7061778195863253,0.6814058892455996,0.3338839938111034,2.7783436312366074,1.7247438168178486,-0.8660254037844385,-0.5000000000000004,1.2246467991473532e-16,-1.0,0.9749279121818236,-0.22252093395631434
0.10052625786000997,0.6746908290604611,0.5188151265545653,1.2614223676570673,0.4964570723019269,0.4959108823174885,-0.04382655399599019,-0.6841423458248278,-0.6831906184550289,2.907652988874113,-0.6525136639846563,-0.6514128533997506,2.150852935041363,1.0,0.030303030303030276,0.030303030303030276,0.030303030303030276,1.2528131794009436,0.7685101277161719,0.7063417148656377,0.06420135595846167,2.906111233790647,2.152051666577622,-0.8660254037844385,-0.5000000000000004,-0.2588190451025208,-0.9659258262890683,0.9749279121818236,-0.22252093395631434
0.09546933646196742,0.43782347488583506,0.5188151265545653,1.419639854159865,0.8740248145324002,0.4959108823174885,-0.2055908572283818,-0.6841423458248278,-0.6831906184550289,2.6597775314693055,-0.6525136639846563,-0.6514128533997506,2.109856525114445,1.0,0.030303030303030276,0.030303030303030276,0.030303030303030276,1.2528131794009436,0.7657050541084348,0.7512156087580888,-0.043671699182595024,2.658319519746449,2.1076116502026054,-0.8660254037844385,-0.5000000000000004,-0.4999999999999997,-0.8660254037844388,0.9749279121818236,-0.22252093395631434
0.412945475457389,0.3851862850692516,0.5188151265545653,1.2614223676570673,0.6582718189721298,0.6576966628224279,-0.04382655399599019,-0.6841423458248278,-0.6831906184550289,2.1872649407913913,-0.6525136639846563,-0.6514128533997506,1.928789047937224,0.030303030303030276,0.030303030303030276,0.030303030303030276,0.030303030303030276,1.121257433296172,0.7079296434948539,0.7775019941090231,0.17207441109951835,2.1820948193177556,1.9298515847025397,-0.8660254037844385,-0.5000000000000004,-0.7071067811865471,-0.7071067811865479,0.9749279121818236,-0.22252093395631434
0.48901662953981595,0.5167792596107107,0.5188151265545653,1.2614223676570673,0.4964570723019269,0.8194824433273673,-0.04382655399599019,-0.6841423458248278,-0.6831906184550289,1.5249727030379217,-0.6525136639846563,-0.6514128533997506,1.6042341360157903,0.030303030303030276,0.030303030303030276,1.0,1.0,1.2528131794009436,0.5832538912390232,0.7792689695943253,0.06420135595846167,1.551000297611439,1.6461191724620503,-0.8660254037844385,-0.5000000000000004,-0.8660254037844385,-0.5000000000000004,0.9749279121818236,-0.22252093395631434
0.6351982029933791,0.5167792596107107,0.5188151265545653,1.419639854159865,0.4964570723019269,0.8194824433273673,-0.3134337260499762,-0.6841423458248278,-0.6831906184550289,0.7038852503844971,-0.6525136639846563,-0.6514128533997506,0.81505324492262,0.030303030303030276,0.030303030303030276,1.0,1.0,1.121257433296172,0.39642328834018364,0.7566741892966604,0.17207441109951835,0.7998816644149638,1.1572789923368694,-0.8660254037844385,-0.5000000000000004,-0.9659258262890683,-0.25881904510252063,0.9749279121818236,-0.22252093395631434
0.7826954792539853,0.8062838036019201,0.5188151265545653,1.2614223676570673,0.4964570723019269,0.8194824433273673,-0.2055908572283818,-0.6841423458248278,-0.6677210520793727,-0.2140285528176805,-0.6525136639846563,-0.5182226292062037,-0.5207464451961231,0.030303030303030276,0.030303030303030276,1.0,1.0,0.8055236426447192,0.15112979670061588,0.7479787317574171,0.4956935765226884,0.06425001334625093,-0.011835284605870865,-0.8660254037844385,-0.5000000000000004,-1.0,-1.8369701987210297e-16,0.9749279121818236,-0.22252093395631434
0.5874034528092781,0.5167792596107107,0.6768160216402405,1.2614223676570673,0.4964570723019269,0.8194824433273673,-0.04382655399599019,-0.6841423458248278,-0.31965580862710824,-0.6826680894736445,-0.6525136639846563,-0.4430896822252284,-0.6505684099646967,0.030303030303030276,0.030303030303030276,1.0,1.0,0.6739678965399476,0.0,0.7046272907412234,0.4956935765226884,-0.6829968743182837,-0.651087827846492,-0.8660254037844385,-0.5000000000000004,-0.9659258262890684,0.2588190451025203,0.9749279121818236,-0.22252093395631434
0.3921114263645708,0.5167792596107107,0.6768160216402405,1.1295744622380688,0.4964570723019269,0.8194824433273673,0.1718591836471986,-0.6841423458248278,0.1753703153938902,-0.6826680894736445,-0.6525136639846563,-0.3816172710589759,-0.6505684099646967,0.030303030303030276,0.030303030303030276,1.0,1.0,0.43716755355135906,0.0,0.6971437925600077,0.8732492695163868,-0.6829968743182837,-0.651087827846492,-0.8660254037844385,-0.5000000000000004,-0.8660254037844386,0.5000000000000001,0.9749279121818236,-0.22252093395631434
0.2778502143708201,0.5167792596107107,0.5188151265545653,0.9713569757352701,0.6582718189721298,0.8194824433273673,0.3336234868795902,-0.6841423458248278,1.2737095280654802,-0.6826680894736445,-0.6525136639846563,0.899057961571284,-0.6505684099646967,0.030303030303030276,0.030303030303030276,0.030303030303030276,0.030303030303030276,0.3845452551094506,0.0,0.6421977593759232,0.6575031592342735,-0.6829968743182837,-0.651087827846492,-0.8660254037844385,-0.5000000000000004,-0.7071067811865477,0.7071067811865474,0.9749279121818236,-0.22252093395631434
0.38122532165830275,0.5167792596107107,0.8084834342116368,0.9713569757352701,0.8200865656423326,0.38805369531419553,0.3336234868795902,-0.6841423458248278,2.016248714096978,-0.6826680894736445,-0.6525136639846563,1.3464405095034548,-0.6505684099646967,0.030303030303030276,0.030303030303030276,0.030303030303030276,0.030303030303030276,0.5161010012142222,0.0,0.5324174542840293,0.4956935765226884,-0.6829968743182837,-0.651087827846492,-0.8660254037844385,-0.5000000000000004,-0.5000000000000004,0.8660254037844384,0.9749279121818236,-0.22252093395631434
0.4846004289457854,0.5167792596107107,1.1244852243829888,0.8131394892324716,0.8200865656423326,-0.09730364620062269,0.6571520933443734,-0.6841423458248278,2.6698378934684524,-0.6826680894736445,-0.6525136639846563,2.032882434193274,-0.6505684099646967,0.030303030303030276,0.030303030303030276,0.030303030303030276,0.030303030303030276,0.5161010012142222,0.0,0.4264256106035328,0.4956935765226884,-0.6829968743182837,-0.651087827846492,-0.8660254037844385,-0.5000000000000004,-0.25881904510252157,0.9659258262890681,0.9749279121818236,-0.22252093395631434
0.30453347594706665,0.5167792596107107,1.4141535320400604,0.9713569757352701,0.8200865656423326,-0.20516083320391562,0.3336234868795902,-0.6686907554600706,2.8902792143215534,-0.6826680894736445,-0.5194264067934272,2.1524121225720987,-0.6505684099646967,0.030303030303030276,0.030303030303030276,0.030303030303030276,0.030303030303030276,0.8055236426447192,0.0,0.34827021254157176,0.4956935765226884,-0.6829968743182837,-0.651087827846492,-0.8660254037844385,-0.5000000000000004,-2.4492935982947064e-16,1.0,0.9749279121818236,-0.22252093395631434
0.12408898389332089,0.6746908290604611,1.2561526369543852,0.8131394892324716,0.8200865656423326,-0.04337505269897623,0.4953877901119818,-0.32102997225303465,2.9018813891032953,-0.6826680894736445,-0.4443515437624776,2.1489969886184177,-0.6505684099646967,0.030303030303030276,0.030303030303030276,0.030303030303030276,0.030303030303030276,0.5161010012142222,0.0,0.3077882499766822,0.4956935765226884,-0.6829968743182837,-0.651087827846492,-0.8660254037844385,-0.5000000000000004,0.25881904510252074,0.9659258262890683,0.43388373911755823,-0.900968867902419
0.28692863581767447,0.6746908290604611,1.4141535320400604,0.8131394892324716,0.8200865656423326,-0.20516083320391562,0.4953877901119818,0.1734209194191943,2.6543683270927962,-0.6826680894736445,-0.38292665582806423,2.1080153811742495,-0.6505684099646967,0.030303030303030276,0.030303030303030276,0.030303030303030276,0.030303030303030276,0.5161010012142222,0.0,0.2963899827271973,0.4956935765226884,-0.6829968743182837,-0.651087827846492,-0.8660254037844385,-0.5000000000000004,0.49999999999999994,0.8660254037844387,0.43388373911755823,-0.900968867902419
0.1247125157487568,0.5167792596107107,1.2561526369543852,0.9713569757352701,0.8200865656423326,-0.04337505269897623,0.3336234868795902,1.2704838353169523,2.1825465526352823,-0.6826680894736445,0.8967585094722141,1.9270132816291727,-0.6505684099646967,0.030303030303030276,0.030303030303030276,0.030303030303030276,0.030303030303030276,0.5161010012142222,0.0,0.28265189942693913,0.6575031592342735,-0.6829968743182837,-0.651087827846492,-0.8660254037844385,-0.5000000000000004,0.7071067811865476,0.7071067811865476,0.43388373911755823,-0.900968867902419
0.1247811617095239,0.8062838036019201,1.2561526369543852,0.681291583813473,0.3885805745217917,-0.04337505269897623,0.6571520933443734,2.0121601728252956,1.5212225900759795,-0.6826680894736445,1.343795193883778,1.602575556029507,-0.6505684099646967,0.030303030303030276,1.0,0.030303030303030276,0.030303030303030276,0.5161010012142222,0.0,0.2876562641094129,0.8193127419458585,-0.6829968743182837,-0.651087827846492,-0.8660254037844385,-0.5000000000000004,0.8660254037844386,0.5000000000000001,0.43388373911755823,-0.900968867902419
0.12387160272935968,1.1221069425014227,1.4141535320400604,0.8131394892324716,-0.09686366548881685,-0.3130180202072086,0.6571520933443734,2.664989865736285,0.701335572166201,-0.6826680894736445,2.029706442484727,0.8136796127292667,-0.6505684099646967,0.030303030303030276,1.0,0.030303030303030276,0.030303030303030276,0.5161010012142222,0.0,0.2998148358433267,0.8193127419458585,-0.6829968743182837,-0.651087827846492,-0.8660254037844385,-0.5000000000000004,0.9659258262890683,0.25881904510252074,0.43388373911755823,-0.900968867902419
0.1498197758993277,1.4116114864926321,1.2561526369543852,0.8131394892324716,-0.20474016326895209,-0.20516083320391562,0.818916396576765,2.8851750284340745,-0.21523623559142888,-0.667175873385844,2.1491437245794196,-0.5216377631598843,-0.4797500352692052,0.030303030303030276,1.0,0.030303030303030276,0.030303030303030276,0.5161010012142222,0.00027718030564091825,0.3247390346028174,0.8193127419458585,-0.6675098921905214,-0.5177677787214426,-0.8660254037844385,-0.5000000000000004,1.0,6.123233995736766e-17,0.43388373911755823,-0.900968867902419
0.13409412581053126,1.2536999170428818,1.2561526369543852,1.1295744622380688,-0.04292541659874924,-0.04337505269897623,0.6571520933443734,2.8967637212076425,-0.6831906184550289,-0.11720220226892757,2.1457312308052856,-0.6514128533997506,0.6100711952880302,0.030303030303030276,1.0,0.030303030303030276,0.030303030303030276,0.6739678965399476,0.03150985587546332,0.39998602727948296,0.8193127419458585,-0.31905279431586786,-0.4425615971637225,-0.8660254037844385,-0.5000000000000004,0.9659258262890683,-0.25881904510252063,0.43388373911755823,-0.900968867902419
0.2976316909211099,1.4116114864926321,1.1244852243829888,1.5514877595788634,-0.20474016326895209,0.17233932130760965,0.2257806180579958,2.649538275371528,-0.6831906184550289,0.7503618986478985,2.1047813055156768,-0.6514128533997506,1.313842899033455,0.030303030303030276,1.0,0.030303030303030276,0.030303030303030276,0.6739678965399476,0.09332107123120638,0.47722141798835127,0.8193127419458585,0.17653063377252814,-0.3810292667983151,-0.8660254037844385,-0.5000000000000004,0.8660254037844387,-0.4999999999999998,0.43388373911755823,-0.900968867902419
0.07330813441585038,1.2536999170428818,0.9664843292973129,1.8415531515006607,-0.04292541659874924,0.33412510181254906,-0.15166942281758458,2.178264769246435,-0.6831906184550289,1.5559571352135226,1.9239191354865708,-0.6514128533997506,1.6383978109548887,0.030303030303030276,0.030303030303030276,0.030303030303030276,0.030303030303030276,0.5161010012142222,0.24635231598917234,0.5110925627685285,0.8193127419458585,1.2761063648436568,0.9008942824810053,-0.8660254037844385,-0.5000000000000004,0.7071067811865476,-0.7071067811865475,0.43388373911755823,-0.900968867902419
0.07304499042214378,1.2536999170428818,0.9664843292973129,1.7097052460816622,-0.04292541659874924,0.33412510181254906,-0.3134337260499762,1.5177092811530668,-0.6831906184550289,1.9781200236060854,1.5997322269438337,-0.6514128533997506,1.2455155491552583,1.0,0.030303030303030276,0.030303030303030276,0.030303030303030276,0.8055236426447192,0.42546068431906986,0.5571462500788141,0.38782052138163176,2.019481506976251,1.348712909029248,-0.8660254037844385,-0.5000000000000004,0.49999999999999994,-0.8660254037844387,0.43388373911755823,-0.900968867902419
0.12159484617468318,1.4116114864926321,0.8084834342116368,1.7097052460816622,-0.3126166610490873,0.6576966628224279,-0.3134337260499762,0.6987749918209375,-0.6831906184550289,2.5861895050522534,0.8114461651188621,-0.6514128533997506,1.81263255314429,1.0,0.030303030303030276,0.030303030303030276,0.030303030303030276,1.121257433296172,0.5862917830025689,0.6028789950622719,-0.09760822675312336,2.6738065018742114,2.035823931442964,-0.8660254037844385,-0.5000000000000004,0.258819045102521,-0.9659258262890682,0.43388373911755823,-0.900968867902419
0.15858357574649623,1.2536999170428818,0.9664843292973129,1.7097052460816622,-0.20474016326895209,0.33412510181254906,-0.4212765948715706,-0.21673173729092385,-0.6831906184550289,2.896033826808263,-0.5228389005675613,-0.6514128533997506,2.154269302535273,1.0,0.030303030303030276,0.030303030303030276,0.030303030303030276,1.410680074726669,0.7038938760057255,0.6192066414266474,-0.20548128189418005,2.894495997194825,2.1554701293757,-0.8660254037844385,-0.5000000000000004,1.2246467991473532e-16,-1.0,0.43388373911755823,-0.900968867902419
0.07934897896335616,1.2536999170428818,0.8084834342116368,1.8415531515006607,-0.04292541659874924,0.4959108823174885,-0.798726635747151,-0.6841423458248278,-0.6831906184550289,2.8844146647424123,-0.6525136639846563,-0.6514128533997506,2.068860115187527,1.0,0.030303030303030276,0.030303030303030276,0.030303030303030276,1.2528131794009436,0.7719859688045224,0.6616663995561918,-0.043671699182595024,2.906111233790647,2.152051666577622,-0.8660254037844385,-0.5000000000000004,-0.2588190451025208,-0.9659258262890683,0.43388373911755823,-0.900968867902419
0.07285049238920428,1.1221069425014227,0.8084834342116368,1.7097052460816622,0.17282757896152123,0.4959108823174885,-0.3134337260499762,-0.6841423458248278,-0.6831906184550289,2.4622517763498495,-0.6525136639846563,-0.6514128533997506,1.5085758461863152,1.0,0.030303030303030276,0.030303030303030276,0.030303030303030276,1.410680074726669,0.7794809465633971,0.6840560451556532,-0.20548128189418005,2.658319519746449,2.111030113000684,-0.8660254037844385,-0.5000000000000004,-0.4999999999999997,-0.8660254037844388,0.43388373911755823,-0.900968867902419
0.4478290530795493,0.9641953730516715,0.9664843292973129,1.8415531515006607,0.3346423256317241,0.33412510181254906,-0.4212765948715706,-0.6841423458248278,-0.6831906184550289,2.1640266166596906,-0.6525136639846563,-0.6514128533997506,1.6144832384975198,0.030303030303030276,0.030303030303030276,0.030303030303030276,0.030303030303030276,1.2528131794009436,0.7282358730110073,0.7158095647267069,-0.043671699182595024,2.1859665648496964,1.9298515847025397,-0.8660254037844385,-0.5000000000000004,-0.7071067811865471,-0.7071067811865479,0.43388373911755823,-0.900968867902419
0.597997824195329,0.9641953730516715,0.6768160216402405,1.5514877595788634,0.3346423256317241,0.6576966628224279,-0.2055908572283818,-0.6841423458248278,-0.6831906184550289,1.1570325709526608,-0.6525136639846563,-0.6514128533997506,0.575907520348932,0.030303030303030276,0.030303030303030276,1.0,1.0,1.2528131794009436,0.6089429845512734,0.7293084010418691,-0.043671699182595024,1.523898078887855,1.605097618885112,-0.8660254037844385,-0.5000000000000004,-0.8660254037844385,-0.5000000000000004,0.43388373911755823,-0.900968867902419
0.6285109194333295,0.8062838036019201,0.8084834342116368,1.2614223676570673,0.6582718189721298,0.6576966628224279,-0.3134337260499762,-0.6841423458248278,-0.6831906184550289,0.7464888446259483,-0.6525136639846563,-0.6514128533997506,0.8184696124165298,0.030303030303030276,0.030303030303030276,1.0,1.0,1.410680074726669,0.42419119406403777,0.7055302419508702,-0.31335433703523674,0.7030880261164489,0.8154327125290506,-0.8660254037844385,-0.5000000000000004,-0.9659258262890683,-0.25881904510252063,0.43388373911755823,-0.900968867902419
0.6079457565688361,0.9641953730516715,0.8084834342116368,1.1295744622380688,0.3346423256317241,0.8194824433273673,0.0640163148256042,-0.6841423458248278,-0.6677210520793727,-0.03199501378602501,-0.6525136639846563,-0.480656155715716,-0.12103144840867314,0.030303030303030276,0.030303030303030276,1.0,1.0,1.2528131794009436,0.15796505516429227,0.6726834389508125,-0.20548128189418005,-0.21451566495347185,-0.5211862415195209,-0.8660254037844385,-0.5000000000000004,-1.0,-1.8369701987210297e-16,0.43388373911755823,-0.900968867902419
0.6343630219117061,0.8062838036019201,1.1244852243829888,1.1295744622380688,0.4964570723019269,0.6576966628224279,0.0640163148256042,-0.6841423458248278,-0.11855144574357762,-0.6826680894736445,-0.6525136639846563,0.6087715755084252,-0.6505684099646967,0.030303030303030276,0.030303030303030276,1.0,1.0,1.2528131794009436,0.0,0.6241950767979748,-0.043671699182595024,-0.6829968743182837,-0.651087827846492,-0.8660254037844385,-0.5000000000000004,-0.9659258262890684,0.2588190451025203,0.43388373911755823,-0.900968867902419
0.3444139131838962,0.8062838036019201,1.5458209446114568,1.1295744622380688,0.4964570723019269,0.22626791480925612,0.1718591836471986,-0.6841423458248278,0.7477442712931696,-0.6826680894736445,-0.6525136639846563,1.312289169966648,-0.6505684099646967,0.030303030303030276,0.030303030303030276,1.0,1.0,1.121257433296172,0.0,0.6165023975662061,0.17207441109951835,-0.6829968743182837,-0.651087827846492,-0.8660254037844385,-0.5000000000000004,-0.8660254037844386,0.5000000000000001,0.43388373911755823,-0.900968867902419
0.7029289071655825,0.9641953730516715,1.835489252268529,0.9713569757352701,0.3346423256317241,-0.15123223970226915,0.3336234868795902,-0.6841423458248278,1.552161722827292,-0.6826680894736445,-0.6525136639846563,1.636726895566314,-0.6505684099646967,0.030303030303030276,0.030303030303030276,0.030303030303030276,0.030303030303030276,0.9633905379704456,0.0,0.5490042208576965,0.3338839938111034,-0.6829968743182837,-0.651087827846492,-0.8660254037844385,-0.5000000000000004,-0.7071067811865477,0.7071067811865474,0.43388373911755823,-0.900968867902419
0.6159773339785881,0.6746908290604611,1.7038218396971327,1.1295744622380688,0.6582718189721298,-0.3130180202072086,0.1718591836471986,-0.6841423458248278,1.9737074065639233,-0.6826680894736445,-0.6525136639846563,1.243986490893034,-0.6505684099646967,0.030303030303030276,0.030303030303030276,0.030303030303030276,0.030303030303030276,0.9633905379704456,0.0,0.4354936910964421,0.3338839938111034,-0.6829968743182837,-0.651087827846492,-0.8660254037844385,-0.5000000000000004,-0.5000000000000004,0.8660254037844384,0.43388373911755823,-0.900968867902419
0.5290257607915937,0.8062838036019201,1.7038218396971327,0.9713569757352701,0.6582718189721298,-0.3130180202072086,0.3336234868795902,-0.6841423458248278,2.580887886808429,-0.6826680894736445,-0.6525136639846563,1.8108987272040291,-0.6505684099646967,0.030303030303030276,0.030303030303030276,0.030303030303030276,0.030303030303030276,0.8055236426447192,0.0,0.3528023832708017,0.6575031592342735,-0.6829968743182837,-0.651087827846492,-0.8660254037844385,-0.5000000000000004,-0.25881904510252157,0.9659258262890681,0.43388373911755823,-0.900968867902419
0.2586836889308702,0.8062838036019201,1.7038218396971327,1.1295744622380688,0.8200865656423326,-0.4208752072105015,0.3336234868795902,-0.6686907554600706,2.8902792143215534,-0.6826680894736445,-0.48188897527795244,2.1524121225720987,-0.6505684099646967,0.030303030303030276,0.030303030303030276,0.030303030303030276,0.030303030303030276,0.9633905379704456,0.0,0.2834767918900034,0.3338839938111034,-0.6829968743182837,-0.651087827846492,-0.8660254037844385,-0.5000000000000004,-2.4492935982947064e-16,1.0,0.43388373911755823,-0.900968867902419
0.08144839897528497,1.1221069425014227,1.835489252268529,0.8131394892324716,0.6582718189721298,-0.7983753617220268,0.6571520933443734,-0.12015929751119163,2.878677039539811,-0.6826680894736445,0.6066965386708176,2.0670337737300812,-0.6505684099646967,0.030303030303030276,0.030303030303030276,0.030303030303030276,0.030303030303030276,0.8055236426447192,0.0,0.26674317857981933,0.4956935765226884,-0.6829968743182837,-0.651087827846492,-0.8660254037844385,-0.5000000000000004,0.25881904510252074,0.9659258262890683,-0.433883739117558,-0.9009688679024191
0.23011838850665603,1.5432044610340911,1.7038218396971327,0.8131394892324716,0.22676582785158886,-0.3130180202072086,0.4953877901119818,0.745129762915209,2.4571313558031798,-0.6826680894736445,1.3096702561424372,1.5069518053264475,-0.6505684099646967,0.030303030303030276,0.030303030303030276,0.030303030303030276,0.030303030303030276,0.8055236426447192,0.0,0.26953654463124077,0.4956935765226884,-0.6829968743182837,-0.651087827846492,-0.8660254037844385,-0.5000000000000004,0.49999999999999994,0.8660254037844387,-0.433883739117558,-0.9009688679024191
0.08001255544000556,1.8327090050253017,1.835489252268529,0.681291583813473,-0.15080191437888446,-0.4208752072105015,0.6571520933443734,1.548612461882581,2.1593422030717977,-0.6826680894736445,1.6338571646851745,1.612820957890549,-0.6505684099646967,0.030303030303030276,0.030303030303030276,0.030303030303030276,0.030303030303030276,0.9633905379704456,0.0,0.26852931021421744,0.3338839938111034,-0.6829968743182837,-0.651087827846492,-0.8660254037844385,-0.5000000000000004,0.7071067811865476,0.7071067811865476,-0.433883739117558,-0.9009688679024191
0.07984666217891773,1.7011160304838424,1.5458209446114568,0.8131394892324716,-0.3126166610490873,-0.20516083320391562,0.4953877901119818,1.9696682993222134,1.1538203886541447,-0.6826680894736445,1.2414203806597557,0.5746202359716183,-0.6505684099646967,0.030303030303030276,1.0,0.030303030303030276,0.030303030303030276,0.6739678965399476,0.0,0.26436694535790417,0.6575031592342735,-0.6829968743182837,-0.651087827846492,-0.8660254037844385,-0.5000000000000004,0.8660254037844386,0.5000000000000001,-0.433883739117558,-0.9009688679024191
0.07946910596240057,1.7011160304838424,1.2561526369543852,0.8131394892324716,-0.3126166610490873,-0.3130180202072086,0.4953877901119818,2.5761432211389317,0.7438768796992555,-0.6826680894736445,1.8078943471660123,0.8170947466829475,-0.6505684099646967,0.030303030303030276,1.0,0.030303030303030276,0.030303030303030276,0.8055236426447192,0.0,0.28517825744297054,0.6575031592342735,-0.6829968743182837,-0.651087827846492,-0.8660254037844385,-0.5000000000000004,0.9659258262890683,0.25881904510252074,-0.433883739117558,-0.9009688679024191
0.2317944826077262,1.7011160304838424,1.1244852243829888,0.8131394892324716,-0.42049315882922256,0.06448213430431671,0.6571520933443734,2.8851750284340745,-0.03346883067746852,-0.6749219814297444,2.1491437245794196,-0.12206709057924321,-0.6369029399890573,0.030303030303030276,1.0,0.030303030303030276,0.030303030303030276,0.8055236426447192,0.000864802567436506,0.3038842882545608,0.8193127419458585,-0.6675098921905214,-0.48016468794258255,-0.8660254037844385,-0.5000000000000004,1.0,6.123233995736766e-17,-0.433883739117558,-0.9009688679024191
0.16818829204535987,1.8327090050253017,1.1244852243829888,1.1295744622380688,-0.7980609010596958,0.06448213430431671,0.3336234868795902,2.873586335660507,-0.6831906184550289,-0.12107525629087769,2.063831380226068,-0.6514128533997506,0.3333454282813341,0.030303030303030276,1.0,0.030303030303030276,0.030303030303030276,1.121257433296172,0.036083330991714076,0.36953046485878704,0.6575031592342735,-0.11772202665495698,0.6103249446443593,-0.8660254037844385,-0.5000000000000004,0.9659258262890683,-0.25881904510252063,-0.433883739117558,-0.9009688679024191
0.20184768222307392,1.7011160304838424,1.1244852243829888,1.5514877595788634,-0.3126166610490873,0.17233932130760965,-0.04382655399599019,2.452530498220874,-0.6831906184550289,0.24686487579438335,1.5041824012680796,-0.6514128533997506,-0.26451888315288596,0.030303030303030276,1.0,0.030303030303030276,0.030303030303030276,1.5422358208314406,0.10154777839937126,0.4581925497228837,0.2260109386700467,0.7495489724997361,1.314528281048466,-0.8660254037844385,-0.5000000000000004,0.8660254037844387,-0.4999999999999998,-0.433883739117558,-0.9009688679024191
0.08032146226345757,1.8327090050253017,0.9664843292973129,1.5514877595788634,-0.42049315882922256,0.33412510181254906,0.0640163148256042,2.155087383699299,-0.6831906184550289,0.5954397377698938,1.6099697082662359,-0.6514128533997506,-0.3533444379945415,0.030303030303030276,0.030303030303030276,0.030303030303030276,0.030303030303030276,1.8316584622619385,0.24641329122250405,0.4971268081240715,-0.15154475432365172,1.5548720431433796,1.6392822468658939,-0.8660254037844385,-0.5000000000000004,0.7071067811865476,-0.7071067811865475,-0.433883739117558,-0.9009688679024191
0.079823779047896,1.5432044610340911,1.1244852243829888,2.448053516428054,-0.20474016326895209,0.17233932130760965,-0.8526480701579482,1.1507340099900842,-0.6831906184550289,1.1260481387770598,0.5725716009294769,-0.6514128533997506,-0.14494602086604194,1.0,0.030303030303030276,0.030303030303030276,0.030303030303030276,1.700102716157167,0.42148037063149635,0.5255339430827785,-0.31335433703523674,1.9768923061249044,1.2461590250869023,-0.8660254037844385,-0.5000000000000004,0.49999999999999994,-0.8660254037844387,-0.433883739117558,-0.9009688679024191
0.08198040517123008,1.2536999170428818,0.9664843292973129,2.131618543422457,-0.3126166610490873,0.33412510181254906,-0.6369623325147594,0.7412668653240198,-0.6831906184550289,1.830943970771981,0.8148586588929962,-0.6514128533997506,0.34701089825697345,1.0,0.030303030303030276,0.030303030303030276,0.030303030303030276,1.700102716157167,0.5711411205584805,0.5573085139299777,-0.31335433703523674,2.5847563546395778,1.8136238495678814,-0.8660254037844385,-0.5000000000000004,0.258819045102521,-0.9659258262890682,-0.433883739117558,-0.9009688679024191
0.08480060777121352,1.1221069425014227,1.1244852243829888,1.8415531515006607,0.064951081181386,0.33412510181254906,-0.529119463693165,-0.035175550505027284,-0.6831906184550289,2.1562805086157906,-0.12357712899387452,-0.6514128533997506,0.6203202977697597,1.0,0.030303030303030276,0.030303030303030276,0.030303030303030276,1.700102716157167,0.6876954719895505,0.5759795105009757,-0.42122739217629346,2.894495997194825,2.1554701293757,-0.8660254037844385,-0.5000000000000004,1.2246467991473532e-16,-1.0,-0.433883739117558,-0.9009688679024191
0.08330183991599696,1.1221069425014227,0.8084834342116368,2.131618543422457,0.064951081181386,0.6576966628224279,-0.7448052013363538,-0.6841423458248278,-0.6831906184550289,2.6249200452717547,-0.6525136639846563,-0.6514128533997506,1.2660137541187173,1.0,0.030303030303030276,0.030303030303030276,0.030303030303030276,1.8316584622619385,0.7490409472573678,0.5851048033429221,-0.7987830851699919,2.8828807605990034,2.0700085594237456,-0.8660254037844385,-0.5000000000000004,-0.2588190451025208,-0.9659258262890683,-0.433883739117558,-0.9009688679024191
0.09215430631839032,1.1221069425014227,0.8084834342116368,1.8415531515006607,0.17282757896152123,0.4959108823174885,-0.6369623325147594,-0.6841423458248278,-0.6831906184550289,1.5908146214110737,-0.6525136639846563,-0.6514128533997506,0.13861248112847385,1.0,0.030303030303030276,0.030303030303030276,0.030303030303030276,1.700102716157167,0.7593853430387065,0.604905346855116,-0.31335433703523674,2.4608604976174786,1.5093806605389228,-0.8660254037844385,-0.5000000000000004,-0.4999999999999997,-0.8660254037844388,-0.433883739117558,-0.9009688679024191
0.46785651213335394,0.9641953730516715,0.6768160216402405,1.8415531515006607,0.3346423256317241,0.6576966628224279,-0.529119463693165,-0.6841423458248278,-0.6831906184550289,1.8503092408817314,-0.6525136639846563,-0.6514128533997506,1.091779011929316,0.030303030303030276,0.030303030303030276,0.030303030303030276,0.030303030303030276,1.8316584622619385,0.7216555237521086,0.5955156581799291,-0.42122739217629346,2.162736091658053,1.6153530072793465,-0.8660254037844385,-0.5000000000000004,-0.7071067811865471,-0.7071067811865479,-0.433883739117558,-0.9009688679024191
0.5694754274965943,1.1221069425014227,0.8084834342116368,1.5514877595788634,0.17282757896152123,0.4959108823174885,-0.04382655399599019,-0.6841423458248278,-0.6831906184550289,1.0447140043161074,-0.6525136639846563,-0.6514128533997506,0.36067636823261273,0.030303030303030276,0.030303030303030276,1.0,1.0,1.5422358208314406,0.6065536814086501,0.5699870163309243,-0.20548128189418005,1.1560822533534985,0.5761403166635775,-0.8660254037844385,-0.5000000000000004,-0.8660254037844385,-0.5000000000000004,-0.433883739117558,-0.9009688679024191
0.6429609284977869,0.9641953730516715,0.8084834342116368,1.2614223676570673,0.3346423256317241,0.4959108823174885,0.3336234868795902,-0.6841423458248278,-0.6831906184550289,0.6148050078796444,-0.6525136639846563,-0.6514128533997506,0.8013877749469807,0.030303030303030276,0.030303030303030276,1.0,1.0,1.2528131794009436,0.41772181893152344,0.5515604399296712,-0.31335433703523674,0.7456772269677955,0.8188511753271287,-0.8660254037844385,-0.5000000000000004,-0.9659258262890683,-0.25881904510252063,-0.433883739117558,-0.9009688679024191
0.4027973028163243,1.1221069425014227,0.8084834342116368,1.8415531515006607,0.3346423256317241,0.6576966628224279,-0.4212765948715706,-0.6841423458248278,-0.6754558352672009,-0.08621777009332664,-0.6525136639846563,-0.6377523175850279,-0.27818435312852524,0.030303030303030276,0.030303030303030276,1.0,1.0,1.121257433296172,0.15128501678728135,0.5391573968063624,0.06420135595846167,-0.03254362495226392,-0.12122609414437287,-0.8660254037844385,-0.5000000000000004,-1.0,-1.8369701987210297e-16,-0.433883739117558,-0.9009688679024191
0.2815799656540736,0.8062838036019201,1.1244852243829888,1.7097052460816622,0.6582718189721298,0.33412510181254906,-0.3134337260499762,-0.6841423458248278,-0.12241883733749168,-0.6826680894736445,-0.6525136639846563,0.332145725260289,-0.6505684099646967,0.030303030303030276,0.030303030303030276,1.0,1.0,1.121257433296172,0.0,0.517119886300572,0.06420135595846167,-0.6829968743182837,-0.651087827846492,-0.8660254037844385,-0.5000000000000004,-0.9659258262890684,0.2588190451025203,-0.433883739117558,-0.9009688679024191
0.5162748079020831,0.8062838036019201,1.5458209446114568,1.419639854159865,0.4964570723019269,-0.04337505269897623,0.2257806180579958,-0.6841423458248278,0.2449833640843431,-0.6826680894736445,-0.6525136639846563,-0.26550271663383235,-0.6505684099646967,0.030303030303030276,0.030303030303030276,1.0,1.0,1.121257433296172,0.0,0.5223485930499954,0.17207441109951835,-0.6829968743182837,-0.651087827846492,-0.8660254037844385,-0.5000000000000004,-0.8660254037844386,0.5000000000000001,-0.433883739117558,-0.9009688679024191
0.42454664282703086,0.6746908290604611,1.5458209446114568,1.419639854159865,0.6582718189721298,0.06448213430431671,0.0640163148256042,-0.6841423458248278,0.5930486075366076,-0.6826680894736445,-0.6525136639846563,-0.35429619942953033,-0.6505684099646967,0.030303030303030276,0.030303030303030276,0.030303030303030276,0.030303030303030276,0.9633905379704456,0.0,0.48123821659939725,0.3338839938111034,-0.6829968743182837,-0.651087827846492,-0.8660254037844385,-0.5000000000000004,-0.7071067811865477,0.7071067811865474,-0.433883739117558,-0.9009688679024191
0.7037526243718075,0.8062838036019201,2.4411593500969526,1.1295744622380688,0.4964570723019269,-0.8523039552236732,0.4953877901119818,-0.6841423458248278,1.1228812559028323,-0.6826680894736445,-0.6525136639846563,-0.14597302825500807,-0.6505684099646967,0.030303030303030276,0.030303030303030276,0.030303030303030276,0.030303030303030276,1.121257433296172,0.0,0.3960451361897199,0.17207441109951835,-0.6829968743182837,-0.651087827846492,-0.8660254037844385,-0.5000000000000004,-0.5000000000000004,0.8660254037844384,-0.433883739117558,-0.9009688679024191
0.47256876559468286,0.8062838036019201,2.1251575599256007,1.1295744622380688,0.4964570723019269,-0.6365895812170874,0.4953877901119818,-0.6841423458248278,1.8267465259951894,-0.6826680894736445,-0.6525136639846563,0.3458062610750118,-0.6505684099646967,0.030303030303030276,0.030303030303030276,0.030303030303030276,0.030303030303030276,0.9633905379704456,0.0,0.3578586846783639,0.3338839938111034,-0.6829968743182837,-0.651087827846492,-0.8660254037844385,-0.5000000000000004,-0.25881904510252157,0.9659258262890681,-0.433883739117558,-0.9009688679024191
0.24138490681755814,0.8062838036019201,1.835489252268529,0.5230740973106753,0.6582718189721298,-0.5287323942137945,0.6571520933443734,-0.6764165506424492,2.1516074198839696,-0.6826680894736445,-0.63886368888812,0.6190169773694673,-0.6505684099646967,0.030303030303030276,0.030303030303030276,0.030303030303030276,0.030303030303030276,1.121257433296172,0.0,0.28861366180699755,0.3338839938111034,-0.6829968743182837,-0.651087827846492,-0.8660254037844385,-0.5000000000000004,-2.4492935982947064e-16,1.0,-0.433883739117558,-0.9009688679024191
0.12428347849396235,1.1221069425014227,2.1251575599256007,1.1295744622380688,0.3346423256317241,-0.7444467682203804,0.3336234868795902,-0.12402219510238092,2.61956180274757,-0.6826680894736445,0.3302845429659575,1.2644772946151184,-0.6505684099646967,0.030303030303030276,0.030303030303030276,0.030303030303030276,0.030303030303030276,0.8055236426447192,0.0,0.2177969127560847,0.6575031592342735,-0.6829968743182837,-0.651087827846492,-0.8660254037844385,-0.5000000000000004,0.25881904510252074,0.9659258262890683,-0.9749279121818236,-0.2225209339563146
0.12966074656481874,1.5432044610340911,1.835489252268529,1.2614223676570673,-0.04292541659874924,-0.6365895812170874,0.2257806180579958,0.24295307606060149,1.5869682471725184,-0.6826680894736445,-0.2669018675075057,0.13748308990048946,-0.6505684099646967,0.030303030303030276,0.030303030303030276,0.030303030303030276,0.030303030303030276,0.8055236426447192,0.0,0.21430101798542145,0.4956935765226884,-0.6829968743182837,-0.651087827846492,-0.8660254037844385,-0.5000000000000004,0.49999999999999994,0.8660254037844387,-0.9749279121818236,-0.2225209339563146
0.14012353394097324,1.5432044610340911,1.835489252268529,1.1295744622380688,0.064951081181386,-0.5287323942137945,0.3336234868795902,0.5906138592676374,1.8460834839647597,-0.6826680894736445,-0.35562670563499166,1.090305462977403,-0.6505684099646967,0.030303030303030276,0.030303030303030276,0.030303030303030276,0.030303030303030276,0.6739678965399476,0.0,0.21436140595275788,0.6575031592342735,-0.6829968743182837,-0.651087827846492,-0.8660254037844385,-0.5000000000000004,0.7071067811865476,0.7071067811865476,-0.9749279121818236,-0.2225209339563146
0.13999768873339694,2.438036687916014,1.5458209446114568,1.1295744622380688,-0.8519991499497634,-0.04337505269897623,0.4953877901119818,1.1198308292605699,1.0416660324306373,-0.6826680894736445,-0.14746458541281304,0.35946679688973454,-0.6505684099646967,0.030303030303030276,1.0,0.030303030303030276,0.030303030303030276,0.8055236426447192,0.0,0.21570843152780472,0.4956935765226884,-0.6829968743182837,-0.651087827846492,-0.8660254037844385,-0.5000000000000004,0.8660254037844386,0.5000000000000001,-0.9749279121818236,-0.2225209339563146
0.13990615620931007,2.122213549016511,1.2561526369543852,0.9713569757352701,-0.6362461543894931,0.33412510181254906,0.6571520933443734,1.8228781908570204,0.6123855655061778,-0.6826680894736445,0.3439345180624938,0.800019076914544,-0.6505684099646967,0.030303030303030276,1.0,0.030303030303030276,0.030303030303030276,0.8055236426447192,0.0,0.23932944873263884,0.4956935765226884,-0.6829968743182837,-0.651087827846492,-0.8660254037844385,-0.5000000000000004,0.9659258262890683,0.25881904510252074,-0.9749279121818236,-0.2225209339563146
0.2347577227961601,1.8327090050253017,1.835489252268529,0.9713569757352701,-0.5283696566093578,-0.4208752072105015,0.6571520933443734,2.1473615885169206,-0.08761231299226523,-0.6749219814297444,0.6169340199932198,-0.2791632524485551,-0.5549101201352215,0.030303030303030276,1.0,0.030303030303030276,0.030303030303030276,0.8055236426447192,0.0008980642046456024,0.25389939036835985,0.6575031592342735,-0.6752533832544025,-0.6374139766541792,-0.8660254037844385,-0.5000000000000004,1.0,6.123233995736766e-17,-0.9749279121818236,-0.2225209339563146
0.23615351484562994,2.122213549016511,1.7038218396971327,1.1295744622380688,-0.7441226521696283,-0.3130180202072086,0.6571520933443734,2.6147721970508244,-0.6831906184550289,-0.13656747237867814,1.26189534330456,-0.6514128533997506,0.46658376054381745,0.030303030303030276,1.0,0.030303030303030276,0.030303030303030276,1.121257433296172,0.05035257468488191,0.2503847492058009,0.3338839938111034,-0.12159377218689758,0.3334294580000261,-0.8660254037844385,-0.5000000000000004,0.9659258262890683,-0.25881904510252063,-0.9749279121818236,-0.2225209339563146
0.13855611669269152,1.8327090050253017,1.4141535320400604,1.2614223676570673,-0.6362461543894931,0.22626791480925612,0.4953877901119818,1.5833785402032845,-0.6831906184550289,0.4056600906943381,0.1357723978403152,-0.6514128533997506,0.1181142761650149,0.030303030303030276,1.0,0.030303030303030276,0.030303030303030276,1.5422358208314406,0.15010976872465198,0.2563003114615695,-0.043671699182595024,0.24622205334745884,-0.2648015316636568,-0.8660254037844385,-0.5000000000000004,0.8660254037844387,-0.4999999999999998,-0.9749279121818236,-0.2225209339563146
0.115273696143279,1.8327090050253017,1.4141535320400604,1.1295744622380688,-0.5283696566093578,0.06448213430431671,0.4953877901119818,1.842192678812967,-0.6831906184550289,1.4126541364013683,1.0878581608237223,-0.6514128533997506,1.2181846092039796,0.030303030303030276,0.030303030303030276,0.030303030303030276,0.030303030303030276,1.5422358208314406,0.26144201650458404,0.3054667193409547,0.06420135595846167,0.5946791512221123,-0.35368156441368964,-0.8660254037844385,-0.5000000000000004,0.7071067811865476,-0.7071067811865475,-0.9749279121818236,-0.2225209339563146
0.11555400162717738,1.5432044610340911,1.1244852243829888,1.419639854159865,-0.04292541659874924,0.4959108823174885,0.2257806180579958,1.038709979845595,-0.6831906184550289,2.1020577523084887,0.3575844931590301,-0.6514128533997506,1.771636143217372,1.0,0.030303030303030276,0.030303030303030276,0.030303030303030276,2.4368148943438883,0.4209759113369284,0.3768325430397438,-0.8527196127405202,1.1251082890979736,-0.14515533373092018,-0.8660254037844385,-0.5000000000000004,0.49999999999999994,-0.8660254037844387,-0.9749279121818236,-0.2225209339563146
0.11892336848099969,1.2536999170428818,1.1244852243829888,1.419639854159865,0.3346423256317241,0.4959108823174885,0.0640163148256042,0.6099283472235839,-0.6831906184550289,2.5629511809205527,0.7977961900223258,-0.6514128533997506,1.874127168034667,1.0,0.030303030303030276,0.030303030303030276,0.030303030303030276,2.1210811036924357,0.6146196284318559,0.43453762510975724,-0.6369735024584068,1.8297659759111617,0.34710330919233884,-0.8660254037844385,-0.5000000000000004,0.258819045102521,-0.9659258262890682,-0.9749279121818236,-0.2225209339563146
0.12184082524589995,1.8327090050253017,0.5188151265545653,1.419639854159865,-0.42049315882922256,0.6576966628224279,0.0640163148256042,-0.08925611678167733,-0.6831906184550289,2.8263188544131608,-0.280551842604042,-0.6514128533997506,2.01078186779106,1.0,0.030303030303030276,0.030303030303030276,0.030303030303030276,1.8316584622619385,0.7360966622559075,0.4577644046686301,-0.5291004473173502,2.1549926005941717,0.6205803330385938,-0.8660254037844385,-0.5000000000000004,1.2246467991473532e-16,-1.0,-0.9749279121818236,-0.2225209339563146
0.1072993282772303,1.7011160304838424,1.1244852243829888,1.7097052460816622,-0.3126166610490873,0.33412510181254906,-0.3134337260499762,-0.6841423458248278,-0.6831906184550289,2.8650493946326616,-0.6525136639846563,-0.6514128533997506,2.150852935041363,1.0,0.030303030303030276,0.030303030303030276,0.030303030303030276,2.1210811036924357,0.8041943563144106,0.4514049217064112,-0.7448465575994635,2.6234738099589836,1.2666698018753715,-0.8660254037844385,-0.5000000000000004,-0.2588190451025208,-0.9659258262890683,-0.9749279121818236,-0.2225209339563146
0.10282017247258021,1.4116114864926321,1.2561526369543852,1.5514877595788634,0.22676582785158886,0.22626791480925612,-0.04382655399599019,-0.6841423458248278,-0.6831906184550289,2.613300883205904,-0.6525136639846563,-0.6514128533997506,2.089358320150986,1.0,0.030303030303030276,0.030303030303030276,0.030303030303030276,1.8316584622619385,0.8136628002275202,0.46957150716432283,-0.6369735024584068,1.5897177529308448,0.13857707850956938,-0.8660254037844385,-0.5000000000000004,-0.4999999999999997,-0.8660254037844388,-0.9749279121818236,-0.2225209339563146
0.2158800835852045,1.4116114864926321,1.1244852243829888,1.419639854159865,0.064951081181386,0.33412510181254906,-0.09774798840678739,-0.6841423458248278,-0.6831906184550289,2.14078829252799,-0.6525136639846563,-0.6514128533997506,1.911707210467675,0.030303030303030276,0.030303030303030276,0.030303030303030276,0.030303030303030276,1.8316584622619385,0.7707719190463905,0.48227736085836337,-0.5291004473173502,1.8491247035708647,1.0923281991733838,-0.8660254037844385,-0.5000000000000004,-0.7071067811865471,-0.7071067811865479,-0.9749279121818236,-0.2225209339563146
0.9646931170607693,1.1221069425014227,1.1244852243829888,1.2614223676570673,0.4964570723019269,0.4959108823174885,-0.04382655399599019,-0.6841423458248278,-0.6831906184550289,1.4823691087964705,-0.6525136639846563,-0.6514128533997506,1.631565075967069,0.030303030303030276,0.030303030303030276,0.5757575757575757,1.0,1.5422358208314406,0.6624609322113997,0.49336831020791727,-0.043671699182595024,1.0438016329272213,0.3607771603846516,-0.8660254037844385,-0.5000000000000004,-0.8660254037844385,-0.5000000000000004,-0.9749279121818236,-0.2225209339563146
0.652682912691429,1.1221069425014227,0.9664843292973129,1.1295744622380688,0.4964570723019269,0.6576966628224279,0.1718591836471986,-0.6841423458248278,-0.6831906184550289,0.730996628538148,-0.6525136639846563,-0.6514128533997506,1.1054444819049554,0.030303030303030276,0.030303030303030276,0.5757575757575757,1.0,1.2528131794009436,0.47804731944199635,0.4841465195453928,0.3338839938111034,0.6140378788818153,0.8017588613367378,-0.8660254037844385,-0.5000000000000004,-0.9659258262890683,-0.25881904510252063,-0.9749279121818236,-0.2225209339563146
0.3406727083220887,0.5167792596107107,0.9664843292973129,0.9713569757352701,0.6582718189721298,0.6576966628224279,0.2257806180579958,-0.6841423458248278,-0.6754558352672009,0.037719958609077085,-0.6525136639846563,-0.5557891026966912,-0.1312805508904026,0.030303030303030276,0.030303030303030276,0.5757575757575757,1.0,1.8316584622619385,0.1921524781569498,0.4934380201515516,-0.42122739217629346,-0.08674806239943224,-0.2784753828559695,-0.8660254037844385,-0.5000000000000004,-1.0,-1.8369701987210297e-16,-0.9749279121818236,-0.2225209339563146
0.2360619960507352,1.1221069425014227,1.1244852243829888,0.681291583813473,0.3346423256317241,0.6576966628224279,0.4953877901119818,-0.6841423458248278,-0.13788840371314787,-0.6826680894736445,-0.6525136639846563,0.46533594945383605,-0.6505684099646967,0.030303030303030276,0.030303030303030276,0.5757575757575757,1.0,1.700102716157167,0.0,0.47288265265747775,-0.31335433703523674,-0.6829968743182837,-0.651087827846492,-0.8660254037844385,-0.5000000000000004,-0.9659258262890684,0.2588190451025203,-0.9749279121818236,-0.2225209339563146
0.19889018770155628,1.2536999170428818,1.2561526369543852,0.681291583813473,0.22676582785158886,0.4959108823174885,0.4953877901119818,-0.6841423458248278,0.40354641943481917,-0.6826680894736445,-0.6525136639846563,0.11699228617840532,-0.6505684099646967,0.030303030303030276,0.030303030303030276,0.5757575757575757,1.0,1.410680074726669,0.0,0.5010776870455823,0.2260109386700467,-0.6829968743182837,-0.651087827846492,-0.8660254037844385,-0.5000000000000004,-0.8660254037844386,0.5000000000000001,-0.9749279121818236,-0.2225209339563146
0.19753442997640583,1.1221069425014227,1.1244852243829888,0.5230740973106753,0.3346423256317241,0.4959108823174885,0.6571520933443734,-0.6841423458248278,1.409068233852472,-0.6826680894736445,-0.6525136639846563,1.2166654192635886,-0.6505684099646967,0.030303030303030276,0.030303030303030276,0.030303030303030276,0.030303030303030276,1.410680074726669,0.0,0.48857911927504516,0.06420135595846167,-0.6829968743182837,-0.651087827846492,-0.8660254037844385,-0.5000000000000004,-0.7071067811865477,0.7071067811865474,-0.9749279121818236,-0.2225209339563146
0.31512498136425554,1.1221069425014227,1.4141535320400604,0.5230740973106753,0.4964570723019269,0.22626791480925612,0.6571520933443734,-0.6841423458248278,2.097463937569173,-0.6826680894736445,-0.6525136639846563,1.7699171197598609,-0.6505684099646967,0.030303030303030276,0.030303030303030276,0.030303030303030276,0.030303030303030276,1.121257433296172,0.0,0.386335939337905,0.4956935765226884,-0.6829968743182837,-0.651087827846492,-0.8660254037844385,-0.5000000000000004,-0.5000000000000004,0.8660254037844384,-0.9749279121818236,-0.2225209339563146
0.5159487395884393,0.9641953730516715,1.4141535320400604,0.5230740973106753,0.6582718189721298,0.06448213430431671,0.818916396576765,-0.6841423458248278,2.557683537244945,-0.6826680894736445,-0.6525136639846563,1.8723711383702817,-0.6505684099646967,0.030303030303030276,0.030303030303030276,0.030303030303030276,0.030303030303030276,1.121257433296172,0.0,0.349317500724886,0.4956935765226884,-0.6829968743182837,-0.651087827846492,-0.8660254037844385,-0.5000000000000004,-0.25881904510252157,0.9659258262890681,-0.9749279121818236,-0.2225209339563146
0.7167724978126232,0.9641953730516715,1.4141535320400604,0.7076611648972732,0.6582718189721298,0.06448213430431671,0.6032306589335762,-0.6764165506424492,2.8206661656311005,-0.6826680894736445,-0.5569638383089021,2.0089764965175094,-0.6505684099646967,0.030303030303030276,0.030303030303030276,0.030303030303030276,0.030303030303030276,0.5161010012142222,0.0,0.25023756954155896,0.6575031592342735,-0.6829968743182837,-0.651087827846492,-0.8660254037844385,-0.5000000000000004,-2.4492935982947064e-16,1.0,-0.9749279121818236,-0.2225209339563146
0.44354437814634845,1.1221069425014227,1.7038218396971327,0.5230740973106753,0.6582718189721298,-0.3130180202072086,0.6571520933443734,-0.13947378546713807,2.8593400815702408,-0.6826680894736445,0.46337180015718643,2.1489969886184177,-0.6505684099646967,0.030303030303030276,0.030303030303030276,0.030303030303030276,0.030303030303030276,1.121257433296172,0.0,0.1820274653080347,0.3338839938111034,-0.6829968743182837,-0.651087827846492,-0.8660254037844385,-0.5000000000000004,0.25881904510252074,0.9659258262890683,-0.7818314824680299,0.6234898018587334
0.31869457132414536,1.2536999170428818,1.5458209446114568,0.5230740973106753,0.4964570723019269,-0.04337505269897623,0.818916396576765,0.4013318772993623,2.6079596279658275,-0.6826680894736445,0.11529743519551075,2.0875245774521654,-0.6505684099646967,0.030303030303030276,0.030303030303030276,0.030303030303030276,0.030303030303030276,1.2528131794009436,0.0,0.17184622816192596,0.2260109386700467,-0.6829968743182837,-0.651087827846492,-0.8660254037844385,-0.5000000000000004,0.49999999999999994,0.8660254037844387,-0.7818314824680299,0.6234898018587334
0.3150563216742963,1.1221069425014227,1.4141535320400604,0.44396535405927606,0.4964570723019269,-0.09730364620062269,0.8728378309875622,1.4056852510085773,2.1361378535083135,-0.6826680894736445,1.214120430466683,1.9099376118607694,-0.6505684099646967,0.030303030303030276,0.030303030303030276,0.030303030303030276,0.030303030303030276,1.121257433296172,0.0,0.16582622903983069,0.3338839938111034,-0.6829968743182837,-0.651087827846492,-0.8660254037844385,-0.5000000000000004,0.7071067811865476,0.7071067811865476,-0.7818314824680299,0.6234898018587334
0.2998512550935733,1.4116114864926321,1.2561526369543852,0.39122619189167684,0.22676582785158886,-0.04337505269897623,0.818916396576765,2.0932810222402707,1.478681282542925,-0.6826680894736445,1.7669444218764034,1.6298966276589524,-0.6505684099646967,0.030303030303030276,0.5757575757575757,0.030303030303030276,0.030303030303030276,1.121257433296172,0.0,0.170681954298038,0.4956935765226884,-0.6829968743182837,-0.651087827846492,-0.8660254037844385,-0.5000000000000004,0.8660254037844386,0.5000000000000001,-0.7818314824680299,0.6234898018587334
0.2419598167389827,1.4116114864926321,1.1244852243829888,0.44396535405927606,0.064951081181386,0.17233932130760965,0.8728378309875622,2.5529658355917957,0.7284073133235993,-0.6826680894736445,1.8693192351004255,1.1039659987921258,-0.6505684099646967,0.030303030303030276,0.5757575757575757,0.030303030303030276,0.030303030303030276,0.9633905379704456,0.0,0.16669027380334622,0.6575031592342735,-0.6829968743182837,-0.651087827846492,-0.8660254037844385,-0.5000000000000004,0.9659258262890683,0.25881904510252074,-0.7818314824680299,0.6234898018587334
0.3558949501221955,1.4116114864926321,0.9664843292973129,0.39122619189167684,0.064951081181386,0.22626791480925612,0.9806806998091566,2.8156428717926674,0.03614421801298438,-0.6749219814297444,2.0058189860657887,-0.13231249244028528,-0.565159222616951,0.030303030303030276,0.5757575757575757,0.030303030303030276,0.030303030303030276,0.9633905379704456,0.0,0.1967439463623727,0.6575031592342735,-0.6752533832544025,-0.5553708695003027,-0.8660254037844385,-0.5000000000000004,1.0,6.123233995736766e-17,-0.7818314824680299,0.6234898018587334
0.23222353702401086,1.7011160304838424,0.6768160216402405,0.39122619189167684,-0.3126166610490873,0.4959108823174885,1.1424450030415483,2.85427184770456,-0.6831906184550289,-0.35345849760788467,2.1457312308052856,-0.6514128533997506,-0.462668197799656,0.030303030303030276,0.5757575757575757,0.030303030303030276,0.030303030303030276,1.121257433296172,0.01654766451152545,0.23080957215355624,0.6575031592342735,-0.13708075431465996,0.4667495071250754,-0.8660254037844385,-0.5000000000000004,0.9659258262890683,-0.25881904510252063,-0.7818314824680299,0.6234898018587334
0.11640062942280836,1.5432044610340911,0.6768160216402405,0.5230740973106753,-0.04292541659874924,0.4959108823174885,0.9806806998091566,2.6031835042772564,-0.6831906184550289,0.15391157926758056,2.0843063428708724,-0.6514128533997506,-0.43875362534228723,0.030303030303030276,0.5757575757575757,0.030303030303030276,0.030303030303030276,1.2528131794009436,0.10271193570168963,0.24427168397967658,0.4956935765226884,0.4049636201570232,0.11806630172110026,-0.8660254037844385,-0.5000000000000004,0.8660254037844387,-0.4999999999999998,-0.7818314824680299,0.6234898018587334
0.11285392602623832,1.4116114864926321,0.5188151265545653,1.1295744622380688,-0.09686366548881685,0.6576966628224279,0.3336234868795902,2.1319099981521634,-0.6831906184550289,0.5760744676601433,1.9068566666159004,-0.6514128533997506,-0.37384264295800046,0.030303030303030276,0.030303030303030276,0.030303030303030276,0.030303030303030276,1.121257433296172,0.2707608096595626,0.28478376369875924,0.4956935765226884,1.4116174584615777,1.2188113227022768,-0.8660254037844385,-0.5000000000000004,0.7071067811865476,-0.7071067811865475,-0.7818314824680299,0.6234898018587334
0.2222870170414813,1.2536999170428818,0.5188151265545653,0.9713569757352701,-0.04292541659874924,0.6576966628224279,0.4953877901119818,1.4752174076499844,-0.6831906184550289,0.870426573328352,1.6270321771369063,-0.6514128533997506,-0.3875081129336398,0.5757575757575757,0.030303030303030276,0.030303030303030276,0.030303030303030276,1.410680074726669,0.4329667315508076,0.3535711389974787,0.2260109386700467,2.1007881631470036,1.772602295990943,-0.8660254037844385,-0.5000000000000004,0.49999999999999994,-0.8660254037844387,-0.7818314824680299,0.6234898018587334
0.4551684732668865,1.1221069425014227,0.5188151265545653,0.9713569757352701,0.17282757896152123,0.8194824433273673,0.3336234868795902,0.7258152749592626,-0.6831906184550289,1.1647786789965608,1.1015081359202588,-0.6514128533997506,-0.34651170300672185,0.5757575757575757,0.030303030303030276,0.030303030303030276,0.030303030303030276,1.410680074726669,0.5968301872614209,0.4057762038320799,0.06420135595846167,2.561525881447934,1.8751561799332888,-0.8660254037844385,-0.5000000000000004,0.258819045102521,-0.9659258262890682,-0.7818314824680299,0.6234898018587334
0.14467132884179434,0.9641953730516715,0.70314950415452,0.7076611648972732,0.22676582785158886,0.6037680693207814,0.3336234868795902,0.03435660613637991,-0.6831906184550289,0.8200768710430005,-0.13381461031627676,-0.6514128533997506,-0.5275791801839428,0.5757575757575757,0.030303030303030276,0.030303030303030276,0.030303030303030276,1.410680074726669,0.7130574703614865,0.44018617933013604,0.06420135595846167,2.8248045776198945,2.0118946918564165,-0.8660254037844385,-0.5000000000000004,1.2246467991473532e-16,-1.0,-0.7818314824680299,0.6234898018587334
0.6998512684835302,0.6746908290604611,0.5188151265545653,0.9713569757352701,0.4964570723019269,0.6576966628224279,0.3336234868795902,-0.6841423458248278,-0.6831906184550289,1.1880170031282615,-0.6525136639846563,-0.6514128533997506,-0.38409174543972996,0.5757575757575757,0.030303030303030276,0.030303030303030276,0.030303030303030276,1.700102716157167,0.7789155120354974,0.4578591610211087,-0.31335433703523674,2.8635220329393003,2.152051666577622,-0.8660254037844385,-0.5000000000000004,-0.2588190451025208,-0.9659258262890683,-0.7818314824680299,0.6234898018587334
0.5334019751134773,0.6746908290604611,0.5188151265545653,0.9713569757352701,0.4964570723019269,0.8194824433273673,0.2257806180579958,-0.6841423458248278,-0.6831906184550289,2.2918373993840446,-0.6525136639846563,-0.6514128533997506,1.1771881992770619,0.5757575757575757,0.030303030303030276,0.030303030303030276,0.030303030303030276,1.5422358208314406,0.7799909139850868,0.454773638086153,-0.043671699182595024,2.6118585733631616,2.0905193362122145,-0.8660254037844385,-0.5000000000000004,-0.4999999999999997,-0.8660254037844388,-0.7818314824680299,0.6234898018587334
0.6224472157808882,0.5167792596107107,0.4398146790117273,1.1295744622380688,0.6582718189721298,0.8734110368290138,-0.09774798840678739,-0.6841423458248278,-0.6831906184550289,2.1175499683962893,-0.6525136639846563,-0.6514128533997506,1.7238069983026345,0.030303030303030276,0.030303030303030276,0.030303030303030276,0.030303030303030276,1.410680074726669,0.7218883552125722,0.472245736309871,-0.09760822675312336,2.1395056184664094,1.9127592707121488,-0.8660254037844385,-0.5000000000000004,-0.7071067811865471,-0.7071067811865479,-0.7818314824680299,0.6234898018587334
0.9749613858101961,0.5167792596107107,0.38714771398316894,1.1295744622380688,0.6582718189721298,0.8194824433273673,-0.09774798840678739,-0.6841423458248278,-0.6831906184550289,1.4862421628184206,-0.6525136639846563,-0.6514128533997506,1.61106687100361,0.030303030303030276,0.030303030303030276,0.5757575757575757,0.5757575757575757,1.2528131794009436,0.595283521131198,0.4752588858793929,-0.043671699182595024,1.4813088780365082,1.6324453212697374,-0.8660254037844385,-0.5000000000000004,-0.8660254037844385,-0.5000000000000004,-0.7818314824680299,0.6234898018587334
0.7875750744061742,0.5167792596107107,0.4398146790117273,1.2614223676570673,0.8200865656423326,0.8734110368290138,-0.47519802928236776,-0.6841423458248278,-0.6831906184550289,0.7038852503844971,-0.6525136639846563,-0.6514128533997506,1.0849462769414964,0.030303030303030276,0.030303030303030276,0.5757575757575757,0.5757575757575757,1.121257433296172,0.41399096752301817,0.4843564688906955,0.17207441109951835,0.730190244840033,1.1060020503656967,-0.8660254037844385,-0.5000000000000004,-0.9659258262890683,-0.25881904510252063,-0.7818314824680299,0.6234898018587334
0.37080828509885044,0.7010094239687532,0.38714771398316894,1.1295744622380688,0.6043335700820621,0.9812682238323067,-0.09774798840678739,-0.6841423458248278,-0.6754558352672009,-0.016502797698224544,-0.6525136639846563,-0.5660345045577333,-0.1551951233477714,0.030303030303030276,0.030303030303030276,0.5757575757575757,0.5757575757575757,0.9633905379704456,0.15227177514324325,0.5055403014901281,0.2260109386700467,0.03714779462266677,-0.13148148253860742,-0.8660254037844385,-0.5000000000000004,-1.0,-1.8369701987210297e-16,-0.7818314824680299,0.6234898018587334
0.49469135085557037,0.5167792596107107,0.38714771398316894,0.8131394892324716,0.6582718189721298,1.1430540043372461,0.4953877901119818,-0.6841423458248278,-0.3544623329723347,-0.6826680894736445,-0.6525136639846563,-0.46358048594731255,-0.6505684099646967,0.030303030303030276,0.030303030303030276,0.5757575757575757,0.5757575757575757,0.6739678965399476,0.0,0.5065942994475908,0.4956935765226884,-0.6829968743182837,-0.651087827846492,-0.8660254037844385,-0.5000000000000004,-0.9659258262890684,0.2588190451025203,-0.7818314824680299,0.6234898018587334
0.8430238492158084,0.5167792596107107,0.5188151265545653,0.8131394892324716,0.8200865656423326,0.9812682238323067,0.4953877901119818,-0.6841423458248278,0.1521659658304059,-0.6826680894736445,-0.6525136639846563,-0.43967454827154767,-0.6505684099646967,0.030303030303030276,0.030303030303030276,0.5757575757575757,0.5757575757575757,0.6739678965399476,0.0,0.49219630217688115,0.4956935765226884,-0.6829968743182837,-0.651087827846492,-0.8660254037844385,-0.5000000000000004,-0.8660254037844386,0.5000000000000001,-0.7818314824680299,0.6234898018587334
0.271906617123635,0.43782347488583506,1.1244852243829888,0.681291583813473,0.8740248145324002,0.33412510181254906,0.4953877901119818,-0.6841423458248278,0.5737116495670374,-0.6826680894736445,-0.6525136639846563,-0.3747870031516145,-0.6505684099646967,0.030303030303030276,0.030303030303030276,0.030303030303030276,0.030303030303030276,0.5161010012142222,0.0,0.4681364862305958,0.6575031592342735,-0.6829968743182837,-0.651087827846492,-0.8660254037844385,-0.5000000000000004,-0.7071067811865477,0.7071067811865474,-0.7818314824680299,0.6234898018587334
0.6359418790093497,0.3851862850692516,0.9664843292973129,0.8131394892324716,0.8200865656423326,0.4959108823174885,0.4953877901119818,-0.6841423458248278,0.8676334107045052,-0.6826680894736445,-0.6525136639846563,-0.38844753896633727,-0.6505684099646967,0.030303030303030276,0.030303030303030276,0.030303030303030276,0.030303030303030276,0.5161010012142222,0.0,0.35971109453984695,0.6575031592342735,-0.6829968743182837,-0.651087827846492,-0.8660254037844385,-0.5000000000000004,-0.5000000000000004,0.8660254037844384,-0.7818314824680299,0.6234898018587334
0.3635661362379202,0.43782347488583506,0.9664843292973129,0.8131394892324716,0.8740248145324002,0.33412510181254906,0.6571520933443734,-0.6841423458248278,1.1615551718419728,-0.6826680894736445,-0.6525136639846563,-0.347465931522169,-0.6505684099646967,0.030303030303030276,0.030303030303030276,0.030303030303030276,0.030303030303030276,0.5161010012142222,0.0,0.3193123126865387,0.8193127419458585,-0.6829968743182837,-0.651087827846492,-0.8660254037844385,-0.5000000000000004,-0.25881904510252157,0.9659258262890681,-0.7818314824680299,0.6234898018587334
0.4680681819533793,0.3851862850692516,0.70314950415452,0.39122619189167684,0.9819013123125355,0.33412510181254906,0.818916396576765,-0.6764165506424492,0.8173573199836225,-0.6826680894736445,-0.5672013196313044,-0.5284680310672457,-0.6505684099646967,0.030303030303030276,0.030303030303030276,0.030303030303030276,0.030303030303030276,0.7002790457609023,0.0,0.25215999666457634,0.6035666316637451,-0.6829968743182837,-0.651087827846492,-0.8660254037844385,-0.5000000000000004,-2.4492935982947064e-16,1.0,-0.7818314824680299,0.6234898018587334
0.29512040200917455,0.3851862850692516,0.9664843292973129,0.5230740973106753,1.1437160589827384,0.33412510181254906,0.818916396576765,-0.35579605057373825,1.1847595214054571,-0.6826680894736445,-0.46482650640728207,-0.3850324050126566,-0.6505684099646967,0.030303030303030276,0.030303030303030276,0.030303030303030276,0.030303030303030276,0.5161010012142222,0.0,0.21064001155105538,0.6575031592342735,-0.6829968743182837,-0.651087827846492,-0.8660254037844385,-0.5000000000000004,0.25881904510252074,0.9659258262890683,-2.4492935982947064e-16,1.0
0.49197983540526946,0.5167792596107107,0.9664843292973129,0.5230740973106753,0.9819013123125355,0.22626791480925612,0.818916396576765,0.15024353387205858,2.2869661256709612,-0.6826680894736445,-0.44093904998834355,1.1756838118194202,-0.6505684099646967,0.030303030303030276,0.030303030303030276,0.030303030303030276,0.030303030303030276,0.5161010012142222,0.0,0.21829389701992286,0.8193127419458585,-0.6829968743182837,-0.651087827846492,-0.8660254037844385,-0.5000000000000004,0.49999999999999994,0.8660254037844387,-2.4492935982947064e-16,1.0
0.12546189624406703,1.1221069425014227,1.1244852243829888,0.5230740973106753,0.3346423256317241,-0.09730364620062269,0.818916396576765,0.5712993713116911,2.1129335039448294,-0.6826680894736445,-0.37610166827979613,1.7221052444083311,-0.6505684099646967,0.030303030303030276,0.030303030303030276,0.030303030303030276,0.030303030303030276,0.43716755355135906,0.0,0.22080256376884833,0.8732492695163868,-0.6829968743182837,-0.651087827846492,-0.8660254037844385,-0.5000000000000004,0.7071067811865476,0.7071067811865476,-2.4492935982947064e-16,1.0
0.1253074496969371,0.9641953730516715,1.1244852243829888,0.39122619189167684,0.4964570723019269,-0.09730364620062269,0.818916396576765,0.8648795882420769,1.482548674136839,-0.6826680894736445,-0.3897516433763324,1.6094058239368683,-0.6505684099646967,0.030303030303030276,0.5757575757575757,0.030303030303030276,0.030303030303030276,0.3845452551094506,0.0,0.2528044679105562,0.8193127419458585,-0.6829968743182837,-0.651087827846492,-0.8660254037844385,-0.5000000000000004,0.8660254037844386,0.5000000000000001,-2.4492935982947064e-16,1.0
0.1250099792905489,0.9641953730516715,1.2561526369543852,0.39122619189167684,0.3346423256317241,-0.47480380071214795,0.818916396576765,1.1584598051724628,0.701335572166201,-0.6826680894736445,-0.3488017180867235,1.0834751950700414,-0.6505684099646967,0.030303030303030276,0.5757575757575757,0.030303030303030276,0.030303030303030276,0.43716755355135906,0.0,0.2771004832727635,0.8732492695163868,-0.6829968743182837,-0.651087827846492,-0.8660254037844385,-0.5000000000000004,0.9659258262890683,0.25881904510252074,-2.4492935982947064e-16,1.0
0.12183510703736805,0.7010094239687532,1.1244852243829888,0.39122619189167684,0.3346423256317241,-0.09730364620062269,0.818916396576765,0.8146619195566162,-0.01799926430181232,-0.6749219814297444,-0.5296638881158295,-0.15621843011605016,-0.5070809752204838,0.030303030303030276,0.5757575757575757,0.030303030303030276,0.030303030303030276,0.3845452551094506,0.0,0.3197655041496368,0.9811223246574435,-0.6752533832544025,-0.5656262578945372,-0.8660254037844385,-0.5000000000000004,1.0,6.123233995736766e-17,-2.4492935982947064e-16,1.0
0.12073677509739232,0.9641953730516715,0.8084834342116368,0.5230740973106753,0.3346423256317241,0.4959108823174885,0.818916396576765,1.1816371907195986,-0.6831906184550289,-0.09009082411527676,-0.38633914960219834,-0.6514128533997506,0.7535586300322431,0.030303030303030276,0.5757575757575757,0.030303030303030276,0.030303030303030276,0.3845452551094506,0.020411557147005155,0.3924050581043391,1.1429319073690285,-0.35389850410333323,-0.46307237395219164,-0.8660254037844385,-0.5000000000000004,0.9659258262890683,-0.25881904510252063,-2.4492935982947064e-16,1.0
0.12557059025834566,0.9641953730516715,0.8084834342116368,0.8131394892324716,0.22676582785158886,0.4959108823174885,0.4953877901119818,2.2825630042085456,-0.6831906184550289,0.6535355480991456,1.1731705051770742,-0.6514128533997506,0.9824552521242015,0.030303030303030276,0.5757575757575757,0.030303030303030276,0.030303030303030276,0.5161010012142222,0.08485043652040487,0.4533795928724168,0.9811223246574435,0.15330016058088458,-0.43914313436564434,-0.8660254037844385,-0.5000000000000004,0.8660254037844387,-0.4999999999999998,-2.4492935982947064e-16,1.0
0.1267890560619619,1.1221069425014227,0.6768160216402405,1.2614223676570673,-0.09686366548881685,0.4959108823174885,0.0640163148256042,2.1087326126050274,-0.6831906184550289,0.8549343572405517,1.7191695090385264,-0.6514128533997506,0.06686876375636745,0.030303030303030276,0.030303030303030276,0.030303030303030276,0.030303030303030276,1.121257433296172,0.24598643797987227,0.4804746852770191,0.3338839938111034,0.5753204235624093,-0.3741923412021588,-0.8660254037844385,-0.5000000000000004,0.7071067811865476,-0.7071067811865475,-2.4492935982947064e-16,1.0
0.5616612175216114,1.1221069425014227,0.8084834342116368,1.2614223676570673,-0.09686366548881685,0.4959108823174885,-0.04382655399599019,1.4790803052411738,-0.6831906184550289,2.0594541580670374,1.6065572144921019,-0.6514128533997506,1.4470812312959382,0.5757575757575757,0.030303030303030276,0.030303030303030276,0.030303030303030276,0.9633905379704456,0.42859836099424303,0.5409667821618553,0.4956935765226884,0.8695730839898944,-0.3878661923944715,-0.8660254037844385,-0.5000000000000004,0.49999999999999994,-0.8660254037844387,-2.4492935982947064e-16,1.0
0.7514959244083137,1.2536999170428818,0.8084834342116368,1.419639854159865,-0.47443140771929015,0.6576966628224279,-0.09774798840678739,0.6987749918209375,-0.6831906184550289,2.5629511809205527,1.0810331732754541,-0.6514128533997506,1.792134348180831,0.5757575757575757,0.030303030303030276,0.030303030303030276,0.030303030303030276,0.9633905379704456,0.5839191239832051,0.5543138034344516,0.3338839938111034,1.1638257444173796,-0.34684463881753325,-0.8660254037844385,-0.5000000000000004,0.258819045102521,-0.9659258262890682,-2.4492935982947064e-16,1.0
0.9999999999999999,1.1221069425014227,0.38714771398316894,1.2614223676570673,-0.09686366548881685,0.8194824433273673,-0.04382655399599019,-0.01972396014027013,-0.6831906184550289,2.5280936947230015,-0.15770206673521528,-0.6514128533997506,1.3958357188872907,0.5757575757575757,0.030303030303030276,0.030303030303030276,0.030303030303030276,0.7002790457609023,0.7043096464708392,0.5529358411908117,0.3338839938111034,0.8192403920746667,-0.5280231671156772,-0.8660254037844385,-0.5000000000000004,1.2246467991473532e-16,-1.0,-2.4492935982947064e-16,1.0
0.9521480677305797,0.8062838036019201,0.5188151265545653,1.419639854159865,0.4964570723019269,0.8194824433273673,-0.09774798840678739,-0.6841423458248278,-0.6831906184550289,2.5552050728766527,-0.6525136639846563,-0.6514128533997506,1.3480065739725533,0.5757575757575757,0.030303030303030276,0.030303030303030276,0.030303030303030276,0.9633905379704456,0.763870129325503,0.5731244759909683,0.3338839938111034,1.1870562176090231,-0.38444772959639334,-0.8660254037844385,-0.5000000000000004,-0.2588190451025208,-0.9659258262890683,-2.4492935982947064e-16,1.0
0.9027658797037391,0.8062838036019201,0.5188151265545653,1.2614223676570673,0.4964570723019269,0.8194824433273673,0.0640163148256042,-0.6841423458248278,-0.6831906184550289,2.1950110488352914,-0.6525136639846563,-0.6514128533997506,1.112277216892775,0.5757575757575757,0.030303030303030276,0.030303030303030276,0.030303030303030276,0.9633905379704456,0.7753176406525539,0.5659194078270897,0.2260109386700467,2.2905036942120924,1.1777897691253385,-0.8660254037844385,-0.5000000000000004,-0.4999999999999997,-0.8660254037844388,-2.4492935982947064e-16,1.0
0.8533836916768984,0.6746908290604611,0.5188151265545653,1.2350527865732672,0.4964570723019269,0.8194824433273673,0.0640163148256042,-0.6841423458248278,-0.6831906184550289,1.1415403548648602,-0.6525136639846563,-0.6514128533997506,-0.06295320101220604,0.030303030303030276,0.030303030303030276,0.030303030303030276,0.030303030303030276,1.121257433296172,0.7273987441257288,0.5666527707756246,-0.09760822675312336,2.116275145274766,1.7247438168178486,-0.8660254037844385,-0.5000000000000004,-0.7071067811865471,-0.7071067811865479,-2.4492935982947064e-16,1.0
0.7968651725376502,0.8062838036019201,0.38714771398316894,0.8131394892324716,0.4964570723019269,0.8194824433273673,0.4953877901119818,-0.6841423458248278,-0.6831906184550289,0.3049606861236351,-0.6525136639846563,-0.6514128533997506,-0.565159222616951,0.030303030303030276,0.030303030303030276,1.0,0.5757575757575757,1.121257433296172,0.6053673585512955,0.5680113719915689,-0.09760822675312336,1.4851806235684488,1.6119345444812683,-0.8660254037844385,-0.5000000000000004,-0.8660254037844385,-0.5000000000000004,-2.4492935982947064e-16,1.0
0.9698529936707705,0.8062838036019201,0.38714771398316894,0.681291583813473,0.6582718189721298,0.8194824433273673,0.4953877901119818,-0.6841423458248278,-0.6831906184550289,0.03384690458712697,-0.6525136639846563,-0.6514128533997506,-0.602739265049959,0.030303030303030276,0.030303030303030276,1.0,0.5757575757575757,1.2528131794009436,0.4182706492501284,0.5687039128790631,-0.47516391974682176,0.7030880261164489,1.0854912735772275,-0.8660254037844385,-0.5000000000000004,-0.9659258262890683,-0.25881904510252063,-2.4492935982947064e-16,1.0
0.8572850475651758,0.3851862850692516,0.38714771398316894,0.39122619189167684,0.8200865656423326,0.8194824433273673,0.818916396576765,-0.6841423458248278,-0.6754558352672009,-0.27987047119083247,-0.6525136639846563,-0.5079772273451616,-0.6505684099646967,0.030303030303030276,0.030303030303030276,1.0,0.5757575757575757,1.121257433296172,0.14719937546885603,0.5703206099112993,-0.09760822675312336,-0.017056642824501547,-0.15541072212515475,-0.8660254037844385,-0.5000000000000004,-1.0,-1.8369701987210297e-16,-2.4492935982947064e-16,1.0
0.6688404557069877,0.5167792596107107,0.5188151265545653,0.23300870538887822,0.8200865656423326,0.8194824433273673,0.9806806998091566,-0.6841423458248278,-0.09147970458617927,-0.6826680894736445,-0.6525136639846563,0.7522072015630142,-0.6505684099646967,0.030303030303030276,0.030303030303030276,1.0,0.5757575757575757,0.8055236426447192,0.0,0.5623577982454913,0.4956935765226884,-0.6829968743182837,-0.651087827846492,-0.8660254037844385,-0.5000000000000004,-0.9659258262890684,0.2588190451025203,-2.4492935982947064e-16,1.0
0.8162576564543591,0.5167792596107107,0.8084834342116368,0.180269543221279,0.8200865656423326,0.4959108823174885,0.8728378309875622,-0.6841423458248278,0.6510594814453183,-0.6826680894736445,-0.6525136639846563,0.9810211764596207,-0.6505684099646967,0.030303030303030276,0.030303030303030276,1.0,0.5757575757575757,0.8055236426447192,0.0,0.5776089612260591,0.4956935765226884,-0.6829968743182837,-0.651087827846492,-0.8660254037844385,-0.5000000000000004,-0.8660254037844386,0.5000000000000001,-2.4492935982947064e-16,1.0
0.7727704746313746,0.5167792596107107,1.2561526369543852,0.23300870538887822,0.8200865656423326,0.06448213430431671,0.9806806998091566,-0.6841423458248278,0.852163844328849,-0.6826680894736445,-0.6525136639846563,0.06576527687319492,-0.6505684099646967,0.030303030303030276,0.030303030303030276,0.030303030303030276,0.030303030303030276,0.6739678965399476,0.0,0.5203647535666418,0.4956935765226884,-0.6829968743182837,-0.651087827846492,-0.8660254037844385,-0.5000000000000004,-0.7071067811865477,0.7071067811865474,-2.4492935982947064e-16,1.0
0.6782106293516985,0.3851862850692516,1.2561526369543852,0.23300870538887822,0.8200865656423326,-0.04337505269897623,0.9806806998091566,-0.6841423458248278,2.0549226300361183,-0.6826680894736445,-0.6525136639846563,1.445479394160195,-0.6505684099646967,0.030303030303030276,0.030303030303030276,0.030303030303030276,0.030303030303030276,0.8055236426447192,0.0,0.4012950990938884,0.4956935765226884,-0.6829968743182837,-0.651087827846492,-0.8660254037844385,-0.5000000000000004,-0.5000000000000004,0.8660254037844384,-2.4492935982947064e-16,1.0
0.6004347214795811,0.3851862850692516,1.4141535320400604,0.23300870538887822,0.8200865656423326,-0.09730364620062269,0.9806806998091566,-0.6841423458248278,2.557683537244945,-0.6826680894736445,-0.6525136639846563,1.790407923481945,-0.6505684099646967,0.030303030303030276,0.030303030303030276,0.030303030303030276,0.030303030303030276,0.8055236426447192,0.0,0.34723987806240364,0.6575031592342735,-0.6829968743182837,-0.651087827846492,-0.8660254037844385,-0.5000000000000004,-0.25881904510252157,0.9659258262890681,-2.4492935982947064e-16,1.0
0.12958637896322167,0.3851862850692516,1.2561526369543852,0.5230740973106753,0.8200865656423326,-0.04337505269897623,0.6571520933443734,-0.6764165506424492,2.5228770128997184,-0.6826680894736445,-0.509188925471025,1.3942523848549846,-0.6505684099646967,0.030303030303030276,0.030303030303030276,0.030303030303030276,0.030303030303030276,0.3845452551094506,0.0,0.25873206678407223,0.8193127419458585,-0.6829968743182837,-0.651087827846492,-0.8660254037844385,-0.5000000000000004,-2.4492935982947064e-16,1.0,-2.4492935982947064e-16,1.0
0.12520448418808447,0.5167792596107107,1.4141535320400604,0.5230740973106753,0.8200865656423326,-0.09730364620062269,0.6571520933443734,-0.09311901437286661,2.549948754057117,-0.6826680894736445,0.7500212771844488,1.3464405095034548,-0.6505684099646967,0.030303030303030276,0.030303030303030276,0.030303030303030276,0.030303030303030276,0.5161010012142222,0.0,0.23764345151396826,0.8193127419458585,-0.6829968743182837,-0.651087827846492,-0.8660254037844385,-0.5000000000000004,0.25881904510252074,0.9659258262890683,0.7818314824680298,0.6234898018587336
0.12314509850047509,0.8062838036019201,1.2561526369543852,0.5230740973106753,0.4964570723019269,0.06448213430431671,0.6571520933443734,0.6485573231354768,2.1902813358231104,-0.6826680894736445,0.9786583600514319,1.110796266699487,-0.6505684099646967,0.030303030303030276,0.030303030303030276,0.030303030303030276,0.030303030303030276,0.5161010012142222,0.0,0.2254725358444074,0.8193127419458585,-0.6829968743182837,-0.651087827846492,-0.8660254037844385,-0.5000000000000004,0.49999999999999994,0.8660254037844387,0.7818314824680298,0.6234898018587336
0.12176073943577101,1.2536999170428818,1.2298191544401056,0.681291583813473,0.064951081181386,0.06448213430431671,0.4953877901119818,0.8494279978773198,1.1383508222784886,-0.6826680894736445,0.06411002858349962,-0.06400981336667143,-0.6505684099646967,0.030303030303030276,0.030303030303030276,0.030303030303030276,0.030303030303030276,0.5161010012142222,0.0,0.22502344195330837,0.8193127419458585,-0.6829968743182837,-0.651087827846492,-0.8660254037844385,-0.5000000000000004,0.7071067811865476,0.7071067811865476,0.7818314824680298,0.6234898018587336
0.12225842265133258,1.2536999170428818,0.8084834342116368,0.681291583813473,-0.04292541659874924,0.4959108823174885,0.6571520933443734,2.0507891487371883,0.30299423799305386,-0.6826680894736445,1.442757513333666,-0.5660345045577333,-0.6505684099646967,0.030303030303030276,1.0,0.030303030303030276,0.030303030303030276,0.3845452551094506,0.0,0.2297847181769369,0.8193127419458585,-0.6829968743182837,-0.651087827846492,-0.8660254037844385,-0.5000000000000004,0.8660254037844386,0.5000000000000001,0.7818314824680298,0.6234898018587336
0.12142895291359533,1.4116114864926321,0.6768160216402405,0.681291583813473,-0.09686366548881685,0.4959108823174885,0.4953877901119818,2.5529658355917957,0.032276826419070336,-0.6826680894736445,1.7874193845212079,-0.603600978048221,-0.6505684099646967,0.030303030303030276,1.0,0.030303030303030276,0.030303030303030276,0.3845452551094506,0.0,0.2672820349075231,0.8193127419458585,-0.6829968743182837,-0.651087827846492,-0.8660254037844385,-0.5000000000000004,0.9659258262890683,0.25881904510252074,0.7818314824680298,0.6234898018587336
0.20139577213415188,1.2536999170428818,0.38714771398316894,0.681291583813473,-0.04292541659874924,0.8194824433273673,0.4953877901119818,2.518199757271092,-0.28098189268796775,-0.6787950354516944,1.391570106721655,-0.6514128533997506,-0.6129883675316885,0.030303030303030276,1.0,0.030303030303030276,0.030303030303030276,0.3845452551094506,0.0,0.28776121317223924,0.8193127419458585,-0.6752533832544025,-0.5075123903272081,-0.8660254037844385,-0.5000000000000004,1.0,6.123233995736766e-17,0.7818314824680298,0.6234898018587336
0.22427205228898384,1.4116114864926321,0.22914681889749292,0.8131394892324716,-0.09686366548881685,0.9812682238323067,0.3875449212903874,2.5452400404094173,-0.6831906184550289,-0.264378255103032,1.343795193883778,-0.6514128533997506,-0.2576861481650663,0.030303030303030276,1.0,0.030303030303030276,0.030303030303030276,0.5161010012142222,0.019097723807711336,0.3534274166596111,0.8193127419458585,-0.09061980793137284,0.7539003821636432,-0.8660254037844385,-0.5000000000000004,0.9659258262890683,-0.25881904510252063,0.7818314824680298,0.6234898018587336
0.127092244676882,1.2536999170428818,0.17647985386893456,1.1295744622380688,0.064951081181386,0.8734110368290138,0.0640163148256042,2.1859905644288133,-0.6831906184550289,0.13454630915783,1.1083331234685267,-0.6514128533997506,-0.363593540476271,0.030303030303030276,1.0,0.030303030303030276,0.030303030303030276,0.8055236426447192,0.08257201437158176,0.4035336026769847,0.4956935765226884,0.6527553342012212,0.9829373896348819,-0.8660254037844385,-0.5000000000000004,0.8660254037844387,-0.4999999999999998,0.7818314824680298,0.6234898018587336
0.09051538743737357,1.2273813221345895,0.22914681889749292,0.9713569757352701,0.064951081181386,0.9812682238323067,0.3336234868795902,1.135282419625327,-0.6831906184550289,1.1918900571502118,-0.06556473483359525,-0.6514128533997506,0.6613167076966777,0.030303030303030276,0.030303030303030276,0.030303030303030276,0.030303030303030276,1.2528131794009436,0.2418786257845489,0.47867318774762446,0.06420135595846167,0.8540861018621321,0.06678935974992745,-0.8660254037844385,-0.5000000000000004,0.7071067811865476,-0.7071067811865475,0.7818314824680298,0.6234898018587336
0.08952001757395242,0.8062838036019201,0.22914681889749292,1.2614223676570673,0.4964570723019269,0.9812682238323067,0.0640163148256042,0.30089653992844084,-0.6831906184550289,2.14466134654994,-0.5672013196313044,-0.6514128533997506,1.833130758107749,1.0,0.030303030303030276,0.030303030303030276,0.030303030303030276,1.2528131794009436,0.41943480655244675,0.5171535376106146,-0.043671699182595024,2.058198962295657,1.4478483301735154,-0.8660254037844385,-0.5000000000000004,0.49999999999999994,-0.8660254037844387,0.7818314824680298,0.6234898018587336
0.09224297630591319,0.6746908290604611,0.22914681889749292,1.419639854159865,0.4964570723019269,0.9812682238323067,-0.2055908572283818,0.03049370854519062,-0.6831906184550289,2.632666153315655,-0.6047387511467791,-0.6514128533997506,2.1166892601022647,1.0,0.030303030303030276,0.030303030303030276,0.030303030303030276,1.410680074726669,0.5743619513266763,0.5304536416838213,-0.09760822675312336,2.561525881447934,1.7931130727794122,-0.8660254037844385,-0.5000000000000004,0.258819045102521,-0.9659258262890682,0.7818314824680298,0.6234898018587336
0.095114663376472,0.3851862850692516,0.5188151265545653,1.419639854159865,0.8200865656423326,0.6576966628224279,-0.09774798840678739,-0.28240099634114174,-0.6831906184550289,2.8534302325668115,-0.6525136639846563,-0.6514128533997506,2.154269302535273,1.0,0.030303030303030276,0.030303030303030276,0.030303030303030276,1.2528131794009436,0.6915981131019132,0.5296971786731415,-0.043671699182595024,2.5266801716604688,1.3965713882023425,-0.8660254037844385,-0.5000000000000004,1.2246467991473532e-16,-1.0,0.7818314824680298,0.6234898018587336
0.09434239975014001,0.22727471561950033,0.5188151265545653,1.419639854159865,0.9819013123125355,0.6576966628224279,-0.09774798840678739,-0.6841423458248278,-0.6831906184550289,2.841811070500961,-0.6525136639846563,-0.6514128533997506,2.150852935041363,1.0,0.030303030303030276,0.030303030303030276,0.030303030303030276,1.410680074726669,0.7594186578945352,0.5317825867224222,-0.09760822675312336,2.5537823903840526,1.348712909029248,-0.8660254037844385,-0.5000000000000004,-0.2588190451025208,-0.9659258262890683,0.7818314824680298,0.6234898018587336
0.3715462291770969,0.1746375258029169,0.5188151265545653,1.419639854159865,0.8740248145324002,0.6576966628224279,-0.09774798840678739,-0.6841423458248278,-0.6831906184550289,2.570697288964453,-0.6525136639846563,-0.6514128533997506,2.089358320150986,1.0,0.030303030303030276,0.030303030303030276,0.030303030303030276,1.2528131794009436,0.7663647521161853,0.5457042412482391,0.06420135595846167,2.1937100559135776,1.1128389759618529,-0.8660254037844385,-0.5000000000000004,-0.4999999999999997,-0.8660254037844388,0.7818314824680298,0.6234898018587336
0.613506079390972,0.22727471561950033,0.6768160216402405,1.2614223676570673,0.9819013123125355,0.4959108823174885,0.0640163148256042,-0.6841423458248278,-0.6831906184550289,2.0981846982865386,-0.6525136639846563,-0.6514128533997506,1.8297143906138391,0.030303030303030276,0.030303030303030276,0.030303030303030276,0.030303030303030276,1.226502030179989,0.711599466451408,0.5224282908253773,0.06420135595846167,1.1405952712257361,-0.06311222657704368,-0.8660254037844385,-0.5000000000000004,-0.7071067811865471,-0.7071067811865479,0.7818314824680298,0.6234898018587336
0.8547680404447084,0.22727471561950033,0.6768160216402405,1.1295744622380688,0.9819013123125355,0.6576966628224279,0.1718591836471986,-0.6841423458248278,-0.6831906184550289,1.3545583260721166,-0.6525136639846563,-0.6514128533997506,1.2250173441917993,0.030303030303030276,0.030303030303030276,1.0,1.0,0.8055236426447192,0.5924008414715246,0.5227384258060577,0.4956935765226884,0.3042982363265678,-0.5656262578945372,-0.8660254037844385,-0.5000000000000004,-0.8660254037844385,-0.5000000000000004,0.7818314824680298,0.6234898018587336
0.7220925597720742,0.22727471561950033,0.6768160216402405,0.9713569757352701,0.9819013123125355,0.4959108823174885,0.3336234868795902,-0.6841423458248278,-0.6831906184550289,0.43664452286993904,-0.6525136639846563,-0.6514128533997506,0.32651269329351446,0.030303030303030276,0.030303030303030276,1.0,1.0,0.6739678965399476,0.3996607366223292,0.5219267992323403,0.4956935765226884,0.03327604909072617,-0.6032293486733973,-0.8660254037844385,-0.5000000000000004,-0.9659258262890683,-0.25881904510252063,0.7818314824680298,0.6234898018587336
0.5530232903404034,0.5167792596107107,0.6768160216402405,0.8131394892324716,0.6582718189721298,0.4959108823174885,0.4953877901119818,-0.6841423458248278,-0.6793232268611149,-0.14431358042257839,-0.6525136639846563,-0.613846379909263,-0.3157643955615334,0.030303030303030276,0.030303030303030276,1.0,1.0,0.3845452551094506,0.1367164117069042,0.52819326731018,0.8193127419458585,-0.28033533899646196,-0.651087827846492,-0.8660254037844385,-0.5000000000000004,-1.0,-1.8369701987210297e-16,0.7818314824680298,0.6234898018587336
0.6416394937530199,0.5167792596107107,0.8084834342116368,0.681291583813473,0.6582718189721298,0.38805369531419553,0.6571520933443734,-0.6841423458248278,-0.26551232631231153,-0.6826680894736445,-0.6525136639846563,-0.25867244872647094,-0.6505684099646967,0.030303030303030276,0.030303030303030276,1.0,1.0,0.22667835978372425,0.0,0.5118583989751561,0.9811223246574435,-0.6829968743182837,-0.651087827846492,-0.8660254037844385,-0.5000000000000004,-0.9659258262890684,0.2588190451025203,0.7818314824680298,0.6234898018587336
0.5549282157516908,0.5167792596107107,1.1244852243829888,0.681291583813473,0.6582718189721298,0.06448213430431671,0.6571520933443734,-0.6841423458248278,0.13282900786083562,-0.6826680894736445,-0.6525136639846563,-0.36454160129057245,-0.6505684099646967,0.030303030303030276,0.030303030303030276,1.0,1.0,0.17405606134181578,0.0,0.505060834346586,0.8732492695163868,-0.6829968743182837,-0.651087827846492,-0.8660254037844385,-0.5000000000000004,-0.8660254037844386,0.5000000000000001,0.7818314824680298,0.6234898018587336
0.6259746399593769,0.6746908290604611,0.9664843292973129,0.681291583813473,0.4964570723019269,0.33412510181254906,0.6571520933443734,-0.6841423458248278,1.1886269129993712,-0.6826680894736445,-0.6525136639846563,0.6599985848136356,-0.6505684099646967,0.030303030303030276,0.030303030303030276,0.030303030303030276,0.030303030303030276,0.22667835978372425,0.0,0.4561518564280429,0.9811223246574435,-0.6829968743182837,-0.651087827846492,-0.8660254037844385,-0.5000000000000004,-0.7071067811865477,0.7071067811865474,0.7818314824680298,0.6234898018587336
0.6970210641670631,0.6746908290604611,1.2561526369543852,0.681291583813473,0.6582718189721298,0.06448213430431671,0.6571520933443734,-0.6841423458248278,2.1400052451022273,-0.6826680894736445,-0.6525136639846563,1.8313895309261135,-0.6505684099646967,0.030303030303030276,0.030303030303030276,0.030303030303030276,0.030303030303030276,0.22667835978372425,0.0,0.33734680266713,0.9811223246574435,-0.6829968743182837,-0.651087827846492,-0.8660254037844385,-0.5000000000000004,-0.5000000000000004,0.8660254037844384,0.7818314824680298,0.6234898018587336
0.7680674883747491,0.6746908290604611,1.4141535320400604,0.5230740973106753,0.4964570723019269,-0.20516083320391562,0.6571520933443734,-0.6841423458248278,2.627296585935398,-0.6826680894736445,-0.6525136639846563,2.114845649081611,-0.6505684099646967,0.030303030303030276,0.030303030303030276,0.030303030303030276,0.030303030303030276,0.22667835978372425,0.0,0.325016696325405,0.9811223246574435,-0.6829968743182837,-0.651087827846492,-0.8660254037844385,-0.5000000000000004,-0.25881904510252157,0.9659258262890681,0.7818314824680298,0.6234898018587336
0.8391139125824353,0.6746908290604611,1.4141535320400604,0.681291583813473,0.4964570723019269,-0.09730364620062269,0.4953877901119818,-0.6802794482336385,2.847737906788499,-0.6826680894736445,-0.6149762324691814,2.1524121225720987,-0.6505684099646967,0.030303030303030276,0.030303030303030276,0.030303030303030276,0.030303030303030276,0.5161010012142222,0.0,0.22547437975180695,0.6575031592342735,-0.6829968743182837,-0.651087827846492,-0.8660254037844385,-0.5000000000000004,-2.4492935982947064e-16,1.0,0.7818314824680298,0.6234898018587336
0.1273954332918021,0.8062838036019201,1.4141535320400604,0.39122619189167684,0.3885805745217917,-0.09730364620062269,0.6571520933443734,-0.2669494059763846,2.8361357320067566,-0.6826680894736445,-0.26007687995923756,2.1489969886184177,-0.6505684099646967,0.030303030303030276,0.030303030303030276,0.030303030303030276,0.030303030303030276,0.5161010012142222,0.0,0.16817666804601172,0.6575031592342735,-0.6829968743182837,-0.651087827846492,-0.8660254037844385,-0.5000000000000004,0.25881904510252074,0.9659258262890683,0.9749279121818236,-0.22252093395631434
0.1412161511047151,1.1221069425014227,1.4141535320400604,0.23300870538887822,0.064951081181386,-0.09730364620062269,0.9806806998091566,0.13092904591611212,2.565418320432773,-0.6826680894736445,-0.36586418695739387,2.0875245774521654,-0.6505684099646967,0.030303030303030276,0.030303030303030276,0.030303030303030276,0.030303030303030276,0.5161010012142222,0.0,0.15763359480452455,0.6575031592342735,-0.6829968743182837,-0.651087827846492,-0.8660254037844385,-0.5000000000000004,0.49999999999999994,0.8660254037844387,0.9749279121818236,-0.22252093395631434
0.736771331500788,0.9641953730516715,1.2561526369543852,0.5230740973106753,0.3346423256317241,0.06448213430431671,0.6571520933443734,1.1855000883107878,2.093596545975259,-0.6826680894736445,0.6578839452828288,1.8279743969724327,-0.6505684099646967,0.030303030303030276,0.030303030303030276,0.030303030303030276,0.030303030303030276,0.6739678965399476,0.0,0.1585709143993136,0.4956935765226884,-0.6829968743182837,-0.651087827846492,-0.8660254037844385,-0.5000000000000004,0.7071067811865476,0.7071067811865476,0.9749279121818236,-0.22252093395631434
0.1249356151212499,1.2536999170428818,1.1244852243829888,0.5230740973106753,0.064951081181386,0.17233932130760965,0.4953877901119818,2.1357728957433526,1.3510573599437614,-0.6826680894736445,1.8283693098108167,1.22349568717095,-0.6505684099646967,0.030303030303030276,1.0,0.030303030303030276,0.030303030303030276,0.6739678965399476,0.0,0.17961450759707775,0.6575031592342735,-0.6829968743182837,-0.651087827846492,-0.8660254037844385,-0.5000000000000004,0.8660254037844386,0.5000000000000001,0.9749279121818236,-0.22252093395631434
0.1250500239117624,1.4116114864926321,0.9664843292973129,0.5230740973106753,-0.20474016326895209,0.33412510181254906,0.4953877901119818,2.622497992233203,0.43448555218613155,-0.6826680894736445,2.1116062930639448,0.3253154573529276,-0.6505684099646967,0.030303030303030276,1.0,0.030303030303030276,0.030303030303030276,0.6739678965399476,0.0,0.2251701606407004,0.4956935765226884,-0.6829968743182837,-0.651087827846492,-0.8660254037844385,-0.5000000000000004,0.9659258262890683,0.25881904510252074,0.9749279121818236,-0.22252093395631434
0.18945710689839862,1.4116114864926321,0.8084834342116368,0.681291583813473,-0.09686366548881685,0.4959108823174885,0.3336234868795902,2.8426831549309926,-0.14562318690097598,-0.6787950354516944,2.1491437245794196,-0.31672972593904275,-0.5924901625682295,0.030303030303030276,1.0,0.030303030303030276,0.030303030303030276,0.6739678965399476,0.0,0.2674017096197211,0.4956935765226884,-0.6791251287863431,-0.6134847370676318,-0.8660254037844385,-0.5000000000000004,1.0,6.123233995736766e-17,0.9749279121818236,-0.22252093395631434
0.8689891838759682,1.4116114864926321,0.6768160216402405,0.681291583813473,-0.09686366548881685,0.6576966628224279,0.3336234868795902,2.8310944621574246,-0.6831906184550289,-0.20240939075183012,2.1457312308052856,-0.6514128533997506,0.33676179577524396,0.030303030303030276,1.0,0.030303030303030276,0.030303030303030276,0.8055236426447192,0.01750670927136472,0.35802238267972697,0.38782052138163176,-0.26484835686869956,-0.2579646060675004,-0.8660254037844385,-0.5000000000000004,0.9659258262890683,-0.25881904510252063,0.9749279121818236,-0.22252093395631434
0.1380012342303208,1.4116114864926321,0.6768160216402405,0.9713569757352701,-0.09686366548881685,0.6576966628224279,0.0640163148256042,2.5606916307741745,-0.6831906184550289,0.5605822515723428,2.0843063428708724,-0.6514128533997506,0.8082205099348003,0.030303030303030276,1.0,0.030303030303030276,0.030303030303030276,1.121257433296172,0.08109741423500151,0.4138384840581656,0.06420135595846167,0.1339414329211816,-0.3639369528079242,-0.8660254037844385,-0.5000000000000004,0.8660254037844387,-0.4999999999999998,0.9749279121818236,-0.22252093395631434
0.12650874714576546,1.2536999170428818,0.6768160216402405,1.419639854159865,0.064951081181386,0.6576966628224279,-0.3134337260499762,2.089418124649081,-0.6831906184550289,1.3700505421599172,1.8249568160366827,-0.6514128533997506,1.2591810191308976,0.030303030303030276,0.030303030303030276,0.030303030303030276,0.030303030303030276,0.9633905379704456,0.23723862739387994,0.48555587943447553,0.3338839938111034,1.1909279631409637,0.6616018866155321,-0.8660254037844385,-0.5000000000000004,0.7071067811865476,-0.7071067811865475,0.9749279121818236,-0.22252093395631434
0.12644582625812634,1.1221069425014227,0.6768160216402405,1.9997706380034583,0.17282757896152123,0.6576966628224279,-0.798726635747151,1.347741787140738,-0.6831906184550289,2.1640266166596906,1.2209454180149513,-0.6514128533997506,1.9732018253580519,1.0,0.030303030303030276,0.030303030303030276,0.030303030303030276,1.2528131794009436,0.4152438136547908,0.5162112497097766,0.06420135595846167,2.1433773639983498,1.8341346263563505,-0.8660254037844385,-0.5000000000000004,0.49999999999999994,-0.8660254037844387,0.9749279121818236,-0.22252093395631434
0.12920310797047066,0.9641953730516715,0.5188151265545653,1.7097052460816622,0.3346423256317241,0.6576966628224279,-0.3134337260499762,0.43223505802887663,-0.6831906184550289,2.609427829183954,0.32345955541768934,-0.6514128533997506,2.1166892601022647,1.0,0.030303030303030276,0.030303030303030276,0.030303030303030276,1.410680074726669,0.5738242303948992,0.5302437435581686,-0.20548128189418005,2.6312173010228648,2.1178670385968403,-0.8660254037844385,-0.5000000000000004,0.258819045102521,-0.9659258262890682,0.9749279121818236,-0.22252093395631434
0.13578740199558142,0.8062838036019201,0.6768160216402405,1.5514877595788634,0.4964570723019269,0.4959108823174885,-0.2055908572283818,-0.14719958064951666,-0.6831906184550289,2.8534302325668115,-0.3180892741195168,-0.6514128533997506,2.154269302535273,1.0,0.030303030303030276,0.030303030303030276,0.030303030303030276,1.410680074726669,0.6941758899856182,0.5111017310858764,-0.09760822675312336,2.8519067963434788,2.1554701293757,-0.8660254037844385,-0.5000000000000004,1.2246467991473532e-16,-1.0,0.9749279121818236,-0.22252093395631434
0.250906685066623,0.6746908290604611,0.38714771398316894,1.5514877595788634,0.6582718189721298,0.6576966628224279,-0.2055908572283818,-0.6841423458248278,-0.6831906184550289,2.8224458003912103,-0.6525136639846563,-0.6514128533997506,2.150852935041363,1.0,0.030303030303030276,0.030303030303030276,0.030303030303030276,1.410680074726669,0.7632492543007031,0.5145595696565983,-0.09760822675312336,2.840291559747657,2.152051666577622,-0.8660254037844385,-0.5000000000000004,-0.2588190451025208,-0.9659258262890683,0.9749279121818236,-0.22252093395631434
0.1251301062895933,0.6746908290604611,0.22914681889749292,1.5514877595788634,0.6582718189721298,0.9812682238323067,-0.2055908572283818,-0.6841423458248278,-0.6831906184550289,2.574570342986403,-0.6525136639846563,-0.6514128533997506,2.089358320150986,1.0,0.030303030303030276,0.030303030303030276,0.030303030303030276,1.410680074726669,0.7736268318913218,0.5119861407822274,-0.09760822675312336,2.5692693725118154,2.0905193362122145,-0.8660254037844385,-0.5000000000000004,-0.4999999999999997,-0.8660254037844388,0.9749279121818236,-0.22252093395631434
0.12502142257220877,0.6746908290604611,0.5188151265545653,1.419639854159865,0.6582718189721298,0.6576966628224279,0.0640163148256042,-0.6841423458248278,-0.6831906184550289,2.1020577523084887,-0.6525136639846563,-0.6514128533997506,1.9151235779615847,0.030303030303030276,0.030303030303030276,0.030303030303030276,0.030303030303030276,1.2528131794009436,0.7116438507800998,0.5041302245259454,0.06420135595846167,2.0969164176150628,1.8307161635582723,-0.8660254037844385,-0.5000000000000004,-0.7071067811865471,-0.7071067811865479,0.9749279121818236,-0.22252093395631434
0.7903151465761543,0.6746908290604611,0.5188151265545653,1.419639854159865,0.6582718189721298,0.4959108823174885,0.0640163148256042,-0.6841423458248278,-0.6831906184550289,1.4436385685769693,-0.6525136639846563,-0.6514128533997506,1.7238069983026345,0.030303030303030276,0.030303030303030276,1.0,1.0,1.121257433296172,0.5752378499762858,0.5360463152660627,0.17207441109951835,1.3535412754824687,1.2256482482984332,-0.8660254037844385,-0.5000000000000004,-0.8660254037844385,-0.5000000000000004,0.9749279121818236,-0.22252093395631434
0.7377610346401478,0.5167792596107107,0.5188151265545653,1.2614223676570673,0.6582718189721298,0.4959108823174885,0.2257806180579958,-0.6841423458248278,-0.6831906184550289,0.6612816561430458,-0.6525136639846563,-0.6514128533997506,1.194270036746611,0.030303030303030276,0.030303030303030276,1.0,1.0,0.9633905379704456,0.35847729502103626,0.5498937012993963,0.3338839938111034,0.43593758441254793,0.3265925324038697,-0.8660254037844385,-0.5000000000000004,-0.9659258262890683,-0.25881904510252063,0.9749279121818236,-0.22252093395631434
0.7497569162842005,0.6746908290604611,0.6768160216402405,1.1295744622380688,0.4964570723019269,0.33412510181254906,0.3336234868795902,-0.6841423458248278,-0.6793232268611149,-0.10558304020307722,-0.6525136639846563,-0.5933555761871789,-0.41825542037882824,0.030303030303030276,0.030303030303030276,1.0,1.0,0.8055236426447192,0.11850566533492393,0.5616004645007616,0.4956935765226884,-0.14482424537854116,-0.31607847363482955,-0.8660254037844385,-0.5000000000000004,-1.0,-1.8369701987210297e-16,0.9749279121818236,-0.22252093395631434
0.3395114589267718,0.3851862850692516,0.6768160216402405,0.9713569757352701,0.6582718189721298,0.33412510181254906,0.4953877901119818,-0.6841423458248278,-0.2036340608096867,-0.6826680894736445,-0.6525136639846563,0.33556085921396966,-0.6505684099646967,0.030303030303030276,0.030303030303030276,1.0,1.0,0.6739678965399476,0.0,0.5521109487277474,0.6575031592342735,-0.6829968743182837,-0.651087827846492,-0.8660254037844385,-0.5000000000000004,-0.9659258262890684,0.2588190451025203,0.9749279121818236,-0.22252093395631434
0.6507350835546621,0.22727471561950033,0.9664843292973129,0.8131394892324716,0.9819013123125355,0.06448213430431671,0.6571520933443734,-0.6841423458248278,0.5582420831913811,-0.6826680894736445,-0.6525136639846563,0.8068493448219054,-0.6505684099646967,0.030303030303030276,0.030303030303030276,1.0,1.0,0.6739678965399476,0.0,0.5665604217466955,0.6575031592342735,-0.6829968743182837,-0.651087827846492,-0.8660254037844385,-0.5000000000000004,-0.8660254037844386,0.5000000000000001,0.9749279121818236,-0.22252093395631434
0.6590126194418428,0.5167792596107107,1.4141535320400604,0.8131394892324716,0.6582718189721298,-0.3130180202072086,0.6571520933443734,-0.6841423458248278,1.3665269263194175,-0.6826680894736445,-0.6525136639846563,1.2576470267077569,-0.6505684099646967,0.030303030303030276,0.030303030303030276,0.030303030303030276,0.030303030303030276,0.6739678965399476,0.0,0.4907100103735156,0.6575031592342735,-0.6829968743182837,-0.651087827846492,-0.8660254037844385,-0.5000000000000004,-0.7071067811865477,0.7071067811865474,0.9749279121818236,-0.22252093395631434
0.8527200911741628,0.5167792596107107,1.9934901473542042,0.7604003270648724,0.4964570723019269,-0.7983753617220268,0.6571520933443734,-0.6841423458248278,2.1593422030717977,-0.6826680894736445,-0.6525136639846563,1.9714100230270217,-0.6505684099646967,0.030303030303030276,0.030303030303030276,0.030303030303030276,0.030303030303030276,0.6739678965399476,0.0,0.3570520776303453,0.6575031592342735,-0.6829968743182837,-0.651087827846492,-0.8660254037844385,-0.5000000000000004,-0.5000000000000004,0.8660254037844384,0.9749279121818236,-0.22252093395631434
0.6144384974760717,0.5167792596107107,1.7038218396971327,0.7340307459810732,0.4964570723019269,-0.3130180202072086,0.4953877901119818,-0.6841423458248278,2.6040922363719137,-0.6826680894736445,-0.6525136639846563,2.114845649081611,-0.6505684099646967,0.030303030303030276,0.030303030303030276,0.030303030303030276,0.030303030303030276,0.5161010012142222,0.0,0.24418688984912074,0.6575031592342735,-0.6829968743182837,-0.651087827846492,-0.8660254037844385,-0.5000000000000004,-0.25881904510252157,0.9659258262890681,0.9749279121818236,-0.22252093395631434
0.9096361733951939,0.6746908290604611,1.5458209446114568,0.681291583813473,0.3346423256317241,-0.20516083320391562,0.818916396576765,-0.6802794482336385,2.847737906788499,-0.6826680894736445,-0.5945012698243769,2.1524121225720987,-0.6505684099646967,0.030303030303030276,0.030303030303030276,0.030303030303030276,0.030303030303030276,0.6739678965399476,0.0,0.23350567208964956,0.4956935765226884,-0.6829968743182837,-0.651087827846492,-0.8660254037844385,-0.5000000000000004,-2.4492935982947064e-16,1.0,0.9749279121818236,-0.22252093395631434
0.3494250683198953,0.6746908290604611,1.5458209446114568,0.6549220027296739,0.3346423256317241,-0.20516083320391562,0.818916396576765,-0.205143044517356,2.8167987740371863,-0.6826680894736445,0.3336970367400916,2.1489969886184177,-0.6505684099646967,0.030303030303030276,0.030303030303030276,0.030303030303030276,0.030303030303030276,0.3845452551094506,0.0,0.21933503884523864,0.6575031592342735,-0.6829968743182837,-0.651087827846492,-0.8660254037844385,-0.5000000000000004,0.25881904510252074,0.9659258262890683,0.43388373911755823,-0.900968867902419
0.31320287730128626,0.9641953730516715,1.5458209446114568,0.6021828405620747,0.064951081181386,-0.20516083320391562,0.818916396576765,0.5558477809469339,2.569285712026687,-0.6826680894736445,0.804621177570594,2.0875245774521654,-0.6505684099646967,0.030303030303030276,0.030303030303030276,0.030303030303030276,0.030303030303030276,0.22667835978372425,0.0,0.21904674904527843,0.9811223246574435,-0.6829968743182837,-0.651087827846492,-0.8660254037844385,-0.5000000000000004,0.49999999999999994,0.8660254037844387,0.43388373911755823,-0.900968867902419
0.25530574476425005,1.4116114864926321,1.4141535320400604,0.5758132594782746,-0.3126166610490873,0.06448213430431671,0.9806806998091566,1.3631933775054952,2.097463937569173,-0.6826680894736445,1.255070355756292,1.91335274581445,-0.6505684099646967,0.030303030303030276,0.030303030303030276,0.030303030303030276,0.030303030303030276,0.5161010012142222,0.0,0.22610079607116595,0.6575031592342735,-0.6829968743182837,-0.651087827846492,-0.8660254037844385,-0.5000000000000004,0.7071067811865476,0.7071067811865476,0.43388373911755823,-0.900968867902419
0.23170296038053345,1.990620574475052,1.4141535320400604,0.5230740973106753,-0.7980609010596958,0.06448213430431671,0.818916396576765,2.155087383699299,1.4400073666037845,-0.6826680894736445,1.9682815545503138,1.7221052444083311,-0.6505684099646967,0.030303030303030276,1.0,0.030303030303030276,0.030303030303030276,0.5161010012142222,0.0,0.23027724633122604,0.4956935765226884,-0.6829968743182837,-0.651087827846492,-0.8660254037844385,-0.5000000000000004,0.8660254037844386,0.5000000000000001,0.43388373911755823,-0.900968867902419
0.31870600087661305,1.7011160304838424,1.2561526369543852,0.5230740973106753,-0.3126166610490873,0.22626791480925612,0.818916396576765,2.5993206066860672,0.6587942646331465,-0.6826680894736445,2.1116062930639448,1.1927594815878237,-0.6505684099646967,0.030303030303030276,1.0,0.030303030303030276,0.030303030303030276,0.5161010012142222,0.0,0.24705685488709983,0.4956935765226884,-0.6829968743182837,-0.651087827846492,-0.8660254037844385,-0.5000000000000004,0.9659258262890683,0.25881904510252074,0.43388373911755823,-0.900968867902419
0.2429952380882134,1.5432044610340911,1.1244852243829888,0.5230740973106753,-0.20474016326895209,0.33412510181254906,0.9806806998091566,2.8426831549309926,-0.10694927096183547,-0.6439375492541434,2.1491437245794196,-0.41918374454946356,-0.6505684099646967,0.030303030303030276,1.0,0.030303030303030276,0.030303030303030276,0.6739678965399476,0.0,0.29191133653220525,0.3338839938111034,-0.6791251287863431,-0.5929739602791627,-0.8660254037844385,-0.5000000000000004,1.0,6.123233995736766e-17,0.43388373911755823,-0.900968867902419
0.2521880648932823,1.5432044610340911,0.9664843292973129,0.8131394892324716,-0.20474016326895209,0.4959108823174885,0.818916396576765,2.811779974201478,-0.6831906184550289,-0.4580309562005378,2.1457312308052856,-0.6514128533997506,-0.6471520424707868,0.030303030303030276,1.0,0.030303030303030276,0.030303030303030276,0.6739678965399476,0.015948955041761716,0.3549980672265075,0.3338839938111034,-0.20290042835765007,0.33684792079810427,-0.8660254037844385,-0.5000000000000004,0.9659258262890683,-0.25881904510252063,0.43388373911755823,-0.900968867902419
0.17090552570419268,1.5432044610340911,0.8084834342116368,0.9713569757352701,-0.20474016326895209,0.6576966628224279,0.6571520933443734,2.5645545283653637,-0.6831906184550289,-0.17917106662012944,2.0843063428708724,-0.6514128533997506,-0.623237470013418,0.030303030303030276,1.0,0.030303030303030276,0.030303030303030276,0.9633905379704456,0.07557043973906698,0.4088224412954944,0.06420135595846167,0.559833441434647,0.8085957869328941,-0.8660254037844385,-0.5000000000000004,0.8660254037844387,-0.4999999999999998,0.43388373911755823,-0.900968867902419
0.1258623355916059,1.4116114864926321,0.8084834342116368,1.1295744622380688,0.064951081181386,0.6576966628224279,0.4953877901119818,2.0932810222402707,-0.6831906184550289,0.27010319992608406,1.9102691603900346,-0.6514128533997506,-0.6369029399890573,0.030303030303030276,0.030303030303030276,0.030303030303030276,0.030303030303030276,1.410680074726669,0.23390138089545223,0.4831858437902089,-0.31335433703523674,1.369028257610231,1.259832876279215,-0.8660254037844385,-0.5000000000000004,0.7071067811865476,-0.7071067811865475,0.43388373911755823,-0.900968867902419
0.1253589307352144,1.4116114864926321,0.7558164691830784,1.419639854159865,0.064951081181386,0.6576966628224279,0.2257806180579958,1.4365884317380917,-0.6831906184550289,0.9323954376795539,1.7191695090385264,-0.6514128533997506,-0.18252606329905005,1.0,0.030303030303030276,0.030303030303030276,0.030303030303030276,1.989525357587664,0.41440118994704533,0.5194713804315428,-0.7987830851699919,2.162736091658053,1.9742916010775562,-0.8660254037844385,-0.5000000000000004,0.49999999999999994,-0.8660254037844387,0.43388373911755823,-0.900968867902419
0.127401151500334,1.2536999170428818,0.7294829866687997,1.8415531515006607,0.22676582785158886,0.4959108823174885,-0.04382655399599019,0.6562831183178554,-0.6831906184550289,2.4428865062400993,1.1902329740477446,-0.6514128533997506,1.8980417404920358,1.0,0.030303030303030276,0.030303030303030276,0.030303030303030276,1.700102716157167,0.571008074009644,0.5282811602295602,-0.31335433703523674,2.6079868278312213,2.1178670385968403,-0.8660254037844385,-0.5000000000000004,0.258819045102521,-0.9659258262890682,0.43388373911755823,-0.900968867902419
0.44903035739297364,1.1221069425014227,0.6768160216402405,2.131618543422457,0.3346423256317241,0.8194824433273673,-0.3134337260499762,-0.10857060473762377,-0.6831906184550289,2.338314047647446,-0.4204640873435391,-0.6514128533997506,1.6588960159183477,1.0,0.030303030303030276,0.030303030303030276,0.030303030303030276,1.5422358208314406,0.6970364573088749,0.5128986700664221,-0.20548128189418005,2.8519067963434788,2.1554701293757,-0.8660254037844385,-0.5000000000000004,1.2246467991473532e-16,-1.0,0.43388373911755823,-0.900968867902419
0.2888450079429197,0.9641953730516715,0.6504825391259617,1.9997706380034583,0.4964570723019269,0.8194824433273673,-0.3134337260499762,-0.6841423458248278,-0.6831906184550289,2.8263188544131608,-0.6525136639846563,-0.6514128533997506,2.1166892601022647,1.0,0.030303030303030276,0.030303030303030276,0.030303030303030276,1.5422358208314406,0.7502993813441916,0.5422266318926218,-0.20548128189418005,2.8209328320879536,2.152051666577622,-0.8660254037844385,-0.5000000000000004,-0.2588190451025208,-0.9659258262890683,0.43388373911755823,-0.900968867902419
0.9174303387496329,0.8062838036019201,0.5978155740974034,1.8415531515006607,0.6582718189721298,0.8194824433273673,-0.3134337260499762,-0.6841423458248278,-0.6831906184550289,2.5552050728766527,-0.6525136639846563,-0.6514128533997506,2.068860115187527,1.0,0.030303030303030276,0.030303030303030276,0.030303030303030276,1.5422358208314406,0.7716145028401713,0.5671067817531225,-0.20548128189418005,2.573141118043756,2.0905193362122145,-0.8660254037844385,-0.5000000000000004,-0.4999999999999997,-0.8660254037844388,0.43388373911755823,-0.900968867902419
0.8871660507964326,0.8062838036019201,0.5714820915831237,1.7097052460816622,0.6582718189721298,0.9812682238323067,-0.15166942281758458,-0.6841423458248278,-0.6831906184550289,2.0245966718694866,-0.6525136639846563,-0.6514128533997506,1.9185399454554946,0.030303030303030276,0.030303030303030276,0.030303030303030276,0.030303030303030276,1.410680074726669,0.7294388266869665,0.56489665385612,0.06420135595846167,2.1007881631470036,1.916177733510227,-0.8660254037844385,-0.5000000000000004,-0.7071067811865471,-0.7071067811865479,0.43388373911755823,-0.900968867902419
0.8569017628432326,0.7536466137853367,0.5188151265545653,1.5514877595788634,0.6582718189721298,0.8194824433273673,-0.04382655399599019,-0.6841423458248278,-0.6831906184550289,1.300335569764815,-0.6525136639846563,-0.6514128533997506,1.6452305459427083,0.030303030303030276,0.030303030303030276,1.0,1.0,1.410680074726669,0.6100461533156052,0.5650844763126276,0.06420135595846167,1.4425914227171024,1.7247438168178486,-0.8660254037844385,-0.5000000000000004,-0.8660254037844385,-0.5000000000000004,0.43388373911755823,-0.900968867902419
0.8266374748900325,0.7273280188770455,0.5188151265545653,1.419639854159865,0.4964570723019269,0.8194824433273673,-0.04382655399599019,-0.6841423458248278,-0.6831906184550289,0.4637559010235899,-0.6525136639846563,-0.6514128533997506,1.1635227293014225,0.030303030303030276,0.030303030303030276,1.0,1.0,1.2528131794009436,0.4299232917461753,0.5472840601324835,0.2260109386700467,0.6604988252651024,1.1948820831157294,-0.8660254037844385,-0.5000000000000004,-0.9659258262890683,-0.25881904510252063,0.43388373911755823,-0.900968867902419
0.7963731869368322,0.6746908290604611,0.5188151265545653,1.2614223676570673,0.8200865656423326,0.9812682238323067,-0.04382655399599019,-0.6841423458248278,-0.6445167025158884,-0.3147279573883835,-0.6525136639846563,-0.6514128533997506,0.1898579935371213,0.030303030303030276,0.030303030303030276,1.0,1.0,1.121257433296172,0.14959421334791098,0.5409825065944018,0.3338839938111034,-0.1061067900591352,-0.4186323575771752,-0.8660254037844385,-0.5000000000000004,-1.0,-1.8369701987210297e-16,0.43388373911755823,-0.900968867902419
0.764578677549192,0.6483722341521698,0.8084834342116368,0.9713569757352701,0.8200865656423326,0.8194824433273673,0.2257806180579958,-0.6841423458248278,-0.45888190600801404,-0.6478106032760935,-0.6525136639846563,-0.64799771944607,-0.6369029399890573,0.030303030303030276,0.030303030303030276,1.0,1.0,0.9633905379704456,0.0,0.5319849043398767,0.4956935765226884,-0.6829968743182837,-0.651087827846492,-0.8660254037844385,-0.5000000000000004,-0.9659258262890684,0.2588190451025203,0.43388373911755823,-0.900968867902419
0.9786911267965556,0.5957350443355863,0.9664843292973129,0.8131394892324716,0.8200865656423326,0.6576966628224279,0.4953877901119818,-0.6841423458248278,-0.1804297112462024,-0.6826680894736445,-0.6525136639846563,-0.6240917817703051,-0.6505684099646967,0.030303030303030276,0.030303030303030276,1.0,1.0,0.8055236426447192,0.0,0.5311414703635166,0.6575031592342735,-0.6829968743182837,-0.651087827846492,-0.8660254037844385,-0.5000000000000004,-0.8660254037844386,0.5000000000000001,0.43388373911755823,-0.900968867902419
0.5779932242464597,0.5694164494272942,1.1244852243829888,0.8131394892324716,0.9819013123125355,0.4959108823174885,0.6571520933443734,-0.6841423458248278,0.2681877136478274,-0.6826680894736445,-0.6525136639846563,-0.6377523175850279,-0.6505684099646967,0.030303030303030276,0.030303030303030276,0.030303030303030276,0.030303030303030276,0.8055236426447192,0.0,0.45513873175127095,0.6575031592342735,-0.6829968743182837,-0.651087827846492,-0.8660254037844385,-0.5000000000000004,-0.7071067811865477,0.7071067811865474,0.43388373911755823,-0.900968867902419
0.7168468757111144,0.5167792596107107,1.4141535320400604,0.8131394892324716,0.8200865656423326,0.22626791480925612,0.6571520933443734,-0.6841423458248278,0.9295116762071299,-0.6826680894736445,-0.6525136639846563,-0.1835395017454957,-0.6505684099646967,0.030303030303030276,0.030303030303030276,0.030303030303030276,0.030303030303030276,0.7529013442028107,0.0,0.3726507659360848,0.6575031592342735,-0.6829968743182837,-0.651087827846492,-0.8660254037844385,-0.5000000000000004,-0.5000000000000004,0.8660254037844384,0.43388373911755823,-0.900968867902419
0.4190378044754701,0.5167792596107107,1.835489252268529,0.681291583813473,0.8200865656423326,-0.04337505269897623,0.818916396576765,-0.6841423458248278,2.4377943978336094,-0.6826680894736445,-0.6525136639846563,1.8962770760460466,-0.6505684099646967,0.030303030303030276,0.030303030303030276,0.030303030303030276,0.030303030303030276,0.726590194981857,0.0,0.2901228487939077,0.4956935765226884,-0.6829968743182837,-0.651087827846492,-0.8660254037844385,-0.5000000000000004,-0.25881904510252157,0.9659258262890681,0.43388373911755823,-0.900968867902419
0.3322807396183093,0.5167792596107107,2.1251575599256007,0.5230740973106753,0.9819013123125355,-0.3130180202072086,0.9806806998091566,-0.6455133699129348,2.33337482479793,-0.6826680894736445,-0.6525136639846563,1.657217699288398,-0.6505684099646967,0.030303030303030276,0.030303030303030276,0.030303030303030276,0.030303030303030276,0.6739678965399476,0.0,0.20915987634961852,0.8193127419458585,-0.6829968743182837,-0.651087827846492,-0.8660254037844385,-0.5000000000000004,-2.4492935982947064e-16,1.0,0.43388373911755823,-0.900968867902419
0.17889420625306132,0.8062838036019201,1.9934901473542042,0.5230740973106753,0.8200865656423326,-0.3130180202072086,0.818916396576765,-0.460094285535849,2.8206661656311005,-0.6826680894736445,-0.6491011702105222,2.114845649081611,-0.6505684099646967,0.030303030303030276,0.030303030303030276,0.030303030303030276,0.030303030303030276,0.6476567473189938,0.0,0.19734593090868724,0.8193127419458585,-0.6829968743182837,-0.651087827846492,-1.0,-1.8369701987210297e-16,0.25881904510252074,0.9659258262890683,-0.433883739117558,-0.9009688679024191
0.3310050574063937,0.9641953730516715,1.835489252268529,0.5230740973106753,0.6582718189721298,-0.3130180202072086,0.9806806998091566,-0.18196565897022024,2.549948754057117,-0.6826680894736445,-0.6252137137915836,2.0670337737300812,-0.6505684099646967,0.030303030303030276,0.030303030303030276,0.030303030303030276,0.030303030303030276,0.5950344488770853,0.0,0.1753896035481285,0.8193127419458585,-0.6829968743182837,-0.651087827846492,-1.0,-1.8369701987210297e-16,0.49999999999999994,0.8660254037844387,-0.433883739117558,-0.9009688679024191
0.1783993890063618,1.1221069425014227,1.7038218396971327,0.5230740973106753,0.4964570723019269,-0.15123223970226915,0.9806806998091566,0.26613046160773723,2.020116105690892,-0.6826680894736445,-0.63886368888812,1.9167678797681307,-0.6505684099646967,0.030303030303030276,0.030303030303030276,0.030303030303030276,0.030303030303030276,0.5687232996561307,0.0,0.17555883327169042,0.9811223246574435,-0.6829968743182837,-0.651087827846492,-1.0,-1.8369701987210297e-16,0.7071067811865476,0.7071067811865476,-0.433883739117558,-0.9009688679024191
0.17869111717813183,1.4116114864926321,1.5458209446114568,0.5230740973106753,0.22676582785158886,-0.04337505269897623,0.9806806998091566,0.9266859497011055,1.2969138776289646,-0.6826680894736445,-0.18500201692828788,1.6435571634736752,-0.6505684099646967,0.030303030303030276,1.0,0.030303030303030276,0.030303030303030276,0.5161010012142222,0.0,0.17126293878785726,0.8193127419458585,-0.6829968743182837,-0.651087827846492,-1.0,-1.8369701987210297e-16,0.8660254037844386,0.5000000000000001,-0.433883739117558,-0.9009688679024191
0.17776441386926603,1.8327090050253017,1.4141535320400604,0.5230740973106753,-0.04292541659874924,-0.04337505269897623,0.9806806998091566,2.433216010264928,0.4615572933435299,-0.6826680894736445,1.8932066915193642,1.1620232760046976,-0.6505684099646967,0.030303030303030276,1.0,0.030303030303030276,0.030303030303030276,0.5161010012142222,0.0,0.21933119737148943,0.8193127419458585,-0.6829968743182837,-0.651087827846492,-1.0,-1.8369701987210297e-16,0.9659258262890683,0.25881904510252074,-0.433883739117558,-0.9009688679024191
0.2353869659955318,2.122213549016511,1.2561526369543852,0.5230740973106753,-0.3126166610490873,-0.04337505269897623,1.358130740684737,2.328917775302817,-0.31578841703319416,-0.6400644952321932,1.654332127329979,0.18871009920569987,-0.6369029399890573,0.030303030303030276,1.0,0.030303030303030276,0.030303030303030276,0.5161010012142222,0.0,0.23886888163994247,0.9811223246574435,-0.6442794189988778,-0.651087827846492,-1.0,-1.8369701987210297e-16,1.0,6.123233995736766e-17,-0.433883739117558,-0.9009688679024191
0.46045417792297366,1.990620574475052,0.9664843292973129,0.8131394892324716,-0.3126166610490873,0.22626791480925612,1.1424450030415483,2.8156428717926674,-0.6483840941098025,-0.37669682173958535,2.1116062930639448,-0.6377523175850279,-0.41825542037882824,0.030303030303030276,1.0,0.030303030303030276,0.030303030303030276,0.8055236426447192,0.011297869882178234,0.270481731564268,0.8193127419458585,-0.45843563346572924,-0.6476693650484138,-1.0,-1.8369701987210297e-16,0.9659258262890683,-0.25881904510252063,-0.433883739117558,-0.9009688679024191
0.45905839960269595,1.8327090050253017,0.8084834342116368,0.8131394892324716,-0.3126166610490873,0.4959108823174885,0.9806806998091566,2.5452400404094173,-0.6831906184550289,0.6264241699454948,2.063831380226068,-0.6514128533997506,0.9961207220998408,0.030303030303030276,1.0,0.030303030303030276,0.030303030303030276,0.9633905379704456,0.07438410756845404,0.2886261081819447,0.6575031592342735,-0.1796699551660065,-0.6237401254618664,-1.0,-1.8369701987210297e-16,0.8660254037844387,-0.4999999999999998,-0.433883739117558,-0.9009688679024191
0.3181225102100926,1.7011160304838424,0.8084834342116368,1.2614223676570673,-0.15080191437888446,0.6576966628224279,0.9806806998091566,2.0160230704164848,-0.6831906184550289,0.7774732768015493,1.9136816541641686,-0.6514128533997506,0.41875461562907984,0.030303030303030276,0.030303030303030276,0.030303030303030276,0.030303030303030276,1.121257433296172,0.2338182268024295,0.28199608302848667,0.4956935765226884,0.2694525265391024,-0.6374139766541792,-1.0,-1.8369701987210297e-16,0.7071067811865476,-0.7071067811865475,-0.433883739117558,-0.9009688679024191
0.49736854332548774,1.5432044610340911,0.8084834342116368,1.5514877595788634,-0.04292541659874924,0.6576966628224279,0.3875449212903874,1.2936612208640879,-0.6831906184550289,1.9161511592548834,1.6406821522334425,-0.6514128533997506,1.6383978109548887,1.0,0.030303030303030276,0.030303030303030276,0.030303030303030276,1.410680074726669,0.41624166277106367,0.2951972307379158,0.2260109386700467,0.931521012500944,-0.18275842450978025,-1.0,-1.8369701987210297e-16,0.49999999999999994,-0.8660254037844387,-0.433883739117558,-0.9009688679024191
0.4048223586589541,1.4116114864926321,0.6768160216402405,1.5514877595788634,-0.04292541659874924,0.8194824433273673,0.3875449212903874,0.45927534116720165,-0.6831906184550289,2.640412261359555,1.159520530080538,-0.6514128533997506,2.249927592364748,1.0,0.030303030303030276,0.030303030303030276,0.030303030303030276,1.8316584622619385,0.5772834406646452,0.3121044786615609,-0.043671699182595024,2.4415017699577755,1.8990854195198361,-1.0,-1.8369701987210297e-16,0.258819045102521,-0.9659258262890682,-0.433883739117558,-0.9009688679024191
0.49942222453375734,1.2536999170428818,0.5188151265545653,1.7097052460816622,-0.04292541659874924,0.9812682238323067,0.1179377492364014,-0.31716707466184535,-0.6831906184550289,2.845684124522911,0.18695980445232635,-0.6514128533997506,2.2840912673038463,1.0,0.030303030303030276,0.030303030303030276,0.030303030303030276,2.1210811036924357,0.7002849218452641,0.322363467236352,-0.31335433703523674,2.3369646405953794,1.659793023654363,-1.0,-1.8369701987210297e-16,1.2246467991473532e-16,-1.0,-0.433883739117558,-0.9009688679024191
0.6594130656539777,0.9641953730516715,0.5188151265545653,1.7097052460816622,0.22676582785158886,0.8194824433273673,0.1179377492364014,-0.6493762675041241,-0.6831906184550289,2.830191908435111,-0.63886368888812,-0.6514128533997506,2.2875076347977563,1.0,0.030303030303030276,0.030303030303030276,0.030303030303030276,1.989525357587664,0.7685877603774179,0.32777052080703517,-0.31335433703523674,2.8248045776198945,2.1178670385968403,-1.0,-1.8369701987210297e-16,-0.2588190451025208,-0.9659258262890683,-0.433883739117558,-0.9009688679024191
0.7570505496157061,0.8062838036019201,0.5188151265545653,1.7097052460816622,0.4964570723019269,0.9812682238323067,0.1179377492364014,-0.6841423458248278,-0.6831906184550289,2.574570342986403,-0.6525136639846563,-0.6514128533997506,2.2635930623403873,1.0,0.030303030303030276,0.030303030303030276,0.030303030303030276,1.8316584622619385,0.7854015312912711,0.3289327458849236,-0.31335433703523674,2.5537823903840526,2.0700085594237456,-1.0,-1.8369701987210297e-16,-0.4999999999999997,-0.8660254037844388,-0.433883739117558,-0.9009688679024191
0.8281334076670693,0.8062838036019201,0.5188151265545653,1.5514877595788634,0.6582718189721298,0.9812682238323067,0.2257806180579958,-0.6841423458248278,-0.6831906184550289,2.0555811040450873,-0.6525136639846563,-0.6514128533997506,2.1371874650657237,0.030303030303030276,0.030303030303030276,0.030303030303030276,0.030303030303030276,1.700102716157167,0.726739099336598,0.34896106318061626,-0.15154475432365172,2.0233532525081914,1.9195961963083052,-1.0,-1.8369701987210297e-16,-0.7071067811865471,-0.7071067811865479,-0.433883739117558,-0.9009688679024191
0.688965151764219,0.8062838036019201,0.5188151265545653,1.5514877595788634,0.6582718189721298,0.9812682238323067,0.0640163148256042,-0.6841423458248278,-0.6831906184550289,1.3468122180282165,-0.6525136639846563,-0.6514128533997506,1.9151235779615847,0.030303030303030276,0.030303030303030276,1.0,1.0,1.5422358208314406,0.6069195594179501,0.34381937861652345,-0.043671699182595024,1.2993368380353003,1.6461191724620503,-1.0,-1.8369701987210297e-16,-0.8660254037844385,-0.5000000000000004,-0.433883739117558,-0.9009688679024191
0.8658114937060978,0.6746908290604611,0.5188151265545653,1.2614223676570673,0.8200865656423326,0.9812682238323067,0.3875449212903874,-0.6841423458248278,-0.6831906184550289,0.4598828470016398,-0.6525136639846563,-0.6514128533997506,1.2557646516369878,0.030303030303030276,0.030303030303030276,1.0,1.0,1.410680074726669,0.41967037877181645,0.37172789028259257,-0.043671699182595024,0.4630398031361321,1.1641159179330258,-1.0,-1.8369701987210297e-16,-0.9659258262890683,-0.25881904510252063,-0.433883739117558,-0.9009688679024191
0.7101024100657456,0.5167792596107107,0.5188151265545653,0.9713569757352701,0.9819013123125355,1.358768378343832,0.4953877901119818,-0.6841423458248278,-0.6406493109219744,-0.4038081998932362,-0.6525136639846563,-0.6377523175850279,-0.2952661905980744,0.030303030303030276,0.030303030303030276,1.0,1.0,1.2528131794009436,0.14125662518594584,0.3581438244698496,-0.043671699182595024,-0.3151810487839273,0.1898540204807422,-1.0,-1.8369701987210297e-16,-1.0,-1.8369701987210297e-16,-0.433883739117558,-0.9009688679024191
0.8501172766027367,0.5167792596107107,0.8084834342116368,0.9713569757352701,0.8200865656423326,1.1430540043372461,0.4953877901119818,-0.6841423458248278,-0.377666682535819,-0.6594297653419439,-0.6525136639846563,-0.41918374454946356,-0.643735674976877,0.030303030303030276,0.030303030303030276,1.0,1.0,0.9633905379704456,0.0,0.36794065814279486,0.2260109386700467,-0.6481511645308183,-0.6374139766541792,-1.0,-1.8369701987210297e-16,-0.9659258262890684,0.2588190451025203,-0.433883739117558,-0.9009688679024191
0.6548137862825812,0.5167792596107107,0.8084834342116368,0.8131394892324716,0.9819013123125355,0.9812682238323067,0.818916396576765,-0.6841423458248278,0.62398774028792,-0.6826680894736445,-0.6525136639846563,0.9946817122743435,-0.6505684099646967,0.030303030303030276,0.030303030303030276,1.0,1.0,0.8055236426447192,0.0,0.3754525320101044,0.4956935765226884,-0.6829968743182837,-0.651087827846492,-1.0,-1.8369701987210297e-16,-0.8660254037844386,0.5000000000000001,-0.433883739117558,-0.9009688679024191
0.5492877830933395,0.5167792596107107,1.2561526369543852,0.8131394892324716,0.9819013123125355,0.9812682238323067,0.818916396576765,-0.6841423458248278,0.774816012450568,-0.6826680894736445,-0.6525136639846563,0.41752407410230635,-0.6505684099646967,0.030303030303030276,0.030303030303030276,0.030303030303030276,0.030303030303030276,0.8055236426447192,0.0,0.31703621388035086,0.6575031592342735,-0.6829968743182837,-0.651087827846492,-1.0,-1.8369701987210297e-16,-0.7071067811865477,0.7071067811865474,-0.433883739117558,-0.9009688679024191
0.34059261907966165,0.5167792596107107,1.5458209446114568,0.681291583813473,0.9819013123125355,0.38805369531419553,0.9806806998091566,-0.6841423458248278,1.9118291410612986,-0.6826680894736445,-0.6525136639846563,1.636726895566314,-0.6505684099646967,0.030303030303030276,0.030303030303030276,0.030303030303030276,0.030303030303030276,0.8055236426447192,0.0,0.28827945359082263,0.6575031592342735,-0.6829968743182837,-0.651087827846492,-1.0,-1.8369701987210297e-16,-0.5000000000000004,0.8660254037844384,-0.433883739117558,-0.9009688679024191
0.25206221625340797,0.5167792596107107,1.5458209446114568,0.5230740973106753,0.9819013123125355,0.38805369531419553,0.9806806998091566,-0.6841423458248278,2.635031369123226,-0.6826680894736445,-0.6525136639846563,2.2480358732751577,-0.6505684099646967,0.030303030303030276,0.030303030303030276,0.030303030303030276,0.030303030303030276,0.6739678965399476,0.0,0.28927598310099845,0.8193127419458585,-0.6829968743182837,-0.651087827846492,-1.0,-1.8369701987210297e-16,-0.25881904510252157,0.9659258262890681,-0.433883739117558,-0.9009688679024191
0.23427718047700208,0.5167792596107107,1.7038218396971327,0.5230740973106753,1.3594690545430088,0.11841072780596318,1.358130740684737,-0.6416504723217455,2.8400031236006704,-0.6826680894736445,-0.63886368888812,2.282187212811965,-0.6505684099646967,0.030303030303030276,0.030303030303030276,0.030303030303030276,0.030303030303030276,0.5161010012142222,0.0,0.1902126726940926,0.9811223246574435,-0.6829968743182837,-0.651087827846492,-1.0,-1.8369701987210297e-16,-2.4492935982947064e-16,1.0,-0.433883739117558,-0.9009688679024191
0.09141922477670786,0.8062838036019201,1.7038218396971327,0.5230740973106753,1.1437160589827384,0.11841072780596318,0.9806806998091566,-0.378973436120874,2.8245335572250143,-0.6826680894736445,-0.4204640873435391,2.2856023467656454,-0.6505684099646967,0.030303030303030276,0.030303030303030276,0.030303030303030276,0.030303030303030276,0.5161010012142222,0.0,0.16105358205390485,0.8193127419458585,-0.6829968743182837,-0.651087827846492,-1.0,-1.8369701987210297e-16,0.25881904510252074,0.9659258262890683,-0.9749279121818236,-0.2225209339563146
0.09961669887984576,0.8062838036019201,1.7038218396971327,0.5230740973106753,0.9819013123125355,0.11841072780596318,0.9806806998091566,0.6215170399971518,2.569285712026687,-0.6826680894736445,0.9923083351479682,2.261696409089881,-0.6505684099646967,0.030303030303030276,0.030303030303030276,0.030303030303030276,0.030303030303030276,0.5161010012142222,0.0,0.13733191823684338,0.9811223246574435,-0.6829968743182837,-0.651087827846492,-1.0,-1.8369701987210297e-16,0.49999999999999994,0.8660254037844387,-0.9749279121818236,-0.2225209339563146
0.11667522013047288,1.2536999170428818,1.5458209446114568,0.5230740973106753,0.9819013123125355,0.22626791480925612,1.1424450030415483,0.772170046053534,2.0510552384422045,-0.6826680894736445,0.4155968873193094,2.135336452803695,-0.6505684099646967,0.030303030303030276,0.030303030303030276,0.030303030303030276,0.030303030303030276,0.5161010012142222,0.0,0.1289925140944952,0.9811223246574435,-0.6829968743182837,-0.651087827846492,-1.0,-1.8369701987210297e-16,0.7071067811865476,0.7071067811865476,-0.9749279121818236,-0.2225209339563146
0.12331099519386096,1.5432044610340911,1.5458209446114568,0.5230740973106753,0.3885805745217917,0.06448213430431671,0.9806806998091566,1.907861937863185,1.3433225767559331,-0.6826680894736445,1.6338571646851745,1.91335274581445,-0.6505684099646967,0.030303030303030276,1.0,0.030303030303030276,0.030303030303030276,0.5161010012142222,0.0,0.13283508906610542,0.9811223246574435,-0.6829968743182837,-0.651087827846492,-1.0,-1.8369701987210297e-16,0.8660254037844386,0.5000000000000001,-0.9749279121818236,-0.2225209339563146
0.12352265471699223,1.5432044610340911,1.2561526369543852,0.5230740973106753,0.3885805745217917,0.38805369531419553,0.9806806998091566,2.6302237874155816,0.4576899017496158,-0.6826680894736445,2.244693550255174,1.254231892754076,-0.6505684099646967,0.030303030303030276,1.0,0.030303030303030276,0.030303030303030276,0.5161010012142222,0.0,0.16469033086203644,0.9811223246574435,-0.6829968743182837,-0.651087827846492,-1.0,-1.8369701987210297e-16,0.9659258262890683,0.25881904510252074,-0.9749279121818236,-0.2225209339563146
0.11170410618338923,1.7011160304838424,0.9664843292973129,0.5230740973106753,0.11888933007145361,0.4959108823174885,1.1424450030415483,2.8349573597486137,-0.40473842369321733,-0.6206992251224427,2.2788184879965145,-0.2962389222169586,-0.6505684099646967,0.030303030303030276,1.0,0.030303030303030276,0.030303030303030276,0.5161010012142222,0.0,0.16827440026015483,1.358678017651142,-0.6404076734669372,-0.6374139766541792,-1.0,-1.8369701987210297e-16,1.0,6.123233995736766e-17,-0.9749279121818236,-0.2225209339563146
0.14621586295905437,1.7011160304838424,0.9664843292973129,0.5230740973106753,0.11888933007145361,0.4959108823174885,1.1424450030415483,2.8195057693838566,-0.6599862688915447,-0.3805698757615355,2.2822309817706485,-0.6445825854923893,-0.5822410600865,0.030303030303030276,1.0,0.030303030303030276,0.030303030303030276,0.8055236426447192,0.06548661961502077,0.16963610026492337,1.1429319073690285,-0.3771289772949768,-0.4186323575771752,-1.0,-1.8369701987210297e-16,0.9659258262890683,-0.25881904510252063,-0.9749279121818236,-0.2225209339563146
0.10924428801283702,1.7011160304838424,0.8084834342116368,0.5230740973106753,0.11888933007145361,0.8194824433273673,1.358130740684737,2.5645545283653637,-0.6831906184550289,-0.04361417585187536,2.25834352535171,-0.6514128533997506,-0.6300702050012377,0.030303030303030276,1.0,0.030303030303030276,0.030303030303030276,0.8055236426447192,0.14575249425026035,0.18529302531269976,0.9811223246574435,0.625653115477637,0.9966112408271945,-1.0,-1.8369701987210297e-16,0.8660254037844387,-0.4999999999999998,-0.9749279121818236,-0.2225209339563146
0.10794573983138989,1.5432044610340911,0.8084834342116368,0.9713569757352701,0.22676582785158886,0.8194824433273673,0.9806806998091566,2.046926251145999,-0.6831906184550289,0.7038852503844971,2.1320812557087496,-0.6514128533997506,-0.4011735829092791,0.030303030303030276,0.030303030303030276,0.030303030303030276,0.030303030303030276,1.2528131794009436,0.2610096152208658,0.18589014399226544,0.9811223246574435,0.7766511912233202,0.4188910279519808,-1.0,-1.8369701987210297e-16,0.7071067811865476,-0.7071067811865475,-0.9749279121818236,-0.2225209339563146
0.10751098780036158,1.5432044610340911,0.6768160216402405,1.419639854159865,0.064951081181386,0.9812682238323067,0.6571520933443734,1.3400159919583594,-0.6831906184550289,1.1725247870404611,1.9102691603900346,-0.6514128533997506,-0.06636956850611588,1.0,0.030303030303030276,0.030303030303030276,0.030303030303030276,1.5422358208314406,0.46071248502428047,0.1896738931958638,0.38782052138163176,1.9149443776138548,1.6392822468658939,-1.0,-1.8369701987210297e-16,0.49999999999999994,-0.8660254037844387,-0.9749279121818236,-0.2225209339563146
0.2625936598872237,1.2536999170428818,0.5188151265545653,1.419639854159865,0.3885805745217917,0.9812682238323067,0.4953877901119818,0.45541244357601235,-0.6831906184550289,2.4545056683059494,1.251657861982158,-0.6514128533997506,1.6213159734853395,1.0,0.030303030303030276,0.030303030303030276,0.030303030303030276,1.5422358208314406,0.6291937602658717,0.20378531652488807,0.38782052138163176,2.638960792086746,2.2511870877218896,-1.0,-1.8369701987210297e-16,0.258819045102521,-0.9659258262890682,-0.9749279121818236,-0.2225209339563146
0.3767347311527378,0.9641953730516715,0.5188151265545653,1.2614223676570673,0.4964570723019269,1.358768378343832,0.6571520933443734,-0.406013719259199,-0.6831906184550289,2.8185727463692603,-0.29761431147471235,-0.6514128533997506,1.9561199878885027,1.0,0.030303030303030276,0.030303030303030276,0.030303030303030276,1.700102716157167,0.7543850545937887,0.22872611045097513,0.11813788352899002,2.8441633052795976,2.2853717157026714,-1.0,-1.8369701987210297e-16,1.2246467991473532e-16,-1.0,-0.9749279121818236,-0.2225209339563146
0.56608888199109,0.9641953730516715,0.5188151265545653,1.419639854159865,0.4964570723019269,0.9812682238323067,0.3875449212903874,-0.660964960277692,-0.6831906184550289,2.7875883141936595,-0.645688676436388,-0.6514128533997506,1.7955507156747408,1.0,0.030303030303030276,0.030303030303030276,0.030303030303030276,1.700102716157167,0.8174102558453202,0.227829182672167,0.11813788352899002,2.828676323151835,2.2887901785007494,-1.0,-1.8369701987210297e-16,-0.2588190451025208,-0.9659258262890683,-0.9749279121818236,-0.2225209339563146
0.3690749745894809,0.8062838036019201,0.5188151265545653,1.1295744622380688,0.8200865656423326,0.9812682238323067,0.4953877901119818,-0.6841423458248278,-0.6831906184550289,0.46762895504554,-0.6525136639846563,-0.6514128533997506,-0.6369029399890573,1.0,0.030303030303030276,0.030303030303030276,0.030303030303030276,1.700102716157167,0.8283367701917829,0.21630857216671973,0.11813788352899002,2.573141118043756,2.264860938914202,-1.0,-1.8369701987210297e-16,-0.4999999999999997,-0.8660254037844388,-0.9749279121818236,-0.2225209339563146
0.6921686184923574,0.8062838036019201,0.5188151265545653,1.1295744622380688,0.8200865656423326,1.1430540043372461,0.4953877901119818,-0.6841423458248278,-0.6831906184550289,0.3281990102553358,-0.6525136639846563,-0.6514128533997506,-0.565159222616951,0.030303030303030276,0.030303030303030276,0.030303030303030276,0.030303030303030276,1.5422358208314406,0.782712846804456,0.22750603277842474,0.2260109386700467,2.054327216763716,2.1383778153853092,-1.0,-1.8369701987210297e-16,-0.7071067811865471,-0.7071067811865479,-0.9749279121818236,-0.2225209339563146
0.613563261476291,0.6746908290604611,0.5188151265545653,0.9713569757352701,0.9819013123125355,0.9812682238323067,0.818916396576765,-0.6841423458248278,-0.6831906184550289,0.3708026044967871,-0.6525136639846563,-0.6514128533997506,-0.6198211025195082,0.030303030303030276,0.030303030303030276,0.5757575757575757,1.0,1.5422358208314406,0.664850235354023,0.25231972514306533,0.06420135595846167,1.3457977844185876,1.916177733510227,-1.0,-1.8369701987210297e-16,-0.8660254037844385,-0.5000000000000004,-0.9749279121818236,-0.2225209339563146
0.6866941031211803,0.5167792596107107,0.5188151265545653,0.8131394892324716,0.9819013123125355,0.9812682238323067,0.6571520933443734,-0.6841423458248278,-0.6831906184550289,-0.14044052640062826,-0.6525136639846563,-0.6514128533997506,-0.623237470013418,0.030303030303030276,0.030303030303030276,0.5757575757575757,1.0,1.2528131794009436,0.47958291609935616,0.26845217342133476,0.38782052138163176,0.4591680576041915,1.2564144134811368,-1.0,-1.8369701987210297e-16,-0.9659258262890683,-0.25881904510252063,-0.9749279121818236,-0.2225209339563146
0.6040729574002379,0.5167792596107107,0.5188151265545653,0.5230740973106753,1.3594690545430088,1.1430540043372461,0.9806806998091566,-0.6841423458248278,-0.6213123529524042,-0.4580309562005378,-0.6525136639846563,-0.6514128533997506,-0.6471520424707868,0.030303030303030276,0.030303030303030276,0.5757575757575757,1.0,0.9633905379704456,0.16491674532378633,0.2907393285011691,0.4956935765226884,-0.40423119601856095,-0.2955676968463604,-1.0,-1.8369701987210297e-16,-1.0,-1.8369701987210297e-16,-0.9749279121818236,-0.2225209339563146
0.17520735183069114,0.5167792596107107,0.5188151265545653,0.5230740973106753,0.9819013123125355,1.1430540043372461,0.9806806998091566,-0.6841423458248278,-0.381534074129733,-0.667175873385844,-0.6525136639846563,-0.5831101743261368,-0.6505684099646967,0.030303030303030276,0.030303030303030276,0.5757575757575757,1.0,0.9633905379704456,0.0,0.29196455374854324,0.4956935765226884,-0.6597664011266401,-0.6442509022503355,-1.0,-1.8369701987210297e-16,-0.9659258262890684,0.2588190451025203,-0.9749279121818236,-0.2225209339563146
0.15766257691697014,0.5167792596107107,0.5188151265545653,0.5230740973106753,0.9819013123125355,1.358768378343832,1.1424450030415483,-0.6841423458248278,-0.04507100545921067,-0.6826680894736445,-0.6525136639846563,-0.6309220496776665,-0.6505684099646967,0.030303030303030276,0.030303030303030276,0.5757575757575757,1.0,0.8055236426447192,0.0,0.28656369775550883,0.8193127419458585,-0.6829968743182837,-0.651087827846492,-1.0,-1.8369701987210297e-16,-0.8660254037844386,0.5000000000000001,-0.9749279121818236,-0.2225209339563146
0.1577998688385044,0.5167792596107107,0.9664843292973129,0.5230740973106753,1.1437160589827384,0.9812682238323067,1.1424450030415483,-0.6841423458248278,0.701335572166201,-0.6826680894736445,-0.6525136639846563,-0.4021080747810601,-0.6505684099646967,0.030303030303030276,0.030303030303030276,0.030303030303030276,0.030303030303030276,0.8055236426447192,0.0,0.2756209575851615,0.8193127419458585,-0.6829968743182837,-0.651087827846492,-1.0,-1.8369701987210297e-16,-0.7071067811865477,0.7071067811865474,-0.9749279121818236,-0.2225209339563146
0.15657568482635625,0.5167792596107107,1.4141535320400604,0.5230740973106753,0.9819013123125355,0.6576966628224279,1.358130740684737,-0.6841423458248278,1.169289955029801,-0.6826680894736445,-0.6525136639846563,-0.06742494732035212,-0.6505684099646967,0.030303030303030276,0.030303030303030276,0.030303030303030276,0.030303030303030276,0.6739678965399476,0.0,0.24880624154459607,0.9811223246574435,-0.6829968743182837,-0.651087827846492,-1.0,-1.8369701987210297e-16,-0.5000000000000004,0.8660254037844384,-0.9749279121818236,-0.2225209339563146
0.446765040687659,0.5167792596107107,1.4141535320400604,0.5230740973106753,0.9819013123125355,0.4959108823174885,1.1424450030415483,-0.6841423458248278,2.4493965726153517,-0.6826680894736445,-0.6525136639846563,1.6196512257979103,-0.6505684099646967,0.030303030303030276,0.030303030303030276,0.030303030303030276,0.030303030303030276,0.5161010012142222,0.0,0.2392996901159955,0.9811223246574435,-0.6829968743182837,-0.651087827846492,-1.0,-1.8369701987210297e-16,-0.25881904510252157,0.9659258262890681,-0.9749279121818236,-0.2225209339563146
0.1250014054100491,0.5167792596107107,1.2561526369543852,0.39122619189167684,1.1437160589827384,0.6576966628224279,1.358130740684737,-0.6223359843657992,2.8129313824432725,-0.6826680894736445,-0.6525136639846563,1.9543343532586184,-0.6505684099646967,0.030303030303030276,0.030303030303030276,0.030303030303030276,0.030303030303030276,0.5161010012142222,0.0,0.17491950960053437,1.358678017651142,-0.6829968743182837,-0.651087827846492,-1.0,-1.8369701987210297e-16,-2.4492935982947064e-16,1.0,-0.9749279121818236,-0.2225209339563146
0.12726385614650174,0.5167792596107107,1.4141535320400604,0.5230740973106753,1.1437160589827384,0.38805369531419553,1.358130740684737,-0.38283633371206327,2.78199224969196,-0.6826680894736445,-0.5842637885019747,1.7938230574356258,-0.6505684099646967,0.030303030303030276,0.030303030303030276,0.030303030303030276,0.030303030303030276,0.5161010012142222,0.0,0.16342090305672208,0.9811223246574435,-0.6829968743182837,-0.651087827846492,-1.0,-1.8369701987210297e-16,0.25881904510252074,0.9659258262890683,-0.7818314824680299,0.6234898018587334
0.26956693624902134,0.5167792596107107,1.1244852243829888,0.5230740973106753,1.3594690545430088,0.4959108823174885,1.358130740684737,-0.04676424327859515,0.46542468493744393,-0.6826680894736445,-0.6320387013398517,-0.6377523175850279,-0.6505684099646967,0.030303030303030276,0.030303030303030276,0.030303030303030276,0.030303030303030276,0.5161010012142222,0.0,0.1434751518368108,0.9811223246574435,-0.6829968743182837,-0.651087827846492,-1.0,-1.8369701987210297e-16,0.49999999999999994,0.8660254037844387,-0.7818314824680299,0.6234898018587334
0.17976657628398,0.9641953730516715,1.1244852243829888,0.5230740973106753,0.9819013123125355,0.4959108823174885,1.358130740684737,0.6987749918209375,0.32619858755653813,-0.6826680894736445,-0.4034016184728687,-0.5660345045577333,-0.6505684099646967,0.030303030303030276,0.030303030303030276,0.030303030303030276,0.030303030303030276,0.5161010012142222,0.0,0.12267956418429093,1.1429319073690285,-0.6829968743182837,-0.651087827846492,-1.0,-1.8369701987210297e-16,0.7071067811865476,0.7071067811865476,-0.7818314824680299,0.6234898018587334
0.16077452485021385,1.4116114864926321,0.9664843292973129,0.5230740973106753,0.6582718189721298,0.8194824433273673,1.1424450030415483,1.1661856003548414,0.3687398950895927,-0.6826680894736445,-0.06897722860772931,-0.6206766478166245,-0.6505684099646967,0.030303030303030276,0.5757575757575757,0.030303030303030276,0.030303030303030276,0.5161010012142222,0.0,0.10730668282749056,0.9811223246574435,-0.6829968743182837,-0.651087827846492,-1.0,-1.8369701987210297e-16,0.8660254037844386,0.5000000000000001,-0.7818314824680299,0.6234898018587334
0.16062579651161582,1.4116114864926321,0.8084834342116368,0.39122619189167684,0.4964570723019269,0.6576966628224279,1.358130740684737,2.444804703038496,-0.14175579530706192,-0.6826680894736445,1.616794695814504,-0.6240917817703051,-0.6505684099646967,0.030303030303030276,0.5757575757575757,0.030303030303030276,0.030303030303030276,0.5161010012142222,0.0,0.14518076618142695,0.9811223246574435,-0.6829968743182837,-0.651087827846492,-1.0,-1.8369701987210297e-16,0.9659258262890683,0.25881904510252074,-0.7818314824680299,0.6234898018587334
0.16027684163465228,1.2536999170428818,0.5188151265545653,0.39122619189167684,0.6582718189721298,0.9812682238323067,1.358130740684737,2.807917076610289,-0.45888190600801404,-0.6439375492541434,1.9512190856796434,-0.64799771944607,-0.6505684099646967,0.030303030303030276,0.5757575757575757,0.030303030303030276,0.030303030303030276,0.5161010012142222,0.0,0.16618579098274988,1.1429319073690285,-0.6210489458072342,-0.651087827846492,-1.0,-1.8369701987210297e-16,1.0,6.123233995736766e-17,-0.7818314824680299,0.6234898018587334
0.15791999926984682,1.4116114864926321,0.5188151265545653,0.39122619189167684,0.3885805745217917,0.9812682238323067,1.358130740684737,2.7770138958807746,-0.6677210520793727,-0.3495854435859345,1.7908318782953419,-0.6514128533997506,-0.6471520424707868,0.030303030303030276,0.5757575757575757,0.030303030303030276,0.030303030303030276,0.5161010012142222,0.031376811987557915,0.15423430029373952,1.1429319073690285,-0.3810007228269174,-0.5827185718849281,-1.0,-1.8369701987210297e-16,0.9659258262890683,-0.25881904510252063,-0.7818314824680299,0.6234898018587334
0.14986553529677504,1.1221069425014227,0.5188151265545653,0.5230740973106753,0.4964570723019269,1.1430540043372461,1.358130740684737,0.46313823875839094,-0.6831906184550289,0.049339120674927434,-0.63886368888812,-0.6514128533997506,-0.3533444379945415,0.030303030303030276,0.5757575757575757,0.030303030303030276,0.030303030303030276,0.5161010012142222,0.11654877678067371,0.17735392834483643,1.358678017651142,-0.0441588615480857,-0.6305770510580229,-1.0,-1.8369701987210297e-16,0.8660254037844387,-0.4999999999999998,-0.7818314824680299,0.6234898018587334
0.1360562607655219,1.1221069425014227,0.5188151265545653,1.419639854159865,0.4964570723019269,1.1430540043372461,0.818916396576765,0.32407392547557656,-0.6831906184550289,0.5489630895064924,-0.5672013196313044,-0.6514128533997506,0.056619661274637974,0.030303030303030276,0.030303030303030276,0.030303030303030276,0.030303030303030276,0.9633905379704456,0.27264564020296306,0.21928899237989896,0.9811223246574435,0.7030880261164489,-0.40154004358678425,-1.0,-1.8369701987210297e-16,0.7071067811865476,-0.7071067811865475,-0.7818314824680299,0.6234898018587334
0.16686685386829495,0.9641953730516715,0.5188151265545653,1.7097052460816622,0.8200865656423326,1.358768378343832,0.3875449212903874,0.3665657989786587,-0.6831906184550289,2.0323427799133866,-0.6218012200174495,-0.6514128533997506,1.771636143217372,0.5757575757575757,0.030303030303030276,0.030303030303030276,0.030303030303030276,1.410680074726669,0.4556733469871024,0.21797986934584357,0.6575031592342735,1.1715692354812608,-0.06653068937512187,-1.0,-1.8369701987210297e-16,0.49999999999999994,-0.8660254037844387,-0.7818314824680299,0.6234898018587334
0.23995763716277857,0.8062838036019201,0.5188151265545653,1.7097052460816622,0.6582718189721298,1.1430540043372461,0.3875449212903874,-0.14333668305832736,-0.6831906184550289,2.4932362085254507,-0.6252137137915836,-0.6514128533997506,1.853628963071208,0.5757575757575757,0.030303030303030276,0.030303030303030276,0.030303030303030276,1.410680074726669,0.630369013650363,0.24167725504881044,0.4956935765226884,2.4531170065535974,1.622189932875503,-1.0,-1.8369701987210297e-16,0.258819045102521,-0.9659258262890682,-0.7818314824680299,0.6234898018587334
0.22054227697964401,0.5167792596107107,0.38714771398316894,1.7097052460816622,0.9819013123125355,1.358768378343832,0.3875449212903874,-0.460094285535849,-0.6831906184550289,2.7875883141936595,-0.6491011702105222,-0.6514128533997506,2.20893118243783,0.5757575757575757,0.030303030303030276,0.030303030303030276,0.030303030303030276,1.2528131794009436,0.7514136461906964,0.26155575486828675,0.6575031592342735,2.8170610865560133,1.9571992870871653,-1.0,-1.8369701987210297e-16,1.2246467991473532e-16,-1.0,-0.7818314824680299,0.6234898018587334
0.09663059615417838,0.5167792596107107,0.5188151265545653,1.7097052460816622,0.9819013123125355,1.358768378343832,0.2257806180579958,-0.6686907554600706,-0.6831906184550289,2.830191908435111,-0.6525136639846563,-0.6514128533997506,2.335336779712494,0.5757575757575757,0.030303030303030276,0.030303030303030276,0.030303030303030276,1.410680074726669,0.8206477440414305,0.25539377487642356,0.38782052138163176,2.7860871223004886,1.7965315355774905,-1.0,-1.8369701987210297e-16,-0.2588190451025208,-0.9659258262890683,-0.7818314824680299,0.6234898018587334
0.09304956634492675,0.5167792596107107,0.5188151265545653,1.7097052460816622,1.1437160589827384,1.358768378343832,0.2257806180579958,-0.6841423458248278,-0.6831906184550289,2.4816170464596,-0.6525136639846563,-0.6514128533997506,2.21234754993174,0.5757575757575757,0.030303030303030276,0.030303030303030276,0.030303030303030276,1.121257433296172,0.8161019426073377,0.28145607425865826,0.4956935765226884,0.4669115486680727,-0.6374139766541792,-1.0,-1.8369701987210297e-16,-0.4999999999999997,-0.8660254037844388,-0.7818314824680299,0.6234898018587334
0.09204275663214376,0.5167792596107107,0.5188151265545653,1.5514877595788634,1.1437160589827384,1.358768378343832,0.3875449212903874,-0.6841423458248278,-0.6831906184550289,2.0284697258914366,-0.6525136639846563,-0.6514128533997506,2.1611020375230927,0.030303030303030276,0.030303030303030276,0.030303030303030276,0.030303030303030276,1.121257433296172,0.7672406507657946,0.29278073887110967,0.4956935765226884,0.32752870951821134,-0.5656262578945372,-1.0,-1.8369701987210297e-16,-0.7071067811865471,-0.7071067811865479,-0.7818314824680299,0.6234898018587334
0.09157367818843386,0.5167792596107107,0.5188151265545653,1.5514877595788634,1.3594690545430088,1.1430540043372461,0.3875449212903874,-0.6841423458248278,-0.6831906184550289,1.3119547318306652,-0.6525136639846563,-0.6514128533997506,1.928789047937224,0.030303030303030276,0.030303030303030276,0.5757575757575757,0.5757575757575757,0.9633905379704456,0.6442169242022103,0.2958603715463165,0.8193127419458585,0.3701179103695578,-0.6203216626637883,-1.0,-1.8369701987210297e-16,-0.8660254037844385,-0.5000000000000004,-0.7818314824680299,0.6234898018587334
0.506861730531893,0.5167792596107107,0.38714771398316894,1.5514877595788634,1.1437160589827384,1.358768378343832,0.3875449212903874,-0.6841423458248278,-0.6831906184550289,0.4753750630894402,-0.6525136639846563,-0.6514128533997506,1.4880776412228562,0.030303030303030276,0.030303030303030276,0.5757575757575757,0.5757575757575757,0.8055236426447192,0.45236934882122887,0.3183720735717003,0.6575031592342735,-0.14095249984660055,-0.6237401254618664,-1.0,-1.8369701987210297e-16,-0.9659258262890683,-0.25881904510252063,-0.7818314824680299,0.6234898018587334
0.9221497828753522,0.3851862850692516,0.38714771398316894,1.1295744622380688,1.3594690545430088,1.358768378343832,0.6571520933443734,-0.6841423458248278,-0.6445167025158884,-0.3186010114103336,-0.6525136639846563,-0.6514128533997506,0.5007474354829158,0.030303030303030276,0.030303030303030276,0.5757575757575757,0.5757575757575757,0.5161010012142222,0.14263699111291628,0.3245079827617193,0.9811223246574435,-0.45843563346572924,-0.6476693650484138,-1.0,-1.8369701987210297e-16,-1.0,-1.8369701987210297e-16,-0.7818314824680299,0.6234898018587334
0.599387904900863,0.5167792596107107,0.38714771398316894,0.8131394892324716,1.3594690545430088,1.358768378343832,0.818916396576765,-0.6841423458248278,-0.3505949413784206,-0.6594297653419439,-0.6525136639846563,-0.64799771944607,-0.6198211025195082,0.030303030303030276,0.030303030303030276,0.5757575757575757,0.5757575757575757,0.5161010012142222,0.0,0.3367019472737751,0.9811223246574435,-0.6675098921905214,-0.651087827846492,-1.0,-1.8369701987210297e-16,-0.9659258262890684,0.2588190451025203,-0.7818314824680299,0.6234898018587334
0.5976946149866207,0.5167792596107107,0.5188151265545653,0.8131394892324716,1.3594690545430088,1.358768378343832,0.9806806998091566,-0.6841423458248278,0.04774639279472653,-0.6826680894736445,-0.6525136639846563,-0.35429619942953033,-0.6505684099646967,0.030303030303030276,0.030303030303030276,0.5757575757575757,0.5757575757575757,0.5161010012142222,0.0,0.33584309618276853,1.1429319073690285,-0.6829968743182837,-0.651087827846492,-1.0,-1.8369701987210297e-16,-0.8660254037844386,0.5000000000000001,-0.7818314824680299,0.6234898018587334
0.5561924340881582,0.5167792596107107,1.4141535320400604,0.681291583813473,1.3594690545430088,0.8194824433273673,1.1424450030415483,-0.6841423458248278,0.546639908409639,-0.6826680894736445,-0.6525136639846563,0.05551987501215284,-0.6505684099646967,0.030303030303030276,0.030303030303030276,0.030303030303030276,0.030303030303030276,0.5161010012142222,0.0,0.3211774762408689,1.1429319073690285,-0.6829968743182837,-0.651087827846492,-1.0,-1.8369701987210297e-16,-0.7071067811865477,0.7071067811865474,-0.7818314824680299,0.6234898018587334
0.4658714768858514,0.5167792596107107,1.7038218396971327,0.5230740973106753,1.1437160589827384,0.38805369531419553,1.1424450030415483,-0.6841423458248278,2.02785088887872,-0.6826680894736445,-0.6525136639846563,1.7699171197598609,-0.6505684099646967,0.030303030303030276,0.030303030303030276,0.030303030303030276,0.030303030303030276,0.5161010012142222,0.0,0.27495621872368103,1.358678017651142,-0.6829968743182837,-0.651087827846492,-1.0,-1.8369701987210297e-16,-0.5000000000000004,0.8660254037844384,-0.7818314824680299,0.6234898018587334
0.2781877225338257,0.3851862850692516,1.7038218396971327,0.39122619189167684,1.3594690545430088,0.38805369531419553,1.358130740684737,-0.6841423458248278,2.488070488554492,-0.6826680894736445,-0.6525136639846563,1.8518803346481976,-0.6505684099646967,0.030303030303030276,0.030303030303030276,0.030303030303030276,0.030303030303030276,0.5161010012142222,0.0,0.23488114505829993,1.1429319073690285,-0.6829968743182837,-0.651087827846492,-1.0,-1.8369701987210297e-16,-0.25881904510252157,0.9659258262890681,-0.7818314824680299,0.6234898018587334
0.2431925952254189,0.3851862850692516,1.7038218396971327,0.8131394892324716,1.3594690545430088,0.38805369531419553,1.1424450030415483,-0.6455133699129348,2.78199224969196,-0.6826680894736445,-0.6525136639846563,2.2070542658309895,-0.6505684099646967,0.030303030303030276,0.030303030303030276,0.030303030303030276,0.030303030303030276,0.3845452551094506,0.0,0.18448308898743204,1.358678017651142,-0.6829968743182837,-0.651087827846492,-1.0,-1.8369701987210297e-16,-2.4492935982947064e-16,1.0,-0.7818314824680299,0.6234898018587334
0.1725587504034333,0.3851862850692516,1.7038218396971327,0.23300870538887822,1.3594690545430088,0.22626791480925612,1.5198950439171286,-0.35193315298254896,2.8245335572250143,-0.6826680894736445,-0.6491011702105222,2.333414222117175,-0.6505684099646967,0.030303030303030276,0.030303030303030276,0.030303030303030276,0.030303030303030276,0.5161010012142222,0.0,0.16527679585440447,1.358678017651142,-0.6829968743182837,-0.651087827846492,-1.0,-1.8369701987210297e-16,0.25881904510252074,0.9659258262890683,-2.4492935982947064e-16,1.0
0.17589380114146813,0.5167792596107107,1.7038218396971327,0.23300870538887822,1.3594690545430088,0.22626791480925612,1.5198950439171286,0.04594529890994777,2.4764683137727497,-0.6826680894736445,-0.35562670563499166,2.2104693997846705,-0.6505684099646967,0.030303030303030276,0.030303030303030276,0.030303030303030276,0.030303030303030276,0.5161010012142222,0.0,0.16328337829650308,1.358678017651142,-0.6829968743182837,-0.651087827846492,-1.0,-1.8369701987210297e-16,0.49999999999999994,0.8660254037844387,-2.4492935982947064e-16,1.0
0.17420625346184393,1.4116114864926321,1.5458209446114568,0.23300870538887822,0.8200865656423326,0.38805369531419553,1.5198950439171286,0.544259088173366,2.023983497284806,-0.6826680894736445,0.0538725472610974,2.1592423904794598,-0.6505684099646967,0.030303030303030276,0.030303030303030276,0.030303030303030276,0.030303030303030276,0.5161010012142222,0.0,0.13026140409348463,1.358678017651142,-0.6829968743182837,-0.651087827846492,-1.0,-1.8369701987210297e-16,0.7071067811865476,0.7071067811865476,-2.4492935982947064e-16,1.0
0.17290769841580075,1.7011160304838424,1.5458209446114568,0.23300870538887822,0.3885805745217917,0.38805369531419553,1.5198950439171286,2.023748865598863,1.3085160524107067,-0.6826680894736445,1.7669444218764034,1.9270132816291727,-0.6505684099646967,0.030303030303030276,0.5757575757575757,0.030303030303030276,0.030303030303030276,0.5161010012142222,0.0,0.13032040913027132,1.1429319073690285,-0.6829968743182837,-0.651087827846492,-1.0,-1.8369701987210297e-16,0.8660254037844386,0.5000000000000001,-2.4492935982947064e-16,1.0
0.17223841402751355,1.7011160304838424,1.5458209446114568,0.23300870538887822,0.3885805745217917,0.38805369531419553,1.358130740684737,2.4834336789503886,0.47315946812527204,-0.6826680894736445,1.848844272455621,1.4864610016043633,-0.6505684099646967,0.030303030303030276,0.5757575757575757,0.030303030303030276,0.030303030303030276,0.3845452551094506,0.0,0.15315756081168186,1.358678017651142,-0.6829968743182837,-0.651087827846492,-1.0,-1.8369701987210297e-16,0.9659258262890683,0.25881904510252074,-2.4492935982947064e-16,1.0
0.17144897518179766,1.7011160304838424,1.1244852243829888,0.23300870538887822,0.3885805745217917,0.6576966628224279,1.5198950439171286,2.7770138958807746,-0.31965580862710824,-0.6400644952321932,2.203743624965565,0.499487288990643,-0.6505684099646967,0.030303030303030276,0.5757575757575757,0.030303030303030276,0.030303030303030276,0.3845452551094506,0.0,0.1890784135450979,1.358678017651142,-0.6442794189988778,-0.651087827846492,-1.0,-1.8369701987210297e-16,1.0,6.123233995736766e-17,-2.4492935982947064e-16,1.0
0.17226700507017306,1.7011160304838424,0.8084834342116368,0.23300870538887822,0.22676582785158886,0.8194824433273673,1.5198950439171286,2.8195057693838566,-0.6599862688915447,-0.4890153883761387,2.330005894608526,-0.6206766478166245,-0.6266538375073278,0.030303030303030276,0.5757575757575757,0.030303030303030276,0.030303030303030276,0.3845452551094506,0.050153007522558316,0.21721480143396577,1.358678017651142,-0.35002675857139265,-0.6476693650484138,-1.0,-1.8369701987210297e-16,0.9659258262890683,-0.25881904510252063,-2.4492935982947064e-16,1.0
0.19020649425830494,1.7011160304838424,0.8084834342116368,0.39122619189167684,0.22676582785158886,0.9812682238323067,1.5198950439171286,2.4718449861768206,-0.6831906184550289,-0.008756689654324313,2.2071561187396993,-0.6514128533997506,-0.4729173002813855,0.030303030303030276,0.5757575757575757,0.030303030303030276,0.030303030303030276,0.5161010012142222,0.10869903039932698,0.23249280351112744,1.358678017651142,0.04876303121848855,-0.35368156441368964,-1.0,-1.8369701987210297e-16,0.8660254037844387,-0.4999999999999998,-2.4492935982947064e-16,1.0
0.25228388092532106,1.5432044610340911,0.6768160216402405,0.681291583813473,0.3885805745217917,1.1430540043372461,1.5198950439171286,2.019885968007674,-0.6831906184550289,0.7736002227795992,2.155968712127688,-0.6514128533997506,-0.05612046602438638,0.030303030303030276,0.030303030303030276,0.030303030303030276,0.030303030303030276,1.410680074726669,0.2641625523351904,0.24930396337139404,0.8193127419458585,0.5482182048388252,0.05653397135569289,-1.0,-1.8369701987210297e-16,0.7071067811865476,-0.7071067811865475,-2.4492935982947064e-16,1.0
0.3216921001699824,1.5432044610340911,0.5188151265545653,1.1295744622380688,0.3885805745217917,1.1430540043372461,1.358130740684737,1.3052499136376559,-0.6831906184550289,1.2035092192160621,1.9239191354865708,-0.6514128533997506,0.7228113225870546,0.5757575757575757,0.030303030303030276,0.030303030303030276,0.030303030303030276,1.700102716157167,0.33581502399946866,0.2632881058701969,0.38782052138163176,2.0310967435720726,1.772602295990943,-1.0,-1.8369701987210297e-16,0.49999999999999994,-0.8660254037844387,-2.4492935982947064e-16,1.0
0.22107428317558914,1.5432044610340911,0.38714771398316894,1.2614223676570673,0.3885805745217917,1.358768378343832,0.818916396576765,0.47086403394076953,-0.6831906184550289,2.547458964832752,1.4837074386232751,-0.6514128533997506,1.8433798605894784,0.5757575757575757,0.030303030303030276,0.030303030303030276,0.030303030303030276,1.700102716157167,0.5017517972992189,0.29111256609063507,0.38782052138163176,2.4918344618730033,1.8546454031448196,-1.0,-1.8369701987210297e-16,0.258819045102521,-0.9659258262890682,-2.4492935982947064e-16,1.0
0.1570962477406415,1.1221069425014227,0.8084834342116368,1.2614223676570673,0.6582718189721298,1.1430540043372461,0.6571520933443734,-0.32102997225303465,-0.6831906184550289,2.644285315381505,0.4974967378985272,-0.6514128533997506,2.0176146027788797,0.5757575757575757,0.030303030303030276,0.030303030303030276,0.030303030303030276,1.700102716157167,0.7060725265475762,0.33514036258492663,0.38782052138163176,2.7860871223004886,2.2101655341449513,-1.0,-1.8369701987210297e-16,1.2246467991473532e-16,-1.0,-2.4492935982947064e-16,1.0
0.21287109086391934,0.8062838036019201,0.22914681889749292,1.5514877595788634,0.8200865656423326,1.5205541588487714,0.549309224522779,-0.660964960277692,-0.6831906184550289,2.768223044083909,-0.6218012200174495,-0.6514128533997506,2.174767507498732,0.5757575757575757,0.030303030303030276,0.030303030303030276,0.030303030303030276,1.700102716157167,0.8031410800058923,0.3598720778997606,0.2260109386700467,2.828676323151835,2.336648657673844,-1.0,-1.8369701987210297e-16,-0.2588190451025208,-0.9659258262890683,-2.4492935982947064e-16,1.0
0.2045477681209071,0.8062838036019201,0.22914681889749292,1.5514877595788634,0.9819013123125355,1.5205541588487714,0.3875449212903874,-0.6841423458248278,-0.6831906184550289,2.4816170464596,-0.6525136639846563,-0.6514128533997506,2.113272892608355,0.5757575757575757,0.030303030303030276,0.030303030303030276,0.030303030303030276,1.700102716157167,0.8137348316290602,0.38104751047659524,0.2260109386700467,2.4802192252771817,2.2135839969430293,-1.0,-1.8369701987210297e-16,-0.4999999999999997,-0.8660254037844388,-2.4492935982947064e-16,1.0
0.19555514726041553,0.6746908290604611,0.22914681889749292,1.7097052460816622,1.1437160589827384,1.5205541588487714,0.2257806180579958,-0.6841423458248278,-0.6831906184550289,1.9742469695841351,-0.6525136639846563,-0.6514128533997506,1.990283662827601,0.030303030303030276,0.030303030303030276,0.030303030303030276,0.030303030303030276,1.5422358208314406,0.740980601493868,0.3972871102626405,0.38782052138163176,2.0272249980401322,2.1623070549718566,-1.0,-1.8369701987210297e-16,-0.7071067811865471,-0.7071067811865479,-2.4492935982947064e-16,1.0
0.2007493571476943,0.5167792596107107,0.22914681889749292,1.7097052460816622,1.1437160589827384,1.5205541588487714,0.2257806180579958,-0.6841423458248278,-0.6831906184550289,1.2538589215014135,-0.6525136639846563,-0.6514128533997506,1.734056100784364,0.030303030303030276,0.030303030303030276,1.0,0.5757575757575757,1.5422358208314406,0.6083276176535953,0.41411348235895373,0.38782052138163176,1.310952074631122,1.9298515847025397,-1.0,-1.8369701987210297e-16,-0.8660254037844385,-0.5000000000000004,-2.4492935982947064e-16,1.0
0.22470680432001217,0.3851862850692516,0.22914681889749292,1.5514877595788634,1.3594690545430088,1.358768378343832,0.3875449212903874,-0.6841423458248278,-0.6831906184550289,0.41727925276018846,-0.6525136639846563,-0.6514128533997506,1.2489319166491681,0.030303030303030276,0.030303030303030276,1.0,0.5757575757575757,1.5422358208314406,0.407222224350967,0.4494296871242557,0.38782052138163176,0.4746550397319539,1.4888698837504537,-1.0,-1.8369701987210297e-16,-0.9659258262890683,-0.25881904510252063,-2.4492935982947064e-16,1.0
0.3517704948614252,0.8062838036019201,0.22914681889749292,1.2614223676570673,1.1437160589827384,1.5205541588487714,0.4953877901119818,-0.6841423458248278,-0.6406493109219744,-0.35733155162983476,-0.6525136639846563,-0.6514128533997506,0.20693983100667043,0.030303030303030276,0.030303030303030276,1.0,0.5757575757575757,1.121257433296172,0.10890968300009962,0.45359753248311785,0.6575031592342735,-0.31905279431586786,0.5009341351058573,-1.0,-1.8369701987210297e-16,-1.0,-1.8369701987210297e-16,-2.4492935982947064e-16,1.0
0.3211829668081649,0.22727471561950033,0.22914681889749292,0.9713569757352701,1.5212838012132117,1.5205541588487714,0.818916396576765,-0.6841423458248278,-0.4898210387593264,-0.663302819363894,-0.6525136639846563,-0.6275069157239859,-0.6403193074829672,0.030303030303030276,0.030303030303030276,1.0,0.5757575757575757,0.8055236426447192,0.0,0.44840150387038724,0.8193127419458585,-0.6597664011266401,-0.6203216626637883,-1.0,-1.8369701987210297e-16,-0.9659258262890684,0.2588190451025203,-2.4492935982947064e-16,1.0
0.48933700023871607,0.22727471561950033,0.38714771398316894,0.9713569757352701,1.5212838012132117,1.5205541588487714,0.818916396576765,-0.6841423458248278,-0.010264481113984219,-0.6826680894736445,-0.6525136639846563,-0.4738258878083546,-0.6505684099646967,0.030303030303030276,0.030303030303030276,1.0,0.5757575757575757,0.8055236426447192,0.0,0.4701399940595449,0.9811223246574435,-0.6829968743182837,-0.651087827846492,-1.0,-1.8369701987210297e-16,-0.8660254037844386,0.5000000000000001,-2.4492935982947064e-16,1.0
0.47916881730008776,0.22727471561950033,0.6768160216402405,0.9713569757352701,1.5212838012132117,1.5205541588487714,0.9806806998091566,-0.6841423458248278,0.7709486208566539,-0.6826680894736445,-0.6525136639846563,-0.05717954545931004,-0.6505684099646967,0.030303030303030276,0.030303030303030276,0.030303030303030276,0.030303030303030276,0.6739678965399476,0.0,0.40591977251099765,1.1429319073690285,-0.6829968743182837,-0.651087827846492,-1.0,-1.8369701987210297e-16,-0.7071067811865477,0.7071067811865474,-2.4492935982947064e-16,1.0
0.4690006343614594,0.22727471561950033,1.1244852243829888,0.8131394892324716,1.5212838012132117,1.358768378343832,1.1424450030415483,-0.6841423458248278,1.2002290877811133,-0.6826680894736445,-0.6525136639846563,0.7214709959798881,-0.6505684099646967,0.030303030303030276,0.030303030303030276,0.030303030303030276,0.030303030303030276,0.5161010012142222,0.0,0.3278751625519616,1.1429319073690285,-0.6829968743182837,-0.651087827846492,-1.0,-1.8369701987210297e-16,-0.5000000000000004,0.8660254037844384,-2.4492935982947064e-16,1.0
0.5012813974121934,0.22727471561950033,1.2561526369543852,0.8131394892324716,1.3594690545430088,0.8194824433273673,1.1424450030415483,-0.6841423458248278,2.542213970869289,-0.6826680894736445,-0.6525136639846563,1.8416349327871555,-0.6505684099646967,0.030303030303030276,0.030303030303030276,0.030303030303030276,0.030303030303030276,0.3845452551094506,0.0,0.2908929362314844,1.358678017651142,-0.6829968743182837,-0.651087827846492,-1.0,-1.8369701987210297e-16,-0.25881904510252157,0.9659258262890681,-2.4492935982947064e-16,1.0
0.5335621604629274,0.22727471561950033,1.2561526369543852,1.2614223676570673,1.5212838012132117,0.6576966628224279,0.3875449212903874,-0.6416504723217455,2.63889876071714,-0.6826680894736445,-0.6525136639846563,2.015806764424871,-0.6505684099646967,0.030303030303030276,0.030303030303030276,0.030303030303030276,0.030303030303030276,0.8055236426447192,0.0,0.2794418103032116,1.1429319073690285,-0.6829968743182837,-0.651087827846492,-1.0,-1.8369701987210297e-16,-2.4492935982947064e-16,1.0,-2.4492935982947064e-16,1.0
0.16892623612360633,0.22727471561950033,1.5458209446114568,0.5230740973106753,1.5212838012132117,0.549839475819135,1.358130740684737,-0.49099746626536334,2.7626552917223894,-0.6826680894736445,-0.6286262075657176,2.172902926294183,-0.6505684099646967,0.030303030303030276,0.030303030303030276,0.030303030303030276,0.030303030303030276,0.22667835978372425,0.0,0.2541654252304,1.520487600362727,-0.6829968743182837,-0.651087827846492,-1.0,-1.8369701987210297e-16,0.25881904510252074,0.9659258262890683,0.7818314824680298,0.6234898018587336
0.17650589314754217,0.3851862850692516,1.5458209446114568,0.39122619189167684,1.5212838012132117,0.38805369531419553,1.358130740684737,-0.011998164957891553,2.4764683137727497,-0.6826680894736445,-0.4750639877296843,2.11143051512793,-0.6505684099646967,0.030303030303030276,0.030303030303030276,0.030303030303030276,0.030303030303030276,0.22667835978372425,0.0,0.25353893208156597,1.520487600362727,-0.6829968743182837,-0.651087827846492,-1.0,-1.8369701987210297e-16,0.49999999999999994,0.8660254037844387,0.7818314824680298,0.6234898018587336
0.17475542114798084,0.6746908290604611,1.7038218396971327,0.39122619189167684,1.5212838012132117,0.22626791480925612,1.5198950439171286,0.7683071484623447,1.9698400149700093,-0.6826680894736445,-0.05873974728532709,1.9884856927954253,-0.6505684099646967,0.030303030303030276,0.030303030303030276,0.030303030303030276,0.030303030303030276,0.22667835978372425,0.0,0.2542313705297602,1.520487600362727,-0.6829968743182837,-0.651087827846492,-1.0,-1.8369701987210297e-16,0.7071067811865476,0.7071067811865476,0.7818314824680298,0.6234898018587336
0.1753389118145013,1.1221069425014227,1.7038218396971327,0.39122619189167684,1.3594690545430088,0.22626791480925612,1.5198950439171286,1.1970887810843558,1.250505178501996,-0.6826680894736445,0.7193088332172421,1.7323506462693732,-0.6505684099646967,0.030303030303030276,1.0,0.030303030303030276,0.030303030303030276,0.22667835978372425,0.0,0.2768257974118402,1.520487600362727,-0.6829968743182837,-0.651087827846492,-1.0,-1.8369701987210297e-16,0.8660254037844386,0.5000000000000001,0.7818314824680298,0.6234898018587336
0.17541898732773614,1.2536999170428818,1.5458209446114568,0.39122619189167684,0.8200865656423326,0.38805369531419553,1.5198950439171286,2.5375142452270385,0.4151485942165613,-0.6826680894736445,1.838606791133219,1.2474016248467148,-0.6505684099646967,0.030303030303030276,1.0,0.030303030303030276,0.030303030303030276,0.22667835978372425,0.0,0.30305058601169843,1.358678017651142,-0.6829968743182837,-0.651087827846492,-1.0,-1.8369701987210297e-16,0.9659258262890683,0.25881904510252074,0.7818314824680298,0.6234898018587336
0.17560777744903786,1.2536999170428818,1.2561526369543852,0.39122619189167684,0.6582718189721298,0.4959108823174885,1.5198950439171286,2.634086685006771,-0.35832972456624873,-0.6516836572980436,2.0126439736140567,0.20578576897410333,-0.6505684099646967,0.030303030303030276,1.0,0.030303030303030276,0.030303030303030276,0.22667835978372425,0.0,0.36433330941375675,1.520487600362727,-0.6404076734669372,-0.651087827846492,-1.0,-1.8369701987210297e-16,1.0,6.123233995736766e-17,0.7818314824680298,0.6234898018587336
0.17371999979875014,1.5432044610340911,0.9664843292973129,0.23300870538887822,0.5503953211919945,0.8194824433273673,1.5198950439171286,2.7576994079248283,-0.6638536604854587,-0.41155430793713643,2.1696186872242245,-0.6411674515387086,-0.49683187273875434,0.030303030303030276,1.0,0.030303030303030276,0.030303030303030276,0.22667835978372425,0.035323858716060356,0.4459015239740999,1.520487600362727,-0.48940959772125403,-0.6271585882599446,-1.0,-1.8369701987210297e-16,0.9659258262890683,-0.25881904510252063,0.7818314824680298,0.6234898018587336
0.17660314388016093,1.5432044610340911,0.9664843292973129,0.8131394892324716,0.3885805745217917,0.8194824433273673,1.358130740684737,2.4718449861768206,-0.6831906184550289,0.700012196362547,2.1081937992898108,-0.6514128533997506,1.6349814434609788,0.030303030303030276,1.0,0.030303030303030276,0.030303030303030276,0.3845452551094506,0.13178260662243987,0.5257951632977197,1.520487600362727,-0.00931315176062036,-0.4733277623464262,-1.0,-1.8369701987210297e-16,0.8660254037844387,-0.4999999999999998,0.7818314824680298,0.6234898018587336
0.1791544945748,1.7011160304838424,0.9664843292973129,1.5514877595788634,0.22676582785158886,0.9812682238323067,0.9806806998091566,1.9658054017310242,-0.6831906184550289,1.4707499467306202,1.9853440234209843,-0.6514128533997506,2.0415291752362483,0.030303030303030276,0.030303030303030276,0.030303030303030276,0.030303030303030276,0.6739678965399476,0.19554516515227763,0.5862399844456166,1.520487600362727,0.7727794456913796,-0.0562753009808873,-1.0,-1.8369701987210297e-16,0.7071067811865476,-0.7071067811865475,0.7818314824680298,0.6234898018587336
0.23582743280279397,1.7011160304838424,0.8084834342116368,1.5514877595788634,0.22676582785158886,1.1430540043372461,0.549309224522779,1.2473064497698165,-0.6831906184550289,2.1524074545938405,1.7294069903609286,-0.6514128533997506,2.249927592364748,1.0,0.030303030303030276,0.030303030303030276,0.030303030303030276,1.121257433296172,0.43227931994693464,0.5806655962784212,1.358678017651142,1.2025431997367855,0.7231342169809395,-1.0,-1.8369701987210297e-16,0.49999999999999994,-0.8660254037844387,0.7818314824680298,0.6234898018587336
0.2693381152356983,1.5432044610340911,0.8084834342116368,1.8415531515006607,0.3885805745217917,1.1430540043372461,0.2257806180579958,0.4129205700729302,-0.6831906184550289,2.609427829183954,1.24483287443389,-0.6514128533997506,2.3455858821942233,1.0,0.030303030303030276,0.030303030303030276,0.030303030303030276,1.2528131794009436,0.5805375330700502,0.6353031847302749,0.8193127419458585,2.5460388993201715,1.8443900147505852,-1.0,-1.8369701987210297e-16,0.258819045102521,-0.9659258262890682,0.7818314824680298,0.6234898018587336
0.4072592902661865,1.2536999170428818,1.2561526369543852,2.131618543422457,0.4964570723019269,0.38805369531419553,-0.04382655399599019,-0.3596589481649275,-0.6831906184550289,2.8611763406107116,0.20402227332299672,-0.6514128533997506,2.41391323207242,1.0,0.030303030303030276,0.030303030303030276,0.030303030303030276,1.2528131794009436,0.7274929943009245,0.6348575737753751,0.6575031592342735,2.6428325376186863,2.018731617452573,-1.0,-1.8369701987210297e-16,1.2246467991473532e-16,-1.0,0.7818314824680298,0.6234898018587336
0.3514272307346093,0.9641953730516715,0.5188151265545653,2.131618543422457,0.8200865656423326,1.358768378343832,-0.04382655399599019,-0.6648278578688813,-0.6831906184550289,2.80695358430341,-0.642276182662254,-0.6514128533997506,2.389998659615051,1.0,0.030303030303030276,0.030303030303030276,0.030303030303030276,1.5422358208314406,0.790401819736189,0.6544513435605657,0.5496301040932168,2.7667283946407855,2.1759809061641695,-1.0,-1.8369701987210297e-16,-0.2588190451025208,-0.9659258262890683,0.7818314824680298,0.6234898018587336
0.21364908986027342,0.9641953730516715,0.38714771398316894,2.2898360299252554,0.8200865656423326,1.358768378343832,-0.15166942281758458,-0.6841423458248278,-0.6831906184550289,2.547458964832752,-0.6525136639846563,-0.6514128533997506,2.3660840871576823,1.0,0.030303030303030276,0.030303030303030276,0.030303030303030276,1.5422358208314406,0.7908841001710659,0.6741217891617888,0.38782052138163176,2.4802192252771817,2.114448575798762,-1.0,-1.8369701987210297e-16,-0.4999999999999997,-0.8660254037844388,0.7818314824680298,0.6234898018587336
0.2154338676787281,0.9641953730516715,0.38714771398316894,2.131618543422457,0.9819013123125355,1.5205541588487714,-0.15166942281758458,-0.6841423458248278,-0.6831906184550289,2.012977509803636,-0.6525136639846563,-0.6514128533997506,2.2396784898830187,0.030303030303030276,0.030303030303030276,0.030303030303030276,0.030303030303030276,1.700102716157167,0.7304144304202738,0.693609739150103,0.2260109386700467,1.9730205605929638,1.991383915067947,-1.0,-1.8369701987210297e-16,-0.7071067811865471,-0.7071067811865479,0.7818314824680298,0.6234898018587336
0.22393453382908413,0.8062838036019201,0.38714771398316894,1.9997706380034583,1.1437160589827384,1.5205541588487714,-0.04382655399599019,-0.6841423458248278,-0.6831906184550289,1.2964625157428649,-0.6525136639846563,-0.6514128533997506,2.0176146027788797,0.030303030303030276,0.030303030303030276,1.0,1.0,1.700102716157167,0.605605698138881,0.7163168953598429,0.2260109386700467,1.2528758916520133,1.734999205212083,-1.0,-1.8369701987210297e-16,-0.8660254037844385,-0.5000000000000004,0.7818314824680298,0.6234898018587336
0.21870026559139974,0.8062838036019201,0.38714771398316894,1.7097052460816622,1.1437160589827384,1.5205541588487714,0.2257806180579958,-0.6841423458248278,-0.6831906184550289,0.4598828470016398,-0.6525136639846563,-0.6514128533997506,1.5871522985462412,0.030303030303030276,0.030303030303030276,1.0,1.0,1.5422358208314406,0.4131372610377546,0.7242365288607104,0.38782052138163176,0.41657885675284495,1.2495774878849806,-1.0,-1.8369701987210297e-16,-0.9659258262890683,-0.25881904510252063,0.7818314824680298,0.6234898018587336
0.22617696397107906,1.2536999170428818,0.38714771398316894,1.419639854159865,0.3885805745217917,1.5205541588487714,0.3875449212903874,-0.6841423458248278,-0.6522514857037165,-0.3340932274981341,-0.6525136639846563,-0.6514128533997506,0.5827402553367517,0.030303030303030276,0.030303030303030276,1.0,1.0,1.2528131794009436,0.11259064195279125,0.6992184957024408,0.4956935765226884,-0.3577702496352738,0.20694633447113314,-1.0,-1.8369701987210297e-16,-1.0,-1.8369701987210297e-16,0.7818314824680298,0.6234898018587336
0.2863909148454955,0.5167792596107107,0.22914681889749292,1.1295744622380688,1.3594690545430088,1.5205541588487714,0.6571520933443734,-0.6841423458248278,-0.41247320688104544,-0.6594297653419439,-0.6525136639846563,-0.4977318254841195,-0.6095720000377787,0.030303030303030276,0.030303030303030276,1.0,1.0,0.9633905379704456,0.0,0.689015541424737,0.8193127419458585,-0.6636381466585808,-0.6408324394522574,-1.0,-1.8369701987210297e-16,-0.9659258262890684,0.2588190451025203,0.7818314824680298,0.6234898018587336
0.3603683671245255,0.3851862850692516,0.8084834342116368,1.1295744622380688,1.3594690545430088,1.358768378343832,0.4953877901119818,-0.6841423458248278,0.697468180572287,-0.6826680894736445,-0.6525136639846563,1.6333117616126331,-0.6505684099646967,0.030303030303030276,0.030303030303030276,1.0,1.0,0.9633905379704456,0.0,0.6905002454189528,0.8193127419458585,-0.6829968743182837,-0.651087827846492,-1.0,-1.8369701987210297e-16,-0.8660254037844386,0.5000000000000001,0.7818314824680298,0.6234898018587336
0.4229105693210879,0.3851862850692516,1.5458209446114568,1.1295744622380688,1.5212838012132117,0.9812682238323067,0.2257806180579958,-0.6841423458248278,1.4670791077611829,-0.6826680894736445,-0.6525136639846563,2.0397127021006356,-0.6505684099646967,0.030303030303030276,0.030303030303030276,0.030303030303030276,0.030303030303030276,0.9633905379704456,0.0,0.6146943439216128,0.9811223246574435,-0.6829968743182837,-0.651087827846492,-1.0,-1.8369701987210297e-16,-0.7071067811865477,0.7071067811865474,0.7818314824680298,0.6234898018587336
0.3907442047639722,0.3851862850692516,1.5458209446114568,1.2614223676570673,1.5212838012132117,0.549839475819135,0.0640163148256042,-0.6841423458248278,2.147740028290056,-0.6826680894736445,-0.6525136639846563,2.2480358732751577,-0.6505684099646967,0.030303030303030276,0.030303030303030276,0.030303030303030276,0.030303030303030276,0.8055236426447192,0.0,0.5257710388425751,1.1429319073690285,-0.6829968743182837,-0.651087827846492,-1.0,-1.8369701987210297e-16,-0.5000000000000004,0.8660254037844384,0.7818314824680298,0.6234898018587336
0.2689548408106492,0.3851862850692516,1.835489252268529,1.2614223676570673,1.5212838012132117,0.22626791480925612,0.2257806180579958,-0.6841423458248278,2.6040922363719137,-0.6826680894736445,-0.6525136639846563,2.3436596239782173,-0.6505684099646967,0.030303030303030276,0.030303030303030276,0.030303030303030276,0.030303030303030276,0.8055236426447192,0.0,0.47294467965361364,1.1429319073690285,-0.6829968743182837,-0.651087827846492,-1.0,-1.8369701987210297e-16,-0.25881904510252157,0.9659258262890681,0.7818314824680298,0.6234898018587336
0.6090612534313016,0.3851862850692516,2.1251575599256007,0.8131394892324716,1.5212838012132117,-0.04337505269897623,0.818916396576765,-0.6532391650953134,2.855472689976327,-0.6826680894736445,-0.6525136639846563,2.411962303051831,-0.6505684099646967,0.030303030303030276,0.030303030303030276,0.030303030303030276,0.030303030303030276,1.2528131794009436,0.0,0.395565259288978,0.38782052138163176,-0.6829968743182837,-0.651087827846492,-1.0,-1.8369701987210297e-16,-2.4492935982947064e-16,1.0,0.7818314824680298,0.6234898018587336
0.9944339452401398,0.22727471561950033,2.1251575599256007,1.1295744622380688,1.5212838012132117,-0.04337505269897623,0.6571520933443734,-0.4137395144415776,2.80132920766153,-0.6826680894736445,-0.4989514441486228,2.3880563653760665,-0.6505684099646967,0.030303030303030276,0.030303030303030276,0.030303030303030276,0.030303030303030276,0.5161010012142222,0.0,0.3824576898800778,1.358678017651142,-0.6829968743182837,-0.651087827846492,-1.0,-1.8369701987210297e-16,0.25881904510252074,0.9659258262890683,0.9749279121818236,-0.22252093395631434
0.10319200704826742,0.8062838036019201,2.2831584550112765,0.9713569757352701,1.3594690545430088,-0.15123223970226915,0.4953877901119818,0.6949120942297482,2.542213970869289,-0.6826680894736445,1.6304446709110403,2.3641504277003014,-0.6505684099646967,0.030303030303030276,0.030303030303030276,0.030303030303030276,0.030303030303030276,0.3845452551094506,0.0,0.372681087968878,1.358678017651142,-0.6829968743182837,-0.651087827846492,-1.0,-1.8369701987210297e-16,0.49999999999999994,0.8660254037844387,0.9749279121818236,-0.22252093395631434
0.10529142706019623,1.5432044610340911,2.1251575599256007,0.9713569757352701,0.9819013123125355,-0.15123223970226915,0.818916396576765,1.4636287148764167,2.00851393090915,-0.6826680894736445,2.0365314300329955,2.2377904714141157,-0.6505684099646967,0.030303030303030276,0.030303030303030276,0.030303030303030276,0.030303030303030276,0.3845452551094506,0.0,0.3725549851906065,1.520487600362727,-0.6829968743182837,-0.651087827846492,-1.0,-1.8369701987210297e-16,0.7071067811865476,0.7071067811865476,0.9749279121818236,-0.22252093395631434
0.10493675397470079,1.5432044610340911,1.9934901473542042,0.9713569757352701,0.5503953211919945,-0.04337505269897623,0.9806806998091566,2.1434986909257314,1.2930464860350506,-0.6826680894736445,2.244693550255174,2.015806764424871,-0.6505684099646967,0.030303030303030276,1.0,0.030303030303030276,0.030303030303030276,0.3845452551094506,0.0,0.3645422855857098,1.520487600362727,-0.6829968743182837,-0.651087827846492,-1.0,-1.8369701987210297e-16,0.8660254037844386,0.5000000000000001,0.9749279121818236,-0.22252093395631434
0.10424457615849779,1.8327090050253017,1.7038218396971327,0.9713569757352701,0.22676582785158886,0.22626791480925612,0.818916396576765,2.5993206066860672,0.4576899017496158,-0.6826680894736445,2.3402433759309282,1.5854998862611034,-0.6505684099646967,0.030303030303030276,1.0,0.030303030303030276,0.030303030303030276,0.3845452551094506,0.0,0.3583301103368577,1.520487600362727,-0.6829968743182837,-0.651087827846492,-1.0,-1.8369701987210297e-16,0.9659258262890683,0.25881904510252074,0.9749279121818236,-0.22252093395631434
0.16540240899346195,2.122213549016511,1.4141535320400604,0.9713569757352701,-0.04292541659874924,0.38805369531419553,0.9806806998091566,2.850408950113371,-0.3351253750027644,-0.6168261711004925,2.4084932514136095,0.5814505038789796,-0.5275791801839428,0.030303030303030276,1.0,0.030303030303030276,0.030303030303030276,0.3845452551094506,0.0,0.41197419123788503,1.520487600362727,-0.6520229100627589,-0.651087827846492,-1.0,-1.8369701987210297e-16,1.0,6.123233995736766e-17,0.9749279121818236,-0.22252093395631434
0.2961901257450006,2.122213549016511,1.1244852243829888,1.419639854159865,-0.04292541659874924,0.6576966628224279,0.9806806998091566,2.796328383836721,-0.6599862688915447,-0.1714249585762292,2.384605794994671,-0.6104312459555824,0.8082205099348003,0.030303030303030276,1.0,0.030303030303030276,0.030303030303030276,0.22667835978372425,0.03544581716551672,0.476658257936728,1.520487600362727,-0.4119746870824421,-0.4972570019329735,-1.0,-1.8369701987210297e-16,0.9659258262890683,-0.25881904510252063,0.9749279121818236,-0.22252093395631434
0.1468737246594699,2.2801251184662625,1.1244852243829888,1.7097052460816622,-0.15080191437888446,0.4959108823174885,0.6571520933443734,2.5375142452270385,-0.6831906184550289,0.6574086021210956,2.3607183385757327,-0.6514128533997506,1.631565075967069,0.030303030303030276,1.0,0.030303030303030276,0.030303030303030276,0.8055236426447192,0.1170421532977237,0.516044478529414,1.358678017651142,0.6992162805845084,1.6358637840678156,-1.0,-1.8369701987210297e-16,0.8660254037844387,-0.4999999999999998,0.9749279121818236,-0.22252093395631434
0.1088438623944903,2.122213549016511,1.1244852243829888,2.131618543422457,-0.15080191437888446,0.22626791480925612,0.2257806180579958,2.0044343776429168,-0.6831906184550289,1.4707499467306202,2.2344560689327717,-0.6514128533997506,2.00736550029715,0.030303030303030276,0.030303030303030276,0.030303030303030276,0.030303030303030276,1.5422358208314406,0.2498725014922501,0.5565222410830045,0.9811223246574435,1.4696936414406865,2.04266085703912,-1.0,-1.8369701987210297e-16,0.7071067811865476,-0.7071067811865475,0.9749279121818236,-0.22252093395631434
0.10656710240751575,1.990620574475052,1.2561526369543852,2.131618543422457,-0.04292541659874924,0.06448213430431671,0.1179377492364014,1.2897983232728987,-0.6831906184550289,2.14853440057189,2.0126439736140567,-0.6514128533997506,2.2157639174256496,1.0,0.030303030303030276,0.030303030303030276,0.030303030303030276,1.5422358208314406,0.4377896689461266,0.6167839007625426,0.5496301040932168,2.151120855062231,2.2511870877218896,-1.0,-1.8369701987210297e-16,0.49999999999999994,-0.8660254037844387,0.9749279121818236,-0.22252093395631434
0.10898687252455642,1.7011160304838424,1.2561526369543852,2.131618543422457,0.22676582785158886,0.22626791480925612,-0.04382655399599019,0.45541244357601235,-0.6831906184550289,2.617173937227854,1.5826697580731632,-0.6514128533997506,2.3216713097368546,1.0,0.030303030303030276,0.030303030303030276,0.030303030303030276,1.8316584622619385,0.60238488067534,0.6316212089712036,0.2260109386700467,2.6079868278312213,2.3469040460680786,-1.0,-1.8369701987210297e-16,0.258819045102521,-0.9659258262890682,0.9749279121818236,-0.22252093395631434
0.1119329306290103,1.4116114864926321,0.8084834342116368,2.448053516428054,0.3885805745217917,0.8194824433273673,-0.4212765948715706,-0.3364815626177918,-0.6831906184550289,2.8495571785448615,0.579396588477745,-0.6514128533997506,2.372916822145502,1.0,0.030303030303030276,0.030303030303030276,0.030303030303030276,2.1210811036924357,0.718667564358341,0.6652205310688921,-0.043671699182595024,2.85965028740736,2.4152733020296426,-1.0,-1.8369701987210297e-16,1.2246467991473532e-16,-1.0,0.9749279121818236,-0.22252093395631434
0.0937188644624061,1.1221069425014227,1.1244852243829888,2.2898360299252554,0.6582718189721298,0.6576966628224279,-0.529119463693165,-0.660964960277692,-0.6831906184550289,2.8224458003912103,-0.6115637386950473,-0.6514128533997506,2.3763331896394115,1.0,0.030303030303030276,0.030303030303030276,0.030303030303030276,2.1210811036924357,0.7844978791315743,0.659373039727958,-0.043671699182595024,2.8054458499601913,2.3913440624430953,-1.0,-1.8369701987210297e-16,-0.2588190451025208,-0.9659258262890683,0.9749279121818236,-0.22252093395631434
0.09292371427275437,1.1221069425014227,0.9664843292973129,2.131618543422457,0.4964570723019269,0.4959108823174885,-0.4212765948715706,-0.6841423458248278,-0.6831906184550289,2.5280936947230015,-0.6525136639846563,-0.6514128533997506,2.314838574749035,1.0,0.030303030303030276,0.030303030303030276,0.030303030303030276,2.278947999018162,0.7875025225625659,0.659372732410058,-0.15154475432365172,2.5460388993201715,2.367414822856548,-1.0,-1.8369701987210297e-16,-0.4999999999999997,-0.8660254037844388,0.9749279121818236,-0.22252093395631434
0.09195123097265298,1.1221069425014227,0.9664843292973129,2.131618543422457,0.22676582785158886,0.8194824433273673,-0.15166942281758458,-0.6841423458248278,-0.6831906184550289,1.9936122396938856,-0.6525136639846563,-0.6514128533997506,2.1781838749926417,0.030303030303030276,0.030303030303030276,0.030303030303030276,0.030303030303030276,2.1210811036924357,0.725730074310223,0.6550914355264716,-0.15154475432365172,2.01173801591237,2.2409316993276547,-1.0,-1.8369701987210297e-16,-0.7071067811865471,-0.7071067811865479,0.9749279121818236,-0.22252093395631434
0.6275842332859539,1.2536999170428818,0.9664843292973129,1.9997706380034583,0.064951081181386,0.9812682238323067,-0.04382655399599019,-0.6841423458248278,-0.6831906184550289,1.2693511375892141,-0.6525136639846563,-0.6514128533997506,1.9424545179128634,0.030303030303030276,0.030303030303030276,1.0,1.0,1.989525357587664,0.6030223998233993,0.6523821209206813,-0.043671699182595024,1.2954650925033597,2.018731617452573,-1.0,-1.8369701987210297e-16,-0.8660254037844385,-0.5000000000000004,0.9749279121818236,-0.22252093395631434
0.877901729223225,1.2536999170428818,0.9664843292973129,1.7097052460816622,0.22676582785158886,0.8194824433273673,0.2257806180579958,-0.6841423458248278,-0.6831906184550289,0.42889841482603885,-0.6525136639846563,-0.6514128533997506,1.4846612737289464,0.030303030303030276,0.030303030303030276,1.0,1.0,1.700102716157167,0.4077710413649171,0.6287599256638975,0.2260109386700467,0.4591680576041915,1.5880053048947211,-1.0,-1.8369701987210297e-16,-0.9659258262890683,-0.25881904510252063,0.9749279121818236,-0.22252093395631434
0.6031634327430542,0.8062838036019201,0.9664843292973129,1.419639854159865,0.8200865656423326,0.9812682238323067,0.2257806180579958,-0.6841423458248278,-0.6174449613584901,-0.3612046056517849,-0.6525136639846563,-0.5284680310672457,0.435836453098629,0.030303030303030276,0.030303030303030276,1.0,1.0,1.410680074726669,0.10909262732661161,0.6301508976986344,0.38782052138163176,-0.33453977644363025,0.5829772422597338,-1.0,-1.8369701987210297e-16,-1.0,-1.8369701987210297e-16,0.9749279121818236,-0.22252093395631434
0.7577255110249487,1.1221069425014227,1.4141535320400604,1.1295744622380688,0.6582718189721298,0.9812682238323067,0.4953877901119818,-0.6841423458248278,-0.17269492805837433,-0.663302819363894,-0.6525136639846563,0.8068493448219054,-0.6300702050012377,0.030303030303030276,0.030303030303030276,1.0,1.0,1.121257433296172,0.0,0.6400621048500039,0.6575031592342735,-0.6597664011266401,-0.6100662742695537,-1.0,-1.8369701987210297e-16,-0.9659258262890684,0.2588190451025203,0.9749279121818236,-0.22252093395631434
0.7357302125368135,0.9641953730516715,1.7038218396971327,1.1295744622380688,0.4964570723019269,0.6576966628224279,0.4953877901119818,-0.6841423458248278,0.6549268730392324,-0.6826680894736445,-0.6525136639846563,1.6298966276589524,-0.6505684099646967,0.030303030303030276,0.030303030303030276,1.0,1.0,1.121257433296172,0.0,0.6186552618945216,0.4956935765226884,-0.6829968743182837,-0.651087827846492,-1.0,-1.8369701987210297e-16,-0.8660254037844386,0.5000000000000001,0.9749279121818236,-0.22252093395631434
0.4888850695560058,0.9641953730516715,2.1251575599256007,1.1295744622380688,0.8200865656423326,0.22626791480925612,0.4953877901119818,-0.6841423458248278,1.4670791077611829,-0.6826680894736445,-0.6525136639846563,2.005561362563829,-0.6505684099646967,0.030303030303030276,0.030303030303030276,0.030303030303030276,0.030303030303030276,1.121257433296172,0.0,0.5460419836202631,0.2260109386700467,-0.6829968743182837,-0.651087827846492,-1.0,-1.8369701987210297e-16,-0.7071067811865477,0.7071067811865474,0.9749279121818236,-0.22252093395631434
0.46575134645450894,0.9641953730516715,2.1251575599256007,0.9713569757352701,0.9819013123125355,0.11841072780596318,0.6571520933443734,-0.6841423458248278,2.1438726366961416,-0.6826680894736445,-0.6525136639846563,2.213884533738351,-0.6505684099646967,0.030303030303030276,0.030303030303030276,0.030303030303030276,0.030303030303030276,1.2528131794009436,0.0,0.5098559155392067,0.06420135595846167,-0.6829968743182837,-0.651087827846492,-1.0,-1.8369701987210297e-16,-0.5000000000000004,0.8660254037844384,0.9749279121818236,-0.22252093395631434
0.16992732076326134,0.9641953730516715,2.1251575599256007,0.9713569757352701,0.8200865656423326,-0.04337505269897623,0.818916396576765,-0.6841423458248278,2.6118270195597417,-0.6826680894736445,-0.6525136639846563,2.3197536863024526,-0.6505684099646967,0.030303030303030276,0.030303030303030276,0.030303030303030276,0.030303030303030276,1.2528131794009436,0.0,0.4450059483940514,0.2260109386700467,-0.6829968743182837,-0.651087827846492,-1.0,-1.8369701987210297e-16,-0.25881904510252157,0.9659258262890681,0.9749279121818236,-0.22252093395631434
0.14323262276995097,0.9641953730516715,2.4411593500969526,0.681291583813473,0.9819013123125355,-0.4208752072105015,0.9806806998091566,-0.6184730867746099,2.8438705151945847,-0.6826680894736445,-0.5296638881158295,2.370980695607663,-0.6505684099646967,0.030303030303030276,0.030303030303030276,0.030303030303030276,0.030303030303030276,0.8055236426447192,0.0,0.34379054195357994,0.8193127419458585,-0.6829968743182837,-0.651087827846492,-1.0,-1.8369701987210297e-16,-2.4492935982947064e-16,1.0,0.9749279121818236,-0.22252093395631434
0.1427206371684636,1.4116114864926321,2.2831584550112765,0.8131394892324716,0.9819013123125355,-0.5287323942137945,0.9806806998091566,-0.17423986378784168,2.8167987740371863,-0.6826680894736445,0.804621177570594,2.3743958295613434,-0.6505684099646967,0.030303030303030276,0.030303030303030276,0.030303030303030276,0.030303030303030276,1.121257433296172,0.0,0.28659314905425215,0.6575031592342735,-0.6829968743182837,-0.651087827846492,-1.0,-1.8369701987210297e-16,0.25881904510252074,0.9659258262890683,0.43388373911755823,-0.900968867902419
0.14322976366568502,1.7011160304838424,2.1251575599256007,0.8131394892324716,0.6582718189721298,-0.4208752072105015,1.1424450030415483,0.6524202207266661,2.5228770128997184,-0.6826680894736445,1.6270321771369063,2.312923418395091,-0.6505684099646967,0.030303030303030276,0.030303030303030276,0.030303030303030276,0.030303030303030276,0.9633905379704456,0.0,0.26781136438032904,0.4956935765226884,-0.6829968743182837,-0.651087827846492,-1.0,-1.8369701987210297e-16,0.49999999999999994,0.8660254037844387,0.43388373911755823,-0.900968867902419
0.14298950280300016,2.122213549016511,2.1251575599256007,0.8131394892324716,0.22676582785158886,-0.15123223970226915,0.9806806998091566,1.4636287148764167,1.9891769729395796,-0.6826680894736445,2.0024064922916547,2.1763180602478633,-0.6505684099646967,0.030303030303030276,0.030303030303030276,0.030303030303030276,0.030303030303030276,0.9633905379704456,0.0,0.27430524770411757,0.8193127419458585,-0.6829968743182837,-0.651087827846492,-1.0,-1.8369701987210297e-16,0.7071067811865476,0.7071067811865476,0.43388373911755823,-0.900968867902419
0.14318400426823769,2.122213549016511,1.9934901473542042,0.8131394892324716,0.11888933007145361,-0.04337505269897623,0.9806806998091566,2.139635793334542,1.2659747448776522,-0.6826680894736445,2.2105686125138333,1.9406738174438956,-0.6505684099646967,0.030303030303030276,1.0,0.030303030303030276,0.030303030303030276,0.9633905379704456,0.0,0.3079468772326964,0.9811223246574435,-0.6829968743182837,-0.651087827846492,-1.0,-1.8369701987210297e-16,0.8660254037844386,0.5000000000000001,0.43388373911755823,-0.900968867902419
0.1429380183324248,2.122213549016511,1.7038218396971327,0.681291583813473,-0.04292541659874924,0.22626791480925612,1.1424450030415483,2.607046401868446,0.42675076899830344,-0.6826680894736445,2.3163559195119894,1.4830458676506826,-0.6505684099646967,0.030303030303030276,1.0,0.030303030303030276,0.030303030303030276,0.9633905379704456,0.0,0.3251564235305734,0.8193127419458585,-0.6829968743182837,-0.651087827846492,-1.0,-1.8369701987210297e-16,0.9659258262890683,0.25881904510252074,0.43388373911755823,-0.900968867902419
0.23938559321021605,2.438036687916014,1.4141535320400604,0.681291583813473,-0.42049315882922256,0.22626791480925612,1.1424450030415483,2.8388202573398034,-0.36219711616016276,-0.6168261711004925,2.3675433261240006,0.4345997438707098,-0.5173300777022133,0.030303030303030276,1.0,0.030303030303030276,0.030303030303030276,0.9633905379704456,0.0,0.386238365904677,0.9811223246574435,-0.6171772002752937,-0.5280231671156772,-1.0,-1.8369701987210297e-16,1.0,6.123233995736766e-17,0.43388373911755823,-0.900968867902419
0.2554373184772524,2.2801251184662625,1.1244852243829888,0.9713569757352701,-0.5283696566093578,0.4959108823174885,1.1424450030415483,2.811779974201478,-0.6638536604854587,-0.1714249585762292,2.3709558198981346,-0.6309220496776665,0.8628823898373577,0.030303030303030276,1.0,0.030303030303030276,0.030303030303030276,1.410680074726669,0.012511918309844763,0.4384408185371288,0.9811223246574435,-0.1719264641021253,0.8085957869328941,-1.0,-1.8369701987210297e-16,0.9659258262890683,-0.25881904510252063,0.43388373911755823,-0.900968867902419
0.12502714078074068,2.122213549016511,1.1244852243829888,1.5514877595788634,-0.42049315882922256,0.4959108823174885,0.818916396576765,2.518199757271092,-0.6831906184550289,0.6535355480991456,2.3095309319637214,-0.6514128533997506,1.672561485893987,0.030303030303030276,1.0,0.030303030303030276,0.030303030303030276,1.700102716157167,0.07224981740691637,0.4446226717531876,0.6575031592342735,0.6566270797331618,1.6324453212697374,-1.0,-1.8369701987210297e-16,0.8660254037844387,-0.4999999999999998,0.43388373911755823,-0.900968867902419
0.09054970355316105,2.122213549016511,1.1244852243829888,1.9997706380034583,-0.15080191437888446,0.4959108823174885,0.3875449212903874,1.9851198896869704,-0.6831906184550289,1.4707499467306202,2.1730311809983585,-0.6514128533997506,2.0449455427301584,0.030303030303030276,0.030303030303030276,0.030303030303030276,0.030303030303030276,2.1210811036924357,0.23956139395743023,0.4904349608530776,0.2260109386700467,1.4696936414406865,2.008476229058338,-1.0,-1.8369701987210297e-16,0.7071067811865476,-0.7071067811865475,0.43388373911755823,-0.900968867902419
0.0902751265746887,1.990620574475052,0.9664843292973129,2.131618543422457,-0.04292541659874924,0.6576966628224279,-0.04382655399599019,1.2627580401345737,-0.6831906184550289,2.14853440057189,1.9375691105831072,-0.6514128533997506,2.2465112248708383,1.0,0.030303030303030276,0.030303030303030276,0.030303030303030276,2.1210811036924357,0.4303279927384258,0.4924491223692242,0.11813788352899002,2.1472491095302906,2.2170024597411078,-1.0,-1.8369701987210297e-16,0.49999999999999994,-0.8660254037844387,0.43388373911755823,-0.900968867902419
0.09298092038415963,1.7011160304838424,0.9664843292973129,2.131618543422457,0.22676582785158886,0.8194824433273673,-0.15166942281758458,0.42450926284649804,-0.6831906184550289,2.6249200452717547,1.480294944849141,-0.6514128533997506,2.3592513521698626,1.0,0.030303030303030276,0.030303030303030276,0.030303030303030276,2.1210811036924357,0.5945462037668564,0.5012445094455948,-0.043671699182595024,2.6157303188951024,2.322974806481531,-1.0,-1.8369701987210297e-16,0.258819045102521,-0.9659258262890682,0.43388373911755823,-0.900968867902419
0.09614435965257473,1.4116114864926321,0.6768160216402405,1.9997706380034583,0.22676582785158886,0.9812682238323067,-0.04382655399599019,-0.3635218457561168,-0.6831906184550289,2.841811070500961,0.43265935618997975,-0.6514128533997506,2.3968313946028705,1.0,0.030303030303030276,0.030303030303030276,0.030303030303030276,2.4368148943438883,0.7131406244545092,0.46920006226260647,-0.42122739217629346,2.848035050811538,2.3742517484527044,-1.0,-1.8369701987210297e-16,1.2246467991473532e-16,-1.0,0.43388373911755823,-0.900968867902419
0.09419366797924397,1.1221069425014227,0.8084834342116368,1.9997706380034583,0.4964570723019269,0.9812682238323067,-0.04382655399599019,-0.6648278578688813,-0.6831906184550289,2.80695358430341,-0.6320387013398517,-0.6514128533997506,2.393415027108961,1.0,0.030303030303030276,0.030303030303030276,0.030303030303030276,2.278947999018162,0.7770583684789096,0.46434162236294985,-0.5291004473173502,2.8209328320879536,2.3776702112507824,-1.0,-1.8369701987210297e-16,-0.2588190451025208,-0.9659258262890683,0.43388373911755823,-0.900968867902419
0.2154338676787281,1.1221069425014227,0.8084834342116368,1.9997706380034583,0.4964570723019269,1.1430540043372461,-0.4212765948715706,-0.6841423458248278,-0.6831906184550289,2.5203475866791014,-0.6525136639846563,-0.6514128533997506,2.3421695147003136,1.0,0.030303030303030276,0.030303030303030276,0.030303030303030276,2.1210811036924357,0.7917821510710567,0.4911565432821151,-0.42122739217629346,2.5266801716604688,2.316137880885375,-1.0,-1.8369701987210297e-16,-0.4999999999999997,-0.8660254037844388,0.43388373911755823,-0.900968867902419
0.5744579572669535,1.1221069425014227,0.8084834342116368,1.7097052460816622,0.4964570723019269,0.9812682238323067,0.1179377492364014,-0.6841423458248278,-0.6831906184550289,1.9819930776280354,-0.6525136639846563,-0.6514128533997506,2.20893118243783,0.030303030303030276,0.030303030303030276,0.030303030303030276,0.030303030303030276,2.1210811036924357,0.7370390309613157,0.5117827987717732,-0.15154475432365172,1.9923792882526667,2.1793993689622475,-1.0,-1.8369701987210297e-16,-0.7071067811865471,-0.7071067811865479,0.43388373911755823,-0.900968867902419
0.6750300217284955,0.9641953730516715,0.8084834342116368,1.7097052460816622,0.6582718189721298,0.9812682238323067,0.2257806180579958,-0.6841423458248278,-0.6831906184550289,1.2577319755233638,-0.6525136639846563,-0.6514128533997506,1.9766181928519617,0.030303030303030276,0.030303030303030276,1.0,1.0,1.989525357587664,0.6155675850923151,0.5054062596661083,-0.043671699182595024,1.2683628737797756,1.9435254358948526,-1.0,-1.8369701987210297e-16,-0.8660254037844385,-0.5000000000000004,0.43388373911755823,-0.900968867902419
0.5680452918729527,0.9641953730516715,0.6768160216402405,1.5514877595788634,0.8200865656423326,1.1430540043372461,0.2257806180579958,-0.6841423458248278,-0.6831906184550289,0.4211523067821386,-0.6525136639846563,-0.6514128533997506,1.5256576836558644,0.030303030303030276,0.030303030303030276,1.0,1.0,1.700102716157167,0.4338038205221215,0.483065477612736,0.2260109386700467,0.42819409334866676,1.4854514209523755,-1.0,-1.8369701987210297e-16,-0.9659258262890683,-0.25881904510252063,0.43388373911755823,-0.900968867902419
0.35433895212948746,0.6746908290604611,0.6768160216402405,1.1295744622380688,0.9819013123125355,1.1430540043372461,0.3875449212903874,-0.6841423458248278,-0.6174449613584901,-0.3689507136956851,-0.6525136639846563,-0.5182226292062037,0.4631673930499076,0.030303030303030276,0.030303030303030276,1.0,1.0,1.410680074726669,0.11965873985972424,0.4864710721404695,0.2260109386700467,-0.3616419951672144,0.4359833419423717,-1.0,-1.8369701987210297e-16,-1.0,-1.8369701987210297e-16,0.43388373911755823,-0.900968867902419
0.4293403962052805,0.8062838036019201,0.9664843292973129,0.8131394892324716,0.9819013123125355,1.1430540043372461,0.4953877901119818,-0.6841423458248278,-0.17269492805837433,-0.6710489274077942,-0.6525136639846563,0.8614914880807965,-0.6300702050012377,0.030303030303030276,0.030303030303030276,1.0,1.0,1.121257433296172,0.0,0.49431023957120546,0.4956935765226884,-0.6636381466585808,-0.6305770510580229,-1.0,-1.8369701987210297e-16,-0.9659258262890684,0.2588190451025203,0.43388373911755823,-0.900968867902419
0.5005434533339469,0.8062838036019201,1.5458209446114568,0.681291583813473,1.1437160589827384,0.8194824433273673,0.9806806998091566,-0.6841423458248278,0.6510594814453183,-0.6826680894736445,-0.6525136639846563,1.6708782351031208,-0.6505684099646967,0.030303030303030276,0.030303030303030276,1.0,1.0,1.121257433296172,0.0,0.4975816898356191,0.4956935765226884,-0.6829968743182837,-0.651087827846492,-1.0,-1.8369701987210297e-16,-0.8660254037844386,0.5000000000000001,0.43388373911755823,-0.900968867902419
0.2657055872266792,0.8062838036019201,1.9934901473542042,0.681291583813473,0.9819013123125355,0.38805369531419553,1.1424450030415483,-0.6841423458248278,1.4670791077611829,-0.6826680894736445,-0.6525136639846563,2.043127836054316,-0.6505684099646967,0.030303030303030276,0.030303030303030276,0.030303030303030276,0.030303030303030276,1.121257433296172,0.0,0.4046769277040273,0.4956935765226884,-0.6829968743182837,-0.651087827846492,-1.0,-1.8369701987210297e-16,-0.7071067811865477,0.7071067811865474,0.43388373911755823,-0.900968867902419
0.27605969775004524,0.8062838036019201,2.1251575599256007,0.681291583813473,0.9819013123125355,-0.04337505269897623,1.1424450030415483,-0.6841423458248278,2.1438726366961416,-0.6826680894736445,-0.6525136639846563,2.244620739321477,-0.6505684099646967,0.030303030303030276,0.030303030303030276,0.030303030303030276,0.030303030303030276,0.9633905379704456,0.0,0.4174023985240135,0.6575031592342735,-0.6829968743182837,-0.651087827846492,-1.0,-1.8369701987210297e-16,-0.5000000000000004,0.8660254037844384,0.43388373911755823,-0.900968867902419
0.791287653902342,0.6746908290604611,2.1251575599256007,0.681291583813473,1.1437160589827384,-0.15123223970226915,0.9806806998091566,-0.6841423458248278,2.61956180274757,-0.6826680894736445,-0.6525136639846563,2.3573201597929403,-0.6505684099646967,0.030303030303030276,0.030303030303030276,0.030303030303030276,0.030303030303030276,0.9633905379704456,0.0,0.34538127062327184,0.8193127419458585,-0.6829968743182837,-0.651087827846492,-1.0,-1.8369701987210297e-16,-0.25881904510252157,0.9659258262890681,0.43388373911755823,-0.900968867902419
0.66788226106362,0.6746908290604611,1.9934901473542042,0.39122619189167684,1.1437160589827384,-0.04337505269897623,1.1424450030415483,-0.6184730867746099,2.8361357320067566,-0.6826680894736445,-0.5194264067934272,2.3948866332834275,-0.6505684099646967,0.030303030303030276,0.030303030303030276,0.030303030303030276,0.030303030303030276,0.6739678965399476,0.0,0.25323527638660936,0.9811223246574435,-0.6829968743182837,-0.651087827846492,-1.0,-1.8369701987210297e-16,-2.4492935982947064e-16,1.0,0.43388373911755823,-0.900968867902419
0.12767001027027447,0.9641953730516715,1.9934901473542042,0.681291583813473,1.1437160589827384,-0.04337505269897623,0.9806806998091566,-0.17423986378784168,2.80132920766153,-0.6826680894736445,0.8592210779567392,2.391471499329747,-0.6505684099646967,0.030303030303030276,0.030303030303030276,0.030303030303030276,0.030303030303030276,0.8055236426447192,0.0,0.22663870483534487,0.9811223246574435,-0.6829968743182837,-0.651087827846492,-1.0,-1.8369701987210297e-16,0.25881904510252074,0.9659258262890683,-0.433883739117558,-0.9009688679024191
0.1343572732365359,1.5432044610340911,1.9934901473542042,0.5230740973106753,0.8200865656423326,-0.4208752072105015,1.1424450030415483,0.6485573231354768,2.5151422297118904,-0.6826680894736445,1.6679821024265151,2.3402444900245367,-0.6505684099646967,0.030303030303030276,0.030303030303030276,0.030303030303030276,0.030303030303030276,0.8055236426447192,0.0,0.22184905292562285,1.1429319073690285,-0.6829968743182837,-0.651087827846492,-1.0,-1.8369701987210297e-16,0.49999999999999994,0.8660254037844387,-0.433883739117558,-0.9009688679024191
0.1344487988960267,1.990620574475052,1.7038218396971327,0.23300870538887822,0.3885805745217917,0.11841072780596318,1.1424450030415483,1.4636287148764167,1.9775747981578373,-0.6826680894736445,2.0399439238071295,2.2070542658309895,-0.6505684099646967,0.030303030303030276,0.030303030303030276,0.030303030303030276,0.030303030303030276,0.8055236426447192,0.0,0.23165715492156558,0.9811223246574435,-0.6829968743182837,-0.651087827846492,-1.0,-1.8369701987210297e-16,0.7071067811865476,0.7071067811865476,-0.433883739117558,-0.9009688679024191
0.13455749291030533,2.122213549016511,1.7038218396971327,0.23300870538887822,-0.04292541659874924,0.22626791480925612,1.358130740684737,2.139635793334542,1.25437257009591,-0.6826680894736445,2.2412810564810397,1.9748251569807025,-0.6505684099646967,0.030303030303030276,1.0,0.030303030303030276,0.030303030303030276,0.8055236426447192,0.0,0.2244410438011495,0.9811223246574435,-0.6829968743182837,-0.651087827846492,-1.0,-1.8369701987210297e-16,0.8660254037844386,0.5000000000000001,-0.433883739117558,-0.9009688679024191
0.13462613887107244,2.122213549016511,1.5458209446114568,0.1011607999698797,-0.15080191437888446,0.22626791480925612,1.5198950439171286,2.6147721970508244,0.41901598581047533,-0.6826680894736445,2.353893351027464,1.524027475094851,-0.6505684099646967,0.030303030303030276,1.0,0.030303030303030276,0.030303030303030276,0.6739678965399476,0.0,0.25332040344489015,1.1429319073690285,-0.6829968743182837,-0.651087827846492,-1.0,-1.8369701987210297e-16,0.9659258262890683,0.25881904510252074,-0.433883739117558,-0.9009688679024191
0.14871285978195803,1.990620574475052,1.1244852243829888,0.23300870538887822,-0.04292541659874924,0.38805369531419553,1.358130740684737,2.8310944621574246,-0.36993189934799087,-0.6516836572980436,2.391430782542939,0.46192081550015535,-0.6471520424707868,0.030303030303030276,1.0,0.030303030303030276,0.030303030303030276,0.6739678965399476,0.0,0.2845023629417227,1.1429319073690285,-0.6171772002752937,-0.5177677787214426,-1.0,-1.8369701987210297e-16,1.0,6.123233995736766e-17,-0.433883739117558,-0.9009688679024191
0.17152333935109668,1.990620574475052,0.8084834342116368,0.23300870538887822,-0.04292541659874924,0.4959108823174885,1.5198950439171286,2.796328383836721,-0.6715884436732867,-0.37669682173958535,2.388018288768805,-0.6309220496776665,-0.5378282826656723,0.030303030303030276,1.0,0.030303030303030276,0.030303030303030276,0.9633905379704456,0.029974279175085855,0.34218547178189107,1.1429319073690285,-0.1719264641021253,0.8632911917021452,-1.0,-1.8369701987210297e-16,0.9659258262890683,-0.25881904510252063,-0.433883739117558,-0.9009688679024191
0.1194610997500728,1.990620574475052,0.6768160216402405,0.5230740973106753,-0.42049315882922256,0.9812682238323067,1.5198950439171286,2.5104739620887138,-0.6831906184550289,0.26623014590413396,2.336830882156794,-0.6514128533997506,0.275267180884867,0.030303030303030276,1.0,0.030303030303030276,0.030303030303030276,1.5422358208314406,0.08773311085821622,0.375760310886885,0.8193127419458585,0.6527553342012212,1.6734668748466757,-1.0,-1.8369701987210297e-16,0.8660254037844387,-0.4999999999999998,-0.433883739117558,-0.9009688679024191
0.10643552869451343,1.7011160304838424,0.6768160216402405,1.2614223676570673,0.11888933007145361,1.1430540043372461,1.1424450030415483,1.9735311969134028,-0.6831906184550289,1.2732241916111642,2.203743624965565,-0.6514128533997506,1.4573303337776677,0.030303030303030276,0.030303030303030276,0.030303030303030276,0.030303030303030276,1.989525357587664,0.23490476474815675,0.44629955187416015,0.38782052138163176,1.4696936414406865,2.0460793198371983,-1.0,-1.8369701987210297e-16,0.7071067811865476,-0.7071067811865475,-0.433883739117558,-0.9009688679024191
0.10529142706019623,1.7011160304838424,0.6768160216402405,1.419639854159865,0.22676582785158886,1.1430540043372461,0.818916396576765,1.2511693473610057,-0.6831906184550289,1.900658943167083,1.9716940483244478,-0.6514128533997506,1.535906786137594,1.0,0.030303030303030276,0.030303030303030276,0.030303030303030276,2.1210811036924357,0.41643013651214533,0.49067174929497415,-0.043671699182595024,2.1472491095302906,2.247768624923811,-1.0,-1.8369701987210297e-16,0.49999999999999994,-0.8660254037844387,-0.433883739117558,-0.9009688679024191
0.119443938259881,1.5432044610340911,0.6768160216402405,1.5514877595788634,0.22676582785158886,0.9812682238323067,0.549309224522779,0.41678346766411944,-0.6831906184550289,2.3576793177571966,1.52124487013875,-0.6514128533997506,1.7818852456991014,1.0,0.030303030303030276,0.030303030303030276,0.030303030303030276,2.1210811036924357,0.5761081872801539,0.47949649240153924,-0.15154475432365172,2.6234738099589836,2.3605778972603915,-1.0,-1.8369701987210297e-16,0.258819045102521,-0.9659258262890682,-0.433883739117558,-0.9009688679024191
0.22823633592949633,1.1221069425014227,0.38714771398316894,1.7097052460816622,0.3885805745217917,1.1430540043372461,0.3875449212903874,-0.3712476409384954,-0.6831906184550289,2.613300883205904,0.4599593063830524,-0.6514128533997506,1.894625372998126,1.0,0.030303030303030276,0.030303030303030276,0.030303030303030276,1.989525357587664,0.6957447748894969,0.4671548104189167,-0.043671699182595024,2.840291559747657,2.3981809880392517,-1.0,-1.8369701987210297e-16,1.2246467991473532e-16,-1.0,-0.433883739117558,-0.9009688679024191
0.09500026145055555,0.8062838036019201,0.6768160216402405,1.7097052460816622,0.4964570723019269,0.9812682238323067,0.3875449212903874,-0.6725536530512599,-0.6831906184550289,2.508728424613251,-0.6320387013398517,-0.6514128533997506,1.7306397332904542,1.0,0.030303030303030276,0.030303030303030276,0.030303030303030276,1.989525357587664,0.760261241688316,0.5010073112464982,-0.043671699182595024,2.8054458499601913,2.3947625252411733,-1.0,-1.8369701987210297e-16,-0.2588190451025208,-0.9659258262890683,-0.433883739117558,-0.9009688679024191
0.09172241339162795,0.6746908290604611,0.5188151265545653,1.7097052460816622,0.9819013123125355,1.1430540043372461,0.3875449212903874,-0.6841423458248278,-0.6831906184550289,2.411902074064498,-0.6525136639846563,-0.6514128533997506,1.9629527228763224,1.0,0.030303030303030276,0.030303030303030276,0.030303030303030276,1.989525357587664,0.7625950644200745,0.484264888156516,-0.42122739217629346,2.5189366805965876,2.3434855832700006,-1.0,-1.8369701987210297e-16,-0.4999999999999997,-0.8660254037844388,-0.433883739117558,-0.9009688679024191
0.09112175437031966,0.6746908290604611,0.22914681889749292,1.7097052460816622,1.1437160589827384,1.1430540043372461,0.2257806180579958,-0.6841423458248278,-0.6831906184550289,1.8619284029475818,-0.6525136639846563,-0.6514128533997506,1.7887179806869211,0.030303030303030276,0.030303030303030276,0.030303030303030276,0.030303030303030276,1.700102716157167,0.7022917959879121,0.4908151643149419,0.11813788352899002,1.980764051656845,2.2101655341449513,-1.0,-1.8369701987210297e-16,-0.7071067811865471,-0.7071067811865479,-0.433883739117558,-0.9009688679024191
0.5128825304588548,0.6746908290604611,0.22914681889749292,1.7097052460816622,1.1437160589827384,1.358768378343832,0.2257806180579958,-0.6841423458248278,-0.6831906184550289,1.1183020307331595,-0.6525136639846563,-0.6514128533997506,1.470995803753307,0.030303030303030276,0.030303030303030276,1.0,1.0,1.700102716157167,0.5786804161227724,0.507295854993483,0.2260109386700467,1.2567476371839539,1.9777100638756344,-1.0,-1.8369701987210297e-16,-0.8660254037844385,-0.5000000000000004,-0.433883739117558,-0.9009688679024191
0.47628280381751686,0.6746908290604611,0.09747940632609654,1.419639854159865,0.9819013123125355,1.5205541588487714,0.2257806180579958,-0.6841423458248278,-0.6831906184550289,0.29334152405778474,-0.6525136639846563,-0.6514128533997506,0.9277933722216443,0.030303030303030276,0.030303030303030276,1.0,1.0,1.5422358208314406,0.38194338007205375,0.5028222795438397,0.2260109386700467,0.4204506022847856,1.5264729745293137,-1.0,-1.8369701987210297e-16,-0.9659258262890683,-0.25881904510252063,-0.433883739117558,-0.9009688679024191
0.38598477436610606,0.3851862850692516,0.22914681889749292,0.8131394892324716,1.1437160589827384,1.358768378343832,0.6571520933443734,-0.6841423458248278,-0.6522514857037165,-0.43091957804688696,-0.6525136639846563,-0.64799771944607,-0.14836238835995177,0.030303030303030276,0.030303030303030276,1.0,1.0,1.121257433296172,0.09490654171786299,0.5147404262407076,0.38782052138163176,-0.36938548623109557,0.46333104432699723,-1.0,-1.8369701987210297e-16,-1.0,-1.8369701987210297e-16,-0.433883739117558,-0.9009688679024191
0.6220982540393287,0.6746908290604611,0.22914681889749292,0.681291583813473,0.9819013123125355,1.5205541588487714,0.818916396576765,-0.6841423458248278,-0.377666682535819,-0.6826680894736445,-0.6525136639846563,-0.5387134329282878,-0.6505684099646967,0.030303030303030276,0.030303030303030276,1.0,1.0,0.8055236426447192,0.0,0.5039656045708825,0.4956935765226884,-0.671381637722462,-0.6305770510580229,-1.0,-1.8369701987210297e-16,-0.9659258262890684,0.2588190451025203,-0.433883739117558,-0.9009688679024191
0.6322578562328612,0.5167792596107107,0.5188151265545653,0.5230740973106753,1.1437160589827384,1.5205541588487714,0.9806806998091566,-0.6841423458248278,0.2643203220539133,-0.6826680894736445,-0.6525136639846563,0.2740884480477172,-0.6505684099646967,0.030303030303030276,0.030303030303030276,1.0,1.0,0.6739678965399476,0.0,0.4999554645143349,0.9811223246574435,-0.6829968743182837,-0.651087827846492,-1.0,-1.8369701987210297e-16,-0.8660254037844386,0.5000000000000001,-0.433883739117558,-0.9009688679024191
0.378965724877669,0.22727471561950033,1.2561526369543852,0.5230740973106753,1.1437160589827384,1.1430540043372461,0.9806806998091566,-0.6841423458248278,1.2698421364715662,-0.6826680894736445,-0.6525136639846563,1.4557247960212372,-0.6505684099646967,0.030303030303030276,0.030303030303030276,0.030303030303030276,0.030303030303030276,0.6739678965399476,0.0,0.4400176154620239,1.1429319073690285,-0.6829968743182837,-0.651087827846492,-1.0,-1.8369701987210297e-16,-0.7071067811865477,0.7071067811865474,-0.433883739117558,-0.9009688679024191
0.7516217524543998,0.22727471561950033,1.4141535320400604,0.39122619189167684,1.3594690545430088,0.8194824433273673,1.1424450030415483,-0.6841423458248278,1.8963595746856423,-0.6826680894736445,-0.6525136639846563,1.534272876955893,-0.6505684099646967,0.030303030303030276,0.030303030303030276,0.030303030303030276,0.030303030303030276,0.6739678965399476,0.0,0.3592051468372608,1.1429319073690285,-0.6829968743182837,-0.651087827846492,-1.0,-1.8369701987210297e-16,-0.5000000000000004,0.8660254037844384,-0.433883739117558,-0.9009688679024191
0.5730240300980789,0.09568174107804124,1.5458209446114568,0.39122619189167684,1.5212838012132117,0.549839475819135,1.1424450030415483,-0.6841423458248278,2.3527117827675004,-0.6826680894736445,-0.6525136639846563,1.780162521620903,-0.6505684099646967,0.030303030303030276,0.030303030303030276,0.030303030303030276,0.030303030303030276,0.6739678965399476,0.0,0.2915693429292323,0.9811223246574435,-0.6829968743182837,-0.651087827846492,-1.0,-1.8369701987210297e-16,-0.25881904510252157,0.9659258262890681,-0.433883739117558,-0.9009688679024191
0.394426307741758,0.22727471561950033,1.7038218396971327,0.5230740973106753,1.3594690545430088,0.38805369531419553,0.9806806998091566,-0.6532391650953134,2.6079596279658275,-0.6826680894736445,-0.6491011702105222,1.8928619420923658,-0.6505684099646967,0.030303030303030276,0.030303030303030276,0.030303030303030276,0.030303030303030276,0.3845452551094506,0.0,0.21988805740616413,1.1429319073690285,-0.6829968743182837,-0.651087827846492,-1.0,-1.8369701987210297e-16,-2.4492935982947064e-16,1.0,-0.433883739117558,-0.9009688679024191
0.21582858538543703,0.22727471561950033,1.7038218396971327,0.39122619189167684,1.5212838012132117,0.38805369531419553,1.358130740684737,-0.378973436120874,2.503540054930148,-0.6826680894736445,-0.5399013694382317,1.7289355123156926,-0.6505684099646967,0.030303030303030276,0.030303030303030276,0.030303030303030276,0.030303030303030276,0.6739678965399476,0.0,0.20844051685339038,0.9811223246574435,-0.6829968743182837,-0.651087827846492,-1.0,-1.8369701987210297e-16,0.25881904510252074,0.9659258262890683,-0.9749279121818236,-0.2225209339563146
0.0902922914971785,0.5167792596107107,1.7038218396971327,0.39122619189167684,1.5212838012132117,0.38805369531419553,1.358130740684737,0.26226756401654794,2.406855265082297,-0.6826680894736445,0.27227214880567824,1.9611646211659797,-0.6505684099646967,0.030303030303030276,0.030303030303030276,0.030303030303030276,0.030303030303030276,0.5161010012142222,0.0,0.2155537994044896,1.1429319073690285,-0.6829968743182837,-0.651087827846492,-1.0,-1.8369701987210297e-16,0.49999999999999994,0.8660254037844387,-0.9749279121818236,-0.2225209339563146
0.09211140259291087,1.2536999170428818,1.7038218396971327,0.39122619189167684,1.1437160589827384,0.22626791480925612,1.358130740684737,1.266620937725763,1.8576856587465018,-0.6826680894736445,1.4529949946560685,1.7869927895282642,-0.6505684099646967,0.030303030303030276,0.030303030303030276,0.030303030303030276,0.030303030303030276,0.22667835978372425,0.0,0.20353193291639504,1.1429319073690285,-0.6829968743182837,-0.651087827846492,-1.0,-1.8369701987210297e-16,0.7071067811865476,0.7071067811865476,-0.9749279121818236,-0.2225209339563146
0.10551453329728541,1.4116114864926321,1.7038218396971327,0.39122619189167684,0.8200865656423326,0.22626791480925612,1.358130740684737,1.8924103474984277,1.1151464727150042,-0.6826680894736445,1.5314823514611522,1.4693853318359598,-0.6505684099646967,0.030303030303030276,1.0,0.030303030303030276,0.030303030303030276,0.22667835978372425,0.0,0.18855115846811643,1.358678017651142,-0.6829968743182837,-0.651087827846492,-1.0,-1.8369701987210297e-16,0.8660254037844386,0.5000000000000001,-0.9749279121818236,-0.2225209339563146
0.10559461567511631,1.5432044610340911,1.4141535320400604,0.5230740973106753,0.5503953211919945,0.22626791480925612,1.358130740684737,2.3482322632587636,0.29139206321131167,-0.6826680894736445,1.7771819031988056,0.9263790332007297,-0.6505684099646967,0.030303030303030276,1.0,0.030303030303030276,0.030303030303030276,0.09512261367895261,0.0,0.19760525599657885,1.520487600362727,-0.6829968743182837,-0.651087827846492,-1.0,-1.8369701987210297e-16,0.9659258262890683,0.25881904510252074,-0.9749279121818236,-0.2225209339563146
0.16321146332204237,1.7011160304838424,0.8084834342116368,0.681291583813473,0.3885805745217917,0.6576966628224279,1.1424450030415483,2.6031835042772564,-0.4318101648506157,-0.6516836572980436,1.8897941977452302,-0.14938816220868875,-0.6505684099646967,0.030303030303030276,1.0,0.030303030303030276,0.030303030303030276,0.22667835978372425,0.0,0.20309784638274275,1.358678017651142,-0.6520229100627589,-0.6476693650484138,-1.0,-1.8369701987210297e-16,1.0,6.123233995736766e-17,-0.9749279121818236,-0.2225209339563146
0.13192034162930347,1.7011160304838424,0.6768160216402405,0.681291583813473,0.3885805745217917,0.8194824433273673,1.1424450030415483,2.4988852693151458,-0.6831906184550289,-0.46577706424443804,1.7259944965867944,-0.6514128533997506,-0.5924901625682295,0.030303030303030276,1.0,0.030303030303030276,0.030303030303030276,0.22667835978372425,0.02496840144465136,0.23615424019055342,1.520487600362727,-0.3771289772949768,-0.5382785555099118,-1.0,-1.8369701987210297e-16,0.9659258262890683,-0.25881904510252063,-0.9749279121818236,-0.2225209339563146
0.10707622204014111,1.7011160304838424,0.5188151265545653,0.8131394892324716,0.3885805745217917,0.9812682238323067,1.1424450030415483,2.4023128295354135,-0.6831906184550289,-0.09783693215917699,1.9580440732279116,-0.6514128533997506,-0.5275791801839428,0.030303030303030276,1.0,0.030303030303030276,0.030303030303030276,0.5161010012142222,0.07864159846168386,0.2574828963503284,1.520487600362727,0.2655807810071618,0.2753155904326969,-1.0,-1.8369701987210297e-16,0.8660254037844387,-0.4999999999999998,-0.9749279121818236,-0.2225209339563146
0.10618382798246671,1.7011160304838424,0.5188151265545653,1.1295744622380688,0.22676582785158886,0.9812682238323067,0.9806806998091566,1.8537813715865348,-0.6831906184550289,0.2584840378602337,1.7840068907470736,-0.6514128533997506,-0.6300702050012377,0.030303030303030276,0.030303030303030276,0.030303030303030276,0.030303030303030276,1.2528131794009436,0.22776460883037394,0.2671796468271962,1.1429319073690285,1.2722346193117162,1.45810371856775,-1.0,-1.8369701987210297e-16,0.7071067811865476,-0.7071067811865475,-0.9749279121818236,-0.2225209339563146
0.10585203802799299,1.7011160304838424,0.38714771398316894,1.419639854159865,0.22676582785158886,1.1430540043372461,0.6571520933443734,1.1121050340781915,-0.6831906184550289,0.5063594952650412,1.4666449697526047,-0.6514128533997506,-0.363593540476271,1.0,0.030303030303030276,0.030303030303030276,0.030303030303030276,1.410680074726669,0.40952282535948115,0.29863832048309147,0.8193127419458585,1.8994573954860925,1.5367283629235482,-1.0,-1.8369701987210297e-16,0.49999999999999994,-0.8660254037844387,-0.9749279121818236,-0.2225209339563146
0.24618727526388412,1.4116114864926321,0.38714771398316894,1.7097052460816622,0.22676582785158886,1.1430540043372461,0.549309224522779,0.28930784715487295,-0.6831906184550289,1.6063068374988743,0.9240584596652868,-0.6514128533997506,0.5109965379646452,1.0,0.030303030303030276,0.030303030303030276,0.030303030303030276,1.5422358208314406,0.5709775797406508,0.33252498481721515,0.5496301040932168,2.3563233682550826,1.7828576843851778,-1.0,-1.8369701987210297e-16,0.258819045102521,-0.9659258262890682,-0.9749279121818236,-0.2225209339563146
0.10259421056352312,0.8062838036019201,0.5188151265545653,1.8415531515006607,0.6582718189721298,0.9812682238323067,0.3875449212903874,-0.433054002397524,-0.6831906184550289,2.81082663832536,-0.15087707918694712,-0.6514128533997506,1.9390381504189536,1.0,0.030303030303030276,0.030303030303030276,0.030303030303030276,1.700102716157167,0.6851065724143627,0.3357200153638462,0.38782052138163176,2.6118585733631616,1.895666956721758,-1.0,-1.8369701987210297e-16,1.2246467991473532e-16,-1.0,-0.9749279121818236,-0.2225209339563146
0.09535492080685884,0.6746908290604611,0.38714771398316894,1.8415531515006607,0.8200865656423326,1.358768378343832,0.2257806180579958,-0.6841423458248278,-0.6831906184550289,2.5319667487449515,-0.6525136639846563,-0.6514128533997506,1.6759778533878968,1.0,0.030303030303030276,0.030303030303030276,0.030303030303030276,1.700102716157167,0.7487749339876243,0.34964392355426255,0.38782052138163176,2.5073214440007656,1.7315807424140048,-1.0,-1.8369701987210297e-16,-0.2588190451025208,-0.9659258262890683,-0.9749279121818236,-0.2225209339563146
0.09149358894600687,0.5167792596107107,0.38714771398316894,1.8415531515006607,0.9819013123125355,1.358768378343832,0.1179377492364014,-0.6841423458248278,-0.6831906184550289,2.109803860352389,-0.6525136639846563,-0.6514128533997506,1.4060848213690202,1.0,0.030303030303030276,0.030303030303030276,0.030303030303030276,1.700102716157167,0.7477216044604866,0.315871786357513,0.38782052138163176,2.410527805702251,1.9640362126833217,-1.0,-1.8369701987210297e-16,-0.4999999999999997,-0.8660254037844388,-0.9749279121818236,-0.2225209339563146
0.12144611783608515,0.5167792596107107,0.38714771398316894,1.5514877595788634,0.9819013123125355,1.358768378343832,0.2257806180579958,-0.6841423458248278,-0.6831906184550289,1.8193248087061307,-0.6525136639846563,-0.6514128533997506,1.8365471256016588,0.030303030303030276,0.030303030303030276,0.030303030303030276,0.030303030303030276,1.700102716157167,0.680566358935321,0.3198999045112064,0.2260109386700467,1.8607399401666864,1.7896946099813342,-1.0,-1.8369701987210297e-16,-0.7071067811865471,-0.7071067811865479,-0.9749279121818236,-0.2225209339563146
0.7958068577605035,0.3851862850692516,0.38714771398316894,1.419639854159865,1.1437160589827384,1.358768378343832,0.2257806180579958,-0.6841423458248278,-0.6831906184550289,0.34369122634313626,-0.6525136639846563,-0.6514128533997506,-0.1176150809147633,0.030303030303030276,0.030303030303030276,0.5757575757575757,1.0,1.700102716157167,0.5557963964182592,0.3914419238059559,0.2260109386700467,1.1173647980340924,1.4717775697600626,-1.0,-1.8369701987210297e-16,-0.8660254037844385,-0.5000000000000004,-0.9749279121818236,-0.2225209339563146
0.7633230227963302,0.3851862850692516,0.5188151265545653,1.1295744622380688,1.1437160589827384,1.358768378343832,0.3875449212903874,-0.6841423458248278,-0.6831906184550289,0.11518103904807941,-0.6525136639846563,-0.6514128533997506,0.1317797461406542,0.030303030303030276,0.030303030303030276,0.5757575757575757,1.0,1.410680074726669,0.3733119852162932,0.39786107766041134,0.2260109386700467,0.29268299973074596,0.9282419848656308,-1.0,-1.8369701987210297e-16,-0.9659258262890683,-0.25881904510252063,-0.9749279121818236,-0.2225209339563146
0.730839187832157,0.5167792596107107,0.6768160216402405,0.8131394892324716,0.9819013123125355,1.1430540043372461,0.6571520933443734,-0.6841423458248278,-0.6522514857037165,-0.4812692803322385,-0.6525136639846563,-0.6514128533997506,-0.5480773851474018,0.030303030303030276,0.030303030303030276,0.5757575757575757,1.0,0.8055236426447192,0.09096503504765409,0.4098761831547072,0.6575031592342735,-0.4313334147421451,-0.14857379652899838,-1.0,-1.8369701987210297e-16,-1.0,-1.8369701987210297e-16,-0.9749279121818236,-0.2225209339563146
0.7187403372469536,0.3851862850692516,0.6768160216402405,0.681291583813473,1.3594690545430088,1.1430540043372461,0.818916396576765,-0.6841423458248278,-0.46661668919584215,-0.6749219814297444,-0.6525136639846563,-0.5933555761871789,-0.6505684099646967,0.030303030303030276,0.030303030303030276,0.5757575757575757,1.0,0.6739678965399476,0.0,0.39758566960242325,0.8193127419458585,-0.6829968743182837,-0.651087827846492,-1.0,-1.8369701987210297e-16,-0.9659258262890684,0.2588190451025203,-0.9749279121818236,-0.2225209339563146
0.474246284099439,0.3851862850692516,0.8084834342116368,0.5230740973106753,1.3594690545430088,1.1430540043372461,0.9806806998091566,-0.6841423458248278,-0.09921448777400738,-0.6826680894736445,-0.6525136639846563,-0.5284680310672457,-0.6505684099646967,0.030303030303030276,0.030303030303030276,0.5757575757575757,1.0,0.5161010012142222,0.0,0.4146335154652866,0.9811223246574435,-0.6829968743182837,-0.651087827846492,-1.0,-1.8369701987210297e-16,-0.8660254037844386,0.5000000000000001,-0.9749279121818236,-0.2225209339563146
0.5773124965765126,0.3851862850692516,1.1244852243829888,0.39122619189167684,1.3594690545430088,0.9812682238323067,1.1424450030415483,-0.6841423458248278,0.25658553886608526,-0.6826680894736445,-0.6525136639846563,-0.6309220496776665,-0.6505684099646967,0.030303030303030276,0.030303030303030276,0.030303030303030276,0.030303030303030276,0.5161010012142222,0.0,0.3820461912120705,0.9811223246574435,-0.6829968743182837,-0.651087827846492,-1.0,-1.8369701987210297e-16,-0.7071067811865477,0.7071067811865474,-0.9749279121818236,-0.2225209339563146
0.4327555670764247,0.3851862850692516,1.4141535320400604,0.5230740973106753,1.3594690545430088,0.6576966628224279,0.9806806998091566,-0.6841423458248278,0.5040986008765844,-0.6826680894736445,-0.6525136639846563,-0.36454160129057245,-0.6505684099646967,0.030303030303030276,0.030303030303030276,0.030303030303030276,0.030303030303030276,0.3845452551094506,0.0,0.2893643882168785,1.1429319073690285,-0.6829968743182837,-0.651087827846492,-1.0,-1.8369701987210297e-16,-0.5000000000000004,0.8660254037844384,-0.9749279121818236,-0.2225209339563146
0.275384684856332,0.5167792596107107,1.7038218396971327,0.5230740973106753,1.3594690545430088,0.549839475819135,0.9806806998091566,-0.6841423458248278,1.6024378135481745,-0.6826680894736445,-0.6525136639846563,0.509732690851685,-0.6505684099646967,0.030303030303030276,0.030303030303030276,0.030303030303030276,0.030303030303030276,0.3845452551094506,0.0,0.257120204886795,1.1429319073690285,-0.6829968743182837,-0.651087827846492,-1.0,-1.8369701987210297e-16,-0.25881904510252157,0.9659258262890681,-0.9749279121818236,-0.2225209339563146
0.17184082691964458,0.6746908290604611,1.835489252268529,0.5230740973106753,1.1437160589827384,0.38805369531419553,0.9806806998091566,-0.6532391650953134,2.805196599255444,-0.6826680894736445,-0.6525136639846563,1.9372586834902148,-0.6505684099646967,0.030303030303030276,0.030303030303030276,0.030303030303030276,0.030303030303030276,0.5161010012142222,0.0,0.23270093455885565,0.9811223246574435,-0.6829968743182837,-0.651087827846492,-1.0,-1.8369701987210297e-16,-2.4492935982947064e-16,1.0,-0.9749279121818236,-0.2225209339563146
0.14368740569233113,0.6746908290604611,1.835489252268529,0.39122619189167684,1.1437160589827384,0.22626791480925612,1.1424450030415483,-0.4678200807182276,2.5267444044936327,-0.6826680894736445,-0.5945012698243769,1.6742933690568014,-0.6505684099646967,0.030303030303030276,0.030303030303030276,0.030303030303030276,0.030303030303030276,0.3845452551094506,0.0,0.2224846887819798,1.358678017651142,-0.6829968743182837,-0.651087827846492,-1.0,-1.8369701987210297e-16,0.25881904510252074,0.9659258262890683,-0.7818314824680299,0.6234898018587334
0.14316683934574786,0.8062838036019201,1.835489252268529,0.5230740973106753,1.1437160589827384,0.11841072780596318,1.1424450030415483,-0.10084480955524519,2.105198720757001,-0.6826680894736445,-0.5296638881158295,1.4044977867160267,-0.6505684099646967,0.030303030303030276,0.030303030303030276,0.030303030303030276,0.030303030303030276,0.3845452551094506,0.0,0.227788770368326,1.358678017651142,-0.6829968743182837,-0.651087827846492,-1.0,-1.8369701987210297e-16,0.49999999999999994,0.8660254037844387,-0.7818314824680299,0.6234898018587334
0.14275496701344323,1.1221069425014227,1.5458209446114568,0.5230740973106753,0.9819013123125355,0.22626791480925612,1.1424450030415483,0.25454176883416935,1.8151443512134473,-0.6826680894736445,-0.6320387013398517,1.834804664879794,-0.6505684099646967,0.030303030303030276,0.030303030303030276,0.030303030303030276,0.030303030303030276,0.3845452551094506,0.0,0.21513420803178396,1.358678017651142,-0.6829968743182837,-0.651087827846492,-1.0,-1.8369701987210297e-16,0.7071067811865476,0.7071067811865476,-0.7818314824680299,0.6234898018587334
0.14396770774393147,1.4116114864926321,1.4141535320400604,0.5230740973106753,0.6582718189721298,0.22626791480925612,1.1424450030415483,0.5017672146702838,0.34166815393219435,-0.6826680894736445,-0.36586418695739387,-0.11865195662556252,-0.6505684099646967,0.030303030303030276,0.5757575757575757,0.030303030303030276,0.030303030303030276,0.3845452551094506,0.0,0.22374856437723534,1.358678017651142,-0.6829968743182837,-0.651087827846492,-1.0,-1.8369701987210297e-16,0.8660254037844386,0.5000000000000001,-0.7818314824680299,0.6234898018587334
0.14712542193921857,1.7011160304838424,1.1244852243829888,0.5230740973106753,0.5503953211919945,0.38805369531419553,0.9806806998091566,1.5988301305680417,0.11349204989126538,-0.6826680894736445,0.5077342192209294,0.13065282199312808,-0.6505684099646967,0.030303030303030276,0.5757575757575757,0.030303030303030276,0.030303030303030276,0.5161010012142222,0.0,0.21283900429615055,1.358678017651142,-0.6829968743182837,-0.651087827846492,-1.0,-1.8369701987210297e-16,0.9659258262890683,0.25881904510252074,-0.7818314824680299,0.6234898018587334
0.14460268288102726,1.8327090050253017,0.8084834342116368,0.39122619189167684,0.3885805745217917,0.6576966628224279,1.1424450030415483,2.80019128142791,-0.4820862555714983,-0.6516836572980436,1.934156616808973,-0.5489588347893298,-0.6505684099646967,0.030303030303030276,0.5757575757575757,0.030303030303030276,0.030303030303030276,0.6739678965399476,0.0,0.21279862272409966,1.1429319073690285,-0.6520229100627589,-0.651087827846492,-1.0,-1.8369701987210297e-16,1.0,6.123233995736766e-17,-0.7818314824680299,0.6234898018587334
0.13678848663523646,1.8327090050253017,0.6768160216402405,0.5230740973106753,0.22676582785158886,0.8194824433273673,0.9806806998091566,2.5220626548622813,-0.6754558352672009,-0.4773962263102884,1.6713945962006493,-0.6514128533997506,-0.6471520424707868,0.030303030303030276,0.5757575757575757,0.030303030303030276,0.030303030303030276,0.6739678965399476,0.005460451886749074,0.24857618336470788,1.1429319073690285,-0.46617912452961047,-0.5929739602791627,-1.0,-1.8369701987210297e-16,0.9659258262890683,-0.25881904510252063,-0.7818314824680299,0.6234898018587334
0.31531947253259895,1.8327090050253017,0.5188151265545653,0.681291583813473,0.11888933007145361,0.9812682238323067,0.9806806998091566,2.101006817422649,-0.6831906184550289,0.0183546884993265,1.4018075880440573,-0.6514128533997506,-0.6334865724951475,0.030303030303030276,0.5757575757575757,0.030303030303030276,0.030303030303030276,0.8055236426447192,0.06382908180425596,0.25971668260366065,1.1429319073690285,-0.09836329899525402,-0.5280231671156772,-1.0,-1.8369701987210297e-16,0.8660254037844387,-0.4999999999999998,-0.7818314824680299,0.6234898018587334
0.33202331726543266,1.5432044610340911,0.38714771398316894,0.9713569757352701,0.22676582785158886,1.1430540043372461,0.6571520933443734,1.8112894980834526,-0.6831906184550289,0.2274996056846328,1.8317818035849507,-0.6514128533997506,-0.4934155052448445,0.030303030303030276,0.030303030303030276,0.030303030303030276,0.030303030303030276,1.121257433296172,0.22801960584587377,0.2566563904682895,0.9811223246574435,0.25783728994328065,-0.6305770510580229,-1.0,-1.8369701987210297e-16,0.7071067811865476,-0.7071067811865475,-0.7818314824680299,0.6234898018587334
0.469721416949514,1.4116114864926321,0.5188151265545653,1.419639854159865,0.22676582785158886,0.9812682238323067,0.3875449212903874,0.3395255158403337,-0.6831906184550289,1.7534828903329787,-0.12016463521974045,-0.6514128533997506,0.7125622201053251,0.5757575757575757,0.030303030303030276,0.030303030303030276,0.030303030303030276,1.410680074726669,0.41554872973541407,0.24355942352693682,0.6575031592342735,0.5056290039874787,-0.3639369528079242,-1.0,-1.8369701987210297e-16,0.49999999999999994,-0.8660254037844387,-0.7818314824680299,0.6234898018587334
0.30645842881740776,1.1221069425014227,0.5188151265545653,1.7097052460816622,0.3885805745217917,0.9812682238323067,0.1179377492364014,0.11161455796016567,-0.6831906184550289,2.411902074064498,0.12894741029204707,-0.6514128533997506,1.4675794362593972,0.5757575757575757,0.030303030303030276,0.030303030303030276,0.030303030303030276,1.700102716157167,0.5759529751762814,0.2536026237163267,0.5496301040932168,1.6052047350586074,0.5111895235000918,-1.0,-1.8369701987210297e-16,0.258819045102521,-0.9659258262890682,-0.7818314824680299,0.6234898018587334
0.1974371929729792,0.8062838036019201,0.5188151265545653,1.7097052460816622,0.6582718189721298,0.9812682238323067,-0.04382655399599019,-0.48327167108298474,-0.6831906184550289,2.698508071688807,-0.550138850760634,-0.6514128533997506,1.9458708854067732,0.5757575757575757,0.030303030303030276,0.030303030303030276,0.030303030303030276,1.8316584622619385,0.690245495363168,0.27347210887740503,0.38782052138163176,2.809317595492132,1.9401069730967744,-1.0,-1.8369701987210297e-16,1.2246467991473532e-16,-1.0,-0.7818314824680299,0.6234898018587334
0.8046335956568015,0.6746908290604611,0.38714771398316894,1.7097052460816622,0.8200865656423326,1.1430540043372461,-0.15166942281758458,-0.6764165506424492,-0.6831906184550289,2.632666153315655,-0.6525136639846563,-0.6514128533997506,1.9151235779615847,0.5757575757575757,0.030303030303030276,0.030303030303030276,0.030303030303030276,1.8316584622619385,0.7553994547007368,0.29545542899350763,0.2260109386700467,2.530551917192409,1.676885337644754,-1.0,-1.8369701987210297e-16,-0.2588190451025208,-0.9659258262890683,-0.7818314824680299,0.6234898018587334
0.7798066512870231,0.5167792596107107,0.5188151265545653,1.7097052460816622,0.9819013123125355,1.1430540043372461,-0.15166942281758458,-0.6841423458248278,-0.6831906184550289,2.373171533844997,-0.6525136639846563,-0.6514128533997506,1.8809599030224866,0.5757575757575757,0.030303030303030276,0.030303030303030276,0.030303030303030276,1.8316584622619385,0.7694026571843859,0.2588416256153976,0.11813788352899002,2.1085316542108847,1.4068267765965772,-1.0,-1.8369701987210297e-16,-0.4999999999999997,-0.8660254037844388,-0.7818314824680299,0.6234898018587334
0.7877237615571959,0.3851862850692516,0.5188151265545653,1.5514877595788634,1.1437160589827384,1.1430540043372461,-0.04382655399599019,-0.6841423458248278,-0.6831906184550289,1.8154517546841804,-0.6525136639846563,-0.6514128533997506,1.693059690857446,0.030303030303030276,0.030303030303030276,0.030303030303030276,0.030303030303030276,1.5422358208314406,0.718301686349041,0.2763150760378753,0.2260109386700467,1.81815073931534,1.8375530891544287,-1.0,-1.8369701987210297e-16,-0.7071067811865471,-0.7071067811865479,-0.7818314824680299,0.6234898018587334
0.7837823850737914,0.5167792596107107,0.5188151265545653,1.5514877595788634,0.9819013123125355,1.1430540043372461,-0.04382655399599019,-0.6841423458248278,-0.6831906184550289,1.067952328447808,-0.6525136639846563,-0.6514128533997506,1.3616720439481926,0.030303030303030276,0.030303030303030276,0.5757575757575757,0.5757575757575757,1.410680074726669,0.5979278212893211,0.3353526168144789,0.2260109386700467,0.3430156916459737,-0.11780763134629468,-1.0,-1.8369701987210297e-16,-0.8660254037844385,-0.5000000000000004,-0.7818314824680299,0.6234898018587334
0.8295005949446874,0.5167792596107107,0.5188151265545653,1.2614223676570673,0.9819013123125355,0.9812682238323067,0.0640163148256042,-0.6841423458248278,-0.6831906184550289,0.2081343355748822,-0.6525136639846563,-0.6514128533997506,0.6408185027332187,0.030303030303030276,0.030303030303030276,0.5757575757575757,0.5757575757575757,1.121257433296172,0.41133557128272197,0.3601008248566092,0.38782052138163176,0.11458270526147865,0.131740152913413,-1.0,-1.8369701987210297e-16,-0.9659258262890683,-0.25881904510252063,-0.7818314824680299,0.6234898018587334
0.8752188048155836,0.5167792596107107,0.38714771398316894,0.8131394892324716,0.9819013123125355,1.1430540043372461,0.3336234868795902,-0.6841423458248278,-0.6522514857037165,-0.4928884423980888,-0.6525136639846563,-0.6514128533997506,-0.363593540476271,0.030303030303030276,0.030303030303030276,0.5757575757575757,0.5757575757575757,0.8055236426447192,0.09562166425692757,0.38920331778355977,0.6575031592342735,-0.4816661066573728,-0.5485339439041463,-1.0,-1.8369701987210297e-16,-1.0,-1.8369701987210297e-16,-0.7818314824680299,0.6234898018587334
0.42713229590826524,0.3851862850692516,0.5188151265545653,0.681291583813473,1.1437160589827384,0.9812682238323067,0.4953877901119818,-0.6841423458248278,-0.4782188639775843,-0.6787950354516944,-0.6525136639846563,-0.64799771944607,-0.6505684099646967,0.030303030303030276,0.030303030303030276,0.5757575757575757,0.5757575757575757,0.6739678965399476,0.0,0.3888838096069317,0.8193127419458585,-0.6752533832544025,-0.651087827846492,-1.0,-1.8369701987210297e-16,-0.9659258262890684,0.2588190451025203,-0.7818314824680299,0.6234898018587334
0.7753503957748848,0.5167792596107107,0.6768160216402405,0.5230740973106753,1.1437160589827384,0.9812682238323067,0.6571520933443734,-0.6841423458248278,0.01680726004341413,-0.6826680894736445,-0.6525136639846563,-0.6343371836313472,-0.6505684099646967,0.030303030303030276,0.030303030303030276,0.5757575757575757,0.5757575757575757,0.5161010012142222,0.0,0.3994951893736435,0.9811223246574435,-0.6829968743182837,-0.651087827846492,-1.0,-1.8369701987210297e-16,-0.8660254037844386,0.5000000000000001,-0.7818314824680299,0.6234898018587334
0.3857158881377813,0.5167792596107107,0.9664843292973129,0.5230740973106753,1.1437160589827384,0.6576966628224279,0.6571520933443734,-0.6841423458248278,0.22564640611477285,-0.6826680894736445,-0.6525136639846563,-0.4943166915304388,-0.6505684099646967,0.030303030303030276,0.030303030303030276,0.030303030303030276,0.030303030303030276,0.3845452551094506,0.0,0.3737420517987393,1.1429319073690285,-0.6829968743182837,-0.651087827846492,-1.0,-1.8369701987210297e-16,-0.7071067811865477,0.7071067811865474,-0.7818314824680299,0.6234898018587334
0.2466735151977858,0.5167792596107107,1.4141535320400604,0.5230740973106753,1.1437160589827384,0.38805369531419553,0.9806806998091566,-0.6841423458248278,1.7493986941169084,-0.6826680894736445,-0.6525136639846563,0.711225594118846,-0.6505684099646967,0.030303030303030276,0.030303030303030276,0.030303030303030276,0.030303030303030276,0.5161010012142222,0.0,0.28296044659846975,0.9811223246574435,-0.6829968743182837,-0.651087827846492,-1.0,-1.8369701987210297e-16,-0.5000000000000004,0.8660254037844384,-0.7818314824680299,0.6234898018587334
0.1816943951231831,0.5167792596107107,1.7038218396971327,0.5230740973106753,0.9819013123125355,0.11841072780596318,0.9806806998091566,-0.6841423458248278,2.406855265082297,-0.6826680894736445,-0.6525136639846563,1.4659701978822792,-0.6505684099646967,0.030303030303030276,0.030303030303030276,0.030303030303030276,0.030303030303030276,0.5161010012142222,0.0,0.21986249880081987,0.9811223246574435,-0.6829968743182837,-0.651087827846492,-1.0,-1.8369701987210297e-16,-0.25881904510252157,0.9659258262890681,-0.7818314824680299,0.6234898018587334
0.7805417465578975,0.3851862850692516,1.7038218396971327,0.23300870538887822,1.1437160589827384,-0.04337505269897623,0.6571520933443734,-0.6532391650953134,2.6930422430319365,-0.6826680894736445,-0.6525136639846563,1.9440889513975763,-0.6505684099646967,0.030303030303030276,0.030303030303030276,0.030303030303030276,0.030303030303030276,0.5161010012142222,0.0,0.2348687294151427,0.9811223246574435,-0.6829968743182837,-0.651087827846492,-1.0,-1.8369701987210297e-16,-2.4492935982947064e-16,1.0,-0.7818314824680299,0.6234898018587334
0.31471309530275876,0.5167792596107107,1.7038218396971327,0.5230740973106753,0.9819013123125355,-0.15123223970226915,0.818916396576765,-0.47940877349179545,2.627296585935398,-0.6826680894736445,-0.6491011702105222,1.91335274581445,-0.6505684099646967,0.030303030303030276,0.030303030303030276,0.030303030303030276,0.030303030303030276,0.3845452551094506,0.0,0.2138061337272329,1.1429319073690285,-0.6829968743182837,-0.651087827846492,-1.0,-1.8369701987210297e-16,0.25881904510252074,0.9659258262890683,-2.4492935982947064e-16,1.0
0.1526914629698865,0.6746908290604611,1.7038218396971327,0.5230740973106753,0.9819013123125355,-0.15123223970226915,0.818916396576765,0.015042118180433467,2.3681813491431565,-0.6826680894736445,-0.6354511951139858,1.879201406277643,-0.6505684099646967,0.030303030303030276,0.030303030303030276,0.030303030303030276,0.030303030303030276,0.5161010012142222,0.0,0.20294941183707615,1.1429319073690285,-0.6829968743182837,-0.651087827846492,-1.0,-1.8369701987210297e-16,0.49999999999999994,0.8660254037844387,-2.4492935982947064e-16,1.0
0.1533092766167905,0.9641953730516715,1.5458209446114568,0.5230740973106753,0.6582718189721298,-0.04337505269897623,0.818916396576765,0.22363858810465503,1.8112769596195333,-0.6826680894736445,-0.49553895037448875,1.691369038825205,-0.6505684099646967,0.030303030303030276,0.030303030303030276,0.030303030303030276,0.030303030303030276,0.5161010012142222,0.0,0.1992672004676148,1.1429319073690285,-0.6829968743182837,-0.651087827846492,-1.0,-1.8369701987210297e-16,0.7071067811865476,0.7071067811865476,-2.4492935982947064e-16,1.0
0.1521480134922815,1.4116114864926321,1.5458209446114568,0.39122619189167684,0.3885805745217917,-0.04337505269897623,0.818916396576765,1.7456202390332347,1.0648703819941217,-0.6826680894736445,0.7090713518948398,1.3601010453181777,-0.6505684099646967,0.030303030303030276,0.5757575757575757,0.030303030303030276,0.030303030303030276,0.5161010012142222,0.0,0.21677631001041442,1.1429319073690285,-0.6829968743182837,-0.651087827846492,-1.0,-1.8369701987210297e-16,0.8660254037844386,0.5000000000000001,-2.4492935982947064e-16,1.0
0.15155881148182523,1.7011160304838424,1.2561526369543852,0.39122619189167684,0.11888933007145361,0.06448213430431671,0.9806806998091566,2.4023128295354135,0.20630944814520258,-0.6826680894736445,1.4632324759784707,0.6395077810915514,-0.6505684099646967,0.030303030303030276,0.5757575757575757,0.030303030303030276,0.030303030303030276,0.5161010012142222,0.0,0.259835517313599,0.9811223246574435,-0.6829968743182837,-0.651087827846492,-1.0,-1.8369701987210297e-16,0.9659258262890683,0.25881904510252074,-2.4492935982947064e-16,1.0
0.15156452969035714,1.7011160304838424,0.8084834342116368,0.5230740973106753,-0.04292541659874924,0.33412510181254906,0.818916396576765,2.6881672512834207,-0.4936884303532405,-0.6555567113199937,1.9409816043572412,-0.36454160129057245,-0.6471520424707868,0.030303030303030276,0.5757575757575757,0.030303030303030276,0.030303030303030276,0.3845452551094506,0.0,0.3246804905428805,1.1429319073690285,-0.6520229100627589,-0.651087827846492,-1.0,-1.8369701987210297e-16,1.0,6.123233995736766e-17,-2.4492935982947064e-16,1.0
0.8980493530313525,1.7011160304838424,0.6768160216402405,0.681291583813473,-0.15080191437888446,0.4959108823174885,0.6571520933443734,2.622497992233203,-0.6793232268611149,-0.39606209184933594,1.9102691603900346,-0.6514128533997506,-0.565159222616951,0.030303030303030276,0.5757575757575757,0.030303030303030276,0.030303030303030276,0.5161010012142222,0.0030489834551826844,0.3778363969598678,0.9811223246574435,-0.4777943611254322,-0.6476693650484138,-1.0,-1.8369701987210297e-16,0.9659258262890683,-0.25881904510252063,-2.4492935982947064e-16,1.0
0.23979173703709467,1.7011160304838424,0.5188151265545653,0.8131394892324716,-0.15080191437888446,0.6576966628224279,0.4953877901119818,2.3636838536235207,-0.6831906184550289,0.002862472411526036,1.8761442226486937,-0.6514128533997506,-0.6198211025195082,0.030303030303030276,0.5757575757575757,0.030303030303030276,0.030303030303030276,0.6739678965399476,0.06262612147596945,0.4101033423024062,0.9811223246574435,0.017789066962963798,-0.633995513856101,-1.0,-1.8369701987210297e-16,0.8660254037844387,-0.4999999999999998,-2.4492935982947064e-16,1.0
0.21428976261211283,1.5432044610340911,0.5188151265545653,0.8131394892324716,-0.04292541659874924,0.6576966628224279,0.4953877901119818,1.8074266004922632,-0.6831906184550289,0.2778493079699843,1.6884570650713195,-0.6514128533997506,-0.6471520424707868,0.030303030303030276,0.030303030303030276,0.030303030303030276,0.030303030303030276,0.9633905379704456,0.22497061800015497,0.4488277537975912,0.6575031592342735,0.22686332568775586,-0.49383853913489534,-1.0,-1.8369701987210297e-16,0.7071067811865476,-0.7071067811865475,-2.4492935982947064e-16,1.0
0.12496993810163345,1.5432044610340911,0.5188151265545653,1.2614223676570673,-0.04292541659874924,0.9812682238323067,0.2257806180579958,1.0618873653927305,-0.6831906184550289,0.5141056033089414,1.3574451689803142,-0.6514128533997506,-0.6164047350255983,0.5757575757575757,0.030303030303030276,0.030303030303030276,0.030303030303030276,1.410680074726669,0.41399096752301817,0.4658954216650002,0.38782052138163176,1.7523310652723498,0.7128788285867049,-1.0,-1.8369701987210297e-16,0.49999999999999994,-0.8660254037844387,-2.4492935982947064e-16,1.0
0.1283221537621581,1.2536999170428818,0.5188151265545653,1.5514877595788634,0.064951081181386,0.9812682238323067,-0.04382655399599019,0.2043241001487086,-0.6831906184550289,2.6946350176668568,0.6374089826380243,-0.6514128533997506,2.072276482681437,0.5757575757575757,0.030303030303030276,0.030303030303030276,0.030303030303030276,1.700102716157167,0.5785806179064902,0.46741362331030856,0.11813788352899002,2.410527805702251,1.4683591069619846,-1.0,-1.8369701987210297e-16,0.258819045102521,-0.9659258262890682,-2.4492935982947064e-16,1.0
0.5197614186245976,0.8062838036019201,0.22914681889749292,1.7097052460816622,0.3346423256317241,0.6576966628224279,-0.4212765948715706,-0.49486036385655263,-0.6831906184550289,2.6559044774473555,-0.36586418695739387,-0.6514128533997506,2.2020984474500103,0.5757575757575757,0.030303030303030276,0.030303030303030276,0.030303030303030276,1.700102716157167,0.701933235538798,0.4574791112181942,-0.043671699182595024,2.697036975065855,1.9469438986929308,-1.0,-1.8369701987210297e-16,1.2246467991473532e-16,-1.0,-2.4492935982947064e-16,1.0
0.9112006834870371,0.6746908290604611,0.5188151265545653,1.5514877595788634,0.4964570723019269,0.8194824433273673,-0.4212765948715706,-0.6802794482336385,-0.6831906184550289,2.7527308279961082,-0.6525136639846563,-0.6514128533997506,2.4617423769871576,0.5757575757575757,0.030303030303030276,0.030303030303030276,0.030303030303030276,1.700102716157167,0.7656274081425339,0.46314052157072017,-0.15154475432365172,2.6312173010228648,1.916177733510227,-1.0,-1.8369701987210297e-16,-0.2588190451025208,-0.9659258262890683,-2.4492935982947064e-16,1.0
0.8348492136238177,0.5167792596107107,0.5188151265545653,1.7097052460816622,0.6582718189721298,0.8194824433273673,-0.4212765948715706,-0.6841423458248278,-0.6831906184550289,2.2492338051425933,-0.6525136639846563,-0.6514128533997506,2.188432977474371,0.5757575757575757,0.030303030303030276,0.030303030303030276,0.030303030303030276,1.700102716157167,0.7730392983316601,0.4701896771200337,-0.15154475432365172,2.371810350382845,1.8819931055294452,-1.0,-1.8369701987210297e-16,-0.4999999999999997,-0.8660254037844388,-2.4492935982947064e-16,1.0
0.9009839335311661,0.5167792596107107,0.5188151265545653,1.5514877595788634,0.6582718189721298,0.8194824433273673,-0.4212765948715706,-0.6841423458248278,-0.6831906184550289,1.7457367822890784,-0.6525136639846563,-0.6514128533997506,1.9082908429737653,0.030303030303030276,0.030303030303030276,0.030303030303030276,0.030303030303030276,1.5422358208314406,0.7134676395668941,0.47878607585619914,-0.043671699182595024,1.8142789937833994,1.6939776516351448,-1.0,-1.8369701987210297e-16,-0.7071067811865471,-0.7071067811865479,-2.4492935982947064e-16,1.0
0.8918311359019695,0.5167792596107107,0.38714771398316894,1.2614223676570673,0.9819013123125355,0.8194824433273673,-0.2055908572283818,-0.6841423458248278,-0.6831906184550289,1.2190014353038625,-0.6525136639846563,-0.6514128533997506,2.0961910551388057,0.030303030303030276,0.030303030303030276,1.0,0.5757575757575757,1.5422358208314406,0.5964254995738253,0.49701023220069773,-0.043671699182595024,1.0670321061188648,1.3623867602215607,-1.0,-1.8369701987210297e-16,-0.8660254037844385,-0.5000000000000004,-2.4492935982947064e-16,1.0
0.882678338272773,0.5167792596107107,0.38714771398316894,1.1295744622380688,0.9819013123125355,0.9812682238323067,-0.2055908572283818,-0.6841423458248278,-0.6831906184550289,0.3746756585187372,-0.6525136639846563,-0.6514128533997506,1.6418141784487985,0.030303030303030276,0.030303030303030276,1.0,0.5757575757575757,1.2528131794009436,0.4058584972253941,0.5067256778498114,0.06420135595846167,0.2075045980280529,0.641091109827063,-1.0,-1.8369701987210297e-16,-0.9659258262890683,-0.25881904510252063,-2.4492935982947064e-16,1.0
0.8735255406435765,0.22727471561950033,0.5188151265545653,0.8131394892324716,0.6582718189721298,0.8194824433273673,-0.09774798840678739,-0.6841423458248278,-0.6561188772976306,-0.41155430793713643,-0.6525136639846563,-0.64799771944607,0.5212456404463747,0.030303030303030276,0.030303030303030276,1.0,0.5757575757575757,0.8055236426447192,0.09073774630641493,0.5049449754983121,0.3338839938111034,-0.4932813432531946,-0.3639369528079242,-1.0,-1.8369701987210297e-16,-1.0,-1.8369701987210297e-16,-2.4492935982947064e-16,1.0
0.8643727430143799,0.5167792596107107,0.6768160216402405,0.681291583813473,0.8200865656423326,0.6576966628224279,0.2257806180579958,-0.6841423458248278,-0.3970036405053892,-0.6749219814297444,-0.6525136639846563,-0.5660345045577333,-0.6403193074829672,0.030303030303030276,0.030303030303030276,1.0,0.5757575757575757,0.6739678965399476,0.0,0.5050191415514953,0.4956935765226884,-0.6791251287863431,-0.651087827846492,-1.0,-1.8369701987210297e-16,-0.9659258262890684,0.2588190451025203,-2.4492935982947064e-16,1.0
0.5026428527520875,0.5167792596107107,0.8084834342116368,0.681291583813473,0.8200865656423326,0.4959108823174885,0.3336234868795902,-0.6841423458248278,0.0013376936677579315,-0.6826680894736445,-0.6525136639846563,-0.6206766478166245,-0.6505684099646967,0.030303030303030276,0.030303030303030276,1.0,0.5757575757575757,0.5161010012142222,0.0,0.49825005504831876,0.6575031592342735,-0.6829968743182837,-0.651087827846492,-1.0,-1.8369701987210297e-16,-0.8660254037844386,0.5000000000000001,-2.4492935982947064e-16,1.0
0.44110174892437237,0.5167792596107107,0.8084834342116368,0.5230740973106753,0.8200865656423326,0.4959108823174885,0.4953877901119818,-0.6841423458248278,0.2759224968356555,-0.6826680894736445,-0.6525136639846563,-0.64799771944607,-0.6505684099646967,0.030303030303030276,0.030303030303030276,0.030303030303030276,0.030303030303030276,0.5161010012142222,0.0,0.4542256390509264,0.6575031592342735,-0.6829968743182837,-0.651087827846492,-1.0,-1.8369701987210297e-16,-0.7071067811865477,0.7071067811865474,-2.4492935982947064e-16,1.0
0.6432069212981958,0.3851862850692516,1.2561526369543852,0.5230740973106753,0.8200865656423326,0.22626791480925612,0.4953877901119818,-0.6841423458248278,0.5118333840644126,-0.6826680894736445,-0.6525136639846563,-0.6172615138629437,-0.6505684099646967,0.030303030303030276,0.030303030303030276,0.030303030303030276,0.030303030303030276,0.5161010012142222,0.0,0.3722205208761816,0.9811223246574435,-0.6829968743182837,-0.651087827846492,-1.0,-1.8369701987210297e-16,-0.5000000000000004,0.8660254037844384,-2.4492935982947064e-16,1.0
0.3712068092240839,0.3851862850692516,1.5458209446114568,0.39122619189167684,0.9819013123125355,-0.04337505269897623,0.4953877901119818,-0.6841423458248278,2.6891748514380227,-0.6826680894736445,-0.6525136639846563,2.0704489076837618,-0.6505684099646967,0.030303030303030276,0.030303030303030276,0.030303030303030276,0.030303030303030276,0.5161010012142222,0.0,0.3706394215006875,0.9811223246574435,-0.6829968743182837,-0.651087827846492,-1.0,-1.8369701987210297e-16,-0.25881904510252157,0.9659258262890681,-2.4492935982947064e-16,1.0
0.14381897254073736,0.5167792596107107,1.7038218396971327,0.23300870538887822,0.8200865656423326,-0.4208752072105015,0.6571520933443734,-0.6571020626865027,2.650500935498882,-0.6826680894736445,-0.6491011702105222,2.2002239979236284,-0.6505684099646967,0.030303030303030276,0.030303030303030276,0.030303030303030276,0.030303030303030276,0.22667835978372425,0.0,0.3433309992538832,0.6575031592342735,-0.6829968743182837,-0.651087827846492,-1.0,-1.8369701987210297e-16,-2.4492935982947064e-16,1.0,-2.4492935982947064e-16,1.0
0.14382469074926926,0.6746908290604611,1.5458209446114568,0.23300870538887822,0.6582718189721298,-0.4208752072105015,0.6571520933443734,-0.3982879240768204,2.7471857253467333,-0.6826680894736445,-0.5672013196313044,2.459774178403361,-0.6505684099646967,0.030303030303030276,0.030303030303030276,0.030303030303030276,0.030303030303030276,0.5161010012142222,0.0,0.2881426459057035,0.8193127419458585,-0.6829968743182837,-0.651087827846492,-1.0,-1.8369701987210297e-16,0.25881904510252074,0.9659258262890683,0.7818314824680298,0.6234898018587336
0.15011152123258792,0.8062838036019201,1.7038218396971327,0.39122619189167684,0.4964570723019269,-0.4208752072105015,0.818916396576765,-0.00040947218432368785,2.2444248181379067,-0.6826680894736445,-0.6218012200174495,2.1865634621089054,-0.6505684099646967,0.030303030303030276,0.030303030303030276,0.030303030303030276,0.030303030303030276,0.5161010012142222,0.0,0.2788965976169443,0.8193127419458585,-0.6829968743182837,-0.651087827846492,-1.0,-1.8369701987210297e-16,0.49999999999999994,0.8660254037844387,0.7818314824680298,0.6234898018587336
0.15806300939991297,0.8062838036019201,1.5458209446114568,0.39122619189167684,0.4964570723019269,-0.4208752072105015,0.818916396576765,0.27385625679011577,1.7416639109290803,-0.6826680894736445,-0.6491011702105222,1.9065224779070886,-0.6505684099646967,0.030303030303030276,0.030303030303030276,0.030303030303030276,0.030303030303030276,0.5161010012142222,0.0,0.28096897538726784,0.8193127419458585,-0.6829968743182837,-0.651087827846492,-1.0,-1.8369701987210297e-16,0.7071067811865476,0.7071067811865476,0.7818314824680298,0.6234898018587336
0.15805157298284916,1.2536999170428818,1.2561526369543852,0.5230740973106753,0.22676582785158886,-0.20516083320391562,0.6571520933443734,0.5094930098526624,1.2156986541567696,-0.6826680894736445,-0.6183887262433154,2.094354845359527,-0.6505684099646967,0.030303030303030276,1.0,0.030303030303030276,0.030303030303030276,0.3845452551094506,0.0,0.30228239370117127,0.8193127419458585,-0.6829968743182837,-0.651087827846492,-1.0,-1.8369701987210297e-16,0.8660254037844386,0.5000000000000001,0.7818314824680298,0.6234898018587336
0.1572621478663254,1.5432044610340911,1.1244852243829888,0.5230740973106753,-0.04292541659874924,-0.20516083320391562,0.6571520933443734,2.6843043536922315,0.37260728668350673,-0.6826680894736445,2.067243874000202,1.6401420295199944,-0.6505684099646967,0.030303030303030276,1.0,0.030303030303030276,0.030303030303030276,0.3845452551094506,0.0,0.3398764387407608,0.9811223246574435,-0.6829968743182837,-0.651087827846492,-1.0,-1.8369701987210297e-16,0.9659258262890683,0.25881904510252074,0.7818314824680298,0.6234898018587336
0.16679248969899593,1.7011160304838424,0.8084834342116368,0.5230740973106753,-0.42049315882922256,-0.09730364620062269,0.6571520933443734,2.645675377780339,-0.41247320688104544,-0.6555567113199937,2.196918637417297,0.5199780927127271,-0.6505684099646967,0.030303030303030276,1.0,0.030303030303030276,0.030303030303030276,0.5161010012142222,0.0,0.3848836573821318,0.8193127419458585,-0.6558946555946995,-0.6476693650484138,-1.0,-1.8369701987210297e-16,1.0,6.123233995736766e-17,0.7818314824680298,0.6234898018587336
0.17755561001810263,1.5432044610340911,0.6768160216402405,0.5230740973106753,-0.42049315882922256,0.22626791480925612,0.6571520933443734,2.742247817560071,-0.6754558352672009,-0.5471111987053905,2.4562681642514868,-0.6411674515387086,-0.6471520424707868,0.030303030303030276,1.0,0.030303030303030276,0.030303030303030276,0.6739678965399476,0.0533849277205997,0.41811225165320365,0.6575031592342735,-0.3964877049546798,-0.5656262578945372,-1.0,-1.8369701987210297e-16,0.9659258262890683,-0.25881904510252063,0.7818314824680298,0.6234898018587336
0.15956178068742755,1.7011160304838424,0.6768160216402405,0.681291583813473,-0.42049315882922256,0.33412510181254906,0.4953877901119818,2.2400711307054633,-0.6831906184550289,0.0415930126310272,2.1832686623207604,-0.6514128533997506,-0.6061556325438688,0.030303030303030276,1.0,0.030303030303030276,0.030303030303030276,0.8055236426447192,0.12422113219845692,0.46873964882886,0.4956935765226884,0.0023020848352014217,-0.6203216626637883,-1.0,-1.8369701987210297e-16,0.8660254037844387,-0.4999999999999998,0.7818314824680298,0.6234898018587336
0.10985066524267723,1.5432044610340911,0.5188151265545653,0.9713569757352701,-0.42049315882922256,0.4959108823174885,0.3336234868795902,1.7378944438508561,-0.6831906184550289,0.0919427149163787,1.9034441728417664,-0.6514128533997506,-0.623237470013418,0.030303030303030276,0.030303030303030276,0.030303030303030276,0.030303030303030276,0.8055236426447192,0.25618112978446034,0.49314171447636834,0.4956935765226884,0.27719601760298357,-0.6476693650484138,-1.0,-1.8369701987210297e-16,0.7071067811865476,-0.7071067811865475,0.7818314824680298,0.6234898018587336
0.10640120571412988,1.2536999170428818,0.5188151265545653,0.9713569757352701,-0.20474016326895209,0.4959108823174885,0.3336234868795902,1.212540371449113,-0.6831906184550289,0.5644553055942929,2.0911313304191403,-0.6514128533997506,-0.6334865724951475,1.0,0.030303030303030276,0.030303030303030276,0.030303030303030276,1.2528131794009436,0.43025036007717976,0.5120777727360568,0.2260109386700467,0.5133724950513598,-0.6169031998657101,-1.0,-1.8369701987210297e-16,0.49999999999999994,-0.8660254037844387,0.7818314824680298,0.6234898018587336
0.10901547386411004,1.1221069425014227,0.38714771398316894,1.2614223676570673,-0.20474016326895209,0.4959108823174885,0.0640163148256042,0.370428696569848,-0.6831906184550289,0.6574086021210956,1.6372696584593085,-0.6514128533997506,-0.6369029399890573,1.0,0.030303030303030276,0.030303030303030276,0.030303030303030276,1.5422358208314406,0.5923066046009838,0.5366035850579373,-0.043671699182595024,2.693165229533914,2.0734270222218236,-1.0,-1.8369701987210297e-16,0.258819045102521,-0.9659258262890682,0.7818314824680298,0.6234898018587336
0.2443852981999592,0.8062838036019201,0.22914681889749292,1.419639854159865,-0.09686366548881685,0.6576966628224279,-0.04382655399599019,-0.4137395144415776,-0.6831906184550289,1.672148755872026,0.5179717005433316,-0.6514128533997506,0.6203202977697597,1.0,0.030303030303030276,0.030303030303030276,0.030303030303030276,1.700102716157167,0.707730007148325,0.5745678457276434,-0.42122739217629346,2.6544477742145083,2.203328608548795,-1.0,-1.8369701987210297e-16,1.2246467991473532e-16,-1.0,0.7818314824680298,0.6234898018587336
0.11616609363325144,0.6746908290604611,0.22914681889749292,1.5514877595788634,0.22676582785158886,0.6576966628224279,-0.2055908572283818,-0.6764165506424492,-0.6831906184550289,2.574570342986403,-0.642276182662254,-0.6514128533997506,1.7033087933391755,1.0,0.030303030303030276,0.030303030303030276,0.030303030303030276,1.5422358208314406,0.7683659850851626,0.6159662814897767,-0.42122739217629346,2.751241412513023,2.463131781202737,-1.0,-1.8369701987210297e-16,-0.2588190451025208,-0.9659258262890683,0.7818314824680298,0.6234898018587336
0.10935298202711566,0.6746908290604611,0.38714771398316894,1.5514877595788634,0.3346423256317241,0.8194824433273673,-0.2055908572283818,-0.6841423458248278,-0.6831906184550289,2.280218237318194,-0.6525136639846563,-0.6514128533997506,1.494910376210676,1.0,0.030303030303030276,0.030303030303030276,0.030303030303030276,1.700102716157167,0.7813601625424366,0.6212683859976335,-0.42122739217629346,2.247914493360746,2.189654757356482,-1.0,-1.8369701987210297e-16,-0.4999999999999997,-0.8660254037844388,0.7818314824680298,0.6234898018587336
0.09615579606963853,0.5167792596107107,0.38714771398316894,1.5514877595788634,0.4964570723019269,0.8194824433273673,-0.3134337260499762,-0.6841423458248278,-0.6831906184550289,1.8115787006622304,-0.6525136639846563,-0.6514128533997506,1.874127168034667,0.030303030303030276,0.030303030303030276,0.030303030303030276,0.030303030303030276,1.5422358208314406,0.7202807537629822,0.6097398159585778,-0.42122739217629346,1.7445875742084687,1.9093408079140708,-1.0,-1.8369701987210297e-16,-0.7071067811865471,-0.7071067811865479,0.7818314824680298,0.6234898018587336
0.6065785349682374,0.5167792596107107,0.5188151265545653,1.2614223676570673,0.4964570723019269,0.6576966628224279,-0.04382655399599019,-0.6841423458248278,-0.6831906184550289,0.5605822515723428,-0.6525136639846563,-0.6514128533997506,0.2137725659944901,0.030303030303030276,0.030303030303030276,1.0,1.0,1.2528131794009436,0.59397524780718,0.6363520607227389,-0.20548128189418005,1.2180301818645478,2.097356261808371,-1.0,-1.8369701987210297e-16,-0.8660254037844385,-0.5000000000000004,0.7818314824680298,0.6234898018587336
0.5297608560624683,0.3851862850692516,0.5188151265545653,1.2614223676570673,0.4964570723019269,0.6576966628224279,-0.2055908572283818,-0.6841423458248278,-0.6831906184550289,0.022227742521276617,-0.6525136639846563,-0.6514128533997506,0.15227795110411319,0.030303030303030276,0.030303030303030276,1.0,1.0,1.121257433296172,0.3754130030968979,0.6558810376506938,-0.20548128189418005,0.37398965590149846,1.642700709663972,-1.0,-1.8369701987210297e-16,-0.9659258262890683,-0.25881904510252063,0.7818314824680298,0.6234898018587336
0.452943177156699,0.22727471561950033,0.5188151265545653,0.681291583813473,0.6582718189721298,0.6576966628224279,0.3336234868795902,-0.6841423458248278,-0.6561188772976306,-0.45028484815663755,-0.6525136639846563,-0.6514128533997506,-0.1176150809147633,0.030303030303030276,0.030303030303030276,1.0,1.0,0.8055236426447192,0.06978845758390874,0.6404521424846661,-0.09760822675312336,-0.4119746870824421,0.5214449118943264,-1.0,-1.8369701987210297e-16,-1.0,-1.8369701987210297e-16,0.7818314824680298,0.6234898018587336
0.41946684173026455,0.22727471561950033,0.5188151265545653,0.681291583813473,0.6582718189721298,0.6576966628224279,0.3336234868795902,-0.6841423458248278,-0.5478319126680372,-0.6826680894736445,-0.6525136639846563,-0.64799771944607,-0.6505684099646967,0.030303030303030276,0.030303030303030276,1.0,1.0,0.6739678965399476,0.0,0.6465611613584414,0.2260109386700467,-0.6752533832544025,-0.6408324394522574,-1.0,-1.8369701987210297e-16,-0.9659258262890684,0.2588190451025203,0.7818314824680298,0.6234898018587336
0.45969907235453544,0.3851862850692516,0.6768160216402405,0.681291583813473,0.8200865656423326,0.4959108823174885,0.3336234868795902,-0.6841423458248278,0.04001160960689843,-0.6826680894736445,-0.6525136639846563,-0.6070161120019016,-0.6505684099646967,0.030303030303030276,0.030303030303030276,1.0,1.0,0.6739678965399476,0.0,0.6229683661807509,0.3338839938111034,-0.6829968743182837,-0.651087827846492,-1.0,-1.8369701987210297e-16,-0.8660254037844386,0.5000000000000001,0.7818314824680298,0.6234898018587336
0.34162801983510416,0.3851862850692516,0.9664843292973129,0.5230740973106753,0.8200865656423326,0.33412510181254906,0.4953877901119818,-0.6841423458248278,0.09028770032778108,-0.6826680894736445,-0.6525136639846563,-0.6240917817703051,-0.6505684099646967,0.030303030303030276,0.030303030303030276,0.030303030303030276,0.030303030303030276,0.5161010012142222,0.0,0.5589765330515022,0.4956935765226884,-0.6829968743182837,-0.651087827846492,-1.0,-1.8369701987210297e-16,-0.7071067811865477,0.7071067811865474,0.7818314824680298,0.6234898018587336
0.2562896610491172,0.5167792596107107,0.9664843292973129,0.5230740973106753,0.6582718189721298,0.33412510181254906,0.4953877901119818,-0.6841423458248278,0.5621094747852952,-0.6826680894736445,-0.6525136639846563,-0.6343371836313472,-0.6505684099646967,0.030303030303030276,0.030303030303030276,0.030303030303030276,0.030303030303030276,0.5161010012142222,0.0,0.4673731085671676,0.4956935765226884,-0.6829968743182837,-0.651087827846492,-1.0,-1.8369701987210297e-16,-0.5000000000000004,0.8660254037844384,0.7818314824680298,0.6234898018587336
0.5970310488068654,0.5167792596107107,1.2561526369543852,0.5230740973106753,0.6582718189721298,0.06448213430431671,0.4953877901119818,-0.6841423458248278,0.6549268730392324,-0.6826680894736445,-0.6525136639846563,-0.6377523175850279,-0.6505684099646967,0.030303030303030276,0.030303030303030276,0.030303030303030276,0.030303030303030276,0.3845452551094506,0.0,0.38417559694069126,0.4956935765226884,-0.6829968743182837,-0.651087827846492,-1.0,-1.8369701987210297e-16,-0.25881904510252157,0.9659258262890681,0.7818314824680298,0.6234898018587336
0.10096959406843221,0.5167792596107107,1.4141535320400604,0.39122619189167684,0.6582718189721298,-0.04337505269897623,0.4953877901119818,-0.6571020626865027,1.6681834706447134,-0.6826680894736445,-0.6525136639846563,0.6190169773694673,-0.6505684099646967,0.030303030303030276,0.030303030303030276,0.030303030303030276,0.030303030303030276,0.22667835978372425,0.0,0.3148666519461393,0.6575031592342735,-0.6829968743182837,-0.651087827846492,-1.0,-1.8369701987210297e-16,-2.4492935982947064e-16,1.0,0.7818314824680298,0.6234898018587336
0.1068073598379026,0.5167792596107107,1.5458209446114568,0.23300870538887822,0.6582718189721298,-0.20516083320391562,0.6571520933443734,-0.5489409301332027,2.569285712026687,-0.6826680894736445,-0.6491011702105222,1.701614440686247,-0.6505684099646967,0.030303030303030276,0.030303030303030276,0.030303030303030276,0.030303030303030276,0.22667835978372425,0.0,0.2925054332524216,0.6575031592342735,-0.6829968743182837,-0.651087827846492,-1.0,-1.8369701987210297e-16,0.25881904510252074,0.9659258262890683,0.9749279121818236,-0.22252093395631434
0.10708195054556713,0.6746908290604611,1.5458209446114568,0.39122619189167684,0.4964570723019269,-0.20516083320391562,0.4953877901119818,0.038219503727569194,2.2753639508892194,-0.6826680894736445,-0.6081512449209132,1.4932912695117246,-0.6505684099646967,0.030303030303030276,0.030303030303030276,0.030303030303030276,0.030303030303030276,0.3845452551094506,0.0,0.2940197934239809,0.8193127419458585,-0.6829968743182837,-0.651087827846492,-1.0,-1.8369701987210297e-16,0.49999999999999994,0.8660254037844387,0.9749279121818236,-0.22252093395631434
0.10687029102243586,0.9641953730516715,1.5458209446114568,0.23300870538887822,0.3346423256317241,-0.3130180202072086,0.6571520933443734,0.08843717241302995,1.8074095680256193,-0.6826680894736445,-0.6252137137915836,1.8723711383702817,-0.6505684099646967,0.030303030303030276,0.030303030303030276,0.030303030303030276,0.030303030303030276,0.3845452551094506,0.0,0.3067160690434735,0.8193127419458585,-0.6829968743182837,-0.651087827846492,-1.0,-1.8369701987210297e-16,0.7071067811865476,0.7071067811865476,0.9749279121818236,-0.22252093395631434
0.10660141852330324,0.9641953730516715,1.2561526369543852,0.23300870538887822,0.3346423256317241,-0.04337505269897623,0.818916396576765,0.5597106785381232,0.5582420831913811,-0.6826680894736445,-0.6354511951139858,0.21261603688146472,-0.6505684099646967,0.030303030303030276,1.0,0.030303030303030276,0.030303030303030276,0.5161010012142222,0.0,0.31868917442477884,0.6575031592342735,-0.6829968743182837,-0.651087827846492,-1.0,-1.8369701987210297e-16,0.8660254037844386,0.5000000000000001,0.9749279121818236,-0.22252093395631434
0.10621814753055223,1.2536999170428818,1.2561526369543852,0.23300870538887822,0.064951081181386,-0.20516083320391562,0.818916396576765,0.6524202207266661,0.020674651637328182,-0.6826680894736445,-0.63886368888812,0.15114362571521225,-0.6505684099646967,0.030303030303030276,1.0,0.030303030303030276,0.030303030303030276,0.5161010012142222,0.0,0.33941402774066487,0.6575031592342735,-0.6829968743182837,-0.651087827846492,-1.0,-1.8369701987210297e-16,0.9659258262890683,0.25881904510252074,0.9749279121818236,-0.22252093395631434
0.20483951345416734,1.4116114864926321,0.6768160216402405,0.39122619189167684,-0.04292541659874924,0.33412510181254906,0.818916396576765,1.6644993896182596,-0.45114712282018593,-0.6555567113199937,0.6169340199932198,-0.11865195662556252,-0.6505684099646967,0.030303030303030276,1.0,0.030303030303030276,0.030303030303030276,0.5161010012142222,0.0,0.38407028934031495,0.6575031592342735,-0.6558946555946995,-0.651087827846492,-1.0,-1.8369701987210297e-16,1.0,6.123233995736766e-17,0.9749279121818236,-0.22252093395631434
0.29562379656867194,1.5432044610340911,0.6768160216402405,0.5230740973106753,-0.20474016326895209,0.33412510181254906,0.6571520933443734,2.5645545283653637,-0.6831906184550289,-0.39993514587128604,1.6986945463937217,-0.6514128533997506,-0.5959065300621393,0.030303030303030276,1.0,0.030303030303030276,0.030303030303030276,0.5161010012142222,0.010909817004583612,0.4413627459100212,0.6575031592342735,-0.5474857807003629,-0.6476693650484138,-1.0,-1.8369701987210297e-16,0.9659258262890683,-0.25881904510252063,0.9749279121818236,-0.22252093395631434
0.21687545001632763,1.5432044610340911,0.6768160216402405,0.5230740973106753,-0.20474016326895209,0.33412510181254906,0.6571520933443734,2.2709743114349776,-0.6831906184550289,-0.18304412064207953,1.4905324261715434,-0.6514128533997506,-0.6369029399890573,0.030303030303030276,1.0,0.030303030303030276,0.030303030303030276,0.6739678965399476,0.06352972706937408,0.5065402114972031,0.4956935765226884,0.04101954015460736,-0.6066478114714755,-1.0,-1.8369701987210297e-16,0.8660254037844387,-0.4999999999999998,0.9749279121818236,-0.22252093395631434
0.10658998210623943,1.5432044610340911,0.5188151265545653,0.681291583813473,-0.3126166610490873,0.4959108823174885,0.3336234868795902,1.803563702901074,-0.6831906184550289,0.41340619873823836,1.8693192351004255,-0.6514128533997506,-0.6403193074829672,0.030303030303030276,0.030303030303030276,0.030303030303030276,0.030303030303030276,0.9633905379704456,0.09943011639550715,0.5738614243150023,0.3338839938111034,0.09135223206983509,-0.6237401254618664,-1.0,-1.8369701987210297e-16,0.7071067811865476,-0.7071067811865475,0.9749279121818236,-0.22252093395631434
0.10609229889067788,1.2536999170428818,0.5188151265545653,0.8131394892324716,-0.04292541659874924,0.4959108823174885,0.3336234868795902,0.5558477809469339,-0.6831906184550289,0.38242176656263743,0.21084726087126487,-0.6514128533997506,-0.6471520424707868,1.0,0.030303030303030276,0.030303030303030276,0.030303030303030276,0.9633905379704456,0.11442557471851608,0.6066759077159174,0.3338839938111034,0.5637051869665876,-0.633995513856101,-1.0,-1.8369701987210297e-16,0.49999999999999994,-0.8660254037844387,0.9749279121818236,-0.22252093395631434
0.10761395330921421,1.2536999170428818,0.5188151265545653,0.9713569757352701,-0.20474016326895209,0.4959108823174885,0.0640163148256042,0.018905015771622756,-0.6831906184550289,0.6767738722308463,0.1494223729368515,-0.6514128533997506,-0.6471520424707868,1.0,0.030303030303030276,0.030303030303030276,0.030303030303030276,1.2528131794009436,0.10566667337221272,0.6356455880904478,0.06420135595846167,0.6566270797331618,-0.6374139766541792,-1.0,-1.8369701987210297e-16,0.258819045102521,-0.9659258262890682,0.9749279121818236,-0.22252093395631434
0.10893538118938503,0.6746908290604611,0.38714771398316894,0.9713569757352701,0.3346423256317241,0.4959108823174885,0.2257806180579958,-0.45236849035347043,-0.6831906184550289,1.0253487342063567,-0.12016463521974045,-0.6514128533997506,-0.6266538375073278,1.0,0.030303030303030276,0.030303030303030276,0.030303030303030276,1.410680074726669,0.1105228724047408,0.6470031869378419,-0.043671699182595024,1.6710244091015973,0.6205803330385938,-1.0,-1.8369701987210297e-16,1.2246467991473532e-16,-1.0,0.9749279121818236,-0.22252093395631434
0.10596645025080355,0.6746908290604611,0.22914681889749292,1.419639854159865,0.3346423256317241,0.6576966628224279,-0.2055908572283818,-0.6841423458248278,-0.6831906184550289,2.109803860352389,-0.6525136639846563,-0.6514128533997506,0.7023131176235956,1.0,0.030303030303030276,0.030303030303030276,0.030303030303030276,1.5422358208314406,0.23945052626828484,0.6705245307037984,-0.20548128189418005,2.573141118043756,1.7042330400293795,-1.0,-1.8369701987210297e-16,-0.2588190451025208,-0.9659258262890683,0.9749279121818236,-0.22252093395631434
0.10612090023023149,0.6746908290604611,0.38714771398316894,1.5514877595788634,0.3346423256317241,0.4959108823174885,-0.3134337260499762,-0.6841423458248278,-0.6831906184550289,1.838690078815881,-0.6525136639846563,-0.6514128533997506,1.0815299094475865,1.0,0.030303030303030276,0.030303030303030276,0.030303030303030276,1.5422358208314406,0.19132093722672242,0.6875302227947213,-0.20548128189418005,2.2788884576162705,1.49570680934661,-1.0,-1.8369701987210297e-16,-0.4999999999999997,-0.8660254037844388,0.9749279121818236,-0.22252093395631434
0.1090097522232801,0.5167792596107107,0.22914681889749292,1.5514877595788634,0.4964570723019269,0.6576966628224279,-0.4212765948715706,-0.6841423458248278,-0.6831906184550289,1.8735475650134321,-0.6525136639846563,-0.6514128533997506,2.2601766948464777,0.030303030303030276,0.030303030303030276,0.030303030303030276,0.030303030303030276,1.5422358208314406,0.531947815843992,0.6979792362709696,-0.31335433703523674,1.8104072482514588,1.8751561799332888,-1.0,-1.8369701987210297e-16,-0.7071067811865471,-0.7071067811865479,0.9749279121818236,-0.22252093395631434
0.10967905034075943,0.5167792596107107,0.22914681889749292,1.2614223676570673,0.4964570723019269,0.8194824433273673,-0.3134337260499762,-0.6841423458248278,-0.6831906184550289,1.1609056249746108,-0.6525136639846563,-0.6514128533997506,2.0449455427301584,0.030303030303030276,0.030303030303030276,1.0,1.0,1.2528131794009436,0.4620263063893849,0.6943790582929299,-0.043671699182595024,0.559833441434647,0.2137832600672895,-1.0,-1.8369701987210297e-16,-0.8660254037844385,-0.5000000000000004,0.9749279121818236,-0.22252093395631434
0.15904121434084428,0.5167792596107107,0.22914681889749292,1.1295744622380688,0.4964570723019269,0.8194824433273673,-0.3134337260499762,-0.6841423458248278,-0.6831906184550289,0.32432595623338567,-0.6525136639846563,-0.6514128533997506,1.5803195635584215,0.030303030303030276,0.030303030303030276,1.0,1.0,1.2528131794009436,0.3233419100460575,0.7043181801535432,-0.20548128189418005,0.02166081249490439,0.15225092970188214,-1.0,-1.8369701987210297e-16,-0.9659258262890683,-0.25881904510252063,0.9749279121818236,-0.22252093395631434
0.16561407194889124,0.3851862850692516,0.38714771398316894,0.681291583813473,0.4964570723019269,0.8194824433273673,0.0640163148256042,-0.6841423458248278,-0.6561188772976306,-0.43091957804688696,-0.6525136639846563,-0.6514128533997506,0.4426691880864486,0.030303030303030276,0.030303030303030276,1.0,1.0,0.6739678965399476,0.050956828204335655,0.722136574430833,0.3338839938111034,-0.4506921424018481,-0.11780763134629468,-1.0,-1.8369701987210297e-16,-1.0,-1.8369701987210297e-16,0.9749279121818236,-0.22252093395631434
0.193049569692416,0.22727471561950033,0.5188151265545653,0.5230740973106753,0.6582718189721298,0.6576966628224279,0.3336234868795902,-0.6841423458248278,-0.4008710320993033,-0.6826680894736445,-0.6525136639846563,-0.5967707101408596,-0.6505684099646967,0.030303030303030276,0.030303030303030276,1.0,1.0,0.6739678965399476,0.0,0.7322316601256611,0.3338839938111034,-0.6829968743182837,-0.651087827846492,-1.0,-1.8369701987210297e-16,-0.9659258262890684,0.2588190451025203,0.9749279121818236,-0.22252093395631434
0.25567757933993723,0.3851862850692516,0.5188151265545653,0.5230740973106753,0.4964570723019269,0.6576966628224279,0.3336234868795902,-0.6841423458248278,-0.18429710284011647,-0.6826680894736445,-0.6525136639846563,-0.6377523175850279,-0.6505684099646967,0.030303030303030276,0.030303030303030276,1.0,1.0,0.6739678965399476,0.0,0.7230598598415252,0.3338839938111034,-0.6829968743182837,-0.651087827846492,-1.0,-1.8369701987210297e-16,-0.8660254037844386,0.5000000000000001,0.9749279121818236,-0.22252093395631434
0.4209084069063739,0.22727471561950033,0.6768160216402405,0.5230740973106753,0.6582718189721298,0.33412510181254906,0.4953877901119818,-0.6841423458248278,0.4112812026226472,-0.6826680894736445,-0.6525136639846563,-0.6411674515387086,-0.6505684099646967,0.030303030303030276,0.030303030303030276,0.030303030303030276,0.030303030303030276,0.5161010012142222,0.0,0.672436201700318,0.4956935765226884,-0.6829968743182837,-0.651087827846492,-1.0,-1.8369701987210297e-16,-0.7071067811865477,0.7071067811865474,0.9749279121818236,-0.22252093395631434
0.4313425586199945,0.22727471561950033,0.8084834342116368,0.39122619189167684,0.8200865656423326,0.33412510181254906,0.4953877901119818,-0.6841423458248278,0.38034206987133484,-0.6826680894736445,-0.6525136639846563,-0.64799771944607,-0.6505684099646967,0.030303030303030276,0.030303030303030276,0.030303030303030276,0.030303030303030276,0.5161010012142222,0.0,0.5795299541988767,0.4956935765226884,-0.6829968743182837,-0.651087827846492,-1.0,-1.8369701987210297e-16,-0.5000000000000004,0.8660254037844384,0.9749279121818236,-0.22252093395631434
0.2362622019953125,0.22727471561950033,0.9664843292973129,0.39122619189167684,0.8200865656423326,0.06448213430431671,0.6571520933443734,-0.6841423458248278,0.6742638310088026,-0.6826680894736445,-0.6525136639846563,-0.64799771944607,-0.6505684099646967,0.030303030303030276,0.030303030303030276,0.030303030303030276,0.030303030303030276,0.5161010012142222,0.0,0.47946263621289686,0.4956935765226884,-0.6829968743182837,-0.651087827846492,-1.0,-1.8369701987210297e-16,-0.25881904510252157,0.9659258262890681,0.9749279121818236,-0.22252093395631434
0.17049365337188807,0.3851862850692516,0.9664843292973129,0.39122619189167684,0.8200865656423326,0.22626791480925612,0.4953877901119818,-0.6571020626865027,1.0223290744610671,-0.6826680894736445,-0.6525136639846563,-0.6275069157239859,-0.6505684099646967,0.030303030303030276,0.030303030303030276,0.030303030303030276,0.030303030303030276,0.3845452551094506,0.0,0.4582079156178802,0.4956935765226884,-0.6829968743182837,-0.651087827846492,-1.0,-1.8369701987210297e-16,-2.4492935982947064e-16,1.0,0.9749279121818236,-0.22252093395631434
0.135970453314563,0.5167792596107107,1.4141535320400604,-0.18890459195191697,0.6582718189721298,-0.20516083320391562,0.9806806998091566,-0.4021508216680097,2.105198720757001,-0.6826680894736445,-0.597913763598511,0.7009801922578038,-0.6505684099646967,0.030303030303030276,0.030303030303030276,0.030303030303030276,0.030303030303030276,0.22667835978372425,0.0,0.4187905534780011,0.6575031592342735,-0.6829968743182837,-0.651087827846492,-1.0,-1.8369701987210297e-16,0.25881904510252074,0.9659258262890683,0.43388373911755823,-0.900968867902419
0.134809186757756,0.5167792596107107,1.5458209446114568,-0.18890459195191697,0.6582718189721298,-0.3130180202072086,0.818916396576765,-0.18582855656140954,1.8344813091830177,-0.6826680894736445,-0.63886368888812,1.0800600611163609,-0.6505684099646967,0.030303030303030276,0.030303030303030276,0.030303030303030276,0.030303030303030276,0.3845452551094506,0.0,0.37990843668050156,0.4956935765226884,-0.6829968743182837,-0.651087827846492,-1.0,-1.8369701987210297e-16,0.49999999999999994,0.8660254037844387,0.43388373911755823,-0.900968867902419
0.135118093581208,0.6746908290604611,1.5458209446114568,-0.3471220784547151,0.3346423256317241,-0.4208752072105015,0.9806806998091566,0.4090576724817409,1.8692878335282441,-0.6826680894736445,-0.642276182662254,2.2582812751362,-0.6505684099646967,0.030303030303030276,0.030303030303030276,0.030303030303030276,0.030303030303030276,0.22667835978372425,0.0,0.367255492884899,0.6575031592342735,-0.6829968743182837,-0.651087827846492,-1.0,-1.8369701987210297e-16,0.7071067811865476,0.7071067811865476,0.43388373911755823,-0.900968867902419
0.13565582485028108,0.8062838036019201,1.2561526369543852,-0.3471220784547151,0.3346423256317241,-0.3130180202072086,0.9806806998091566,0.3781544917522266,1.1576877802480587,-0.6826680894736445,-0.6491011702105222,2.043127836054316,-0.6505684099646967,0.030303030303030276,1.0,0.030303030303030276,0.030303030303030276,0.22667835978372425,0.0,0.37011119325035635,0.8193127419458585,-0.6829968743182837,-0.651087827846492,-1.0,-1.8369701987210297e-16,0.8660254037844386,0.5000000000000001,0.43388373911755823,-0.900968867902419
0.13548421338066133,0.9641953730516715,1.1244852243829888,-0.5053395649575132,0.064951081181386,-0.3130180202072086,1.1424450030415483,0.6717347086826125,0.3223311959626241,-0.6826680894736445,-0.6491011702105222,1.578669618353742,-0.6505684099646967,0.030303030303030276,1.0,0.030303030303030276,0.030303030303030276,0.22667835978372425,0.0,0.4128331447681919,0.8193127419458585,-0.6829968743182837,-0.651087827846492,-1.0,-1.8369701987210297e-16,0.9659258262890683,0.25881904510252074,0.43388373911755823,-0.900968867902419
0.255225648657227,0.9641953730516715,0.6768160216402405,-0.3471220784547151,0.22676582785158886,0.06448213430431671,1.1424450030415483,1.0193954918896484,-0.4318101648506157,-0.6400644952321932,-0.6286262075657176,0.4414300117780712,-0.6403193074829672,0.030303030303030276,1.0,0.030303030303030276,0.030303030303030276,0.3845452551094506,0.0,0.5101063284080004,0.8193127419458585,-0.6558946555946995,-0.651087827846492,-1.0,-1.8369701987210297e-16,1.0,6.123233995736766e-17,0.43388373911755823,-0.900968867902419
0.31229903309735585,1.4116114864926321,0.5188151265545653,0.1011607999698797,-0.20474016326895209,0.33412510181254906,1.1424450030415483,2.101006817422649,-0.6831906184550289,-0.46577706424443804,0.6988338705724376,-0.6514128533997506,-0.602739265049959,0.030303030303030276,1.0,0.030303030303030276,0.030303030303030276,0.5161010012142222,0.021553540911494456,0.5266502241346273,0.6575031592342735,-0.40035945048662036,-0.5963924230772409,-1.0,-1.8369701987210297e-16,0.9659258262890683,-0.25881904510252063,0.43388373911755823,-0.900968867902419
0.1709226906266825,1.5432044610340911,0.5188151265545653,0.39122619189167684,-0.3126166610490873,0.33412510181254906,0.9806806998091566,1.830603986039399,-0.6831906184550289,-0.21790160683963058,1.0776206795013201,-0.6514128533997506,-0.6403193074829672,0.030303030303030276,1.0,0.030303030303030276,0.030303030303030276,0.5161010012142222,0.08164622991848611,0.5637146067736859,0.6575031592342735,-0.1835417006979471,-0.6374139766541792,-1.0,-1.8369701987210297e-16,0.8660254037844387,-0.4999999999999998,0.43388373911755823,-0.900968867902419
0.10719063426295167,1.5432044610340911,0.5188151265545653,0.681291583813473,-0.42049315882922256,0.4959108823174885,0.6571520933443734,1.8653700643601026,-0.6831906184550289,0.21200738959683232,2.254931031577576,-0.6514128533997506,-0.643735674976877,0.030303030303030276,0.030303030303030276,0.030303030303030276,0.030303030303030276,0.6739678965399476,0.24820388489536369,0.6113827374516082,0.3338839938111034,0.41270711122090437,-0.6408324394522574,-1.0,-1.8369701987210297e-16,0.7071067811865476,-0.7071067811865475,0.43388373911755823,-0.900968867902419
0.10694465519173486,1.2536999170428818,0.38714771398316894,0.8131394892324716,-0.3126166610490873,0.4959108823174885,0.3336234868795902,1.1545969075812736,-0.6831906184550289,0.5489630895064924,2.0399439238071295,-0.6514128533997506,-0.6266538375073278,1.0,0.030303030303030276,0.030303030303030276,0.030303030303030276,0.8055236426447192,0.4283877216981253,0.651077863753375,0.3338839938111034,0.38173314696537963,-0.6476693650484138,-1.0,-1.8369701987210297e-16,0.49999999999999994,-0.8660254037844387,0.43388373911755823,-0.900968867902419
0.1085635534782939,1.1221069425014227,0.38714771398316894,0.9713569757352701,-0.3126166610490873,0.6576966628224279,0.2257806180579958,0.32021102788438727,-0.6831906184550289,0.7890924388673997,1.5758447705248952,-0.6514128533997506,-0.6266538375073278,1.0,0.030303030303030276,0.030303030303030276,0.030303030303030276,0.9633905379704456,0.5934319522250066,0.6756078248669042,0.06420135595846167,0.6759858073928647,-0.6476693650484138,-1.0,-1.8369701987210297e-16,0.258819045102521,-0.9659258262890682,0.43388373911755823,-0.900968867902419
0.11470736696695033,0.6746908290604611,0.38714771398316894,1.419639854159865,0.064951081181386,0.4959108823174885,-0.2055908572283818,-0.433054002397524,-0.6831906184550289,0.769727168757649,0.4394843437382479,-0.6514128533997506,-0.643735674976877,1.0,0.030303030303030276,0.030303030303030276,0.030303030303030276,0.9633905379704456,0.7150031963102893,0.6770897630000208,0.2260109386700467,1.0244429052675181,-0.6271585882599446,-1.0,-1.8369701987210297e-16,1.2246467991473532e-16,-1.0,0.43388373911755823,-0.900968867902419
0.10930149755654034,0.5167792596107107,-0.1921889013309754,1.5514877595788634,0.3346423256317241,0.9812682238323067,-0.3134337260499762,-0.6841423458248278,-0.6831906184550289,1.168651733018511,-0.6525136639846563,-0.6514128533997506,-0.06295320101220604,1.0,0.030303030303030276,0.030303030303030276,0.030303030303030276,1.410680074726669,0.7784276303409142,0.6829796642111452,-0.20548128189418005,2.1085316542108847,0.7026234401924704,-1.0,-1.8369701987210297e-16,-0.2588190451025208,-0.9659258262890683,0.43388373911755823,-0.900968867902419
0.10850634393459058,0.5167792596107107,-0.1921889013309754,1.7097052460816622,0.3346423256317241,0.8194824433273673,-0.3134337260499762,-0.6841423458248278,-0.6831906184550289,2.0865655362206885,-0.6525136639846563,-0.6514128533997506,1.5734868285706018,1.0,0.030303030303030276,0.030303030303030276,0.030303030303030276,1.5422358208314406,0.781421177689733,0.7042175847609657,-0.31335433703523674,1.837509466975043,1.0820728107791493,-1.0,-1.8369701987210297e-16,-0.4999999999999997,-0.8660254037844388,0.43388373911755823,-0.900968867902419
0.12117724876925055,0.5167792596107107,-0.350189796416651,1.5514877595788634,0.4964570723019269,0.9812682238323067,-0.2055908572283818,-0.6841423458248278,-0.6831906184550289,1.7844673225085794,-0.6525136639846563,-0.6514128533997506,1.9937000303215109,0.030303030303030276,0.030303030303030276,0.030303030303030276,0.030303030303030276,1.5422358208314406,0.7263842641908513,0.7072312977466375,-0.42122739217629346,1.8723551767625084,2.261442476116124,-1.0,-1.8369701987210297e-16,-0.7071067811865471,-0.7071067811865479,0.43388373911755823,-0.900968867902419
0.12998681831076056,0.3851862850692516,-0.350189796416651,1.419639854159865,0.4964570723019269,0.9812682238323067,-0.2055908572283818,-0.6841423458248278,-0.6831906184550289,0.9982373560527059,-0.6525136639846563,-0.6514128533997506,1.389002983899471,0.030303030303030276,0.030303030303030276,1.0,1.0,1.2528131794009436,0.5960541001327485,0.7135725977331104,-0.31335433703523674,1.159953998885439,2.0460793198371983,-1.0,-1.8369701987210297e-16,-0.8660254037844385,-0.5000000000000004,0.43388373911755823,-0.900968867902419
0.2617641764202943,0.3851862850692516,-0.5081906915023265,1.2614223676570673,0.6582718189721298,1.1430540043372461,-0.04382655399599019,-0.6841423458248278,-0.6831906184550289,0.2274996056846328,-0.6525136639846563,-0.6514128533997506,1.1601063618075127,0.030303030303030276,0.030303030303030276,1.0,1.0,1.121257433296172,0.3964011227851475,0.7186266966957229,-0.31335433703523674,0.3236569639862707,1.5811683792985647,-1.0,-1.8369701987210297e-16,-0.9659258262890683,-0.25881904510252063,0.43388373911755823,-0.900968867902419
0.8412791091539712,0.3851862850692516,-0.350189796416651,0.8131394892324716,0.4964570723019269,1.1430540043372461,0.0640163148256042,-0.6841423458248278,-0.6406493109219744,-0.46965011826638814,-0.6525136639846563,-0.6411674515387086,0.03953782380508883,0.030303030303030276,0.030303030303030276,1.0,1.0,0.6739678965399476,0.07048140924607524,0.7164329590867167,0.06420135595846167,-0.4313334147421451,0.4428202675385281,-1.0,-1.8369701987210297e-16,-1.0,-1.8369701987210297e-16,0.43388373911755823,-0.900968867902419
0.6306046555597068,-0.19382280291316867,0.09747940632609654,0.681291583813473,0.9819013123125355,1.1430540043372461,0.2257806180579958,-0.6841423458248278,-0.46661668919584215,-0.6826680894736445,-0.6525136639846563,-0.603600978048221,-0.6505684099646967,0.030303030303030276,0.030303030303030276,1.0,1.0,0.5161010012142222,0.0,0.7130878037459694,0.3338839938111034,-0.6829968743182837,-0.651087827846492,-1.0,-1.8369701987210297e-16,-0.9659258262890684,0.2588190451025203,0.43388373911755823,-0.900968867902419
0.8577598373528215,-0.19382280291316867,0.38714771398316894,0.681291583813473,0.8200865656423326,0.9812682238323067,0.2257806180579958,-0.6841423458248278,-0.21910362718534293,-0.6826680894736445,-0.6525136639846563,-0.6411674515387086,-0.6505684099646967,0.030303030303030276,0.030303030303030276,1.0,1.0,0.5161010012142222,0.0,0.7109634175430477,0.3338839938111034,-0.6829968743182837,-0.651087827846492,-1.0,-1.8369701987210297e-16,-0.8660254037844386,0.5000000000000001,0.43388373911755823,-0.900968867902419
0.23482635846003308,-0.3517343723629195,0.6768160216402405,0.681291583813473,0.9819013123125355,0.6576966628224279,0.2257806180579958,-0.6841423458248278,0.21017683973911663,-0.6826680894736445,-0.6525136639846563,-0.6445825854923893,-0.6505684099646967,0.030303030303030276,0.030303030303030276,0.030303030303030276,0.030303030303030276,0.5161010012142222,0.0,0.6753959291749021,0.4956935765226884,-0.6829968743182837,-0.651087827846492,-1.0,-1.8369701987210297e-16,-0.7071067811865477,0.7071067811865474,0.43388373911755823,-0.900968867902419
0.12131454069078479,-0.3517343723629195,0.8084834342116368,0.681291583813473,0.9819013123125355,0.33412510181254906,0.2257806180579958,-0.6841423458248278,0.546639908409639,-0.6826680894736445,-0.6525136639846563,-0.6275069157239859,-0.6505684099646967,0.030303030303030276,0.030303030303030276,0.030303030303030276,0.030303030303030276,0.3845452551094506,0.0,0.5728285800729848,0.4956935765226884,-0.6829968743182837,-0.651087827846492,-1.0,-1.8369701987210297e-16,-0.5000000000000004,0.8660254037844384,0.43388373911755823,-0.900968867902419
0.1384645876009027,-0.5096459418126703,0.9664843292973129,0.5230740973106753,1.1437160589827384,0.22626791480925612,0.4953877901119818,-0.6841423458248278,0.78641818723231,-0.6826680894736445,-0.6525136639846563,-0.6275069157239859,-0.6505684099646967,0.030303030303030276,0.030303030303030276,0.030303030303030276,0.030303030303030276,0.3845452551094506,0.0,0.5571625891471604,0.6575031592342735,-0.6829968743182837,-0.651087827846492,-1.0,-1.8369701987210297e-16,-0.25881904510252157,0.9659258262890681,0.43388373911755823,-0.900968867902419
0.15914419014659104,-0.3517343723629195,1.4141535320400604,0.1011607999698797,1.1437160589827384,-0.20516083320391562,0.0640163148256042,-0.6416504723217455,0.7670812292627398,-0.6826680894736445,-0.642276182662254,-0.6445825854923893,-0.6505684099646967,0.030303030303030276,0.030303030303030276,0.030303030303030276,0.030303030303030276,0.3845452551094506,0.0,0.47356899596732327,0.4956935765226884,-0.6829968743182837,-0.651087827846492,-1.0,-1.8369701987210297e-16,-2.4492935982947064e-16,1.0,0.43388373911755823,-0.900968867902419
0.16014527478624604,0.09568174107804124,1.5458209446114568,0.23300870538887822,1.1437160589827384,-0.3130180202072086,0.6571520933443734,-0.4678200807182276,1.165422563435887,-0.6826680894736445,-0.6047387511467791,-0.06400981336667143,-0.6505684099646967,0.030303030303030276,0.030303030303030276,0.030303030303030276,0.030303030303030276,-0.19430002775154487,0.0,0.40578721605682744,0.9811223246574435,-0.6829968743182837,-0.651087827846492,-1.0,-1.8369701987210297e-16,0.25881904510252074,0.9659258262890683,-0.433883739117558,-0.9009688679024191
0.15963042664819468,0.3851862850692516,1.7038218396971327,0.23300870538887822,0.9819013123125355,-0.3130180202072086,0.6571520933443734,-0.22059463488211314,2.0819943711935167,-0.6826680894736445,-0.642276182662254,1.5718393504463806,-0.6505684099646967,0.030303030303030276,0.030303030303030276,0.030303030303030276,0.030303030303030276,-0.19430002775154487,0.0,0.37498955759385844,0.8193127419458585,-0.6829968743182837,-0.651087827846492,-1.0,-1.8369701987210297e-16,0.49999999999999994,0.8660254037844387,-0.433883739117558,-0.9009688679024191
0.15968763275959993,0.6746908290604611,1.5458209446114568,-0.05705668653291797,0.6582718189721298,-0.20516083320391562,0.818916396576765,0.2081869977398979,1.7803378268682208,-0.6826680894736445,-0.645688676436388,1.9919008267491058,-0.6505684099646967,0.030303030303030276,0.030303030303030276,0.030303030303030276,0.030303030303030276,-0.3521669230772707,0.0,0.37123018894365445,0.9811223246574435,-0.6829968743182837,-0.651087827846492,-1.0,-1.8369701987210297e-16,0.7071067811865476,0.7071067811865476,-0.433883739117558,-0.9009688679024191
0.16007091061694703,0.8062838036019201,1.4141535320400604,0.1011607999698797,0.3346423256317241,-0.20516083320391562,0.6571520933443734,0.544259088173366,0.9952573333036687,-0.6826680894736445,-0.6286262075657176,1.3874221169476233,-0.6505684099646967,0.030303030303030276,1.0,0.030303030303030276,0.030303030303030276,-0.3521669230772707,0.0,0.3789639463347142,0.9811223246574435,-0.6829968743182837,-0.651087827846492,-1.0,-1.8369701987210297e-16,0.8660254037844386,0.5000000000000001,-0.433883739117558,-0.9009688679024191
0.15993361526311478,0.9641953730516715,1.2561526369543852,0.1011607999698797,0.22676582785158886,-0.04337505269897623,0.818916396576765,0.7837587388271019,0.22564640611477285,-0.6826680894736445,-0.6286262075657176,1.1586081420510168,-0.6505684099646967,0.030303030303030276,1.0,0.030303030303030276,0.030303030303030276,-0.5100338184029966,0.0,0.40497620411891,1.1429319073690285,-0.6829968743182837,-0.651087827846492,-1.0,-1.8369701987210297e-16,0.9659258262890683,0.25881904510252074,-0.433883739117558,-0.9009688679024191
0.2672558532816632,1.4116114864926321,0.8084834342116368,0.1011607999698797,-0.20474016326895209,0.06448213430431671,0.818916396576765,0.7644442508711554,-0.4704840807897562,-0.6439375492541434,-0.645688676436388,0.03844420524374937,-0.6403193074829672,0.030303030303030276,1.0,0.030303030303030276,0.030303030303030276,-0.3521669230772707,0.0,0.5162569888572163,1.1429319073690285,-0.6404076734669372,-0.6408324394522574,-1.0,-1.8369701987210297e-16,1.0,6.123233995736766e-17,-0.433883739117558,-0.9009688679024191
0.1869229176939513,1.5432044610340911,0.6768160216402405,0.5230740973106753,-0.3126166610490873,0.22626791480925612,0.6571520933443734,1.1623227027636522,-0.6831906184550289,-0.3457123895639844,-0.06556473483359525,-0.6514128533997506,-0.1996079007685992,0.030303030303030276,1.0,0.030303030303030276,0.030303030303030276,0.09512261367895261,0.011392110744115511,0.5248796632738256,1.1429319073690285,-0.46617912452961047,-0.6032293486733973,-1.0,-1.8369701987210297e-16,0.9659258262890683,-0.25881904510252063,-0.433883739117558,-0.9009688679024191
0.12381439661795442,1.7011160304838424,0.6768160216402405,0.5230740973106753,-0.3126166610490873,0.22626791480925612,0.3336234868795902,2.0778294318755135,-0.6831906184550289,0.17714990339928127,1.569019782976627,-0.6514128533997506,0.09419970370764609,0.030303030303030276,1.0,0.030303030303030276,0.030303030303030276,0.3845452551094506,0.06421159063216057,0.5737792167767709,0.9811223246574435,-0.21838741048541244,-0.6408324394522574,-1.0,-1.8369701987210297e-16,0.8660254037844387,-0.4999999999999998,-0.433883739117558,-0.9009688679024191
0.10735652752403951,1.5432044610340911,0.6768160216402405,0.8131394892324716,-0.20474016326895209,0.22626791480925612,0.0640163148256042,1.776523419762749,-0.6831906184550289,1.005983464096606,1.9887565171951183,-0.6514128533997506,0.6954803826357759,0.030303030303030276,0.030303030303030276,0.030303030303030276,0.030303030303030276,0.6739678965399476,0.23085239304973343,0.6278358207388054,0.6575031592342735,0.2113763435599935,-0.6442509022503355,-1.0,-1.8369701987210297e-16,0.7071067811865476,-0.7071067811865475,-0.433883739117558,-0.9009688679024191
0.1079056952101764,1.4116114864926321,0.6768160216402405,1.1295744622380688,-0.20474016326895209,0.22626791480925612,-0.2055908572283818,0.9923552087513234,-0.6831906184550289,1.501734378906221,1.3847451191733868,-0.6514128533997506,0.9243770047277344,1.0,0.030303030303030276,0.030303030303030276,0.030303030303030276,0.8055236426447192,0.42229529404777416,0.6765571810794406,0.3338839938111034,0.5482182048388252,-0.6271585882599446,-1.0,-1.8369701987210297e-16,0.49999999999999994,-0.8660254037844387,-0.433883739117558,-0.9009688679024191
0.11092039927539737,1.2536999170428818,0.5188151265545653,1.2614223676570673,-0.04292541659874924,0.4959108823174885,-0.4212765948715706,0.22363858810465503,-0.6831906184550289,2.768223044083909,1.1561080363064038,-0.6514128533997506,1.949287252900683,1.0,0.030303030303030276,0.030303030303030276,0.030303030303030276,0.9633905379704456,0.5867352803684602,0.6970963119444684,0.2260109386700467,0.788266427819142,-0.6271585882599446,-1.0,-1.8369701987210297e-16,0.258819045102521,-0.9659258262890682,-0.433883739117558,-0.9009688679024191
0.11204733598722479,0.8062838036019201,0.09747940632609654,1.419639854159865,0.064951081181386,0.06448213430431671,-0.6908837669255565,-0.4716829783094169,-0.6831906184550289,2.3847906959108474,0.03681007839042702,-0.6514128533997506,1.4470812312959382,1.0,0.030303030303030276,0.030303030303030276,0.030303030303030276,1.410680074726669,0.7039382470297624,0.7257052523241299,-0.20548128189418005,0.768907700159439,-0.6442509022503355,-1.0,-1.8369701987210297e-16,1.2246467991473532e-16,-1.0,-0.433883739117558,-0.9009688679024191
0.09545217497177565,0.6746908290604611,0.22914681889749292,1.419639854159865,0.22676582785158886,0.6576966628224279,-0.798726635747151,-0.6841423458248278,-0.6831906184550289,2.5978086671181035,-0.6525136639846563,-0.6514128533997506,2.3490022496881333,1.0,0.030303030303030276,0.030303030303030276,0.030303030303030276,1.5422358208314406,0.7668027413549545,0.7390628248446238,-0.31335433703523674,1.1676974899493202,-0.06311222657704368,-1.0,-1.8369701987210297e-16,-0.2588190451025208,-0.9659258262890683,-0.433883739117558,-0.9009688679024191
0.0930095251560113,0.6746908290604611,0.22914681889749292,1.2614223676570673,0.22676582785158886,0.6576966628224279,-0.5830408981039622,-0.6841423458248278,-0.6831906184550289,2.2531068591645433,-0.6525136639846563,-0.6514128533997506,2.2191802849195597,1.0,0.030303030303030276,0.030303030303030276,0.030303030303030276,1.700102716157167,0.7802293334006017,0.7434386219824389,-0.31335433703523674,2.085301181019241,1.5743314537024082,-1.0,-1.8369701987210297e-16,-0.4999999999999997,-0.8660254037844388,-0.433883739117558,-0.9009688679024191
0.09261480744930237,0.6746908290604611,-0.06052148875957856,1.419639854159865,0.22676582785158886,0.8194824433273673,-0.6908837669255565,-0.6841423458248278,-0.6831906184550289,0.9711259778990551,-0.6525136639846563,-0.6514128533997506,0.4597510255559978,0.030303030303030276,0.030303030303030276,0.030303030303030276,0.030303030303030276,1.5422358208314406,0.7185899982203694,0.7407712050503392,-0.20548128189418005,1.7833050295278747,1.9948023778660253,-1.0,-1.8369701987210297e-16,-0.7071067811865471,-0.7071067811865479,-0.433883739117558,-0.9009688679024191
0.18441162878201592,0.6746908290604611,0.09747940632609654,1.419639854159865,0.22676582785158886,0.6576966628224279,-0.6908837669255565,-0.6841423458248278,-0.6831906184550289,1.0640792744258578,-0.6525136639846563,-0.6514128533997506,1.6178996059914297,0.030303030303030276,0.030303030303030276,1.0,1.0,1.410680074726669,0.5940251136536838,0.7653797371069511,-0.20548128189418005,0.997340686543934,1.3897344626061863,-1.0,-1.8369701987210297e-16,-0.8660254037844385,-0.5000000000000004,-0.433883739117558,-0.9009688679024191
0.1731422410699537,0.5167792596107107,0.09747940632609654,1.2614223676570673,0.4964570723019269,0.8194824433273673,-0.6908837669255565,-0.6841423458248278,-0.6831906184550289,0.19264211948708174,-0.6525136639846563,-0.6514128533997506,0.7603913650200628,0.030303030303030276,0.030303030303030276,1.0,1.0,1.2528131794009436,0.3932246231270239,0.7600343519948543,-0.043671699182595024,0.22686332568775586,1.1606974551349476,-1.0,-1.8369701987210297e-16,-0.9659258262890683,-0.25881904510252063,-0.433883739117558,-0.9009688679024191
0.22368854446097322,0.09568174107804124,0.09747940632609654,0.8131394892324716,0.064951081181386,0.8194824433273673,-0.5830408981039622,-0.6841423458248278,-0.6445167025158884,-0.46965011826638814,-0.6525136639846563,-0.6411674515387086,0.18644162604321146,0.030303030303030276,0.030303030303030276,1.0,1.0,0.8055236426447192,0.06536465983509891,0.7690126444413337,0.06420135595846167,-0.47005087006155105,0.039441657365301946,-1.0,-1.8369701987210297e-16,-1.0,-1.8369701987210297e-16,-0.433883739117558,-0.9009688679024191
0.2968136576004365,0.22727471561950033,0.5188151265545653,0.681291583813473,0.6582718189721298,0.6576966628224279,-0.3673551604607734,-0.6841423458248278,-0.3467275497845066,-0.6826680894736445,-0.6525136639846563,-0.20061517151389915,-0.6505684099646967,0.030303030303030276,0.030303030303030276,1.0,1.0,0.6739678965399476,0.0,0.7697102560741766,0.2260109386700467,-0.6829968743182837,-0.651087827846492,-1.0,-1.8369701987210297e-16,-0.9659258262890684,0.2588190451025203,-0.433883739117558,-0.9009688679024191
0.7607573971741496,0.22727471561950033,0.5188151265545653,0.681291583813473,0.6582718189721298,0.33412510181254906,-0.2055908572283818,-0.6841423458248278,0.1753703153938902,-0.6826680894736445,-0.6525136639846563,0.09308634850264047,-0.6505684099646967,0.030303030303030276,0.030303030303030276,1.0,1.0,0.6739678965399476,0.0,0.7782454473286058,0.2260109386700467,-0.6829968743182837,-0.651087827846492,-1.0,-1.8369701987210297e-16,-0.8660254037844386,0.5000000000000001,-0.433883739117558,-0.9009688679024191
0.5798924520430034,-0.06222982837170911,0.8084834342116368,0.5230740973106753,0.8200865656423326,0.06448213430431671,-0.09774798840678739,-0.6841423458248278,1.0029921164914968,-0.6826680894736445,-0.6525136639846563,0.6941499243504425,-0.6505684099646967,0.030303030303030276,0.030303030303030276,0.030303030303030276,0.030303030303030276,0.6739678965399476,0.0,0.7217174952546273,0.2260109386700467,-0.6829968743182837,-0.651087827846492,-1.0,-1.8369701987210297e-16,-0.7071067811865477,0.7071067811865474,-0.433883739117558,-0.9009688679024191
0.5422858950950942,0.09568174107804124,1.1244852243829888,0.39122619189167684,0.6582718189721298,-0.20516083320391562,0.0640163148256042,-0.6841423458248278,1.4980182405124953,-0.6826680894736445,-0.6525136639846563,0.9229638992470489,-0.6505684099646967,0.030303030303030276,0.030303030303030276,0.030303030303030276,0.030303030303030276,0.6739678965399476,0.0,0.62732726083407,0.2260109386700467,-0.6829968743182837,-0.651087827846492,-1.0,-1.8369701987210297e-16,-0.5000000000000004,0.8660254037844384,-0.433883739117558,-0.9009688679024191
0.2429952380882134,0.09568174107804124,1.2561526369543852,0.39122619189167684,0.8200865656423326,-0.4208752072105015,-0.09774798840678739,-0.6841423458248278,2.7626552917223894,-0.6826680894736445,-0.6525136639846563,1.9475040853512569,-0.6505684099646967,0.030303030303030276,0.030303030303030276,0.030303030303030276,0.030303030303030276,0.5161010012142222,0.0,0.5799758724716764,0.4956935765226884,-0.6829968743182837,-0.651087827846492,-1.0,-1.8369701987210297e-16,-0.25881904510252157,0.9659258262890681,-0.433883739117558,-0.9009688679024191
0.12011896145048831,0.09568174107804124,1.4141535320400604,0.23300870538887822,0.8200865656423326,-0.6905181747187339,0.4953877901119818,-0.6455133699129348,2.379783523924899,-0.6826680894736445,-0.642276182662254,1.445479394160195,-0.6505684099646967,0.030303030303030276,0.030303030303030276,0.030303030303030276,0.030303030303030276,0.09512261367895261,0.0,0.4841654195962385,0.06420135595846167,-0.6829968743182837,-0.651087827846492,-1.0,-1.8369701987210297e-16,-2.4492935982947064e-16,1.0,-0.433883739117558,-0.9009688679024191
0.10840910006656788,0.5167792596107107,1.4141535320400604,-0.05705668653291797,0.6582718189721298,-0.7983753617220268,0.3336234868795902,-0.34807025539135966,2.5924900615901714,-0.6826680894736445,-0.20206448579895825,2.3470747579318982,-0.6505684099646967,0.030303030303030276,0.030303030303030276,0.030303030303030276,0.030303030303030276,0.22667835978372425,0.0,0.40981564152842087,0.6575031592342735,-0.6829968743182837,-0.651087827846492,-1.0,-1.8369701987210297e-16,0.25881904510252074,0.9659258262890683,-0.9749279121818236,-0.2225209339563146
0.10628107528278743,0.5167792596107107,1.2561526369543852,-0.18890459195191697,0.3346423256317241,-0.582660987715441,0.3336234868795902,0.1734209194191943,2.248292209731821,-0.6826680894736445,0.09140997877657223,2.2172996676920316,-0.6505684099646967,0.030303030303030276,0.030303030303030276,0.030303030303030276,0.030303030303030276,0.22667835978372425,0.0,0.3592259932348061,0.6575031592342735,-0.6829968743182837,-0.651087827846492,-1.0,-1.8369701987210297e-16,0.49999999999999994,0.8660254037844387,-0.9749279121818236,-0.2225209339563146
0.10578911027575777,0.8062838036019201,1.4141535320400604,-0.18890459195191697,0.064951081181386,-0.6905181747187339,0.3336234868795902,1.000081003933702,0.9681855921462704,-0.6826680894736445,0.6920088830241695,0.45850568154647464,-0.6505684099646967,0.030303030303030276,0.030303030303030276,0.030303030303030276,0.030303030303030276,-0.06274428164677277,0.0,0.3263686902065007,0.8193127419458585,-0.6829968743182837,-0.651087827846492,-1.0,-1.8369701987210297e-16,0.7071067811865476,0.7071067811865476,-0.9749279121818236,-0.2225209339563146
0.10634400646732069,1.1221069425014227,1.4141535320400604,-0.3471220784547151,-0.20474016326895209,-0.6905181747187339,0.4953877901119818,1.494531895605931,1.0610029904002076,-0.6826680894736445,0.9206459658911527,1.6162360918442298,-0.6505684099646967,0.030303030303030276,1.0,0.030303030303030276,0.030303030303030276,0.09512261367895261,0.0,0.3283350125695581,0.6575031592342735,-0.6829968743182837,-0.651087827846492,-1.0,-1.8369701987210297e-16,0.8660254037844386,0.5000000000000001,-0.9749279121818236,-0.2225209339563146
0.10657282061604766,1.2536999170428818,1.2561526369543852,-0.5053395649575132,-0.42049315882922256,-0.6905181747187339,0.9806806998091566,2.7576994079248283,0.1908398817695464,-0.6826680894736445,1.9443940981313752,0.7590374694703756,-0.6505684099646967,0.030303030303030276,1.0,0.030303030303030276,0.030303030303030276,0.09512261367895261,0.0,0.3491499612497737,0.8193127419458585,-0.6829968743182837,-0.651087827846492,-1.0,-1.8369701987210297e-16,0.9659258262890683,0.25881904510252074,-0.9749279121818236,-0.2225209339563146
0.16417249990818586,1.4116114864926321,0.8084834342116368,-0.5053395649575132,-0.6901844032795607,-0.582660987715441,0.6571520933443734,2.3752725463970887,-0.4704840807897562,-0.6478106032760935,1.442757513333666,0.1852949652520192,-0.6164047350255983,0.030303030303030276,1.0,0.030303030303030276,0.030303030303030276,0.09512261367895261,0.0,0.40373274467613995,0.8193127419458585,-0.6442794189988778,-0.6408324394522574,-1.0,-1.8369701987210297e-16,1.0,6.123233995736766e-17,-0.9749279121818236,-0.2225209339563146
0.1192494402269415,1.4116114864926321,0.6768160216402405,-0.05705668653291797,-0.7980609010596958,-0.366946613708855,0.818916396576765,2.5877319139124992,-0.6831906184550289,-0.26825130912498213,2.3436558697050622,-0.6514128533997506,0.46658376054381745,0.030303030303030276,1.0,0.030303030303030276,0.030303030303030276,0.5161010012142222,0.01150852647434735,0.42779471184772466,0.6575031592342735,-0.346155013039452,-0.19985073850017118,-1.0,-1.8369701987210297e-16,0.9659258262890683,-0.25881904510252063,-0.9749279121818236,-0.2225209339563146
0.27103709590008823,1.2536999170428818,0.6768160216402405,0.39122619189167684,-0.5823079054994255,-0.20516083320391562,0.4953877901119818,2.243934028296653,-0.6831906184550289,0.5373439274406421,2.2139811062879673,-0.6514128533997506,1.4163339238507497,0.030303030303030276,1.0,0.030303030303030276,0.030303030303030276,0.5161010012142222,0.062498616315892104,0.5305696541910453,0.3338839938111034,0.17653063377252814,0.09413706213455295,-1.0,-1.8369701987210297e-16,0.8660254037844387,-0.4999999999999998,-0.9749279121818236,-0.2225209339563146
0.1418740059405346,1.4116114864926321,0.5188151265545653,0.9713569757352701,-0.6901844032795607,-0.09730364620062269,-0.04382655399599019,0.9653149256129985,-0.6831906184550289,1.1918900571502118,0.4565468126089183,-0.6514128533997506,1.40950118886293,0.030303030303030276,0.030303030303030276,0.030303030303030276,0.030303030303030276,0.8055236426447192,0.22593521878387363,0.5630628879472326,0.06420135595846167,1.0050841776078152,0.695786514596314,-1.0,-1.8369701987210297e-16,0.7071067811865476,-0.7071067811865475,-0.9749279121818236,-0.2225209339563146
0.10883241568053238,1.4116114864926321,0.38714771398316894,1.2614223676570673,-0.6901844032795607,0.06448213430431671,-0.5830408981039622,1.0580244678015414,-0.6831906184550289,1.7108792960915273,1.6133822020403699,-0.6514128533997506,1.491494008716766,1.0,0.030303030303030276,0.030303030303030276,0.030303030303030276,1.121257433296172,0.4152715405555683,0.608646378870624,-0.20548128189418005,1.5006676056962114,0.9248235220675527,-1.0,-1.8369701987210297e-16,0.49999999999999994,-0.8660254037844387,-0.9749279121818236,-0.2225209339563146
0.10952459692903344,1.2536999170428818,0.38714771398316894,1.419639854159865,-0.6901844032795607,-0.09730364620062269,-0.6908837669255565,0.18887250978395145,-0.6831906184550289,2.3886637499327974,0.756846264732717,-0.6514128533997506,1.8297143906138391,1.0,0.030303030303030276,0.030303030303030276,0.030303030303030276,1.2528131794009436,0.5767567892057313,0.6206282428120775,-0.42122739217629346,2.7667283946407855,1.9503623614910088,-1.0,-1.8369701987210297e-16,0.258819045102521,-0.9659258262890682,-0.9749279121818236,-0.2225209339563146
0.10967333556452558,0.8062838036019201,0.22914681889749292,1.5514877595788634,-0.5823079054994255,0.4959108823174885,-0.798726635747151,-0.4716829783094169,-0.6831906184550289,2.574570342986403,0.18354731067819227,-0.6514128533997506,2.0415291752362483,1.0,0.030303030303030276,0.030303030303030276,0.030303030303030276,1.410680074726669,0.6961439012313512,0.6318629144994992,-0.6909100300289351,2.383425586978667,1.4478483301735154,-1.0,-1.8369701987210297e-16,1.2246467991473532e-16,-1.0,-0.9749279121818236,-0.2225209339563146
0.09812936744169298,0.6746908290604611,-0.06052148875957856,1.419639854159865,-0.36655490993915496,0.33412510181254906,-0.6908837669255565,-0.6841423458248278,-0.6831906184550289,2.675269747557106,-0.6525136639846563,-0.6514128533997506,2.2670094298342973,1.0,0.030303030303030276,0.030303030303030276,0.030303030303030276,1.410680074726669,0.7548506909054062,0.6616586141693936,-0.7987830851699919,2.5963715912353993,2.350322508866157,-1.0,-1.8369701987210297e-16,-0.2588190451025208,-0.9659258262890683,-0.9749279121818236,-0.2225209339563146
0.09693378476909846,0.6746908290604611,-0.1921889013309754,1.419639854159865,-0.20474016326895209,0.33412510181254906,-0.6908837669255565,-0.6841423458248278,-0.6831906184550289,2.272472129274294,-0.6525136639846563,-0.6514128533997506,2.0961910551388057,1.0,0.030303030303030276,0.030303030303030276,0.030303030303030276,1.2528131794009436,0.7574063288433848,0.6776575328201431,-0.5830369748878784,2.2517862388926866,2.2204209225391858,-1.0,-1.8369701987210297e-16,-0.4999999999999997,-0.8660254037844388,-0.9749279121818236,-0.2225209339563146
0.7155654615614746,0.5167792596107107,-0.1921889013309754,1.419639854159865,-0.09686366548881685,0.33412510181254906,-0.4212765948715706,-0.6841423458248278,-0.6831906184550289,1.79995953859638,-0.6525136639846563,-0.6514128533997506,2.0346964402484287,0.030303030303030276,0.030303030303030276,0.030303030303030276,0.030303030303030276,1.410680074726669,0.6926735948794321,0.6847577031408452,-0.6909100300289351,0.97023846782035,0.459912581528919,-1.0,-1.8369701987210297e-16,-0.7071067811865471,-0.7071067811865479,-0.9749279121818236,-0.2225209339563146
0.8366655170997548,0.3851862850692516,-0.350189796416651,1.419639854159865,0.064951081181386,0.4959108823174885,-0.4212765948715706,-0.6841423458248278,-0.6831906184550289,1.0524601123600075,-0.6525136639846563,-0.6514128533997506,1.734056100784364,0.030303030303030276,0.030303030303030276,0.5757575757575757,1.0,1.410680074726669,0.5594662992027425,0.7034103118574973,-0.6909100300289351,1.0631603605869242,1.6187714700774247,-1.0,-1.8369701987210297e-16,-0.8660254037844385,-0.5000000000000004,-0.9749279121818236,-0.2225209339563146
0.9577655726380347,0.3851862850692516,-0.5081906915023265,1.1295744622380688,-0.09686366548881685,0.9812682238323067,-0.04382655399599019,-0.6841423458248278,-0.6831906184550289,0.20426128155293208,-0.6525136639846563,-0.6514128533997506,1.1293590543623242,0.030303030303030276,0.030303030303030276,0.5757575757575757,1.0,1.2528131794009436,0.3541255552830762,0.6949994819132403,-0.6909100300289351,0.1920176159002905,0.7607373077597995,-1.0,-1.8369701987210297e-16,-0.9659258262890683,-0.25881904510252063,-0.9749279121818236,-0.2225209339563146
0.37576795576427424,0.22727471561950033,-0.5081906915023265,0.8131394892324716,0.4964570723019269,0.6576966628224279,0.0640163148256042,-0.6841423458248278,-0.6483840941098025,-0.48514233435418863,-0.6525136639846563,-0.6172615138629437,-0.1176150809147633,0.030303030303030276,0.030303030303030276,0.5757575757575757,1.0,0.8055236426447192,0.05084041247410382,0.6919201565559332,-0.5830369748878784,-0.47005087006155105,0.186435557682664,-1.0,-1.8369701987210297e-16,-1.0,-1.8369701987210297e-16,-0.9749279121818236,-0.2225209339563146
0.15161029252010252,-0.06222982837170911,-0.06052148875957856,0.8131394892324716,0.3346423256317241,0.8194824433273673,0.0640163148256042,-0.6841423458248278,-0.26937971790622556,-0.6826680894736445,-0.6525136639846563,0.46533594945383605,-0.6505684099646967,0.030303030303030276,0.030303030303030276,0.5757575757575757,1.0,0.6739678965399476,0.0,0.6769750822036966,-0.3672908646057651,-0.6829968743182837,-0.651087827846492,-1.0,-1.8369701987210297e-16,-0.9659258262890684,0.2588190451025203,-0.9749279121818236,-0.2225209339563146
0.4075281421715309,-0.19382280291316867,0.38714771398316894,0.8131394892324716,0.3346423256317241,0.4959108823174885,0.0640163148256042,-0.6841423458248278,0.5350377336278969,-0.6826680894736445,-0.6525136639846563,1.4147431885770687,-0.6505684099646967,0.030303030303030276,0.030303030303030276,0.5757575757575757,1.0,0.6739678965399476,0.0,0.6615074649822776,-0.20548128189418005,-0.6829968743182837,-0.651087827846492,-1.0,-1.8369701987210297e-16,-0.8660254037844386,0.5000000000000001,-0.9749279121818236,-0.2225209339563146
0.29939360620233113,-0.19382280291316867,0.9664843292973129,0.681291583813473,0.3346423256317241,-0.04337505269897623,0.3336234868795902,-0.6841423458248278,1.1886269129993712,-0.6826680894736445,-0.6525136639846563,1.4079129206697074,-0.6505684099646967,0.030303030303030276,0.030303030303030276,0.030303030303030276,0.030303030303030276,0.5161010012142222,0.0,0.6288742479226717,-0.09760822675312336,-0.6829968743182837,-0.651087827846492,-1.0,-1.8369701987210297e-16,-0.7071067811865477,0.7071067811865474,-0.9749279121818236,-0.2225209339563146
0.3601453020750128,-0.3517343723629195,1.2561526369543852,0.5230740973106753,0.4964570723019269,-0.582660987715441,0.3336234868795902,-0.6841423458248278,1.7068573865838539,-0.6826680894736445,-0.6525136639846563,1.489876135558044,-0.6505684099646967,0.030303030303030276,0.030303030303030276,0.030303030303030276,0.030303030303030276,0.3845452551094506,0.0,0.58769078103154,0.06420135595846167,-0.6829968743182837,-0.651087827846492,-1.0,-1.8369701987210297e-16,-0.5000000000000004,0.8660254037844384,-0.9749279121818236,-0.2225209339563146
0.1313997752827202,-0.5096459418126703,1.4141535320400604,0.39122619189167684,0.9819013123125355,-0.6905181747187339,0.4953877901119818,-0.6841423458248278,2.3836509155188126,-0.6826680894736445,-0.6525136639846563,1.8279743969724327,-0.6505684099646967,0.030303030303030276,0.030303030303030276,0.030303030303030276,0.030303030303030276,0.3845452551094506,0.0,0.5487111420204625,-0.09760822675312336,-0.6829968743182837,-0.651087827846492,-1.0,-1.8369701987210297e-16,-0.25881904510252157,0.9659258262890681,-0.9749279121818236,-0.2225209339563146
0.0902350819534752,-0.5096459418126703,1.5458209446114568,0.23300870538887822,0.6582718189721298,-0.7983753617220268,0.6571520933443734,-0.6493762675041241,2.569285712026687,-0.6826680894736445,-0.6183887262433154,2.0397127021006356,-0.6505684099646967,0.030303030303030276,0.030303030303030276,0.030303030303030276,0.030303030303030276,0.22667835978372425,0.0,0.4414020826012123,0.4956935765226884,-0.6829968743182837,-0.651087827846492,-1.0,-1.8369701987210297e-16,-2.4492935982947064e-16,1.0,-0.9749279121818236,-0.2225209339563146
0.09020648061392157,-0.06222982837170911,1.4141535320400604,0.1011607999698797,0.8200865656423326,-0.6905181747187339,0.6571520933443734,-0.2708123035675739,2.6698378934684524,-0.6826680894736445,0.46337180015718643,2.2651115430435613,-0.6505684099646967,0.030303030303030276,0.030303030303030276,0.030303030303030276,0.030303030303030276,-0.06274428164677277,0.0,0.3883342739822053,0.3338839938111034,-0.6829968743182837,-0.651087827846492,-1.0,-1.8369701987210297e-16,0.25881904510252074,0.9659258262890683,-0.7818314824680299,0.6234898018587334
0.096733561663031,0.3851862850692516,1.4141535320400604,0.1011607999698797,0.4964570723019269,-0.6905181747187339,0.6571520933443734,0.5326703953997981,2.2676291677013913,-0.6826680894736445,1.4120450693664595,2.094354845359527,-0.6505684099646967,0.030303030303030276,0.030303030303030276,0.030303030303030276,0.030303030303030276,-0.19430002775154487,0.0,0.37980584372157467,0.3338839938111034,-0.6829968743182837,-0.651087827846492,-1.0,-1.8369701987210297e-16,0.49999999999999994,0.8660254037844387,-0.7818314824680299,0.6234898018587334
0.10609229889067788,0.9641953730516715,1.4141535320400604,-0.05705668653291797,-0.04292541659874924,-0.4208752072105015,0.6571520933443734,1.1855000883107878,1.7958073932438772,-0.6826680894736445,1.4052200818181915,2.032882434193274,-0.6505684099646967,0.030303030303030276,0.030303030303030276,0.030303030303030276,0.030303030303030276,-0.19430002775154487,0.0,0.3674837276452476,0.3338839938111034,-0.6829968743182837,-0.651087827846492,-1.0,-1.8369701987210297e-16,0.7071067811865476,0.7071067811865476,-0.7818314824680299,0.6234898018587334
0.10642980705368349,1.2536999170428818,1.4141535320400604,-0.18890459195191697,-0.5823079054994255,-0.4208752072105015,0.818916396576765,1.7031283655301526,1.0494008156184653,-0.6826680894736445,1.4871199323974091,1.7323506462693732,-0.6505684099646967,0.030303030303030276,0.5757575757575757,0.030303030303030276,0.030303030303030276,-0.3521669230772707,0.0,0.3590687489093415,0.4956935765226884,-0.6829968743182837,-0.651087827846492,-1.0,-1.8369701987210297e-16,0.8660254037844386,0.5000000000000001,-0.7818314824680299,0.6234898018587334
0.10569186297543705,1.4116114864926321,1.1244852243829888,-0.18890459195191697,-0.6901844032795607,-0.04337505269897623,0.818916396576765,2.379135443988278,0.20244205655128852,-0.6826680894736445,1.8249568160366827,1.1278719364678906,-0.6505684099646967,0.030303030303030276,0.5757575757575757,0.030303030303030276,0.030303030303030276,-0.5100338184029966,0.0,0.3829265545560723,0.9811223246574435,-0.6829968743182837,-0.651087827846492,-1.0,-1.8369701987210297e-16,0.9659258262890683,0.25881904510252074,-0.7818314824680299,0.6234898018587334
0.1655339758418682,1.5432044610340911,0.8084834342116368,-0.3471220784547151,-0.7980609010596958,0.06448213430431671,0.818916396576765,2.5645545283653637,-0.4859536471654124,-0.6478106032760935,2.0365314300329955,-0.11865195662556252,-0.6471520424707868,0.030303030303030276,0.5757575757575757,0.030303030303030276,0.030303030303030276,-0.5100338184029966,0.0,0.38026318397632175,0.6575031592342735,-0.6481511645308183,-0.6169031998657101,-1.0,-1.8369701987210297e-16,1.0,6.123233995736766e-17,-0.7818314824680299,0.6234898018587334
0.2734568831786191,1.4116114864926321,0.8084834342116368,0.1011607999698797,-0.6901844032795607,0.06448213430431671,0.818916396576765,2.664989865736285,-0.6831906184550289,-0.330220173476184,2.261756019125844,-0.6514128533997506,-0.06636956850611588,0.030303030303030276,0.5757575757575757,0.030303030303030276,0.030303030303030276,-0.06274428164677277,0.015311439885098872,0.3801625885837444,0.8193127419458585,-0.26872010240064015,0.4667495071250754,-1.0,-1.8369701987210297e-16,0.9659258262890683,-0.25881904510252063,-0.7818314824680299,0.6234898018587334
0.12543329833681144,1.4116114864926321,0.8084834342116368,0.681291583813473,-0.6901844032795607,0.06448213430431671,0.3336234868795902,2.2632485162525993,-0.6831906184550289,0.42889841482603885,2.0911313304191403,-0.6514128533997506,0.8867969622947263,0.030303030303030276,0.5757575757575757,0.030303030303030276,0.030303030303030276,0.3845452551094506,0.06421159063216057,0.3900845518616113,0.4956935765226884,0.5366029682430034,1.4170821649908116,-1.0,-1.8369701987210297e-16,0.8660254037844387,-0.4999999999999998,-0.7818314824680299,0.6234898018587334
0.20914132928377163,1.4116114864926321,0.6768160216402405,1.2614223676570673,-0.42049315882922256,0.33412510181254906,-0.3134337260499762,1.7919750101275063,-0.6831906184550289,1.2461128134575135,2.029706442484727,-0.6514128533997506,1.4060848213690202,0.030303030303030276,0.030303030303030276,0.030303030303030276,0.030303030303030276,0.9633905379704456,0.22137282644514095,0.4444924714029169,-0.043671699182595024,1.1909279631409637,1.4102452393946552,-1.0,-1.8369701987210297e-16,0.7071067811865476,-0.7071067811865475,-0.7818314824680299,0.6234898018587334
0.18728904092570267,1.4116114864926321,0.5188151265545653,1.7097052460816622,-0.42049315882922256,0.33412510181254906,-0.6908837669255565,1.0464357750279736,-0.6831906184550289,1.9393894833865841,1.7294069903609286,-0.6514128533997506,1.6623123834122575,0.5757575757575757,0.030303030303030276,0.030303030303030276,0.030303030303030276,1.2528131794009436,0.40942302714319895,0.4784102260645836,-0.5830369748878784,1.7097418644210034,1.4922883465485317,-1.0,-1.8369701987210297e-16,0.49999999999999994,-0.8660254037844387,-0.7818314824680299,0.6234898018587334
0.17216403612902242,1.1221069425014227,0.38714771398316894,1.7097052460816622,-0.04292541659874924,0.4959108823174885,-0.798726635747151,0.2004612025575193,-0.6831906184550289,2.272472129274294,1.1253955923391972,-0.6514128533997506,1.6691451184000772,0.5757575757575757,0.030303030303030276,0.030303030303030276,0.030303030303030276,1.410680074726669,0.5697330357135254,0.5286268416473324,-0.6909100300289351,2.3872973325106073,1.8307161635582723,-1.0,-1.8369701987210297e-16,0.258819045102521,-0.9659258262890682,-0.7818314824680299,0.6234898018587334
0.43169152036155406,0.8062838036019201,0.22914681889749292,1.7097052460816622,0.064951081181386,0.6576966628224279,-0.798726635747151,-0.48713456867417404,-0.6831906184550289,2.4506326142839994,-0.12016463521974045,-0.6514128533997506,1.7169742633148148,0.5757575757575757,0.030303030303030276,0.030303030303030276,0.030303030303030276,1.5422358208314406,0.6840810496159319,0.5841844886719292,-0.7987830851699919,2.573141118043756,2.04266085703912,-1.0,-1.8369701987210297e-16,1.2246467991473532e-16,-1.0,-0.7818314824680299,0.6234898018587334
0.520999949642546,0.8062838036019201,0.09747940632609654,1.7097052460816622,0.064951081181386,0.6576966628224279,-0.798726635747151,-0.6841423458248278,-0.6831906184550289,2.5203475866791014,-0.6525136639846563,-0.6514128533997506,1.8194652881321096,0.5757575757575757,0.030303030303030276,0.030303030303030276,0.030303030303030276,1.410680074726669,0.7455762288605,0.6231280690494149,-0.6909100300289351,2.6738065018742114,2.2682794017122805,-1.0,-1.8369701987210297e-16,-0.2588190451025208,-0.9659258262890683,-0.7818314824680299,0.6234898018587334
0.7935644344831048,0.8062838036019201,0.09747940632609654,1.7097052460816622,0.064951081181386,0.6576966628224279,-0.529119463693165,-0.6841423458248278,-0.6831906184550289,2.12916913046214,-0.6525136639846563,-0.6514128533997506,1.6042341360157903,0.5757575757575757,0.030303030303030276,0.030303030303030276,0.030303030303030276,1.410680074726669,0.7364348133644301,0.6480612312476537,-0.6909100300289351,2.2711449665523893,2.097356261808371,-1.0,-1.8369701987210297e-16,-0.4999999999999997,-0.8660254037844388,-0.7818314824680299,0.6234898018587334
0.9158972341848406,0.6746908290604611,-0.06052148875957856,1.7097052460816622,0.3346423256317241,0.6576966628224279,-0.4212765948715706,-0.6841423458248278,-0.6831906184550289,1.3855427582477176,-0.6525136639846563,-0.6514128533997506,1.2079355067222501,0.030303030303030276,0.030303030303030276,0.030303030303030276,0.030303030303030276,1.410680074726669,0.6726390198066929,0.6763123511524958,-0.42122739217629346,1.798792011655637,2.035823931442964,-1.0,-1.8369701987210297e-16,-0.7071067811865471,-0.7071067811865479,-0.7818314824680299,0.6234898018587334
0.9988100909160628,0.5167792596107107,-0.1921889013309754,1.5514877595788634,0.3346423256317241,0.8194824433273673,-0.3134337260499762,-0.6841423458248278,-0.6831906184550289,0.9207762756137036,-0.6525136639846563,-0.6514128533997506,1.2284337116857091,0.030303030303030276,0.030303030303030276,0.5757575757575757,0.5757575757575757,1.410680074726669,0.5479965557973809,0.6794331644262934,-0.42122739217629346,1.0515451239911024,1.734999205212083,-1.0,-1.8369701987210297e-16,-0.8660254037844385,-0.5000000000000004,-0.7818314824680299,0.6234898018587334
0.815379511581991,0.3851862850692516,-0.1921889013309754,1.419639854159865,0.4964570723019269,0.8194824433273673,-0.04382655399599019,-0.6841423458248278,-0.6831906184550289,0.08419660687247847,-0.6525136639846563,-0.6514128533997506,0.5314947429281042,0.030303030303030276,0.030303030303030276,0.5757575757575757,0.5757575757575757,1.121257433296172,0.3529503152032398,0.6886333916161729,-0.043671699182595024,0.2036328524961123,1.129931289952244,-1.0,-1.8369701987210297e-16,-0.9659258262890683,-0.25881904510252063,-0.7818314824680299,0.6234898018587334
0.6319489322479189,0.22727471561950033,-0.350189796416651,0.9713569757352701,0.6582718189721298,0.8194824433273673,0.0640163148256042,-0.6841423458248278,-0.6483840941098025,-0.5238728745736898,-0.6525136639846563,-0.64799771944607,-0.483166402763115,0.030303030303030276,0.030303030303030276,0.5757575757575757,0.5757575757575757,0.8055236426447192,0.05096236959309469,0.693747161471022,0.06420135595846167,-0.4855378521893134,-0.11780763134629468,-1.0,-1.8369701987210297e-16,-1.0,-1.8369701987210297e-16,-0.7818314824680299,0.6234898018587334
0.44851835291384706,0.09568174107804124,0.09747940632609654,0.8131394892324716,0.6582718189721298,0.8194824433273673,0.3336234868795902,-0.6841423458248278,-0.3312579834088504,-0.6826680894736445,-0.6525136639846563,-0.06742494732035212,-0.6505684099646967,0.030303030303030276,0.030303030303030276,0.5757575757575757,0.5757575757575757,0.8055236426447192,0.0,0.6814480942371901,0.06420135595846167,-0.6829968743182837,-0.651087827846492,-1.0,-1.8369701987210297e-16,-0.9659258262890684,0.2588190451025203,-0.7818314824680299,0.6234898018587334
0.26508777357977514,0.09568174107804124,0.6768160216402405,0.681291583813473,0.6582718189721298,0.33412510181254906,0.4953877901119818,-0.6841423458248278,0.42675076899830344,-0.6826680894736445,-0.6525136639846563,0.8853974257565613,-0.6505684099646967,0.030303030303030276,0.030303030303030276,0.5757575757575757,0.5757575757575757,0.8055236426447192,0.0,0.6758399011010021,0.06420135595846167,-0.6829968743182837,-0.651087827846492,-1.0,-1.8369701987210297e-16,-0.8660254037844386,0.5000000000000001,-0.7818314824680299,0.6234898018587334
0.17771864074262653,-0.06222982837170911,1.2561526369543852,0.681291583813473,0.6582718189721298,-0.3130180202072086,0.4953877901119818,-0.6841423458248278,1.242770395314168,-0.6826680894736445,-0.6525136639846563,1.4044977867160267,-0.6505684099646967,0.030303030303030276,0.030303030303030276,0.030303030303030276,0.030303030303030276,0.6739678965399476,0.0,0.6493891006736048,0.3338839938111034,-0.6829968743182837,-0.651087827846492,-1.0,-1.8369701987210297e-16,-0.7071067811865477,0.7071067811865474,-0.7818314824680299,0.6234898018587334
0.7726503442000321,-0.19382280291316867,1.7038218396971327,0.5230740973106753,0.8200865656423326,-0.6905181747187339,0.4953877901119818,-0.6841423458248278,1.9350334906247828,-0.6826680894736445,-0.6525136639846563,1.6606328332420788,-0.6505684099646967,0.030303030303030276,0.030303030303030276,0.030303030303030276,0.030303030303030276,0.5161010012142222,0.0,0.5404064904106314,0.3338839938111034,-0.6829968743182837,-0.651087827846492,-1.0,-1.8369701987210297e-16,-0.5000000000000004,0.8660254037844384,-0.7818314824680299,0.6234898018587334
0.2011269133642114,-0.19382280291316867,1.7038218396971327,0.5230740973106753,0.8200865656423326,-0.7983753617220268,0.4953877901119818,-0.6841423458248278,2.2676291677013913,-0.6826680894736445,-0.6525136639846563,1.66746310114944,-0.6505684099646967,0.030303030303030276,0.030303030303030276,0.030303030303030276,0.030303030303030276,0.3845452551094506,0.0,0.46707460044703475,0.4956935765226884,-0.6829968743182837,-0.651087827846492,-1.0,-1.8369701987210297e-16,-0.25881904510252157,0.9659258262890681,-0.7818314824680299,0.6234898018587334
0.1378095918693492,-0.3517343723629195,1.7038218396971327,0.39122619189167684,0.8200865656423326,-0.7983753617220268,0.4953877901119818,-0.6493762675041241,2.4455291810214375,-0.6826680894736445,-0.6491011702105222,1.7152749765009698,-0.6505684099646967,0.030303030303030276,0.030303030303030276,0.030303030303030276,0.030303030303030276,0.22667835978372425,0.0,0.44981829060871825,0.6575031592342735,-0.6829968743182837,-0.651087827846492,-1.0,-1.8369701987210297e-16,-2.4492935982947064e-16,1.0,-0.7818314824680299,0.6234898018587334
0.12110860280848346,0.09568174107804124,1.7038218396971327,0.23300870538887822,0.8200865656423326,-0.7983753617220268,0.818916396576765,-0.3326186650266025,2.5151422297118904,-0.6826680894736445,-0.06897722860772931,1.8177289951113906,-0.6505684099646967,0.030303030303030276,0.030303030303030276,0.030303030303030276,0.030303030303030276,0.09512261367895261,0.0,0.40955472863137954,0.6575031592342735,-0.6829968743182837,-0.651087827846492,-1.0,-1.8369701987210297e-16,0.25881904510252074,0.9659258262890683,-2.4492935982947064e-16,1.0
0.12247008560676188,0.6746908290604611,1.7038218396971327,0.23300870538887822,0.3346423256317241,-0.5287323942137945,0.818916396576765,0.42450926284649804,2.1245356787265712,-0.6826680894736445,0.8831085343756778,1.602575556029507,-0.6505684099646967,0.030303030303030276,0.030303030303030276,0.030303030303030276,0.030303030303030276,0.09512261367895261,0.0,0.3955453860647824,0.6575031592342735,-0.6829968743182837,-0.651087827846492,-1.0,-1.8369701987210297e-16,0.49999999999999994,0.8660254037844387,-2.4492935982947064e-16,1.0
0.6247640169567783,1.2536999170428818,1.7038218396971327,0.1011607999698797,-0.3126166610490873,-0.4208752072105015,0.9806806998091566,1.239580654587438,1.3819964926950736,-0.6826680894736445,1.4018075880440573,1.2064200174025466,-0.6505684099646967,0.030303030303030276,0.030303030303030276,0.030303030303030276,0.030303030303030276,-0.06274428164677277,0.0,0.37565684719390835,0.6575031592342735,-0.6829968743182837,-0.651087827846492,-1.0,-1.8369701987210297e-16,0.7071067811865476,0.7071067811865476,-2.4492935982947064e-16,1.0
0.442285891747605,1.7011160304838424,1.5458209446114568,0.1011607999698797,-0.6901844032795607,-0.3130180202072086,0.9806806998091566,1.9310393234103205,0.9179095014253879,-0.6826680894736445,1.657744621104113,1.2269108211246307,-0.6505684099646967,0.030303030303030276,0.5757575757575757,0.030303030303030276,0.030303030303030276,-0.19430002775154487,0.0,0.39228110655136705,0.8193127419458585,-0.6829968743182837,-0.651087827846492,-1.0,-1.8369701987210297e-16,0.8660254037844386,0.5000000000000001,-2.4492935982947064e-16,1.0
0.12036493708940708,1.7011160304838424,1.4141535320400604,-0.18890459195191697,-0.7980609010596958,-0.04337505269897623,0.9806806998091566,2.2632485162525993,0.08255291713995298,-0.6826680894736445,1.6645696086523811,0.5302234945737692,-0.6505684099646967,0.030303030303030276,0.5757575757575757,0.030303030303030276,0.030303030303030276,-0.19430002775154487,0.0,0.4722492192460702,0.8193127419458585,-0.6829968743182837,-0.651087827846492,-1.0,-1.8369701987210297e-16,0.9659258262890683,0.25881904510252074,-2.4492935982947064e-16,1.0
0.12098275073631107,1.7011160304838424,0.9664843292973129,-0.18890459195191697,-0.7980609010596958,0.06448213430431671,0.9806806998091566,2.440941805447306,-0.5246275631045528,-0.6594297653419439,1.7123445214902582,-0.4840712896693967,-0.6471520424707868,0.030303030303030276,0.5757575757575757,0.030303030303030276,0.030303030303030276,-0.3521669230772707,0.0,0.5922658226078105,0.8193127419458585,-0.6481511645308183,-0.6476693650484138,-1.0,-1.8369701987210297e-16,1.0,6.123233995736766e-17,-2.4492935982947064e-16,1.0
0.11423256345011246,1.7011160304838424,0.8084834342116368,0.1011607999698797,-0.7980609010596958,0.33412510181254906,0.9806806998091566,2.5104739620887138,-0.6831906184550289,-0.3340932274981341,1.8147193347142805,-0.6514128533997506,-0.27818435312852524,0.030303030303030276,0.5757575757575757,0.030303030303030276,0.030303030303030276,0.09512261367895261,0.0029159367732997502,0.6453773215882577,0.8193127419458585,-0.33066803091168967,-0.06653068937512187,-1.0,-1.8369701987210297e-16,0.9659258262890683,-0.25881904510252063,-2.4492935982947064e-16,1.0
0.7664435823653521,1.7011160304838424,0.6768160216402405,0.681291583813473,-0.5283696566093578,0.4959108823174885,0.6571520933443734,2.1203213053785954,-0.6831906184550289,0.4405175768918892,1.5997322269438337,-0.6514128533997506,0.9141279022460049,0.030303030303030276,0.5757575757575757,0.030303030303030276,0.030303030303030276,0.6739678965399476,0.05344590827579336,0.6433898967294049,0.3338839938111034,0.42819409334866676,0.8872204312886925,-1.0,-1.8369701987210297e-16,0.8660254037844387,-0.4999999999999998,-2.4492935982947064e-16,1.0
0.3601795907324159,1.7011160304838424,0.6768160216402405,1.2614223676570673,-0.42049315882922256,0.4959108823174885,0.2257806180579958,1.3786449678702524,-0.6831906184550289,1.1531595169307105,1.2038829491442808,-0.6514128533997506,1.3240920015151845,0.030303030303030276,0.030303030303030276,0.030303030303030276,0.030303030303030276,1.2528131794009436,0.21571834811959456,0.7211319522159592,-0.31335433703523674,1.2451324005881321,1.4068267765965772,-1.0,-1.8369701987210297e-16,0.7071067811865476,-0.7071067811865475,-2.4492935982947064e-16,1.0
0.1386133228040968,1.5432044610340911,0.5188151265545653,1.5514877595788634,-0.3126166610490873,0.4959108823174885,-0.3134337260499762,0.9150972569275377,-0.6831906184550289,1.834817024793931,1.2243579117890853,-0.6514128533997506,1.6452305459427083,0.5757575757575757,0.030303030303030276,0.030303030303030276,0.030303030303030276,1.700102716157167,0.4020500397649525,0.7634370270025383,-0.6909100300289351,1.9381748508054983,1.6632114864524412,-1.0,-1.8369701987210297e-16,0.49999999999999994,-0.8660254037844387,-2.4492935982947064e-16,1.0
0.18607055452829827,1.4116114864926321,0.5188151265545653,1.5514877595788634,-0.04292541659874924,0.4959108823174885,-0.3134337260499762,0.08071137723065137,-0.6831906184550289,2.2569799131864934,0.5282091818657338,-0.6514128533997506,1.9185399454554946,0.5757575757575757,0.030303030303030276,0.030303030303030276,0.030303030303030276,1.700102716157167,0.5608965229934239,0.7759221240051286,-0.7987830851699919,2.2711449665523893,1.6700484120485974,-1.0,-1.8369701987210297e-16,0.258819045102521,-0.9659258262890682,-2.4492935982947064e-16,1.0
0.6261540976623123,0.9641953730516715,0.38714771398316894,1.5514877595788634,0.064951081181386,0.4959108823174885,-0.04382655399599019,-0.5257635445860669,-0.6831906184550289,2.4622517763498495,-0.48530146905208654,-0.6514128533997506,1.9527036203945929,0.5757575757575757,0.030303030303030276,0.030303030303030276,0.030303030303030276,1.700102716157167,0.6665576483245501,0.8124793808896513,-0.7987830851699919,2.4492452610216566,1.7179068912216922,-1.0,-1.8369701987210297e-16,1.2246467991473532e-16,-1.0,-2.4492935982947064e-16,1.0
0.6572020936676035,0.8062838036019201,0.22914681889749292,1.5514877595788634,0.3346423256317241,0.8194824433273673,-0.2055908572283818,-0.6841423458248278,-0.6831906184550289,2.5629511809205527,-0.6525136639846563,-0.6514128533997506,2.0654437476936174,0.5757575757575757,0.030303030303030276,0.030303030303030276,0.030303030303030276,1.700102716157167,0.7260405517365874,0.8154032033895935,-0.7987830851699919,2.5189366805965876,1.8204607751640378,-1.0,-1.8369701987210297e-16,-0.2588190451025208,-0.9659258262890683,-2.4492935982947064e-16,1.0
0.6882500896728948,0.6746908290604611,0.22914681889749292,1.5514877595788634,0.4964570723019269,0.8194824433273673,-0.2055908572283818,-0.6841423458248278,-0.6831906184550289,2.2608529672084434,-0.6525136639846563,-0.6514128533997506,1.9937000303215109,0.5757575757575757,0.030303030303030276,0.030303030303030276,0.030303030303030276,1.700102716157167,0.7197596636498096,0.8129327772313493,-0.5291004473173502,2.1278903818705874,1.605097618885112,-1.0,-1.8369701987210297e-16,-0.4999999999999997,-0.8660254037844388,-2.4492935982947064e-16,1.0
0.7192980856781863,0.6746908290604611,0.09747940632609654,1.5514877595788634,0.4964570723019269,0.9812682238323067,-0.2055908572283818,-0.6841423458248278,-0.6831906184550289,1.7147523501134774,-0.6525136639846563,-0.6514128533997506,1.8365471256016588,0.030303030303030276,0.030303030303030276,0.030303030303030276,0.030303030303030276,1.700102716157167,0.6592456494842903,0.8320631628430941,-0.42122739217629346,1.3845152397379934,1.2085559343080423,-1.0,-1.8369701987210297e-16,-0.7071067811865471,-0.7071067811865479,-2.4492935982947064e-16,1.0
0.7503460816834776,0.5167792596107107,0.09747940632609654,1.5514877595788634,0.4964570723019269,0.9812682238323067,-0.2055908572283818,-0.6841423458248278,-0.6831906184550289,0.9595068158332047,-0.6525136639846563,-0.6514128533997506,1.5017431111984956,0.030303030303030276,0.030303030303030276,1.0,0.5757575757575757,1.5422358208314406,0.538910594102866,0.8251514296146996,-0.31335433703523674,0.9199057759051222,1.2290667110965114,-1.0,-1.8369701987210297e-16,-0.8660254037844385,-0.5000000000000004,-2.4492935982947064e-16,1.0
0.781394077688769,0.5167792596107107,-0.1921889013309754,1.2614223676570673,0.4964570723019269,0.9812682238323067,-0.04382655399599019,-0.6841423458248278,-0.6831906184550289,0.12680020111392976,-0.6525136639846563,-0.6514128533997506,0.8594660223434478,0.030303030303030276,0.030303030303030276,1.0,0.5757575757575757,1.410680074726669,0.3510876635195304,0.8258362875546954,-0.043671699182595024,0.08360874100595389,0.531700300288561,-1.0,-1.8369701987210297e-16,-0.9659258262890683,-0.25881904510252063,-2.4492935982947064e-16,1.0
0.8124420736940603,0.3851862850692516,-0.1921889013309754,0.9713569757352701,0.4964570723019269,0.9812682238323067,0.2257806180579958,-0.6841423458248278,-0.6599862688915447,-0.5161267665297895,-0.6525136639846563,-0.64799771944607,-0.3499280705006317,0.030303030303030276,0.030303030303030276,1.0,0.5757575757575757,0.9633905379704456,0.051206290483403874,0.849152394183148,0.06420135595846167,-0.5242553075087194,-0.48358315074066077,-1.0,-1.8369701987210297e-16,-1.0,-1.8369701987210297e-16,-2.4492935982947064e-16,1.0
0.7846089854103685,0.22727471561950033,0.09747940632609654,0.8131394892324716,0.8200865656423326,0.9812682238323067,0.3336234868795902,-0.6841423458248278,-0.3351253750027644,-0.6826680894736445,-0.6525136639846563,-0.2791632524485551,-0.6505684099646967,0.030303030303030276,0.030303030303030276,1.0,0.5757575757575757,0.8055236426447192,0.0,0.8514577394094793,0.3338839938111034,-0.6829968743182837,-0.651087827846492,-1.0,-1.8369701987210297e-16,-0.9659258262890684,0.2588190451025203,-2.4492935982947064e-16,1.0
0.7567758971266768,0.22727471561950033,0.6768160216402405,0.681291583813473,0.8200865656423326,0.6576966628224279,0.4953877901119818,-0.6841423458248278,0.4383529437800456,-0.6826680894736445,-0.6525136639846563,0.9127184973860069,-0.6505684099646967,0.030303030303030276,0.030303030303030276,1.0,0.5757575757575757,0.6739678965399476,0.0,0.8533497932800536,0.4956935765226884,-0.6829968743182837,-0.651087827846492,-1.0,-1.8369701987210297e-16,-0.8660254037844386,0.5000000000000001,-2.4492935982947064e-16,1.0
0.7302385356754446,0.09568174107804124,1.2561526369543852,0.681291583813473,0.9819013123125355,0.22626791480925612,0.4953877901119818,-0.6841423458248278,1.1499529970602307,-0.6826680894736445,-0.6525136639846563,1.32253457182769,-0.6505684099646967,0.030303030303030276,0.030303030303030276,0.030303030303030276,0.030303030303030276,0.6739678965399476,0.0,0.8097136734492238,0.4956935765226884,-0.6829968743182837,-0.651087827846492,-1.0,-1.8369701987210297e-16,-0.7071067811865477,0.7071067811865474,-2.4492935982947064e-16,1.0
0.501533087827346,0.09568174107804124,1.5458209446114568,0.681291583813473,0.9819013123125355,-0.3130180202072086,0.4953877901119818,-0.6841423458248278,1.8306139175891036,-0.6826680894736445,-0.6525136639846563,1.6435571634736752,-0.6505684099646967,0.030303030303030276,0.030303030303030276,0.030303030303030276,0.030303030303030276,0.5161010012142222,0.0,0.6818403855364517,0.4956935765226884,-0.6829968743182837,-0.651087827846492,-1.0,-1.8369701987210297e-16,-0.5000000000000004,0.8660254037844384,-2.4492935982947064e-16,1.0
0.4513442926000017,-0.19382280291316867,1.5458209446114568,0.681291583813473,0.9819013123125355,-0.3130180202072086,0.3336234868795902,-0.6841423458248278,2.252159601325735,-0.6826680894736445,-0.6525136639846563,1.9167678797681307,-0.6505684099646967,0.030303030303030276,0.030303030303030276,0.030303030303030276,0.030303030303030276,0.5161010012142222,0.0,0.6232387034933901,0.4956935765226884,-0.6829968743182837,-0.651087827846492,-1.0,-1.8369701987210297e-16,-0.25881904510252157,0.9659258262890681,-2.4492935982947064e-16,1.0
0.4011554973726573,-0.19382280291316867,1.5458209446114568,0.39122619189167684,0.9819013123125355,-0.04337505269897623,0.818916396576765,-0.660964960277692,2.4571313558031798,-0.6826680894736445,-0.6491011702105222,1.9509192193049376,-0.6505684099646967,0.030303030303030276,0.030303030303030276,0.030303030303030276,0.030303030303030276,0.3845452551094506,0.0,0.5699157185781403,0.4956935765226884,-0.6829968743182837,-0.651087827846492,-1.0,-1.8369701987210297e-16,-2.4492935982947064e-16,1.0,-2.4492935982947064e-16,1.0
0.0902751265746887,0.09568174107804124,1.5458209446114568,0.39122619189167684,0.9819013123125355,-0.20516083320391562,0.4953877901119818,-0.3364815626177918,2.557683537244945,-0.6826680894736445,-0.280551842604042,2.0636186397764007,-0.6505684099646967,0.030303030303030276,0.030303030303030276,0.030303030303030276,0.030303030303030276,0.22667835978372425,0.0,0.5133844884465627,0.8193127419458585,-0.6829968743182837,-0.651087827846492,-1.0,-1.8369701987210297e-16,0.25881904510252074,0.9659258262890683,0.7818314824680298,0.6234898018587336
0.6273210789953533,0.6746908290604611,1.5458209446114568,0.23300870538887822,0.6582718189721298,-0.20516083320391562,0.6571520933443734,0.4360979556200659,2.256026992919649,-0.6826680894736445,0.9104084845687505,1.9919008267491058,-0.6505684099646967,0.030303030303030276,0.030303030303030276,0.030303030303030276,0.030303030303030276,0.22667835978372425,0.0,0.48551772079523414,0.8193127419458585,-0.6829968743182837,-0.651087827846492,-1.0,-1.8369701987210297e-16,0.49999999999999994,0.8660254037844387,0.7818314824680298,0.6234898018587336
0.08951429936542052,1.2536999170428818,1.5458209446114568,0.1011607999698797,0.22676582785158886,-0.20516083320391562,0.818916396576765,1.146871112398895,1.710724778177768,-0.6826680894736445,1.3199077374648396,1.834804664879794,-0.6505684099646967,0.030303030303030276,0.030303030303030276,0.030303030303030276,0.030303030303030276,0.09512261367895261,0.0,0.4938756408410533,0.9811223246574435,-0.6829968743182837,-0.651087827846492,-1.0,-1.8369701987210297e-16,0.7071067811865476,0.7071067811865476,0.7818314824680298,0.6234898018587336
0.08970307575753009,1.5432044610340911,1.5458209446114568,-0.05705668653291797,-0.3126166610490873,-0.20516083320391562,0.9806806998091566,1.8267410884482098,0.9565834173645283,-0.6826680894736445,1.6406821522334425,1.5001215374190862,-0.6505684099646967,0.030303030303030276,1.0,0.030303030303030276,0.030303030303030276,0.09512261367895261,0.0,0.5087277003089107,0.9811223246574435,-0.6829968743182837,-0.651087827846492,-1.0,-1.8369701987210297e-16,0.8660254037844386,0.5000000000000001,0.7818314824680298,0.6234898018587336
0.08942849191446164,1.5432044610340911,1.2561526369543852,-0.18890459195191697,-0.3126166610490873,-0.04337505269897623,1.1424450030415483,2.247796925887842,0.12509422467300754,-0.6826680894736445,1.9136816541641686,0.8580763541271158,-0.6505684099646967,0.030303030303030276,1.0,0.030303030303030276,0.030303030303030276,-0.19430002775154487,0.0,0.5441438346113404,0.9811223246574435,-0.6829968743182837,-0.651087827846492,-1.0,-1.8369701987210297e-16,0.9659258262890683,0.25881904510252074,0.7818314824680298,0.6234898018587336
0.2051369907251516,1.5432044610340911,0.9664843292973129,0.1011607999698797,-0.04292541659874924,0.22626791480925612,0.9806806998091566,2.452530498220874,-0.5168927799167248,-0.6516836572980436,1.9478065919055094,-0.3508810654758497,-0.6505684099646967,0.030303030303030276,1.0,0.030303030303030276,0.030303030303030276,-0.19430002775154487,0.0,0.6218269875004078,0.9811223246574435,-0.6597664011266401,-0.6476693650484138,-1.0,-1.8369701987210297e-16,1.0,6.123233995736766e-17,0.7818314824680298,0.6234898018587336
0.21571989823575444,1.5432044610340911,0.8084834342116368,0.23300870538887822,-0.20474016326895209,0.33412510181254906,0.9806806998091566,2.5529658355917957,-0.6831906184550289,-0.4386656860907872,2.060418886451934,-0.6514128533997506,-0.6129883675316885,0.030303030303030276,1.0,0.030303030303030276,0.030303030303030276,0.09512261367895261,0.021104508809171654,0.662638599732623,0.9811223246574435,-0.33453977644363025,-0.2784753828559695,-1.0,-1.8369701987210297e-16,0.9659258262890683,-0.25881904510252063,0.7818314824680298,0.6234898018587336
0.3628911061827168,1.5432044610340911,0.6768160216402405,0.5230740973106753,-0.20474016326895209,0.4959108823174885,0.818916396576765,2.2516598234790313,-0.6831906184550289,0.10743493100417918,1.9887565171951183,-0.6514128533997506,-0.18252606329905005,0.030303030303030276,1.0,0.030303030303030276,0.030303030303030276,0.6739678965399476,0.1219427100496338,0.6889584827346498,0.6575031592342735,0.4398093299444885,0.9145681336733181,-1.0,-1.8369701987210297e-16,0.8660254037844387,-0.4999999999999998,0.7818314824680298,0.6234898018587336
0.0900806285417492,1.5432044610340911,0.6768160216402405,0.8131394892324716,-0.20474016326895209,0.4959108823174885,0.4953877901119818,1.7069912631213418,-0.6831906184550289,0.7890924388673997,1.8317818035849507,-0.6514128533997506,0.33676179577524396,0.030303030303030276,0.030303030303030276,0.030303030303030276,0.030303030303030276,1.2528131794009436,0.2324378555535971,0.7150402968035301,0.2260109386700467,1.1522105078215579,1.3247836694427007,-1.0,-1.8369701987210297e-16,0.7071067811865476,-0.7071067811865475,0.7818314824680298,0.6234898018587336
0.08971451217459388,1.5432044610340911,0.6768160216402405,1.2614223676570673,-0.20474016326895209,0.4959108823174885,0.0640163148256042,0.9537262328394306,-0.6831906184550289,1.6837679179378766,1.4973574137198113,-0.6514128533997506,0.9585406796668328,1.0,0.030303030303030276,0.030303030303030276,0.030303030303030276,1.5422358208314406,0.3906025018285918,0.7808127298449778,-0.31335433703523674,1.8336377214431023,1.6461191724620503,-1.0,-1.8369701987210297e-16,0.49999999999999994,-0.8660254037844387,0.7818314824680298,0.6234898018587336
0.0912361665931302,1.2536999170428818,0.6768160216402405,1.8415531515006607,-0.04292541659874924,0.33412510181254906,-0.529119463693165,0.12320325073373355,-0.6831906184550289,2.307329615471845,0.8558085841826051,-0.6514128533997506,1.6008177685218805,1.0,0.030303030303030276,0.030303030303030276,0.030303030303030276,1.5422358208314406,0.5103166688805613,0.8052562321893271,-0.31335433703523674,2.255657984424627,1.9195961963083052,-1.0,-1.8369701987210297e-16,0.258819045102521,-0.9659258262890682,0.7818314824680298,0.6234898018587336
0.09187114516252402,0.9641953730516715,0.38714771398316894,1.9997706380034583,0.22676582785158886,0.8194824433273673,-0.7448052013363538,-0.5180377494036883,-0.6831906184550289,2.2608529672084434,-0.35221421186085755,-0.6514128533997506,1.5085758461863152,1.0,0.030303030303030276,0.030303030303030276,0.030303030303030276,1.5422358208314406,0.4924108119798944,0.8025066077189957,-0.043671699182595024,2.4608604976174786,1.953780824289087,-1.0,-1.8369701987210297e-16,1.2246467991473532e-16,-1.0,0.7818314824680298,0.6234898018587336
0.09064123607724792,0.8062838036019201,0.38714771398316894,1.8415531515006607,0.3346423256317241,0.4959108823174885,-0.6369623325147594,-0.6841423458248278,-0.6831906184550289,2.400282911998648,-0.6525136639846563,-0.6514128533997506,1.8365471256016588,1.0,0.030303030303030276,0.030303030303030276,0.030303030303030276,1.5422358208314406,0.19840011791117346,0.8212442922742789,-0.20548128189418005,2.561525881447934,2.066590096625667,-1.0,-1.8369701987210297e-16,-0.2588190451025208,-0.9659258262890683,0.7818314824680298,0.6234898018587336
0.4663062460783699,0.6746908290604611,0.22914681889749292,1.7097052460816622,0.4964570723019269,0.6576966628224279,-0.4212765948715706,-0.6841423458248278,-0.6831906184550289,2.198884102857242,-0.6525136639846563,-0.6514128533997506,1.8433798605894784,1.0,0.030303030303030276,0.030303030303030276,0.030303030303030276,1.5422358208314406,0.2669689963223805,0.8099801180684638,-0.20548128189418005,2.2595297299565678,1.9948023778660253,-1.0,-1.8369701987210297e-16,-0.4999999999999997,-0.8660254037844388,0.7818314824680298,0.6234898018587336
0.14041527927423347,0.6746908290604611,0.09747940632609654,1.5514877595788634,0.4964570723019269,0.8194824433273673,-0.2055908572283818,-0.6841423458248278,-0.6831906184550289,1.637291269674475,-0.6525136639846563,-0.6514128533997506,1.6486469134366182,0.030303030303030276,0.030303030303030276,0.030303030303030276,0.030303030303030276,1.5422358208314406,0.14865179674574527,0.8223899734052209,-0.20548128189418005,1.713613609952944,1.8375530891544287,-1.0,-1.8369701987210297e-16,-0.7071067811865471,-0.7071067811865479,0.7818314824680298,0.6234898018587336
0.5257708095928799,0.6746908290604611,-0.06052148875957856,1.419639854159865,0.4964570723019269,0.9812682238323067,-0.2055908572283818,-0.6841423458248278,-0.6831906184550289,0.9052840595259032,-0.6525136639846563,-0.6514128533997506,1.3240920015151845,0.030303030303030276,0.030303030303030276,1.0,1.0,1.5422358208314406,0.08900814117154193,0.8303954510394693,-0.20548128189418005,0.9586232312245281,1.5025437349427664,-1.0,-1.8369701987210297e-16,-0.8660254037844385,-0.5000000000000004,0.7818314824680298,0.6234898018587336
0.4088953637721295,0.6746908290604611,-0.1921889013309754,1.2614223676570673,0.3346423256317241,1.1430540043372461,-0.04382655399599019,-0.6841423458248278,-0.6831906184550289,0.07257744480662813,-0.6525136639846563,-0.6514128533997506,0.6305694002514892,0.030303030303030276,0.030303030303030276,1.0,1.0,1.2528131794009436,0.08666319574830063,0.8283671016802758,-0.043671699182595024,0.12619794185730043,0.859872728904067,-1.0,-1.8369701987210297e-16,-0.9659258262890683,-0.25881904510252063,0.7818314824680298,0.6234898018587336
0.90919285778056,0.3851862850692516,0.09747940632609654,0.8131394892324716,0.8200865656423326,0.9812682238323067,0.2257806180579958,-0.6841423458248278,-0.6522514857037165,-0.5277459285956398,-0.6525136639846563,-0.6514128533997506,-0.4558354628118364,0.030303030303030276,0.030303030303030276,1.0,1.0,0.9633905379704456,0.05684413799034572,0.8169392806927476,0.2260109386700467,-0.5165118164448381,-0.3502631016156114,-1.0,-1.8369701987210297e-16,-1.0,-1.8369701987210297e-16,0.7818314824680298,0.6234898018587336
0.9378467801401245,0.3851862850692516,0.22914681889749292,0.681291583813473,0.4964570723019269,0.9812682238323067,0.4953877901119818,-0.6841423458248278,-0.4395449480384438,-0.6826680894736445,-0.6525136639846563,-0.613846379909263,-0.6505684099646967,0.030303030303030276,0.030303030303030276,1.0,1.0,0.8055236426447192,0.0,0.8273178671502621,0.3338839938111034,-0.6829968743182837,-0.651087827846492,-1.0,-1.8369701987210297e-16,-0.9659258262890684,0.2588190451025203,0.7818314824680298,0.6234898018587336
0.6669526574629119,0.22727471561950033,0.5188151265545653,0.681291583813473,0.6582718189721298,0.8194824433273673,0.4953877901119818,-0.6841423458248278,0.10575726670343728,-0.6826680894736445,-0.6525136639846563,-0.1835395017454957,-0.6505684099646967,0.030303030303030276,0.030303030303030276,1.0,1.0,0.6739678965399476,0.0,0.81310723135921,0.4956935765226884,-0.6829968743182837,-0.651087827846492,-1.0,-1.8369701987210297e-16,-0.8660254037844386,0.5000000000000001,0.7818314824680298,0.6234898018587336
0.8664492833275851,0.09568174107804124,0.8084834342116368,0.681291583813473,0.8200865656423326,0.4959108823174885,0.4953877901119818,-0.6841423458248278,0.78641818723231,-0.6826680894736445,-0.6525136639846563,0.33556085921396966,-0.6505684099646967,0.030303030303030276,0.030303030303030276,0.030303030303030276,0.030303030303030276,0.6739678965399476,0.0,0.790197552653416,0.4956935765226884,-0.6829968743182837,-0.651087827846492,-1.0,-1.8369701987210297e-16,-0.7071067811865477,0.7071067811865474,0.7818314824680298,0.6234898018587336
0.2906812873934399,-0.06222982837170911,1.2561526369543852,0.5230740973106753,0.9819013123125355,0.06448213430431671,0.818916396576765,-0.6841423458248278,1.6797856454264555,-0.6826680894736445,-0.6525136639846563,0.9571152387838558,-0.6505684099646967,0.030303030303030276,0.030303030303030276,0.030303030303030276,0.030303030303030276,0.6739678965399476,0.0,0.7362148586463149,0.4956935765226884,-0.6829968743182837,-0.651087827846492,-1.0,-1.8369701987210297e-16,-0.5000000000000004,0.8660254037844384,0.7818314824680298,0.6234898018587336
0.8358732054205807,-0.19382280291316867,1.835489252268529,0.5230740973106753,1.1437160589827384,-0.5287323942137945,0.818916396576765,-0.6841423458248278,2.302435692046618,-0.6826680894736445,-0.6525136639846563,1.5991604220758262,-0.6505684099646967,0.030303030303030276,0.030303030303030276,0.030303030303030276,0.030303030303030276,0.6739678965399476,0.0,0.6838148518238574,0.3338839938111034,-0.6829968743182837,-0.651087827846492,-1.0,-1.8369701987210297e-16,-0.25881904510252157,0.9659258262890681,0.7818314824680298,0.6234898018587336
0.2820032881326342,0.09568174107804124,1.9934901473542042,0.39122619189167684,0.9819013123125355,-0.7444467682203804,0.818916396576765,-0.6532391650953134,2.256026992919649,-0.6826680894736445,-0.6525136639846563,1.5069518053264475,-0.6505684099646967,0.030303030303030276,0.030303030303030276,0.030303030303030276,0.030303030303030276,0.3845452551094506,0.0,0.608526320011051,0.8193127419458585,-0.6829968743182837,-0.651087827846492,-1.0,-1.8369701987210297e-16,-2.4492935982947064e-16,1.0,0.7818314824680298,0.6234898018587336
0.17806186711416402,0.22727471561950033,1.835489252268529,0.23300870538887822,0.9819013123125355,-0.6365895812170874,0.9806806998091566,-0.4407797975799026,2.395253090300555,-0.6826680894736445,-0.6149762324691814,1.834804664879794,-0.6505684099646967,0.030303030303030276,0.030303030303030276,0.030303030303030276,0.030303030303030276,0.3845452551094506,0.0,0.5632592128656384,0.4956935765226884,-0.6829968743182837,-0.651087827846492,-1.0,-1.8369701987210297e-16,0.25881904510252074,0.9659258262890683,0.9749279121818236,-0.22252093395631434
0.17818198724861237,0.5167792596107107,1.7038218396971327,0.23300870538887822,0.8200865656423326,-0.4208752072105015,0.9806806998091566,0.10388876277778711,2.194148727417024,-0.6826680894736445,-0.18500201692828788,1.8416349327871555,-0.6505684099646967,0.030303030303030276,0.030303030303030276,0.030303030303030276,0.030303030303030276,0.22667835978372425,0.0,0.5514782323914397,0.6575031592342735,-0.6829968743182837,-0.651087827846492,-1.0,-1.8369701987210297e-16,0.49999999999999994,0.8660254037844387,0.9749279121818236,-0.22252093395631434
0.17771291223720048,0.8062838036019201,1.5458209446114568,0.1011607999698797,0.4964570723019269,-0.20516083320391562,0.9806806998091566,0.7837587388271019,1.633376946299487,-0.6826680894736445,0.3336970367400916,1.646972297427356,-0.6505684099646967,0.030303030303030276,0.030303030303030276,0.030303030303030276,0.030303030303030276,0.09512261367895261,0.0,0.5604255881693261,0.8193127419458585,-0.6829968743182837,-0.651087827846492,-1.0,-1.8369701987210297e-16,0.7071067811865476,0.7071067811865476,0.9749279121818236,-0.22252093395631434
0.17813050277803702,1.2536999170428818,1.4141535320400604,-0.05705668653291797,0.064951081181386,-0.20516083320391562,1.1424450030415483,1.6760880823918276,0.9024399350497316,-0.6826680894736445,0.9547709036324934,1.32253457182769,-0.6505684099646967,0.030303030303030276,1.0,0.030303030303030276,0.030303030303030276,-0.06274428164677277,0.0,0.5729718414340026,0.9811223246574435,-0.6829968743182837,-0.651087827846492,-1.0,-1.8369701987210297e-16,0.8660254037844386,0.5000000000000001,0.9749279121818236,-0.22252093395631434
0.17773007715969033,1.8327090050253017,1.2561526369543852,-0.05705668653291797,-0.5283696566093578,-0.04337505269897623,0.9806806998091566,2.298014594573303,0.07095074235821083,-0.6826680894736445,1.5963197331696997,0.6292623792305093,-0.6505684099646967,0.030303030303030276,1.0,0.030303030303030276,0.030303030303030276,-0.19430002775154487,0.0,0.5834508696251443,1.1429319073690285,-0.6829968743182837,-0.651087827846492,-1.0,-1.8369701987210297e-16,0.9659258262890683,0.25881904510252074,0.9749279121818236,-0.22252093395631434
0.2646072621512995,1.990620574475052,0.8084834342116368,-0.05705668653291797,-0.7441226521696283,0.22626791480925612,1.1424450030415483,2.2516598234790313,-0.528494954698467,-0.6555567113199937,1.5041824012680796,-0.45675021803995114,-0.6505684099646967,0.030303030303030276,1.0,0.030303030303030276,0.030303030303030276,0.09512261367895261,0.0,0.6271839482534022,0.9811223246574435,-0.6520229100627589,-0.651087827846492,-1.0,-1.8369701987210297e-16,1.0,6.123233995736766e-17,0.9749279121818236,-0.22252093395631434
0.2442365629967651,1.8327090050253017,0.6768160216402405,0.39122619189167684,-0.6362461543894931,0.4959108823174885,0.818916396576765,2.3907241367618455,-0.6831906184550289,-0.46965011826638814,1.8317818035849507,-0.6514128533997506,-0.4558354628118364,0.030303030303030276,1.0,0.030303030303030276,0.030303030303030276,0.22667835978372425,0.013293568114724017,0.6733037089121727,0.9811223246574435,-0.43907690580602626,-0.6134847370676318,-1.0,-1.8369701987210297e-16,0.9659258262890683,-0.25881904510252063,0.9749279121818236,-0.22252093395631434
0.1650420176994346,1.7011160304838424,0.6768160216402405,1.1295744622380688,-0.42049315882922256,0.4959108823174885,0.3875449212903874,2.1898534620200025,-0.6831906184550289,0.2778493079699843,1.838606791133219,-0.6514128533997506,0.31626359081178496,0.030303030303030276,1.0,0.030303030303030276,0.030303030303030276,0.5161010012142222,0.11552321406827822,0.7033428555784627,0.8193127419458585,0.10683921419759745,-0.18275842450978025,-1.0,-1.8369701987210297e-16,0.8660254037844387,-0.4999999999999998,0.9749279121818236,-0.22252093395631434
0.12468391784150122,1.5432044610340911,0.6768160216402405,1.5514877595788634,-0.20474016326895209,0.4959108823174885,-0.2055908572283818,1.629733311297556,-0.6831906184550289,1.0911906525795088,1.6440946460075767,-0.6514128533997506,0.8013877749469807,0.030303030303030276,0.030303030303030276,0.030303030303030276,0.030303030303030276,0.8055236426447192,0.13405548073017648,0.7425235317157448,0.4956935765226884,0.788266427819142,0.33684792079810427,-1.0,-1.8369701987210297e-16,0.7071067811865476,-0.7071067811865475,0.9749279121818236,-0.22252093395631434
0.12428347849396235,1.4116114864926321,0.5188151265545653,1.8415531515006607,-0.20474016326895209,0.8194824433273673,-0.529119463693165,0.8996456665627806,-0.6831906184550289,1.6915140259817767,1.3199077374648396,-0.6514128533997506,1.0029534570876606,1.0,0.030303030303030276,0.030303030303030276,0.030303030303030276,1.2528131794009436,0.28542364362768763,0.7819606646405195,0.06420135595846167,1.6826396456974193,0.9590081500483345,-1.0,-1.8369701987210297e-16,0.49999999999999994,-0.8660254037844387,0.9749279121818236,-0.22252093395631434
0.12267029841593523,1.2536999170428818,0.5188151265545653,2.131618543422457,-0.04292541659874924,0.8194824433273673,-0.9604909389795426,0.0691226844570835,-0.6831906184550289,2.2995835074279447,0.627171501315622,-0.6514128533997506,1.3445902064786435,1.0,0.030303030303030276,0.030303030303030276,0.030303030303030276,1.8316584622619385,0.1923187863429953,0.8092844527823204,-0.5291004473173502,2.3059906763398548,1.6016791560870338,-1.0,-1.8369701987210297e-16,0.258819045102521,-0.9659258262890682,0.9749279121818236,-0.22252093395631434
0.12440932713383669,0.8062838036019201,0.38714771398316894,2.2898360299252554,0.22676582785158886,0.8194824433273673,-1.068333807801137,-0.5296264421772562,-0.6831906184550289,2.415775128086448,-0.4580015188590139,-0.6514128533997506,1.652063280930528,1.0,0.030303030303030276,0.030303030303030276,0.030303030303030276,1.989525357587664,0.23657894269078447,0.8134339102868364,-0.7448465575994635,2.2595297299565678,1.5093806605389228,-1.0,-1.8369701987210297e-16,1.2246467991473532e-16,-1.0,0.9749279121818236,-0.22252093395631434
0.122378553082675,0.6746908290604611,0.22914681889749292,2.131618543422457,0.4964570723019269,0.9812682238323067,-0.8526480701579482,-0.6841423458248278,-0.6831906184550289,2.48549010048155,-0.6525136639846563,-0.6514128533997506,1.7853016131930113,1.0,0.030303030303030276,0.030303030303030276,0.030303030303030276,1.8316584622619385,0.1767135304508426,0.815124927031206,-0.6369735024584068,2.3989125691064292,1.8375530891544287,-1.0,-1.8369701987210297e-16,-0.2588190451025208,-0.9659258262890683,0.9749279121818236,-0.22252093395631434
0.12487841244214268,0.6746908290604611,0.22914681889749292,1.9997706380034583,0.4964570723019269,0.9812682238323067,-0.6369623325147594,-0.6841423458248278,-0.6831906184550289,2.14853440057189,-0.6525136639846563,-0.6514128533997506,1.6759778533878968,1.0,0.030303030303030276,0.030303030303030276,0.030303030303030276,1.700102716157167,0.14577466778808942,0.8213719828617001,-0.42122739217629346,2.1975818014455184,1.8443900147505852,-1.0,-1.8369701987210297e-16,-0.4999999999999997,-0.8660254037844388,0.9749279121818236,-0.22252093395631434
0.15342368883960106,0.6746908290604611,0.09747940632609654,1.8415531515006607,0.4964570723019269,0.9812682238323067,-0.4212765948715706,-0.6841423458248278,-0.6831906184550289,1.5830685133671736,-0.6525136639846563,-0.6514128533997506,1.470995803753307,0.030303030303030276,0.030303030303030276,0.030303030303030276,0.030303030303030276,1.5422358208314406,0.08769984656007615,0.8085306019737901,-0.20548128189418005,1.636178699314132,1.6495376352601285,-1.0,-1.8369701987210297e-16,-0.7071067811865471,-0.7071067811865479,0.9749279121818236,-0.22252093395631434
0.1836336297856619,0.5167792596107107,-0.06052148875957856,1.7097052460816622,0.8200865656423326,1.1430540043372461,-0.15166942281758458,-0.6841423458248278,-0.6831906184550289,0.8278229790869008,-0.6525136639846563,-0.6514128533997506,1.0815299094475865,0.030303030303030276,0.030303030303030276,1.0,1.0,1.410680074726669,0.10571657381081931,0.8064204036139149,-0.20548128189418005,0.9044187937773598,1.3247836694427007,-1.0,-1.8369701987210297e-16,-0.8660254037844385,-0.5000000000000004,0.9749279121818236,-0.22252093395631434
0.12516443613457295,0.5167792596107107,-0.06052148875957856,1.5514877595788634,0.8200865656423326,0.9812682238323067,-0.2055908572283818,-0.6841423458248278,-0.6831906184550289,0.0183546884993265,-0.6525136639846563,-0.6514128533997506,0.39825641066562084,0.030303030303030276,0.030303030303030276,1.0,1.0,1.2528131794009436,0.30727653927406395,0.800923254678902,-0.043671699182595024,0.07199350441013211,0.6308357214328284,-1.0,-1.8369701987210297e-16,-0.9659258262890683,-0.25881904510252063,0.9749279121818236,-0.22252093395631434
0.14993418125754218,0.3851862850692516,-0.06052148875957856,0.9713569757352701,0.8200865656423326,1.1430540043372461,0.3336234868795902,-0.6841423458248278,-0.6561188772976306,-0.5354920366395401,-0.6525136639846563,-0.6514128533997506,-0.544661017653492,0.030303030303030276,0.030303030303030276,1.0,1.0,0.8055236426447192,0.04007472745680564,0.8018006472832047,0.2260109386700467,-0.52812705304066,-0.45623544835603524,-1.0,-1.8369701987210297e-16,-1.0,-1.8369701987210297e-16,0.9749279121818236,-0.22252093395631434
0.6695211833769348,0.22727471561950033,0.38714771398316894,0.681291583813473,0.9819013123125355,0.8194824433273673,0.6571520933443734,-0.6841423458248278,-0.4704840807897562,-0.6826680894736445,-0.6525136639846563,-0.45675021803995114,-0.6505684099646967,0.030303030303030276,0.030303030303030276,1.0,1.0,0.6739678965399476,0.0,0.7848046869257794,0.4956935765226884,-0.6829968743182837,-0.651087827846492,-1.0,-1.8369701987210297e-16,-0.9659258262890684,0.2588190451025203,0.9749279121818236,-0.22252093395631434
0.5939763035527289,0.22727471561950033,1.1244852243829888,0.5230740973106753,0.9819013123125355,0.38805369531419553,0.818916396576765,-0.6841423458248278,0.2759224968356555,-0.6826680894736445,-0.6525136639846563,0.31507005549188555,-0.6505684099646967,0.030303030303030276,0.030303030303030276,1.0,1.0,0.6739678965399476,0.0,0.7940157726814565,0.4956935765226884,-0.6829968743182837,-0.651087827846492,-1.0,-1.8369701987210297e-16,-0.8660254037844386,0.5000000000000001,0.9749279121818236,-0.22252093395631434
0.6408986665444213,0.09568174107804124,1.5458209446114568,0.5230740973106753,0.9819013123125355,-0.20516083320391562,0.9806806998091566,-0.6841423458248278,1.0880747315576058,-0.6826680894736445,-0.6525136639846563,0.800019076914544,-0.6505684099646967,0.030303030303030276,0.030303030303030276,0.030303030303030276,0.030303030303030276,0.6739678965399476,0.0,0.7469593582833467,0.4956935765226884,-0.6829968743182837,-0.651087827846492,-1.0,-1.8369701987210297e-16,-0.7071067811865477,0.7071067811865474,0.9749279121818236,-0.22252093395631434
0.6878210295361137,-0.06222982837170911,1.835489252268529,0.5230740973106753,1.1437160589827384,-0.5287323942137945,0.9806806998091566,-0.6841423458248278,1.6875204286142838,-0.6826680894736445,-0.6525136639846563,1.001511980181705,-0.6505684099646967,0.030303030303030276,0.030303030303030276,0.030303030303030276,0.030303030303030276,0.5161010012142222,0.0,0.6893949253722016,0.8193127419458585,-0.6829968743182837,-0.651087827846492,-1.0,-1.8369701987210297e-16,-0.5000000000000004,0.8660254037844384,0.9749279121818236,-0.22252093395631434
0.38582458901665606,-0.06222982837170911,2.1251575599256007,0.5230740973106753,0.9819013123125355,-0.9601611422269661,0.9806806998091566,-0.6841423458248278,2.2947009088587897,-0.6826680894736445,-0.6525136639846563,1.3430253755497743,-0.6505684099646967,0.030303030303030276,0.030303030303030276,0.030303030303030276,0.030303030303030276,0.5161010012142222,0.0,0.6387161548876069,0.8193127419458585,-0.6829968743182837,-0.651087827846492,-1.0,-1.8369701987210297e-16,-0.25881904510252157,0.9659258262890681,0.9749279121818236,-0.22252093395631434
0.12228988995974821,-0.06222982837170911,2.2831584550112765,0.39122619189167684,1.1437160589827384,-1.0680183292302592,0.9806806998091566,-0.6571020626865027,2.410722656676211,-0.6826680894736445,-0.6525136639846563,1.6503874313810367,-0.6505684099646967,0.030303030303030276,0.030303030303030276,0.030303030303030276,0.030303030303030276,0.3845452551094506,0.0,0.6135606481887681,0.8193127419458585,-0.6829968743182837,-0.651087827846492,-1.0,-1.8369701987210297e-16,-2.4492935982947064e-16,1.0,0.9749279121818236,-0.22252093395631434
0.12079397434420151,0.3851862850692516,2.1251575599256007,0.23300870538887822,0.8200865656423326,-0.8523039552236732,1.1424450030415483,-0.4716829783094169,2.480335705366664,-0.6826680894736445,-0.4580015188590139,1.7835776555745837,-0.6505684099646967,0.030303030303030276,0.030303030303030276,0.030303030303030276,0.030303030303030276,0.22667835978372425,0.0,0.5716755745320943,0.9811223246574435,-0.6829968743182837,-0.651087827846492,-1.0,-1.8369701987210297e-16,0.25881904510252074,0.9659258262890683,0.43388373911755823,-0.900968867902419
0.12069100883534889,1.1221069425014227,1.9934901473542042,0.23300870538887822,0.3885805745217917,-0.6365895812170874,0.9806806998091566,0.27385625679011577,2.1438726366961416,-0.6826680894736445,0.31322207409528713,1.6742933690568014,-0.6505684099646967,0.030303030303030276,0.030303030303030276,0.030303030303030276,0.030303030303030276,0.22667835978372425,0.0,0.5428427530623331,0.9811223246574435,-0.6829968743182837,-0.651087827846492,-1.0,-1.8369701987210297e-16,0.49999999999999994,0.8660254037844387,0.43388373911755823,-0.900968867902419
0.1207653730046479,1.5432044610340911,1.835489252268529,0.1011607999698797,-0.20474016326895209,-0.4208752072105015,1.358130740684737,1.0850647509398663,1.5792334639846903,-0.6826680894736445,0.7977961900223258,1.4693853318359598,-0.6505684099646967,0.030303030303030276,0.030303030303030276,0.030303030303030276,0.030303030303030276,0.09512261367895261,0.0,0.5317640452091265,0.9811223246574435,-0.6829968743182837,-0.651087827846492,-1.0,-1.8369701987210297e-16,0.7071067811865476,0.7071067811865476,0.43388373911755823,-0.900968867902419
0.12078253449483968,1.8327090050253017,1.7038218396971327,0.23300870538887822,-0.5283696566093578,-0.15123223970226915,1.358130740684737,1.6838138775742062,0.8250921031714507,-0.6826680894736445,0.9991333226962363,1.0800600611163609,-0.6505684099646967,0.030303030303030276,1.0,0.030303030303030276,0.030303030303030276,-0.06274428164677277,0.0,0.5424103567771303,1.1429319073690285,-0.6829968743182837,-0.651087827846492,-1.0,-1.8369701987210297e-16,0.8660254037844386,0.5000000000000001,0.43388373911755823,-0.900968867902419
0.12055943512234657,2.122213549016511,1.5458209446114568,0.23300870538887822,-0.9598756477298988,-0.20516083320391562,1.358130740684737,2.290288799390924,0.01680726004341413,-0.6826680894736445,1.340382700109644,0.3970332703802222,-0.6505684099646967,0.030303030303030276,1.0,0.030303030303030276,0.030303030303030276,-0.06274428164677277,0.0,0.5663544675340918,0.9811223246574435,-0.6829968743182837,-0.651087827846492,-1.0,-1.8369701987210297e-16,0.9659258262890683,0.25881904510252074,0.43388373911755823,-0.900968867902419
0.16992732076326134,2.2801251184662625,0.9664843292973129,0.23300870538887822,-1.067752145510034,0.33412510181254906,1.1424450030415483,2.4061757271266027,-0.536229737886295,-0.6555567113199937,1.6475071397817107,-0.5455437008356492,-0.6403193074829672,0.030303030303030276,1.0,0.030303030303030276,0.030303030303030276,-0.06274428164677277,0.0,0.6276185469835543,1.1429319073690285,-0.6558946555946995,-0.651087827846492,-1.0,-1.8369701987210297e-16,1.0,6.123233995736766e-17,0.43388373911755823,-0.900968867902419
0.0869057528562703,2.122213549016511,0.6768160216402405,0.39122619189167684,-0.8519991499497634,0.6576966628224279,0.9806806998091566,2.47570788376801,-0.6831906184550289,-0.4231734700029868,1.7805943969729396,-0.6514128533997506,-0.3875081129336398,0.030303030303030276,1.0,0.030303030303030276,0.030303030303030276,0.3845452551094506,0.033588708201031846,0.6495035765913291,0.8193127419458585,-0.47005087006155105,-0.45623544835603524,-1.0,-1.8369701987210297e-16,0.9659258262890683,-0.25881904510252063,0.43388373911755823,-0.900968867902419
0.09140777806274994,1.990620574475052,0.5188151265545653,0.681291583813473,-0.6362461543894931,0.8194824433273673,0.6571520933443734,2.139635793334542,-0.6831906184550289,0.0880696608944286,1.6713945962006493,-0.6514128533997506,-0.3533444379945415,0.030303030303030276,1.0,0.030303030303030276,0.030303030303030276,1.121257433296172,0.06318047987867857,0.7106921582767085,0.38782052138163176,0.27719601760298357,0.31633714400963514,-1.0,-1.8369701987210297e-16,0.8660254037844387,-0.4999999999999998,0.43388373911755823,-0.900968867902419
0.09022364553641139,1.8327090050253017,0.5188151265545653,0.9713569757352701,-0.42049315882922256,0.9812682238323067,0.3336234868795902,1.5756527450209061,-0.6831906184550289,0.7426157906039983,1.4666449697526047,-0.6514128533997506,-0.07661867098784536,0.030303030303030276,0.030303030303030276,0.030303030303030276,0.030303030303030276,1.5422358208314406,0.1708982919803372,0.7491686666659494,-0.20548128189418005,1.0902625793105083,0.8017588613367378,-1.0,-1.8369701987210297e-16,0.7071067811865476,-0.7071067811865475,0.43388373911755823,-0.900968867902419
0.08897657152864547,1.7011160304838424,0.5188151265545653,1.2614223676570673,-0.15080191437888446,0.9812682238323067,0.2257806180579958,0.8223877147389947,-0.6831906184550289,1.838690078815881,1.0776206795013201,-0.6514128533997506,1.969785457864142,1.0,0.030303030303030276,0.030303030303030276,0.030303030303030276,1.8316584622619385,0.2585981465232063,0.8090873595691648,-0.5291004473173502,1.6903831367613005,1.003448166423351,-1.0,-1.8369701987210297e-16,0.49999999999999994,-0.8660254037844387,0.43388373911755823,-0.900968867902419
0.09214573243789051,1.5432044610340911,0.5188151265545653,1.419639854159865,-0.20474016326895209,0.9812682238323067,-0.04382655399599019,0.015042118180433467,-0.6831906184550289,2.4273942901522987,0.39512192467450497,-0.6514128533997506,2.2635930623403873,1.0,0.030303030303030276,0.030303030303030276,0.030303030303030276,2.1210811036924357,0.5535567972523865,0.8357248044011201,-0.9605926678815769,2.2982471852759736,1.3452944462311698,-1.0,-1.8369701987210297e-16,0.258819045102521,-0.9659258262890682,0.43388373911755823,-0.900968867902419
0.1369257716921746,0.9641953730516715,0.38714771398316894,1.5514877595788634,0.3346423256317241,0.9812682238323067,-0.3134337260499762,-0.5373522373596348,-0.6831906184550289,2.617173937227854,-0.5467263569864999,-0.6514128533997506,2.290924002291666,1.0,0.030303030303030276,0.030303030303030276,0.030303030303030276,2.278947999018162,0.633623106055768,0.8390921890699623,-1.0684657230226335,2.4143995512341916,1.6529560980582065,-1.0,-1.8369701987210297e-16,1.2246467991473532e-16,-1.0,0.43388373911755823,-0.900968867902419
0.1816314467771597,0.6746908290604611,0.22914681889749292,1.5514877595788634,0.6582718189721298,1.1430540043372461,-0.3134337260499762,-0.6841423458248278,-0.6831906184550289,2.5784433970083533,-0.6525136639846563,-0.6514128533997506,2.3011731047733957,1.0,0.030303030303030276,0.030303030303030276,0.030303030303030276,2.1210811036924357,0.5912644110699838,0.8504067121917158,-0.8527196127405202,2.484090970809122,1.786276147183256,-1.0,-1.8369701987210297e-16,-0.2588190451025208,-0.9659258262890683,0.43388373911755823,-0.900968867902419
0.2942623274995857,0.5167792596107107,0.22914681889749292,1.5514877595788634,0.8200865656423326,0.9812682238323067,-0.3134337260499762,-0.6841423458248278,-0.6831906184550289,2.272472129274294,-0.6525136639846563,-0.6514128533997506,2.2430948573769283,1.0,0.030303030303030276,0.030303030303030276,0.030303030303030276,1.989525357587664,0.6231734039310253,0.8222222290515087,-0.6369735024584068,2.1472491095302906,1.676885337644754,-1.0,-1.8369701987210297e-16,-0.4999999999999997,-0.8660254037844388,0.43388373911755823,-0.900968867902419
0.2899147385433418,0.5167792596107107,0.09747940632609654,1.419639854159865,0.9819013123125355,1.358768378343832,-0.2055908572283818,-0.6841423458248278,-0.6831906184550289,1.563703243257423,-0.6525136639846563,-0.6514128533997506,1.9151235779615847,0.030303030303030276,0.030303030303030276,0.030303030303030276,0.030303030303030276,1.8316584622619385,0.5186930667208219,0.773143355553954,-0.42122739217629346,1.5819742618669637,1.4717775697600626,-1.0,-1.8369701987210297e-16,-0.7071067811865471,-0.7071067811865479,0.43388373911755823,-0.900968867902419
0.5565928459773128,0.5167792596107107,0.22914681889749292,1.1295744622380688,0.9819013123125355,1.358768378343832,-0.04382655399599019,-0.6841423458248278,-0.6831906184550289,0.80071160093325,-0.6525136639846563,-0.6514128533997506,0.6408185027332187,0.030303030303030276,0.030303030303030276,1.0,1.0,1.700102716157167,0.4308379867694254,0.7485148990534967,-0.15154475432365172,0.826983883138548,1.0820728107791493,-1.0,-1.8369701987210297e-16,-0.8660254037844385,-0.5000000000000004,0.43388373911755823,-0.900968867902419
0.4794119269701444,0.5167792596107107,0.22914681889749292,0.8131394892324716,0.9819013123125355,1.358768378343832,0.2257806180579958,-0.6841423458248278,-0.6831906184550289,-0.13269441835672804,-0.6525136639846563,-0.6514128533997506,-0.22693884071987783,0.030303030303030276,0.030303030303030276,1.0,1.0,1.5422358208314406,0.22327982254357753,0.775844884772946,-0.20548128189418005,0.017789066962963798,0.39838025116351167,-1.0,-1.8369701987210297e-16,-0.9659258262890683,-0.25881904510252063,0.43388373911755823,-0.900968867902419
0.11735023645648411,0.3851862850692516,0.22914681889749292,0.681291583813473,0.9819013123125355,1.1430540043372461,0.4953877901119818,-0.6841423458248278,-0.6561188772976306,-0.5742225768590413,-0.6525136639846563,-0.6411674515387086,-0.6095720000377787,0.030303030303030276,0.030303030303030276,1.0,1.0,0.9633905379704456,0.016619731835633655,0.807206164264388,0.3338839938111034,-0.5358705441045412,-0.5451154811060681,-1.0,-1.8369701987210297e-16,-1.0,-1.8369701987210297e-16,0.43388373911755823,-0.900968867902419
0.374395036548932,0.22727471561950033,0.38714771398316894,0.681291583813473,1.1437160589827384,0.9812682238323067,0.4953877901119818,-0.6841423458248278,-0.4240753816627876,-0.6826680894736445,-0.6525136639846563,-0.38844753896633727,-0.6505684099646967,0.030303030303030276,0.030303030303030276,1.0,1.0,0.6739678965399476,0.0,0.8052029637533389,0.6575031592342735,-0.6829968743182837,-0.651087827846492,-1.0,-1.8369701987210297e-16,-0.9659258262890684,0.2588190451025203,0.43388373911755823,-0.900968867902419
0.5731479863976348,0.22727471561950033,0.6768160216402405,0.5230740973106753,0.9819013123125355,0.6576966628224279,0.6571520933443734,-0.6841423458248278,0.08642030873386704,-0.6826680894736445,-0.6525136639846563,-0.35429619942953033,-0.6505684099646967,0.030303030303030276,0.030303030303030276,1.0,1.0,0.5161010012142222,0.0,0.7936734205409337,0.8193127419458585,-0.6829968743182837,-0.651087827846492,-1.0,-1.8369701987210297e-16,-0.8660254037844386,0.5000000000000001,0.43388373911755823,-0.900968867902419
0.3677363783545222,0.09568174107804124,0.9664843292973129,0.5230740973106753,1.3594690545430088,0.33412510181254906,0.818916396576765,-0.6841423458248278,0.7400094881053415,-0.6826680894736445,-0.6525136639846563,-0.0776703491813942,-0.6505684099646967,0.030303030303030276,0.030303030303030276,0.030303030303030276,0.030303030303030276,0.5161010012142222,0.0,0.740665641351713,0.9811223246574435,-0.6829968743182837,-0.651087827846492,-1.0,-1.8369701987210297e-16,-0.7071067811865477,0.7071067811865474,0.43388373911755823,-0.900968867902419
0.7979691712016872,0.22727471561950033,1.2561526369543852,0.5230740973106753,1.3594690545430088,0.22626791480925612,0.818916396576765,-0.6841423458248278,1.8344813091830177,-0.6826680894736445,-0.6525136639846563,1.9679948890733412,-0.6505684099646967,0.030303030303030276,0.030303030303030276,0.030303030303030276,0.030303030303030276,0.5161010012142222,0.0,0.6388054819571867,0.9811223246574435,-0.6829968743182837,-0.651087827846492,-1.0,-1.8369701987210297e-16,-0.5000000000000004,0.8660254037844384,0.43388373911755823,-0.900968867902419
0.5032892917646313,0.22727471561950033,1.4141535320400604,0.39122619189167684,1.3594690545430088,-0.04337505269897623,0.9806806998091566,-0.6841423458248278,2.4223248314579533,-0.6826680894736445,-0.6525136639846563,2.261696409089881,-0.6505684099646967,0.030303030303030276,0.030303030303030276,0.030303030303030276,0.030303030303030276,0.5161010012142222,0.0,0.5448832926982239,0.9811223246574435,-0.6829968743182837,-0.651087827846492,-1.0,-1.8369701987210297e-16,-0.25881904510252157,0.9659258262890681,0.43388373911755823,-0.900968867902419
0.379800905959342,0.22727471561950033,1.5458209446114568,0.39122619189167684,1.1437160589827384,-0.3130180202072086,0.818916396576765,-0.6571020626865027,2.6118270195597417,-0.6826680894736445,-0.642276182662254,2.2890174807193264,-0.6505684099646967,0.030303030303030276,0.030303030303030276,0.030303030303030276,0.030303030303030276,0.3845452551094506,0.0,0.5295680027158707,0.9811223246574435,-0.6829968743182837,-0.651087827846492,-1.0,-1.8369701987210297e-16,-2.4492935982947064e-16,1.0,0.43388373911755823,-0.900968867902419
0.14381897254073736,0.3851862850692516,1.5458209446114568,0.23300870538887822,0.9819013123125355,-0.3130180202072086,0.9806806998091566,-0.4253282072151454,2.573153103620601,-0.6826680894736445,-0.3897516433763324,2.2992628825803685,-0.6505684099646967,0.030303030303030276,0.030303030303030276,0.030303030303030276,0.030303030303030276,0.22667835978372425,0.0,0.4542118609650795,1.1429319073690285,-0.6829968743182837,-0.651087827846492,-1.0,-1.8369701987210297e-16,0.25881904510252074,0.9659258262890683,-0.433883739117558,-0.9009688679024191
0.1435558319793288,0.6746908290604611,1.5458209446114568,0.23300870538887822,0.6582718189721298,-0.3130180202072086,0.9806806998091566,0.08457427482184066,2.2676291677013913,-0.6826680894736445,-0.35562670563499166,2.2412056053677967,-0.6505684099646967,0.030303030303030276,0.030303030303030276,0.030303030303030276,0.030303030303030276,0.22667835978372425,0.0,0.4485685823686495,0.9811223246574435,-0.6829968743182837,-0.651087827846492,-1.0,-1.8369701987210297e-16,0.49999999999999994,0.8660254037844387,-0.433883739117558,-0.9009688679024191
0.1433727703634531,0.9641953730516715,1.4141535320400604,0.23300870538887822,0.3346423256317241,-0.20516083320391562,0.9806806998091566,0.7374039677328305,1.55989650601512,-0.6826680894736445,-0.07921470993013155,1.91335274581445,-0.6505684099646967,0.030303030303030276,0.030303030303030276,0.030303030303030276,0.030303030303030276,0.09512261367895261,0.0,0.42942380403525804,1.358678017651142,-0.6829968743182837,-0.651087827846492,-1.0,-1.8369701987210297e-16,0.7071067811865476,0.7071067811865476,-0.433883739117558,-0.9009688679024191
0.14346429945524194,1.2536999170428818,1.1244852243829888,0.23300870538887822,0.22676582785158886,-0.04337505269897623,0.9806806998091566,1.830603986039399,0.7980203620140522,-0.6826680894736445,1.9648690607761798,0.6395077810915514,-0.6505684099646967,0.030303030303030276,1.0,0.030303030303030276,0.030303030303030276,0.22667835978372425,0.0,0.4305005947369658,1.358678017651142,-0.6829968743182837,-0.651087827846492,-1.0,-1.8369701987210297e-16,0.8660254037844386,0.5000000000000001,-0.433883739117558,-0.9009688679024191
0.14326980485460047,1.4116114864926321,0.8084834342116368,0.23300870538887822,-0.04292541659874924,0.22626791480925612,0.9806806998091566,2.4177644199001707,-0.1340210121192338,-0.6826680894736445,2.25834352535171,-0.2279362431433447,-0.6505684099646967,0.030303030303030276,1.0,0.030303030303030276,0.030303030303030276,0.22667835978372425,0.0,0.46380371359877093,1.358678017651142,-0.6829968743182837,-0.651087827846492,-1.0,-1.8369701987210297e-16,0.9659258262890683,0.25881904510252074,-0.433883739117558,-0.9009688679024191
0.20886673171151107,1.5432044610340911,0.6768160216402405,0.39122619189167684,-0.3126166610490873,0.4959108823174885,0.818916396576765,2.607046401868446,-0.5749036538254355,-0.6787950354516944,2.285643475544783,-0.6104312459555824,-0.6505684099646967,0.030303030303030276,1.0,0.030303030303030276,0.030303030303030276,0.22667835978372425,0.0,0.48635956696244476,1.1429319073690285,-0.6558946555946995,-0.6408324394522574,-1.0,-1.8369701987210297e-16,1.0,6.123233995736766e-17,-0.433883739117558,-0.9009688679024191
0.2862593548616853,1.5432044610340911,0.6768160216402405,0.39122619189167684,-0.3126166610490873,0.4959108823174885,0.818916396576765,2.568417425956553,-0.6831906184550289,-0.39993514587128604,2.295880956867185,-0.6514128533997506,-0.5685755901108608,0.030303030303030276,1.0,0.030303030303030276,0.030303030303030276,0.3845452551094506,0.02231855856730367,0.5302630533662142,0.9811223246574435,-0.4235899236782639,-0.3878661923944715,-1.0,-1.8369701987210297e-16,0.9659258262890683,-0.25881904510252063,-0.433883739117558,-0.9009688679024191
0.14265770941622838,1.5432044610340911,0.5188151265545653,0.681291583813473,-0.3126166610490873,0.6576966628224279,0.6571520933443734,2.2632485162525993,-0.6831906184550289,0.23911876775048313,2.2378685627069057,-0.6514128533997506,0.15911068609193285,0.030303030303030276,1.0,0.030303030303030276,0.030303030303030276,0.6739678965399476,0.10169745576681219,0.5797984476041163,0.6575031592342735,0.08748048653789449,-0.35368156441368964,-1.0,-1.8369701987210297e-16,0.8660254037844387,-0.4999999999999998,-0.433883739117558,-0.9009688679024191
0.09139634164568614,1.4116114864926321,0.5188151265545653,1.2614223676570673,-0.20474016326895209,0.8194824433273673,0.3875449212903874,1.5563382570649595,-0.6831906184550289,0.6302972239674449,1.9102691603900346,-0.6514128533997506,0.21035619850058027,0.030303030303030276,0.030303030303030276,0.030303030303030276,0.030303030303030276,0.9633905379704456,0.23749917245046623,0.6528617417231732,0.3338839938111034,0.7418054814358549,-0.07678607776935643,-1.0,-1.8369701987210297e-16,0.7071067811865476,-0.7071067811865475,-0.433883739117558,-0.9009688679024191
0.0906583975674397,1.1221069425014227,0.5188151265545653,1.419639854159865,-0.04292541659874924,0.8194824433273673,-0.04382655399599019,0.7953474316006698,-0.6831906184550289,1.1105559226892594,0.6374089826380243,-0.6514128533997506,0.22743803597012943,1.0,0.030303030303030276,0.030303030303030276,0.030303030303030276,1.2528131794009436,0.4050103254765621,0.6479288284524334,0.2260109386700467,1.837509466975043,1.970873138279478,-1.0,-1.8369701987210297e-16,0.49999999999999994,-0.8660254037844387,-0.433883739117558,-0.9009688679024191
0.09324406781016428,0.8062838036019201,0.38714771398316894,1.2614223676570673,0.22676582785158886,0.9812682238323067,0.0640163148256042,-0.1356108878759488,-0.6831906184550289,1.0292217882283068,-0.22936443599203085,-0.6514128533997506,-0.3533444379945415,1.0,0.030303030303030276,0.030303030303030276,0.030303030303030276,1.410680074726669,0.5786804161227724,0.6744109753056238,-0.043671699182595024,2.426014787830013,2.264860938914202,-1.0,-1.8369701987210297e-16,0.258819045102521,-0.9659258262890682,-0.433883739117558,-0.9009688679024191
0.09616151427817043,0.6746908290604611,0.38714771398316894,1.419639854159865,0.4964570723019269,0.8194824433273673,-0.04382655399599019,-0.5759812132715276,-0.6831906184550289,1.2306205973697129,-0.6115637386950473,-0.6514128533997506,-0.13811328587822227,1.0,0.030303030303030276,0.030303030303030276,0.030303030303030276,1.5422358208314406,0.6281238531387491,0.6922116988036677,-0.31335433703523674,2.6157303188951024,2.292208641298828,-1.0,-1.8369701987210297e-16,1.2246467991473532e-16,-1.0,-0.433883739117558,-0.9009688679024191
0.09449684972956798,0.6746908290604611,0.22914681889749292,1.1295744622380688,0.4964570723019269,0.9812682238323067,0.0640163148256042,-0.6841423458248278,-0.6831906184550289,1.3313200019404159,-0.6525136639846563,-0.6514128533997506,-0.20302426826250902,1.0,0.030303030303030276,0.030303030303030276,0.030303030303030276,1.5422358208314406,0.6744129560516382,0.7167576916676435,-0.31335433703523674,2.5770128635756966,2.3024640296930623,-1.0,-1.8369701987210297e-16,-0.2588190451025208,-0.9659258262890683,-0.433883739117558,-0.9009688679024191
0.09197983917680266,0.5167792596107107,0.22914681889749292,1.419639854159865,0.6582718189721298,0.9812682238323067,0.0640163148256042,-0.6841423458248278,-0.6831906184550289,1.435892460533069,-0.6525136639846563,-0.6514128533997506,0.176192523561482,1.0,0.030303030303030276,0.030303030303030276,0.030303030303030276,1.5422358208314406,0.7130740213521617,0.7337496568923694,-0.31335433703523674,2.2711449665523893,2.244350162125733,-1.0,-1.8369701987210297e-16,-0.4999999999999997,-0.8660254037844388,-0.433883739117558,-0.9009688679024191
0.09117896391402297,0.5167792596107107,0.22914681889749292,1.2614223676570673,0.8200865656423326,0.9812682238323067,-0.04382655399599019,-0.6841423458248278,-0.6831906184550289,0.5373439274406421,-0.6525136639846563,-0.6514128533997506,-0.38409174543972996,0.030303030303030276,0.030303030303030276,0.030303030303030276,0.030303030303030276,1.410680074726669,0.643956379145624,0.7541615069271759,-0.20548128189418005,1.5626155342072607,1.916177733510227,-1.0,-1.8369701987210297e-16,-0.7071067811865471,-0.7071067811865479,-0.433883739117558,-0.9009688679024191
0.36445283611314905,0.5167792596107107,0.22914681889749292,1.419639854159865,0.8200865656423326,0.9812682238323067,-0.3134337260499762,-0.6841423458248278,-0.6831906184550289,0.5373439274406421,-0.6525136639846563,-0.6514128533997506,0.02928872132335934,0.030303030303030276,0.030303030303030276,1.0,1.0,1.121257433296172,0.09449631131104283,0.7510689156805217,-0.043671699182595024,0.7998816644149638,0.641091109827063,-1.0,-1.8369701987210297e-16,-0.8660254037844385,-0.5000000000000004,-0.433883739117558,-0.9009688679024191
0.6854069913567971,0.3851862850692516,0.22914681889749292,1.1295744622380688,0.9819013123125355,0.9812682238323067,-0.2055908572283818,-0.6841423458248278,-0.6831906184550289,-0.30698184934448325,-0.6525136639846563,-0.6514128533997506,-0.5788246925925902,0.030303030303030276,0.030303030303030276,1.0,1.0,0.8055236426447192,0.08087567087391785,0.7517526980078679,0.2260109386700467,-0.13320900878271938,-0.22719844088479668,-1.0,-1.8369701987210297e-16,-0.9659258262890683,-0.25881904510252063,-0.433883739117558,-0.9009688679024191
0.19979403533778464,0.3851862850692516,0.38714771398316894,0.8131394892324716,0.8200865656423326,0.8194824433273673,0.0640163148256042,-0.6841423458248278,-0.6793232268611149,-0.5935878469687919,-0.6525136639846563,-0.6514128533997506,-0.6403193074829672,0.030303030303030276,0.030303030303030276,1.0,1.0,0.6739678965399476,0.01852118920624216,0.743483234297579,0.4956935765226884,-0.5745879994239471,-0.6100662742695537,-1.0,-1.8369701987210297e-16,-1.0,-1.8369701987210297e-16,-0.433883739117558,-0.9009688679024191
0.15617524891111542,0.22727471561950033,0.38714771398316894,0.681291583813473,0.9819013123125355,0.8194824433273673,0.4953877901119818,-0.6841423458248278,-0.4008710320993033,-0.6826680894736445,-0.6525136639846563,-0.5694496385114141,-0.6505684099646967,0.030303030303030276,0.030303030303030276,1.0,1.0,0.6739678965399476,0.0,0.7446275837176215,0.4956935765226884,-0.6829968743182837,-0.651087827846492,-1.0,-1.8369701987210297e-16,-0.9659258262890684,0.2588190451025203,-0.433883739117558,-0.9009688679024191
0.246948078447066,0.22727471561950033,0.6768160216402405,0.5230740973106753,0.9819013123125355,0.6576966628224279,0.6571520933443734,-0.6841423458248278,0.237248580896515,-0.6826680894736445,-0.6525136639846563,0.15797389362257364,-0.6505684099646967,0.030303030303030276,0.030303030303030276,1.0,1.0,0.5161010012142222,0.0,0.7095992333852545,0.6575031592342735,-0.6829968743182837,-0.651087827846492,-1.0,-1.8369701987210297e-16,-0.8660254037844386,0.5000000000000001,-0.433883739117558,-0.9009688679024191
0.3509266815501857,0.22727471561950033,1.2561526369543852,0.5230740973106753,0.9819013123125355,0.38805369531419553,0.6571520933443734,-0.6841423458248278,0.6278551318818341,-0.6826680894736445,-0.6525136639846563,0.20920090292778404,-0.6505684099646967,0.030303030303030276,0.030303030303030276,0.030303030303030276,0.030303030303030276,0.5161010012142222,0.0,0.644882437330069,0.8193127419458585,-0.6829968743182837,-0.651087827846492,-1.0,-1.8369701987210297e-16,-0.7071067811865477,0.7071067811865474,-0.433883739117558,-0.9009688679024191
0.4549052846533053,0.22727471561950033,1.4141535320400604,0.39122619189167684,0.9819013123125355,-0.04337505269897623,0.818916396576765,-0.6841423458248278,1.1074116895271762,-0.6826680894736445,-0.6525136639846563,0.2262765726961875,-0.6505684099646967,0.030303030303030276,0.030303030303030276,0.030303030303030276,0.030303030303030276,0.5161010012142222,0.0,0.6139450004422816,0.8193127419458585,-0.6829968743182837,-0.651087827846492,-1.0,-1.8369701987210297e-16,-0.5000000000000004,0.8660254037844384,-0.433883739117558,-0.9009688679024191
0.7478290631220169,0.22727471561950033,1.2561526369543852,0.39122619189167684,0.9819013123125355,0.06448213430431671,0.818916396576765,-0.6841423458248278,1.0261964660549812,-0.6826680894736445,-0.6525136639846563,-0.35429619942953033,-0.6505684099646967,0.030303030303030276,0.030303030303030276,0.030303030303030276,0.030303030303030276,0.3845452551094506,0.0,0.543544974463675,0.9811223246574435,-0.6829968743182837,-0.651087827846492,-1.0,-1.8369701987210297e-16,-0.25881904510252157,0.9659258262890681,-0.433883739117558,-0.9009688679024191
0.17774436924872203,0.3851862850692516,1.4141535320400604,0.5230740973106753,0.8200865656423326,-0.04337505269897623,0.9806806998091566,-0.6802794482336385,1.2273008289385117,-0.6826680894736445,-0.6525136639846563,-0.1391427603476467,-0.6505684099646967,0.030303030303030276,0.030303030303030276,0.030303030303030276,0.030303030303030276,0.3845452551094506,0.0,0.5052889666676346,0.8193127419458585,-0.6829968743182837,-0.651087827846492,-1.0,-1.8369701987210297e-16,-2.4492935982947064e-16,1.0,-0.433883739117558,-0.9009688679024191
0.1594187671250634,0.3851862850692516,1.1244852243829888,0.23300870538887822,0.8200865656423326,0.06448213430431671,0.9806806998091566,-0.4021508216680097,1.327853010380277,-0.6826680894736445,-0.5706138134054384,-0.20403030546757986,-0.6505684099646967,0.030303030303030276,0.030303030303030276,0.030303030303030276,0.030303030303030276,0.22667835978372425,0.0,0.4676284897420101,0.9811223246574435,-0.6829968743182837,-0.651087827846492,-1.0,-1.8369701987210297e-16,0.25881904510252074,0.9659258262890683,-0.9749279121818236,-0.2225209339563146
0.1595903785946831,0.6746908290604611,1.4141535320400604,0.23300870538887822,0.6582718189721298,0.06448213430431671,0.9806806998091566,0.23522728087822292,1.4322725834159564,-0.6826680894736445,0.15624736048511967,0.1750495633909771,-0.6505684099646967,0.030303030303030276,0.030303030303030276,0.030303030303030276,0.030303030303030276,0.22667835978372425,0.0,0.44405111167896616,0.9811223246574435,-0.6829968743182837,-0.651087827846492,-1.0,-1.8369701987210297e-16,0.49999999999999994,0.8660254037844387,-0.9749279121818236,-0.2225209339563146
0.15958466381844927,1.2536999170428818,1.2561526369543852,0.1011607999698797,0.3885805745217917,-0.04337505269897623,0.9806806998091566,0.6253799375883411,0.5350377336278969,-0.6826680894736445,0.2074347670971308,-0.3850324050126566,-0.6505684099646967,0.030303030303030276,0.030303030303030276,0.030303030303030276,0.030303030303030276,0.22667835978372425,0.0,0.4419807622067822,0.9811223246574435,-0.6829968743182837,-0.651087827846492,-1.0,-1.8369701987210297e-16,0.7071067811865476,0.7071067811865476,-0.9749279121818236,-0.2225209339563146
0.1593558496697223,1.4116114864926321,1.4141535320400604,-0.05705668653291797,-0.04292541659874924,-0.3130180202072086,1.1424450030415483,1.104379238895813,0.5350377336278969,-0.6826680894736445,0.22449723596780116,0.02819880338270729,-0.6505684099646967,0.030303030303030276,1.0,0.030303030303030276,0.030303030303030276,0.22667835978372425,0.0,0.4175856112120222,0.9811223246574435,-0.6829968743182837,-0.651087827846492,-1.0,-1.8369701987210297e-16,0.8660254037844386,0.5000000000000001,-0.9749279121818236,-0.2225209339563146
0.15812593715214815,1.2536999170428818,1.1244852243829888,-0.05705668653291797,0.064951081181386,-0.20516083320391562,1.1424450030415483,1.0232583894808378,-0.3080536338453661,-0.6826680894736445,-0.35562670563499166,-0.5796950403724561,-0.6505684099646967,0.030303030303030276,1.0,0.030303030303030276,0.030303030303030276,0.22667835978372425,0.0,0.4234021658843632,0.9811223246574435,-0.6829968743182837,-0.651087827846492,-1.0,-1.8369701987210297e-16,0.9659258262890683,0.25881904510252074,-0.9749279121818236,-0.2225209339563146
0.15964759157068448,1.4116114864926321,0.8084834342116368,-0.18890459195191697,-0.04292541659874924,0.06448213430431671,1.1424450030415483,1.2241290642226808,-0.5942406117950058,-0.663302819363894,-0.1406395978645449,-0.6411674515387086,-0.6471520424707868,0.030303030303030276,1.0,0.030303030303030276,0.030303030303030276,0.3845452551094506,0.0,0.44649541581571606,0.8193127419458585,-0.6791251287863431,-0.651087827846492,-1.0,-1.8369701987210297e-16,1.0,6.123233995736766e-17,-0.9749279121818236,-0.2225209339563146
0.19180251284614028,1.1221069425014227,0.6768160216402405,-0.05705668653291797,0.064951081181386,0.4959108823174885,1.358130740684737,1.3245644015936022,-0.6831906184550289,-0.37282376771763526,-0.20547697957309233,-0.6514128533997506,-0.025373158579197926,0.030303030303030276,1.0,0.030303030303030276,0.030303030303030276,0.3845452551094506,0.020921569804521624,0.445096658394181,0.8193127419458585,-0.40035945048662036,-0.5690447206926155,-1.0,-1.8369701987210297e-16,0.9659258262890683,-0.25881904510252063,-0.9749279121818236,-0.2225209339563146
0.2149133081967409,1.4116114864926321,0.5188151265545653,0.8131394892324716,0.064951081181386,0.6576966628224279,0.9806806998091566,1.428862636555713,-0.6831906184550289,0.38629482058458753,0.17330982935579003,-0.6514128533997506,1.0883626444354062,0.030303030303030276,1.0,0.030303030303030276,0.030303030303030276,0.6739678965399476,0.059588223060096174,0.45686124858038335,0.6575031592342735,0.23847856228357764,0.1590878552980385,-1.0,-1.8369701987210297e-16,0.8660254037844387,-0.4999999999999998,-0.9749279121818236,-0.2225209339563146
0.2184371456237794,1.2536999170428818,0.5188151265545653,1.419639854159865,-0.04292541659874924,0.6576966628224279,0.0640163148256042,0.5326703953997981,-0.6831906184550289,1.2267475433477628,-0.38633914960219834,-0.6514128533997506,1.6896433233635362,0.030303030303030276,0.030303030303030276,0.030303030303030276,0.030303030303030276,1.2528131794009436,0.2065326015134524,0.5141880223155819,0.38782052138163176,0.6295248610095776,0.21036479726921134,-1.0,-1.8369701987210297e-16,0.7071067811865476,-0.7071067811865475,-0.9749279121818236,-0.2225209339563146
0.10713343158384442,1.4116114864926321,0.38714771398316894,1.9997706380034583,-0.3126166610490873,0.8194824433273673,-0.529119463693165,0.5326703953997981,-0.6831906184550289,1.9277703213207338,0.026572597068024794,-0.6514128533997506,1.9937000303215109,1.0,0.030303030303030276,0.030303030303030276,0.030303030303030276,1.410680074726669,0.4072166763098805,0.5398880451134481,-0.043671699182595024,1.1096213069702112,0.22745711125960227,-1.0,-1.8369701987210297e-16,0.49999999999999994,-0.8660254037844387,-0.9749279121818236,-0.2225209339563146
0.10774551672532241,1.1221069425014227,0.38714771398316894,2.2898360299252554,-0.20474016326895209,0.8194824433273673,-0.8526480701579482,-0.30944127947946676,-0.6831906184550289,2.3770445878669473,-0.5808512947278406,-0.6514128533997506,2.109856525114445,1.0,0.030303030303030276,0.030303030303030276,0.030303030303030276,1.2528131794009436,0.5744173918235764,0.5775112341338811,0.06420135595846167,1.0283146507994587,-0.35368156441368964,-1.0,-1.8369701987210297e-16,0.258819045102521,-0.9659258262890682,-0.9749279121818236,-0.2225209339563146
0.1109947634446964,0.8062838036019201,0.5188151265545653,2.448053516428054,0.064951081181386,0.9812682238323067,-0.9604909389795426,-0.5952957012274741,-0.6831906184550289,2.5861895050522534,-0.642276182662254,-0.6514128533997506,2.1679347725109124,1.0,0.030303030303030276,0.030303030303030276,0.030303030303030276,1.410680074726669,0.7038550929367396,0.6056931562915887,-0.043671699182595024,1.2296454184603698,-0.13831840813476382,-1.0,-1.8369701987210297e-16,1.2246467991473532e-16,-1.0,-0.9749279121818236,-0.2225209339563146
0.10132140461736366,0.6746908290604611,0.22914681889749292,2.2898360299252554,0.4964570723019269,0.9812682238323067,-0.8526480701579482,-0.6841423458248278,-0.6831906184550289,2.5319667487449515,-0.6525136639846563,-0.6514128533997506,2.1679347725109124,1.0,0.030303030303030276,0.030303030303030276,0.030303030303030276,1.121257433296172,0.7610207379123486,0.6388034331711872,0.06420135595846167,1.3303108022908252,-0.20326920129824938,-1.0,-1.8369701987210297e-16,-0.2588190451025208,-0.9659258262890683,-0.9749279121818236,-0.2225209339563146
0.09158512147009373,0.5167792596107107,0.22914681889749292,2.131618543422457,0.6582718189721298,0.9812682238323067,-0.8526480701579482,-0.6841423458248278,-0.6831906184550289,2.1950110488352914,-0.6525136639846563,-0.6514128533997506,2.0756928501753467,1.0,0.030303030303030276,0.030303030303030276,0.030303030303030276,1.410680074726669,0.7543905627209105,0.6702193128095169,0.06420135595846167,1.4348479316532212,0.17618016928842944,-1.0,-1.8369701987210297e-16,-0.4999999999999997,-0.8660254037844388,-0.9749279121818236,-0.2225209339563146
0.10154450398985676,0.5167792596107107,0.09747940632609654,1.9997706380034583,0.6582718189721298,0.9812682238323067,-0.7448052013363538,-0.6841423458248278,-0.6831906184550289,1.629545161630575,-0.6525136639846563,-0.6514128533997506,1.8877926380103063,0.030303030303030276,0.030303030303030276,0.030303030303030276,0.030303030303030276,1.2528131794009436,0.5908042695808331,0.6844130973357228,-0.043671699182595024,0.5366029682430034,-0.38444772959639334,-1.0,-1.8369701987210297e-16,-0.7071067811865471,-0.7071067811865479,-0.9749279121818236,-0.2225209339563146
0.1813454333816235,0.3851862850692516,-0.06052148875957856,1.9997706380034583,0.8200865656423326,1.1430540043372461,-0.9604909389795426,-0.6841423458248278,-0.6831906184550289,0.8781726813722524,-0.6525136639846563,-0.6514128533997506,1.552988623607143,0.030303030303030276,0.030303030303030276,0.5757575757575757,1.0,1.410680074726669,0.5565669754198097,0.6725559532419911,-0.31335433703523674,0.5366029682430034,0.029186268971067388,-1.0,-1.8369701987210297e-16,-0.8660254037844385,-0.5000000000000004,-0.9749279121818236,-0.2225209339563146
0.19429092892394806,0.3851862850692516,-0.06052148875957856,1.5514877595788634,0.8200865656423326,1.1430540043372461,-0.529119463693165,-0.6841423458248278,-0.6831906184550289,0.049339120674927434,-0.6525136639846563,-0.6514128533997506,0.873131492319087,0.030303030303030276,0.030303030303030276,0.5757575757575757,1.0,1.121257433296172,0.34576028013429827,0.6785459376491931,-0.20548128189418005,-0.3074375577200461,-0.57930010908685,-1.0,-1.8369701987210297e-16,-0.9659258262890683,-0.25881904510252063,-0.9749279121818236,-0.2225209339563146
0.19593270004463464,0.5167792596107107,-0.1921889013309754,0.9713569757352701,0.9819013123125355,1.1430540043372461,0.0640163148256042,-0.6841423458248278,-0.6638536604854587,-0.5354920366395401,-0.6525136639846563,-0.64799771944607,-0.3806753779458201,0.030303030303030276,0.030303030303030276,0.5757575757575757,1.0,0.8055236426447192,0.030240370942293135,0.6866779790385629,0.06420135595846167,-0.59394672708365,-0.6408324394522574,-1.0,-1.8369701987210297e-16,-1.0,-1.8369701987210297e-16,-0.9749279121818236,-0.2225209339563146
0.2108746397931412,0.22727471561950033,-0.06052148875957856,0.8131394892324716,0.9819013123125355,1.358768378343832,0.3336234868795902,-0.6841423458248278,-0.37379929094190495,-0.6826680894736445,-0.6525136639846563,-0.026443339876183802,-0.6505684099646967,0.030303030303030276,0.030303030303030276,0.5757575757575757,1.0,0.6739678965399476,0.0,0.6845400196283942,0.4956935765226884,-0.6829968743182837,-0.651087827846492,-1.0,-1.8369701987210297e-16,-0.9659258262890684,0.2588190451025203,-0.9749279121818236,-0.2225209339563146
0.288890760475771,0.22727471561950033,0.8084834342116368,0.5230740973106753,0.9819013123125355,0.9812682238323067,0.818916396576765,-0.6841423458248278,0.38420946146524887,-0.6826680894736445,-0.6525136639846563,1.0868903290237222,-0.6505684099646967,0.030303030303030276,0.030303030303030276,0.5757575757575757,1.0,0.5161010012142222,0.0,0.6798345216036032,0.6575031592342735,-0.6829968743182837,-0.651087827846492,-1.0,-1.8369701987210297e-16,-0.8660254037844386,0.5000000000000001,-0.9749279121818236,-0.2225209339563146
0.34290370204701975,0.09568174107804124,1.4141535320400604,0.5230740973106753,0.9819013123125355,0.06448213430431671,0.9806806998091566,-0.6841423458248278,1.2234334373445976,-0.6826680894736445,-0.6525136639846563,1.6879539048715242,-0.6505684099646967,0.030303030303030276,0.030303030303030276,0.030303030303030276,0.030303030303030276,0.5161010012142222,0.0,0.6397830089772167,0.6575031592342735,-0.6829968743182837,-0.651087827846492,-1.0,-1.8369701987210297e-16,-0.7071067811865477,0.7071067811865474,-0.9749279121818236,-0.2225209339563146
0.3205708713697928,-0.06222982837170911,1.9934901473542042,0.5230740973106753,1.1437160589827384,-0.5287323942137945,0.9806806998091566,-0.6841423458248278,1.9234313158430407,-0.6826680894736445,-0.6525136639846563,1.9919008267491058,-0.6505684099646967,0.030303030303030276,0.030303030303030276,0.030303030303030276,0.030303030303030276,0.3845452551094506,0.0,0.5730714636532303,0.8193127419458585,-0.6829968743182837,-0.651087827846492,-1.0,-1.8369701987210297e-16,-0.5000000000000004,0.8660254037844384,-0.9749279121818236,-0.2225209339563146
0.2628453503023763,-0.06222982837170911,2.2831584550112765,0.5230740973106753,1.1437160589827384,-0.8523039552236732,0.9806806998091566,-0.6841423458248278,2.3720487407370707,-0.6826680894736445,-0.6525136639846563,2.1080153811742495,-0.6505684099646967,0.030303030303030276,0.030303030303030276,0.030303030303030276,0.030303030303030276,0.3845452551094506,0.0,0.5331940978368045,0.8193127419458585,-0.6829968743182837,-0.651087827846492,-1.0,-1.8369701987210297e-16,-0.25881904510252157,0.9659258262890681,-0.9749279121818236,-0.2225209339563146
0.3196069791116814,-0.19382280291316867,2.4411593500969526,1.1295744622380688,1.1437160589827384,-0.9601611422269661,0.4953877901119818,-0.6648278578688813,2.580887886808429,-0.6826680894736445,-0.6491011702105222,2.1660726583868213,-0.6505684099646967,0.030303030303030276,0.030303030303030276,0.030303030303030276,0.030303030303030276,0.5161010012142222,0.0,0.503940711820988,0.9811223246574435,-0.6829968743182837,-0.651087827846492,-1.0,-1.8369701987210297e-16,-2.4492935982947064e-16,1.0,-0.9749279121818236,-0.2225209339563146
0.9595046150851283,-0.06222982837170911,2.2831584550112765,0.39122619189167684,1.3594690545430088,-0.8523039552236732,1.1424450030415483,-0.3751105385296847,2.5267444044936327,-0.6826680894736445,-0.028027303318120412,2.1660726583868213,-0.6505684099646967,0.030303030303030276,0.030303030303030276,0.030303030303030276,0.030303030303030276,0.22667835978372425,0.0,0.4749639119151092,0.9811223246574435,-0.6829968743182837,-0.651087827846492,-1.0,-1.8369701987210297e-16,0.25881904510252074,0.9659258262890683,-0.7818314824680299,0.6234898018587334
0.24080426495840956,0.8062838036019201,2.1251575599256007,0.23300870538887822,0.9819013123125355,-0.8523039552236732,1.1424450030415483,0.3820173893434159,2.1902813358231104,-0.6826680894736445,1.0844456670495883,2.0738640416374428,-0.6505684099646967,0.030303030303030276,0.030303030303030276,0.030303030303030276,0.030303030303030276,0.22667835978372425,0.0,0.420861876123535,0.9811223246574435,-0.6829968743182837,-0.651087827846492,-1.0,-1.8369701987210297e-16,0.49999999999999994,0.8660254037844387,-0.7818314824680299,0.6234898018587334
0.09405065784917785,1.4116114864926321,1.9934901473542042,0.1011607999698797,0.064951081181386,-0.7444467682203804,1.1424450030415483,1.2202661666314916,1.6256421631116589,-0.6826680894736445,1.6850445712971855,1.8860316741850045,-0.6505684099646967,0.030303030303030276,0.030303030303030276,0.030303030303030276,0.030303030303030276,0.09512261367895261,0.0,0.40853299905340956,0.9811223246574435,-0.6829968743182837,-0.651087827846492,-1.0,-1.8369701987210297e-16,0.7071067811865476,0.7071067811865476,-0.7818314824680299,0.6234898018587334
0.0899261751300232,1.990620574475052,1.9934901473542042,0.1011607999698797,-0.5283696566093578,-0.9601611422269661,1.358130740684737,1.9194506306367527,0.8753681938923332,-0.6826680894736445,1.9887565171951183,1.5513485467242965,-0.6505684099646967,0.030303030303030276,0.5757575757575757,0.030303030303030276,0.030303030303030276,-0.06274428164677277,0.0,0.4149533309598148,1.1429319073690285,-0.6829968743182837,-0.651087827846492,-1.0,-1.8369701987210297e-16,0.8660254037844386,0.5000000000000001,-0.7818314824680299,0.6234898018587334
0.08895368839762376,2.2801251184662625,1.5458209446114568,0.1011607999698797,-0.8519991499497634,-0.5287323942137945,1.358130740684737,2.36754675121471,0.04774639279472653,-0.6826680894736445,2.1047813055156768,0.8717368899418385,-0.6505684099646967,0.030303030303030276,0.5757575757575757,0.030303030303030276,0.030303030303030276,-0.06274428164677277,0.0,0.4089224220522719,1.1429319073690285,-0.6829968743182837,-0.651087827846492,-1.0,-1.8369701987210297e-16,0.9659258262890683,0.25881904510252074,-0.7818314824680299,0.6234898018587334
0.08903949928088069,2.438036687916014,0.9664843292973129,0.23300870538887822,-0.9598756477298988,0.06448213430431671,1.358130740684737,2.5761432211389317,-0.536229737886295,-0.667175873385844,2.162793699675956,-0.3816172710589759,-0.6505684099646967,0.030303030303030276,0.5757575757575757,0.030303030303030276,0.030303030303030276,-0.19430002775154487,0.0,0.42086177368423494,1.1429319073690285,-0.6636381466585808,-0.6476693650484138,-1.0,-1.8369701987210297e-16,1.0,6.123233995736766e-17,-0.7818314824680299,0.6234898018587334
0.08225498901429852,2.2801251184662625,0.8084834342116368,0.5230740973106753,-0.8519991499497634,0.33412510181254906,0.9806806998091566,2.5220626548622813,-0.6831906184550289,-0.39218903782738584,2.162793699675956,-0.6514128533997506,-0.1996079007685992,0.030303030303030276,0.5757575757575757,0.030303030303030276,0.030303030303030276,-0.06274428164677277,0.0017185178337722807,0.4033434241165774,1.358678017651142,-0.3732572317630362,-0.025509135798183615,-1.0,-1.8369701987210297e-16,0.9659258262890683,-0.25881904510252063,-0.7818314824680299,0.6234898018587334
0.09119040033108677,2.122213549016511,0.5188151265545653,0.9713569757352701,-0.8519991499497634,0.8194824433273673,0.818916396576765,2.1859905644288133,-0.6831906184550289,0.2817223619919344,2.070656367774336,-0.6514128533997506,0.17277615606757216,0.030303030303030276,0.5757575757575757,0.030303030303030276,0.030303030303030276,0.8055236426447192,0.046810211652578634,0.4364771083762208,0.9811223246574435,0.3856048924973202,1.0889097363753057,-1.0,-1.8369701987210297e-16,0.8660254037844387,-0.4999999999999998,-0.7818314824680299,0.6234898018587334
0.08980604469868074,1.990620574475052,0.5188151265545653,1.419639854159865,-0.7441226521696283,0.9812682238323067,0.3875449212903874,1.6220075161151775,-0.6831906184550289,1.0911906525795088,1.882969210196962,-0.6514128533997506,1.0166189270632997,0.030303030303030276,0.030303030303030276,0.030303030303030276,0.030303030303030276,1.410680074726669,0.2036443738126926,0.5013661048946675,0.06420135595846167,1.2257736729284292,1.6905591888370666,-1.0,-1.8369701987210297e-16,0.7071067811865476,-0.7071067811865475,-0.7818314824680299,0.6234898018587334
0.6982724113858867,1.990620574475052,0.5188151265545653,1.8415531515006607,-0.9598756477298988,0.9812682238323067,-0.04382655399599019,0.8726053834244555,-0.6831906184550289,1.7263715121793277,1.5485448203318226,-0.6514128533997506,1.334341103996914,0.5757575757575757,0.030303030303030276,0.030303030303030276,0.030303030303030276,1.989525357587664,0.39591880243630584,0.58378133880687,-0.5291004473173502,1.9265596142096766,1.9948023778660253,-1.0,-1.8369701987210297e-16,0.49999999999999994,-0.8660254037844387,-0.7818314824680299,0.6234898018587334
0.10139005057813076,1.5432044610340911,0.5188151265545653,2.2898360299252554,-0.5283696566093578,0.9812682238323067,-0.4212765948715706,0.04594529890994777,-0.6831906184550289,2.210503264923092,0.8694585592791414,-0.6514128533997506,1.389002983899471,0.5757575757575757,0.030303030303030276,0.030303030303030276,0.030303030303030276,2.278947999018162,0.5669002618143207,0.6289377090690075,-0.8527196127405202,2.3756820959147853,2.111030113000684,-1.0,-1.8369701987210297e-16,0.258819045102521,-0.9659258262890682,-0.7818314824680299,0.6234898018587334
0.815963062313727,0.9641953730516715,1.1244852243829888,2.448053516428054,0.064951081181386,0.4959108823174885,-0.7448052013363538,-0.5373522373596348,-0.6831906184550289,1.7767212144646793,-0.38292665582806423,-0.6514128533997506,0.6954803826357759,0.5757575757575757,0.030303030303030276,0.030303030303030276,0.030303030303030276,2.4368148943438883,0.6904976984011424,0.6811424153660588,-0.9605926678815769,2.5847563546395778,2.169143980568013,-1.0,-1.8369701987210297e-16,1.2246467991473532e-16,-1.0,-0.7818314824680299,0.6234898018587334
0.19902176827915466,0.8062838036019201,0.38714771398316894,2.5799014218470524,0.3346423256317241,1.1430540043372461,-0.8526480701579482,-0.6841423458248278,-0.6831906184550289,2.3692984798230468,-0.6525136639846563,-0.6514128533997506,1.535906786137594,0.5757575757575757,0.030303030303030276,0.030303030303030276,0.030303030303030276,2.278947999018162,0.7491241013503905,0.7364661422491581,-0.8527196127405202,2.530551917192409,2.169143980568013,-1.0,-1.8369701987210297e-16,-0.2588190451025208,-0.9659258262890683,-0.7818314824680299,0.6234898018587334
0.11907211054878987,0.5167792596107107,0.22914681889749292,2.5799014218470524,0.8200865656423326,1.1430540043372461,-0.7448052013363538,-0.6841423458248278,-0.6831906184550289,1.931643375342684,-0.6525136639846563,-0.6514128533997506,1.313842899033455,0.5757575757575757,0.030303030303030276,0.030303030303030276,0.030303030303030276,2.1210811036924357,0.742710193324086,0.7682796400303487,-0.8527196127405202,2.1937100559135776,2.076845485019902,-1.0,-1.8369701987210297e-16,-0.4999999999999997,-0.8660254037844388,-0.7818314824680299,0.6234898018587334
0.11816254127173154,0.5167792596107107,0.09747940632609654,2.2898360299252554,0.9819013123125355,1.1430540043372461,-0.6369623325147594,-0.6841423458248278,-0.6831906184550289,1.629545161630575,-0.6525136639846563,-0.6514128533997506,1.3855866164055612,0.030303030303030276,0.030303030303030276,0.030303030303030276,0.030303030303030276,1.989525357587664,0.6726722681392472,0.7881308397763809,-0.7448465575994635,1.628435208250251,1.8888300311256017,-1.0,-1.8369701987210297e-16,-0.7071067811865471,-0.7071067811865479,-0.7818314824680299,0.6234898018587334
0.6729363199250986,0.5167792596107107,0.09747940632609654,2.448053516428054,0.9819013123125355,1.358768378343832,-0.6369623325147594,-0.6841423458248278,-0.6831906184550289,0.6767738722308463,-0.6525136639846563,-0.6514128533997506,0.7330604250687841,0.030303030303030276,0.030303030303030276,0.5757575757575757,0.5757575757575757,1.989525357587664,0.5397864794478207,0.8045906328377266,-0.9605926678815769,0.8773165750537757,1.553820676913939,-1.0,-1.8369701987210297e-16,-0.8660254037844385,-0.5000000000000004,-0.7818314824680299,0.6234898018587334
0.2579829338018693,0.5167792596107107,0.09747940632609654,2.131618543422457,0.9819013123125355,1.358768378343832,-0.529119463693165,-0.6841423458248278,-0.6831906184550289,-0.01262974367627443,-0.6525136639846563,-0.6514128533997506,0.4973310679890059,0.030303030303030276,0.030303030303030276,0.5757575757575757,0.5757575757575757,1.5422358208314406,0.3346785935979278,0.8057930141212062,-0.5291004473173502,0.04876303121848855,0.8735465800963798,-1.0,-1.8369701987210297e-16,-0.9659258262890683,-0.25881904510252063,-0.7818314824680299,0.6234898018587334
0.36680965788416625,1.1221069425014227,0.22914681889749292,1.7097052460816622,0.4964570723019269,1.358768378343832,-0.3134337260499762,-0.6841423458248278,-0.6677210520793727,-0.562603414793191,-0.6525136639846563,-0.6514128533997506,-0.6334865724951475,0.030303030303030276,0.030303030303030276,0.5757575757575757,0.5757575757575757,0.9633905379704456,0.027435305317349015,0.7974226477004398,0.06420135595846167,-0.5358705441045412,-0.3810292667983151,-1.0,-1.8369701987210297e-16,-1.0,-1.8369701987210297e-16,-0.7818314824680299,0.6234898018587334
0.11295116989426103,0.3851862850692516,0.5188151265545653,1.5514877595788634,1.1437160589827384,0.9812682238323067,-0.04382655399599019,-0.6841423458248278,-0.3931362489114752,-0.6826680894736445,-0.6525136639846563,-0.20061517151389915,-0.6505684099646967,0.030303030303030276,0.030303030303030276,0.5757575757575757,0.5757575757575757,0.8055236426447192,0.0,0.8159887464282616,0.3338839938111034,-0.6829968743182837,-0.651087827846492,-1.0,-1.8369701987210297e-16,-0.9659258262890684,0.2588190451025203,-0.7818314824680299,0.6234898018587334
0.1271380075066274,0.22727471561950033,0.9664843292973129,1.419639854159865,1.1437160589827384,0.8194824433273673,0.0640163148256042,-0.6841423458248278,0.27978988842956953,-0.6826680894736445,-0.6525136639846563,0.1716344294372964,-0.6505684099646967,0.030303030303030276,0.030303030303030276,0.5757575757575757,0.5757575757575757,0.5161010012142222,0.0,0.8060942881024384,0.8193127419458585,-0.6829968743182837,-0.651087827846492,-1.0,-1.8369701987210297e-16,-0.8660254037844386,0.5000000000000001,-0.7818314824680299,0.6234898018587334
0.49285796654844555,0.09568174107804124,1.4141535320400604,1.2614223676570673,1.1437160589827384,0.38805369531419553,0.2257806180579958,-0.6841423458248278,1.0880747315576058,-0.6826680894736445,-0.6525136639846563,1.0151725159964275,-0.6505684099646967,0.030303030303030276,0.030303030303030276,0.030303030303030276,0.030303030303030276,0.5161010012142222,0.0,0.7548172721059783,0.9811223246574435,-0.6829968743182837,-0.651087827846492,-1.0,-1.8369701987210297e-16,-0.7071067811865477,0.7071067811865474,-0.7818314824680299,0.6234898018587334
0.8585779255902636,0.09568174107804124,1.835489252268529,1.2614223676570673,1.3594690545430088,-0.04337505269897623,0.3875449212903874,-0.6841423458248278,1.7223269529595102,-0.6826680894736445,-0.6525136639846563,1.332779973688732,-0.6505684099646967,0.030303030303030276,0.030303030303030276,0.030303030303030276,0.030303030303030276,0.5161010012142222,0.0,0.6726724267260649,0.9811223246574435,-0.6829968743182837,-0.651087827846492,-1.0,-1.8369701987210297e-16,-0.5000000000000004,0.8660254037844384,-0.7818314824680299,0.6234898018587334
0.280556008180291,0.09568174107804124,2.2831584550112765,1.2614223676570673,1.3594690545430088,-0.4208752072105015,0.3875449212903874,-0.6841423458248278,2.2057509021987665,-0.6826680894736445,-0.6525136639846563,1.3874221169476233,-0.6505684099646967,0.030303030303030276,0.030303030303030276,0.030303030303030276,0.030303030303030276,0.5161010012142222,0.0,0.6180521505159073,0.9811223246574435,-0.6829968743182837,-0.651087827846492,-1.0,-1.8369701987210297e-16,-0.25881904510252157,0.9659258262890681,-0.7818314824680299,0.6234898018587334
0.5598649929891988,0.22727471561950033,2.4411593500969526,0.681291583813473,1.3594690545430088,-0.7444467682203804,0.9806806998091566,-0.6686907554600706,1.7726030436803928,-0.6826680894736445,-0.6525136639846563,0.6941499243504425,-0.6505684099646967,0.030303030303030276,0.030303030303030276,0.030303030303030276,0.030303030303030276,1.121257433296172,0.0,0.5973492704298665,0.4956935765226884,-0.6829968743182837,-0.651087827846492,-1.0,-1.8369701987210297e-16,-2.4492935982947064e-16,1.0,-0.7818314824680299,0.6234898018587334
0.116818230260539,0.5167792596107107,2.572826762668349,0.9713569757352701,0.9819013123125355,-0.8523039552236732,0.6571520933443734,-0.3944250264856311,2.3643139575492422,-0.6826680894736445,-0.20206448579895825,1.534272876955893,-0.6505684099646967,0.030303030303030276,0.030303030303030276,0.030303030303030276,0.030303030303030276,0.3845452551094506,0.0,0.5644721966166655,1.1429319073690285,-0.6829968743182837,-0.651087827846492,-1.0,-1.8369701987210297e-16,0.25881904510252074,0.9659258262890683,-2.4492935982947064e-16,1.0
0.11725870393239726,0.9641953730516715,2.572826762668349,0.9713569757352701,0.8200865656423326,-0.7444467682203804,0.818916396576765,0.27771915438130507,1.9272987074369547,-0.6826680894736445,0.16989733558165596,1.312289169966648,-0.6505684099646967,0.030303030303030276,0.030303030303030276,0.030303030303030276,0.030303030303030276,0.22667835978372425,0.0,0.53716869145626,1.1429319073690285,-0.6829968743182837,-0.651087827846492,-1.0,-1.8369701987210297e-16,0.49999999999999994,0.8660254037844387,-2.4492935982947064e-16,1.0
0.11716146006437456,1.4116114864926321,2.2831584550112765,0.9713569757352701,0.3885805745217917,-0.6365895812170874,0.818916396576765,1.0850647509398663,1.6256421631116589,-0.6826680894736445,1.0127832977927727,1.3840069829939425,-0.6505684099646967,0.030303030303030276,0.030303030303030276,0.030303030303030276,0.030303030303030276,0.09512261367895261,0.0,0.5270580349878355,1.1429319073690285,-0.6829968743182837,-0.651087827846492,-1.0,-1.8369701987210297e-16,0.7071067811865476,0.7071067811865476,-2.4492935982947064e-16,1.0
0.3490532474734003,1.8327090050253017,2.4411593500969526,0.9713569757352701,-0.04292541659874924,-0.6365895812170874,0.6571520933443734,1.7185799558949097,0.6742638310088026,-0.6826680894736445,1.3301452187872418,0.7317163978409301,-0.6505684099646967,0.030303030303030276,0.5757575757575757,0.030303030303030276,0.030303030303030276,0.09512261367895261,0.0,0.5448642902080781,1.358678017651142,-0.6829968743182837,-0.651087827846492,-1.0,-1.8369701987210297e-16,0.8660254037844386,0.5000000000000001,-2.4492935982947064e-16,1.0
0.31255645545023253,2.2801251184662625,2.1251575599256007,0.8131394892324716,-0.42049315882922256,-0.5287323942137945,0.818916396576765,2.2014421547935705,-0.01413187270789827,-0.6826680894736445,1.3847451191733868,0.4960721550369623,-0.6505684099646967,0.030303030303030276,0.5757575757575757,0.030303030303030276,0.030303030303030276,0.09512261367895261,0.0,0.5799275723417372,1.358678017651142,-0.6829968743182837,-0.651087827846492,-1.0,-1.8369701987210297e-16,0.9659258262890683,0.25881904510252074,-2.4492935982947064e-16,1.0
0.11749897509197625,2.438036687916014,1.7038218396971327,0.8131394892324716,-0.7441226521696283,-0.3130180202072086,0.818916396576765,1.7687976245803705,-0.5633014790436934,-0.6787950354516944,0.6920088830241695,-0.6343371836313472,-0.6505684099646967,0.030303030303030276,0.5757575757575757,0.030303030303030276,0.030303030303030276,0.22667835978372425,0.0,0.6346550000596707,1.358678017651142,-0.6675098921905214,-0.651087827846492,-1.0,-1.8369701987210297e-16,1.0,6.123233995736766e-17,-2.4492935982947064e-16,1.0
0.11077738571303321,2.569629662457473,1.5458209446114568,0.681291583813473,-0.8519991499497634,-0.04337505269897623,1.1424450030415483,2.3598209560323316,-0.6831906184550289,-0.5354920366395401,1.5314823514611522,-0.6514128533997506,-0.643735674976877,0.030303030303030276,0.5757575757575757,0.030303030303030276,0.030303030303030276,0.5161010012142222,0.002040047037809062,0.6395965182316086,0.9811223246574435,-0.39261595942273914,-0.19985073850017118,-1.0,-1.8369701987210297e-16,0.9659258262890683,-0.25881904510252063,-2.4492935982947064e-16,1.0
0.6040615621707506,2.569629662457473,1.4141535320400604,0.9713569757352701,-0.7441226521696283,0.06448213430431671,0.9806806998091566,1.9233135282279419,-0.6831906184550289,-0.28761657923473266,1.3096702561424372,-0.6514128533997506,-0.6300702050012377,0.030303030303030276,0.5757575757575757,0.030303030303030276,0.030303030303030276,0.9633905379704456,0.04823491667241427,0.684589702688883,0.8193127419458585,0.2810677631349242,0.17276170649035127,-1.0,-1.8369701987210297e-16,0.8660254037844387,-0.4999999999999998,-2.4492935982947064e-16,1.0
0.08809561388803487,2.2801251184662625,1.2561526369543852,1.1295744622380688,-0.6362461543894931,0.22626791480925612,0.9806806998091566,1.6220075161151775,-0.6831906184550289,0.5179786573308915,1.3813326253992528,-0.6514128533997506,-0.4353372578483774,0.030303030303030276,0.030303030303030276,0.030303030303030276,0.030303030303030276,1.410680074726669,0.20930440017932544,0.7422565236803551,0.38782052138163176,1.0902625793105083,1.0171220176156637,-1.0,-1.8369701987210297e-16,0.7071067811865476,-0.7071067811865475,-2.4492935982947064e-16,1.0
0.18259822216562333,2.438036687916014,1.2561526369543852,1.7097052460816622,-0.6362461543894931,0.38805369531419553,0.3875449212903874,0.6717347086826125,-0.6831906184550289,1.1802708950843614,0.7295463145396444,-0.6514128533997506,-0.1551951233477714,0.5757575757575757,0.030303030303030276,0.030303030303030276,0.030303030303030276,1.8316584622619385,0.4111415628052088,0.8084714432780533,-0.043671699182595024,1.7252288465487657,1.335039057836935,-1.0,-1.8369701987210297e-16,0.49999999999999994,-0.8660254037844387,-2.4492935982947064e-16,1.0
0.21080598010318194,2.122213549016511,1.2561526369543852,2.131618543422457,-0.5283696566093578,0.38805369531419553,-0.04382655399599019,-0.015861062549080842,-0.6831906184550289,1.0098565181185564,0.4940842441243931,-0.6514128533997506,-0.35676080548845135,0.5757575757575757,0.030303030303030276,0.030303030303030276,0.030303030303030276,2.278947999018162,0.5855766844118832,0.8758197512906967,-0.42122739217629346,2.20919703804134,1.3897344626061863,-1.0,-1.8369701987210297e-16,0.258819045102521,-0.9659258262890682,-2.4492935982947064e-16,1.0
0.2971340077055484,1.7011160304838424,0.6768160216402405,1.9997706380034583,-0.3126166610490873,0.9812682238323067,-0.15166942281758458,-0.5643925204979598,-0.6831906184550289,1.4591307846647699,-0.6354511951139858,-0.6514128533997506,0.1181142761650149,0.5757575757575757,0.030303030303030276,0.030303030303030276,0.030303030303030276,2.4368148943438883,0.7031731761553337,0.9121425758372221,-0.7448465575994635,1.7755615384639936,0.695786514596314,-1.0,-1.8369701987210297e-16,1.2246467991473532e-16,-1.0,-2.4492935982947064e-16,1.0
0.5554802150837093,1.5432044610340911,0.9664843292973129,1.5514877595788634,-0.04292541659874924,0.6576966628224279,0.0640163148256042,-0.6841423458248278,-0.6831906184550289,0.7542349526698486,-0.6525136639846563,-0.6514128533997506,-0.524162812690033,0.5757575757575757,0.030303030303030276,0.030303030303030276,0.030303030303030276,2.5683706404486597,0.7688593749068675,0.9312658931372684,-0.8527196127405202,2.367938604850904,1.5367283629235482,-1.0,-1.8369701987210297e-16,-0.2588190451025208,-0.9659258262890683,-2.4492935982947064e-16,1.0
0.8138264224618703,1.4116114864926321,0.9664843292973129,1.2614223676570673,0.064951081181386,0.8194824433273673,0.4953877901119818,-0.6841423458248278,-0.6831906184550289,0.39791398265043787,-0.6525136639846563,-0.6514128533997506,-0.6505684099646967,0.5757575757575757,0.030303030303030276,0.030303030303030276,0.030303030303030276,2.5683706404486597,0.7721079192711859,0.9719013097735234,-0.7448465575994635,1.9304313597416172,1.314528281048466,-1.0,-1.8369701987210297e-16,-0.4999999999999997,-0.8660254037844388,-2.4492935982947064e-16,1.0
0.810805965865137,1.2536999170428818,0.9664843292973129,1.419639854159865,0.22676582785158886,0.8194824433273673,0.3875449212903874,-0.6841423458248278,-0.6831906184550289,1.536591865103772,-0.6525136639846563,-0.6514128533997506,1.5256576836558644,0.030303030303030276,0.030303030303030276,0.030303030303030276,0.030303030303030276,2.278947999018162,0.6945085063577091,0.9787061475923922,-0.6369735024584068,1.628435208250251,1.386315999808108,-1.0,-1.8369701987210297e-16,-0.7071067811865471,-0.7071067811865479,-2.4492935982947064e-16,1.0
0.9040129022270343,1.2536999170428818,0.9664843292973129,1.419639854159865,0.3885805745217917,0.6576966628224279,0.3875449212903874,-0.6841423458248278,-0.6831906184550289,0.4056600906943381,-0.6525136639846563,-0.6514128533997506,0.2923490183544162,0.030303030303030276,0.030303030303030276,1.0,0.5757575757575757,2.4368148943438883,0.5558019577640005,0.9927102145350406,-0.6369735024584068,0.6759858073928647,0.7333896053751741,-1.0,-1.8369701987210297e-16,-0.8660254037844385,-0.5000000000000004,-2.4492935982947064e-16,1.0
0.997219838588932,1.2536999170428818,0.8084834342116368,1.1295744622380688,0.3885805745217917,0.8194824433273673,0.3875449212903874,-0.6841423458248278,-0.6831906184550289,-0.27987047119083247,-0.6525136639846563,-0.6514128533997506,-0.483166402763115,0.030303030303030276,0.030303030303030276,1.0,0.5757575757575757,2.1210811036924357,0.3507162374691438,0.9942369698618967,-0.5291004473173502,-0.013184897292560954,0.4975156723077791,-1.0,-1.8369701987210297e-16,-0.9659258262890683,-0.25881904510252063,-2.4492935982947064e-16,1.0
0.6122361291167805,0.6746908290604611,0.8084834342116368,0.8131394892324716,0.9819013123125355,0.8194824433273673,0.6571520933443734,-0.6841423458248278,-0.6793232268611149,-0.5780956308809914,-0.6525136639846563,-0.6514128533997506,-0.6129883675316885,0.030303030303030276,0.030303030303030276,1.0,0.5757575757575757,1.700102716157167,0.02446393416729039,1.0,-0.31335433703523674,-0.5629727628281253,-0.633995513856101,-1.0,-1.8369701987210297e-16,-1.0,-1.8369701987210297e-16,-2.4492935982947064e-16,1.0
0.6880841838267143,0.9641953730516715,0.6768160216402405,0.681291583813473,0.6582718189721298,1.1430540043372461,0.818916396576765,-0.6841423458248278,-0.536229737886295,-0.6826680894736445,-0.6525136639846563,-0.6445825854923893,-0.6505684099646967,0.030303030303030276,0.030303030303030276,1.0,0.5757575757575757,1.5422358208314406,0.0,0.9723599817391702,-0.043671699182595024,-0.6829968743182837,-0.651087827846492,-1.0,-1.8369701987210297e-16,-0.9659258262890684,0.2588190451025203,-2.4492935982947064e-16,1.0
0.7639322385366483,0.9641953730516715,0.9664843292973129,0.681291583813473,0.8200865656423326,0.9812682238323067,0.9806806998091566,-0.6841423458248278,-0.2887166758757958,-0.6826680894736445,-0.6525136639846563,-0.6309220496776665,-0.6505684099646967,0.030303030303030276,0.030303030303030276,1.0,0.5757575757575757,1.410680074726669,0.0,0.9696619866760274,0.06420135595846167,-0.6829968743182837,-0.651087827846492,-1.0,-1.8369701987210297e-16,-0.8660254037844386,0.5000000000000001,-2.4492935982947064e-16,1.0
0.7197414356158006,0.9641953730516715,1.1244852243829888,0.681291583813473,0.8200865656423326,0.9812682238323067,0.9806806998091566,-0.6841423458248278,0.5157007756583266,-0.6826680894736445,-0.6525136639846563,-0.436259414317867,-0.6505684099646967,0.030303030303030276,0.030303030303030276,0.030303030303030276,0.030303030303030276,1.2528131794009436,0.0,0.9082606897842458,0.2260109386700467,-0.6829968743182837,-0.651087827846492,-1.0,-1.8369701987210297e-16,-0.7071067811865477,0.7071067811865474,-2.4492935982947064e-16,1.0
0.4249756800818253,0.9641953730516715,1.7038218396971327,0.681291583813473,0.6582718189721298,0.38805369531419553,0.9806806998091566,-0.6841423458248278,1.177024738217629,-0.6826680894736445,-0.6525136639846563,-0.15621843011605016,-0.6505684099646967,0.030303030303030276,0.030303030303030276,0.030303030303030276,0.030303030303030276,1.2528131794009436,0.0,0.8299919938565101,0.38782052138163176,-0.6829968743182837,-0.651087827846492,-1.0,-1.8369701987210297e-16,-0.5000000000000004,0.8660254037844384,-2.4492935982947064e-16,1.0
0.9515874361689948,0.8062838036019201,2.1251575599256007,0.681291583813473,0.8200865656423326,-0.04337505269897623,0.9806806998091566,-0.6841423458248278,1.0068595080854108,-0.6826680894736445,-0.6525136639846563,-0.35771133338321104,-0.6505684099646967,0.030303030303030276,0.030303030303030276,0.030303030303030276,0.030303030303030276,1.2528131794009436,0.0,0.7744631322752069,0.38782052138163176,-0.6829968743182837,-0.651087827846492,-1.0,-1.8369701987210297e-16,-0.25881904510252157,0.9659258262890681,-2.4492935982947064e-16,1.0
0.6857140024076324,0.8062838036019201,1.9934901473542042,0.23300870538887822,0.8200865656423326,-0.15123223970226915,0.9806806998091566,-0.6802794482336385,1.4554769329794406,-0.6826680894736445,-0.6525136639846563,0.11699228617840532,-0.6505684099646967,0.030303030303030276,0.030303030303030276,0.030303030303030276,0.030303030303030276,0.6739678965399476,0.0,0.6534509725766406,0.9811223246574435,-0.6829968743182837,-0.651087827846492,-1.0,-1.8369701987210297e-16,-2.4492935982947064e-16,1.0,-2.4492935982947064e-16,1.0
0.41984056864627023,0.6746908290604611,1.5458209446114568,0.681291583813473,1.1437160589827384,0.06448213430431671,0.9806806998091566,-0.5373522373596348,0.7516116628870837,-0.6826680894736445,-0.645688676436388,-0.5250528971135651,-0.6505684099646967,0.030303030303030276,0.030303030303030276,0.030303030303030276,0.030303030303030276,0.9633905379704456,0.0,0.6199243823819359,0.6575031592342735,-0.6829968743182837,-0.651087827846492,-1.0,-1.8369701987210297e-16,0.25881904510252074,0.9659258262890683,0.7818314824680298,0.6234898018587336
0.15396713488490799,0.9641953730516715,1.2561526369543852,0.681291583813473,0.9819013123125355,0.4959108823174885,0.9806806998091566,-0.29012679152352033,0.39581163624699106,-0.6826680894736445,-0.6320387013398517,-0.6514128533997506,-0.6505684099646967,0.030303030303030276,0.030303030303030276,0.030303030303030276,0.030303030303030276,0.9633905379704456,0.0,0.6071571163275592,0.8193127419458585,-0.6829968743182837,-0.651087827846492,-1.0,-1.8369701987210297e-16,0.49999999999999994,0.8660254037844387,0.7818314824680298,0.6234898018587336
0.15408726531625044,1.1221069425014227,1.4141535320400604,0.681291583813473,0.9819013123125355,0.38805369531419553,0.9806806998091566,0.5133559074438517,1.5328247648577216,-0.6826680894736445,-0.43752655621420944,1.524027475094851,-0.6505684099646967,0.030303030303030276,0.030303030303030276,0.030303030303030276,0.030303030303030276,0.9633905379704456,0.0,0.6083955050249804,0.8193127419458585,-0.6829968743182837,-0.651087827846492,-1.0,-1.8369701987210297e-16,0.7071067811865476,0.7071067811865476,0.7818314824680298,0.6234898018587336
0.1532291942389596,1.7011160304838424,1.4141535320400604,0.681291583813473,0.3885805745217917,0.38805369531419553,0.9806806998091566,1.17391139553722,0.40354641943481917,-0.6826680894736445,-0.15770206673521528,0.29116411781612067,-0.6505684099646967,0.030303030303030276,1.0,0.030303030303030276,0.030303030303030276,0.9633905379704456,0.0,0.6188416502008296,0.6575031592342735,-0.6829968743182837,-0.651087827846492,-1.0,-1.8369701987210297e-16,0.8660254037844386,0.5000000000000001,0.7818314824680298,0.6234898018587336
0.6974143025533175,2.122213549016511,1.1244852243829888,0.681291583813473,-0.04292541659874924,0.38805369531419553,0.9806806998091566,1.0039439015248914,-0.28098189268796775,-0.6826680894736445,-0.3590391994091257,-0.4840712896693967,-0.6505684099646967,0.030303030303030276,1.0,0.030303030303030276,0.030303030303030276,0.8055236426447192,0.0,0.6308025653054378,0.8193127419458585,-0.6829968743182837,-0.651087827846492,-1.0,-1.8369701987210297e-16,0.9659258262890683,0.25881904510252074,0.7818314824680298,0.6234898018587336
0.45800011914852984,1.990620574475052,0.8084834342116368,0.681291583813473,-0.15080191437888446,0.6576966628224279,0.9806806998091566,1.4520400221028489,-0.5787710454193495,-0.6826680894736445,0.11529743519551075,-0.613846379909263,-0.6471520424707868,0.030303030303030276,1.0,0.030303030303030276,0.030303030303030276,0.8055236426447192,0.0,0.7253965002739995,0.8193127419458585,-0.6791251287863431,-0.651087827846492,-1.0,-1.8369701987210297e-16,1.0,6.123233995736766e-17,0.7818314824680298,0.6234898018587336
0.1965619535409005,1.5432044610340911,0.6768160216402405,0.681291583813473,0.064951081181386,0.8194824433273673,0.9806806998091566,0.7489926605063982,-0.6831906184550289,-0.5161267665297895,-0.5262513943416954,-0.6514128533997506,-0.6095720000377787,0.030303030303030276,1.0,0.030303030303030276,0.030303030303030276,0.6739678965399476,0.00549371365700472,0.7443397805043361,1.1429319073690285,-0.5358705441045412,-0.6442509022503355,-1.0,-1.8369701987210297e-16,0.9659258262890683,-0.25881904510252063,0.7818314824680298,0.6234898018587336
0.21705849447071313,1.2536999170428818,0.6768160216402405,0.681291583813473,0.4964570723019269,0.9812682238323067,0.9806806998091566,0.3936060821169837,-0.6831906184550289,-0.059106391939675824,-0.6525136639846563,-0.6514128533997506,-0.6334865724951475,0.030303030303030276,1.0,0.030303030303030276,0.030303030303030276,0.9633905379704456,0.05163314904789761,0.7468905190737622,0.9811223246574435,-0.2880788300603431,-0.6305770510580229,-1.0,-1.8369701987210297e-16,0.8660254037844387,-0.4999999999999998,0.7818314824680298,0.6234898018587336
0.12186942658545358,1.4116114864926321,0.6768160216402405,0.681291583813473,0.3885805745217917,0.9812682238323067,0.9806806998091566,1.5292979739266346,-0.6831906184550289,0.15391157926758056,1.52124487013875,-0.6514128533997506,-0.6300702050012377,0.030303030303030276,0.030303030303030276,0.030303030303030276,0.030303030303030276,1.121257433296172,0.20825111056615245,0.7895700607214071,0.9811223246574435,0.5172442405833004,-0.4357246715675661,-1.0,-1.8369701987210297e-16,0.7071067811865476,-0.7071067811865475,0.7818314824680298,0.6234898018587336
0.12166921377628022,1.4116114864926321,0.6768160216402405,1.1295744622380688,0.3885805745217917,0.9812682238323067,0.4953877901119818,0.4013318772993623,-0.6831906184550289,0.7116313584283973,0.2893346176763486,-0.6514128533997506,-0.643735674976877,1.0,0.030303030303030276,0.030303030303030276,0.030303030303030276,1.700102716157167,0.3977371097052881,0.8228922845126581,0.38782052138163176,1.179312726545142,-0.15541072212515475,-1.0,-1.8369701987210297e-16,0.49999999999999994,-0.8660254037844387,0.7818314824680298,0.6234898018587336
0.1424174485535435,1.1221069425014227,0.6768160216402405,1.5514877595788634,0.3885805745217917,0.9812682238323067,0.2257806180579958,-0.28240099634114174,-0.6831906184550289,1.8851667270792825,-0.48530146905208654,-0.6514128533997506,1.153273626819693,1.0,0.030303030303030276,0.030303030303030276,0.030303030303030276,2.1210811036924357,0.563790312039925,0.8722846222681422,-0.043671699182595024,1.0089559231397558,-0.3571000272117678,-1.0,-1.8369701987210297e-16,0.258819045102521,-0.9659258262890682,0.7818314824680298,0.6234898018587336
0.23875633628165216,0.8062838036019201,0.22914681889749292,1.8415531515006607,0.6582718189721298,0.9812682238323067,-0.04382655399599019,-0.5798441108627169,-0.6831906184550289,2.2531068591645433,-0.6149762324691814,-0.6514128533997506,1.590568666040151,1.0,0.030303030303030276,0.030303030303030276,0.030303030303030276,1.989525357587664,0.6743298019586155,0.9020876975676351,-0.15154475432365172,1.4580784048448647,0.11806630172110026,-1.0,-1.8369701987210297e-16,1.2246467991473532e-16,-1.0,0.7818314824680298,0.6234898018587336
0.1262170052448033,0.6746908290604611,0.6768160216402405,1.9997706380034583,0.8200865656423326,0.9812682238323067,-0.3134337260499762,-0.6841423458248278,-0.6831906184550289,2.5203475866791014,-0.6525136639846563,-0.6514128533997506,2.4583260094932475,1.0,0.030303030303030276,0.030303030303030276,0.030303030303030276,1.5422358208314406,0.732149623510198,0.9114033226289384,0.06420135595846167,0.7534207180316767,-0.524604704317599,-1.0,-1.8369701987210297e-16,-0.2588190451025208,-0.9659258262890683,0.7818314824680298,0.6234898018587336
0.12307073433117606,0.6746908290604611,0.6768160216402405,1.8415531515006607,0.9819013123125355,0.9812682238323067,-0.3134337260499762,-0.6841423458248278,-0.6831906184550289,2.198884102857242,-0.6525136639846563,-0.6514128533997506,2.393415027108961,1.0,0.030303030303030276,0.030303030303030276,0.030303030303030276,1.2528131794009436,0.7236069174838918,0.9126625577239051,0.4956935765226884,0.397220129093142,-0.651087827846492,-1.0,-1.8369701987210297e-16,-0.4999999999999997,-0.8660254037844388,0.7818314824680298,0.6234898018587336
0.7457238631201916,0.6746908290604611,0.6768160216402405,1.5514877595788634,0.9819013123125355,0.9812682238323067,-0.04382655399599019,-0.6841423458248278,-0.6831906184550289,1.497861324884271,-0.6525136639846563,-0.6514128533997506,1.8399634930955686,0.030303030303030276,0.030303030303030276,0.030303030303030276,0.030303030303030276,1.410680074726669,0.6797015563678845,0.9201980438498591,0.38782052138163176,1.5355133154836766,1.5264729745293137,-1.0,-1.8369701987210297e-16,-0.7071067811865471,-0.7071067811865479,0.7818314824680298,0.6234898018587336
0.9253532152805102,0.6746908290604611,0.6768160216402405,1.2614223676570673,0.9819013123125355,0.9812682238323067,0.2257806180579958,-0.6841423458248278,-0.6831906184550289,0.8936648974600527,-0.6525136639846563,-0.6514128533997506,1.9629527228763224,0.030303030303030276,0.030303030303030276,1.0,1.0,1.410680074726669,0.5251180974386092,0.9278753571866316,0.38782052138163176,0.4049636201570232,0.29240790442308784,-1.0,-1.8369701987210297e-16,-0.8660254037844385,-0.5000000000000004,0.7818314824680298,0.6234898018587336
0.8689605585103284,0.6746908290604611,0.6768160216402405,0.9713569757352701,0.9819013123125355,0.9812682238323067,0.3336234868795902,-0.6841423458248278,-0.6831906184550289,0.07645049882857824,-0.6525136639846563,-0.6514128533997506,1.3992520863812006,0.030303030303030276,0.030303030303030276,1.0,1.0,1.121257433296172,0.3205922902398755,0.9402362977576497,0.38782052138163176,-0.28033533899646196,-0.48358315074066077,-1.0,-1.8369701987210297e-16,-0.9659258262890683,-0.25881904510252063,0.7818314824680298,0.6234898018587336
0.8125679017401464,0.22727471561950033,0.6768160216402405,0.8131394892324716,0.9819013123125355,0.9812682238323067,0.3336234868795902,-0.6841423458248278,-0.6831906184550289,-0.5238728745736898,-0.6525136639846563,-0.64799771944607,-0.06295320101220604,0.030303030303030276,0.030303030303030276,1.0,1.0,0.8055236426447192,0.01559416513184168,0.9333438743373008,0.6575031592342735,-0.5784597449558877,-0.6134847370676318,-1.0,-1.8369701987210297e-16,-1.0,-1.8369701987210297e-16,0.7818314824680298,0.6234898018587336
0.33144554137514604,0.6746908290604611,0.6768160216402405,0.681291583813473,0.9819013123125355,0.9812682238323067,0.4953877901119818,-0.6841423458248278,-0.5168927799167248,-0.6826680894736445,-0.6525136639846563,-0.6104312459555824,-0.6505684099646967,0.030303030303030276,0.030303030303030276,1.0,1.0,0.6739678965399476,0.0,0.9030661977610148,0.8193127419458585,-0.6829968743182837,-0.651087827846492,-1.0,-1.8369701987210297e-16,-0.9659258262890684,0.2588190451025203,0.7818314824680298,0.6234898018587336
0.8065728440484724,0.6746908290604611,0.6768160216402405,0.681291583813473,0.9819013123125355,0.9812682238323067,0.4953877901119818,-0.6841423458248278,-0.06054057183486687,-0.6826680894736445,-0.6525136639846563,-0.6343371836313472,-0.6505684099646967,0.030303030303030276,0.030303030303030276,1.0,1.0,0.6739678965399476,0.0,0.9019422849813177,0.9811223246574435,-0.6829968743182837,-0.651087827846492,-1.0,-1.8369701987210297e-16,-0.8660254037844386,0.5000000000000001,0.7818314824680298,0.6234898018587336
0.7031748656430111,0.6746908290604611,0.6768160216402405,0.5230740973106753,0.9819013123125355,0.9812682238323067,0.6571520933443734,-0.6841423458248278,0.1521659658304059,-0.6826680894736445,-0.6525136639846563,-0.6309220496776665,-0.6505684099646967,0.030303030303030276,0.030303030303030276,0.030303030303030276,0.030303030303030276,0.6739678965399476,0.0,0.8663600965736256,0.9811223246574435,-0.6829968743182837,-0.651087827846492,-1.0,-1.8369701987210297e-16,-0.7071067811865477,0.7071067811865474,0.7818314824680298,0.6234898018587336
0.5997768872375498,0.6746908290604611,1.1244852243829888,0.5230740973106753,0.9819013123125355,0.4959108823174885,0.6571520933443734,-0.6841423458248278,0.7090703553540291,-0.6826680894736445,-0.6525136639846563,-0.6445825854923893,-0.6505684099646967,0.030303030303030276,0.030303030303030276,0.030303030303030276,0.030303030303030276,0.6739678965399476,0.0,0.8225305713444393,0.9811223246574435,-0.6829968743182837,-0.651087827846492,-1.0,-1.8369701987210297e-16,-0.5000000000000004,0.8660254037844384,0.7818314824680298,0.6234898018587336
0.720879825906182,0.6746908290604611,1.5458209446114568,0.39122619189167684,0.9819013123125355,0.22626791480925612,0.818916396576765,-0.6841423458248278,1.8808900083099862,-0.6826680894736445,-0.6525136639846563,1.1517778741436553,-0.6505684099646967,0.030303030303030276,0.030303030303030276,0.030303030303030276,0.030303030303030276,0.6739678965399476,0.0,0.7977398509928186,0.9811223246574435,-0.6829968743182837,-0.651087827846492,-1.0,-1.8369701987210297e-16,-0.25881904510252157,0.9659258262890681,0.7818314824680298,0.6234898018587336
0.21485895432500549,0.6746908290604611,1.835489252268529,0.681291583813473,0.9819013123125355,-0.04337505269897623,0.9806806998091566,-0.6841423458248278,2.248292209731821,-0.6826680894736445,-0.6491011702105222,1.5889150202147841,-0.6505684099646967,0.030303030303030276,0.030303030303030276,0.030303030303030276,0.030303030303030276,0.22667835978372425,0.0,0.6377875938529658,0.9811223246574435,-0.6829968743182837,-0.651087827846492,-1.0,-1.8369701987210297e-16,-2.4492935982947064e-16,1.0,0.7818314824680298,0.6234898018587336
0.1234196892081396,0.6746908290604611,1.9934901473542042,0.39122619189167684,0.9819013123125355,-0.3130180202072086,0.9806806998091566,-0.5180377494036883,2.5151422297118904,-0.6826680894736445,-0.6115637386950473,2.4563590444496803,-0.6505684099646967,0.030303030303030276,0.030303030303030276,0.030303030303030276,0.030303030303030276,0.6739678965399476,0.0,0.6145386874052979,0.9811223246574435,-0.6829968743182837,-0.651087827846492,-1.0,-1.8369701987210297e-16,0.25881904510252074,0.9659258262890683,0.9749279121818236,-0.22252093395631434
0.12124017652148578,0.6746908290604611,1.835489252268529,0.39122619189167684,0.9819013123125355,-0.3130180202072086,1.1424450030415483,-0.06221583364335231,2.194148727417024,-0.6826680894736445,-0.6354511951139858,2.391471499329747,-0.6505684099646967,0.030303030303030276,0.030303030303030276,0.030303030303030276,0.030303030303030276,0.6739678965399476,0.0,0.6142019694262737,0.9811223246574435,-0.6829968743182837,-0.651087827846492,-1.0,-1.8369701987210297e-16,0.49999999999999994,0.8660254037844387,0.9749279121818236,-0.22252093395631434
0.11988441879633534,0.6746908290604611,1.5458209446114568,0.39122619189167684,0.9819013123125355,-0.04337505269897623,1.1424450030415483,0.15024353387205858,1.494150848918581,-0.6826680894736445,-0.6320387013398517,1.8382197988334747,-0.6505684099646967,0.030303030303030276,0.030303030303030276,0.030303030303030276,0.030303030303030276,0.6739678965399476,0.0,0.5974956561895336,0.9811223246574435,-0.6829968743182837,-0.651087827846492,-1.0,-1.8369701987210297e-16,0.7071067811865476,0.7071067811865476,0.9749279121818236,-0.22252093395631434
0.119752845083333,1.1221069425014227,1.2561526369543852,0.39122619189167684,0.4964570723019269,0.22626791480925612,0.9806806998091566,0.7065007870033161,0.8908377602679894,-0.6826680894736445,-0.645688676436388,1.9611646211659797,-0.6505684099646967,0.030303030303030276,1.0,0.030303030303030276,0.030303030303030276,0.6739678965399476,0.0,0.5805148056288549,0.9811223246574435,-0.6829968743182837,-0.651087827846492,-1.0,-1.8369701987210297e-16,0.8660254037844386,0.5000000000000001,0.9749279121818236,-0.22252093395631434
0.11938673558077377,1.5432044610340911,0.9664843292973129,0.39122619189167684,0.22676582785158886,0.33412510181254906,0.9806806998091566,1.8769587571336706,0.07481813395212489,-0.6826680894736445,1.1492830487581358,1.3976675188086654,-0.6505684099646967,0.030303030303030276,1.0,0.030303030303030276,0.030303030303030276,0.6739678965399476,0.0,0.608579844545289,0.9811223246574435,-0.6829968743182837,-0.651087827846492,-1.0,-1.8369701987210297e-16,0.9659258262890683,0.25881904510252074,0.9749279121818236,-0.22252093395631434
0.5375836467825471,1.8327090050253017,0.8084834342116368,0.39122619189167684,-0.04292541659874924,0.33412510181254906,0.9806806998091566,2.243934028296653,-0.5246275631045528,-0.6710489274077942,1.5860822518472975,-0.06400981336667143,-0.6505684099646967,0.030303030303030276,1.0,0.030303030303030276,0.030303030303030276,0.6739678965399476,0.0,0.653836144344554,0.9811223246574435,-0.6829968743182837,-0.6476693650484138,-1.0,-1.8369701987210297e-16,1.0,6.123233995736766e-17,0.9749279121818236,-0.22252093395631434
0.1652822785621195,1.990620574475052,0.6768160216402405,0.5230740973106753,-0.3126166610490873,0.4959108823174885,0.818916396576765,2.5104739620887138,-0.6831906184550289,-0.5742225768590413,2.4528556704773523,-0.6514128533997506,-0.6334865724951475,0.030303030303030276,1.0,0.030303030303030276,0.030303030303030276,0.6739678965399476,0.021254186176612587,0.6598723288760455,0.9811223246574435,-0.5165118164448381,-0.6100662742695537,-1.0,-1.8369701987210297e-16,0.9659258262890683,-0.25881904510252063,0.9749279121818236,-0.22252093395631434
0.10229388791746505,1.8327090050253017,0.6768160216402405,0.5230740973106753,-0.3126166610490873,0.4959108823174885,0.818916396576765,2.1898534620200025,-0.6831906184550289,-0.264378255103032,2.388018288768805,-0.6514128533997506,-0.643735674976877,0.030303030303030276,1.0,0.030303030303030276,0.030303030303030276,0.6739678965399476,0.053634389999667915,0.6460107549996652,0.9811223246574435,-0.05964584367584808,-0.633995513856101,-1.0,-1.8369701987210297e-16,0.8660254037844387,-0.4999999999999998,0.9749279121818236,-0.22252093395631434
0.08766085842470853,1.5432044610340911,0.5188151265545653,0.681291583813473,-0.04292541659874924,0.6576966628224279,0.6571520933443734,1.4906689980147416,-0.6831906184550289,0.11518103904807941,1.835194297359085,-0.6514128533997506,-0.643735674976877,0.030303030303030276,0.030303030303030276,0.030303030303030276,0.030303030303030276,0.6739678965399476,0.16038761462226275,0.6832354551431876,0.9811223246574435,0.15330016058088458,-0.6305770510580229,-1.0,-1.8369701987210297e-16,0.7071067811865476,-0.7071067811865475,0.9749279121818236,-0.22252093395631434
0.08729475235444734,1.2536999170428818,0.5188151265545653,0.9713569757352701,0.22676582785158886,0.6576966628224279,0.3336234868795902,0.8880569737892127,-0.6831906184550289,0.3940409286284878,1.9580440732279116,-0.6514128533997506,-0.6403193074829672,1.0,0.030303030303030276,0.030303030303030276,0.030303030303030276,1.121257433296172,0.36397654793805523,0.7634695002606311,0.4956935765226884,0.7108315171803301,-0.6442509022503355,-1.0,-1.8369701987210297e-16,0.49999999999999994,-0.8660254037844387,0.9749279121818236,-0.22252093395631434
0.08887360601979286,0.9641953730516715,0.38714771398316894,1.5514877595788634,0.3346423256317241,0.8194824433273673,0.0640163148256042,0.0729855820482728,-0.6831906184550289,2.241487697098693,1.394982600495789,-0.6514128533997506,1.7750525107112818,1.0,0.030303030303030276,0.030303030303030276,0.030303030303030276,1.5422358208314406,0.4700700878575546,0.8265073161891945,0.2260109386700467,1.8839704133583302,1.1538605295387911,-1.0,-1.8369701987210297e-16,0.258819045102521,-0.9659258262890682,0.9749279121818236,-0.22252093395631434
0.2972427085844231,0.8062838036019201,0.6768160216402405,1.7097052460816622,0.3346423256317241,0.9812682238323067,-0.15166942281758458,-0.5257635445860669,-0.6831906184550289,2.0284697258914366,-0.06556473483359525,-0.6514128533997506,1.2181846092039796,1.0,0.030303030303030276,0.030303030303030276,0.030303030303030276,1.8316584622619385,0.719005768685483,0.8414309295080857,-0.043671699182595024,2.2517862388926866,1.5914237676927991,-1.0,-1.8369701987210297e-16,1.2246467991473532e-16,-1.0,0.9749279121818236,-0.22252093395631434
0.5398261043829263,0.6746908290604611,0.38714771398316894,1.7097052460816622,0.4964570723019269,0.9812682238323067,-0.15166942281758458,-0.6841423458248278,-0.6831906184550289,2.284091291340144,-0.6525136639846563,-0.6514128533997506,1.6418141784487985,1.0,0.030303030303030276,0.030303030303030276,0.030303030303030276,1.989525357587664,0.7413797278357223,0.8630852145926624,-0.31335433703523674,2.5189366805965876,2.459713318404659,-1.0,-1.8369701987210297e-16,-0.2588190451025208,-0.9659258262890683,0.9749279121818236,-0.22252093395631434
0.9272753708279501,0.6746908290604611,0.38714771398316894,1.7097052460816622,0.4964570723019269,1.1430540043372461,-0.15166942281758458,-0.6841423458248278,-0.6831906184550289,1.9781200236060854,-0.6525136639846563,-0.6514128533997506,2.0551946452118877,1.0,0.030303030303030276,0.030303030303030276,0.030303030303030276,1.8316584622619385,0.5140142586518575,0.8804514417998541,-0.31335433703523674,2.1975818014455184,2.3947625252411733,-1.0,-1.8369701987210297e-16,-0.4999999999999997,-0.8660254037844388,0.9749279121818236,-0.22252093395631434
0.8410846008241375,0.5167792596107107,0.38714771398316894,1.5514877595788634,0.6582718189721298,1.1430540043372461,-0.2055908572283818,-0.6841423458248278,-0.6831906184550289,1.4436385685769693,-0.6525136639846563,-0.6514128533997506,1.7648034082295523,0.030303030303030276,0.030303030303030276,0.030303030303030276,0.030303030303030276,1.5422358208314406,0.44643769462049165,0.8771804525122904,-0.043671699182595024,1.4967958601642706,1.840971551952507,-1.0,-1.8369701987210297e-16,-0.7071067811865471,-0.7071067811865479,0.9749279121818236,-0.22252093395631434
0.8386018823610734,0.5167792596107107,0.38714771398316894,1.419639854159865,0.6582718189721298,0.9812682238323067,-0.2055908572283818,-0.6841423458248278,-0.6831906184550289,0.7116313584283973,-0.6525136639846563,-0.6514128533997506,1.0166189270632997,0.030303030303030276,0.030303030303030276,1.0,1.0,1.2528131794009436,0.16917423488655067,0.8943953768734163,0.2260109386700467,0.892803557181538,1.9640362126833217,-1.0,-1.8369701987210297e-16,-0.8660254037844385,-0.5000000000000004,0.9749279121818236,-0.22252093395631434
0.8361191638980092,0.3851862850692516,0.38714771398316894,1.2614223676570673,0.8200865656423326,0.9812682238323067,-0.04382655399599019,-0.6841423458248278,-0.6831906184550289,-0.15980579651037885,-0.6525136639846563,-0.6514128533997506,0.275267180884867,0.030303030303030276,0.030303030303030276,1.0,1.0,0.9633905379704456,0.15756592350057605,0.8961111327087301,0.3338839938111034,0.07586524994207271,1.3999898510004207,-1.0,-1.8369701987210297e-16,-0.9659258262890683,-0.25881904510252063,0.9749279121818236,-0.22252093395631434
0.8317773068794895,0.6746908290604611,0.38714771398316894,0.9713569757352701,0.9819013123125355,0.9812682238323067,0.2257806180579958,-0.6841423458248278,-0.6715884436732867,-0.566476468815141,-0.6525136639846563,-0.6514128533997506,-0.3806753779458201,0.030303030303030276,0.030303030303030276,1.0,1.0,0.8055236426447192,0.014989910281922446,0.885779975647105,0.3338839938111034,-0.5242553075087194,-0.06311222657704368,-1.0,-1.8369701987210297e-16,-1.0,-1.8369701987210297e-16,0.9749279121818236,-0.22252093395631434
0.7869515288215463,0.3851862850692516,0.5188151265545653,0.8131394892324716,0.9819013123125355,0.8194824433273673,0.4953877901119818,-0.6841423458248278,-0.5749036538254355,-0.6826680894736445,-0.6525136639846563,-0.6343371836313472,-0.6505684099646967,0.030303030303030276,0.030303030303030276,1.0,1.0,0.6739678965399476,0.0,0.8694401902256823,0.4956935765226884,-0.6829968743182837,-0.651087827846492,-1.0,-1.8369701987210297e-16,-0.9659258262890684,0.2588190451025203,0.9749279121818236,-0.22252093395631434
0.31677819576660204,0.3851862850692516,0.5188151265545653,0.8131394892324716,1.1437160589827384,0.8194824433273673,0.6571520933443734,-0.6841423458248278,-0.26551232631231153,-0.6826680894736445,-0.6525136639846563,-0.6445825854923893,-0.6505684099646967,0.030303030303030276,0.030303030303030276,1.0,1.0,0.6739678965399476,0.0,0.851889879596432,0.4956935765226884,-0.6829968743182837,-0.651087827846492,-1.0,-1.8369701987210297e-16,-0.8660254037844386,0.5000000000000001,0.9749279121818236,-0.22252093395631434
0.4499456483108619,0.3851862850692516,0.6768160216402405,0.8131394892324716,1.1437160589827384,0.6576966628224279,0.818916396576765,-0.6841423458248278,0.11349204989126538,-0.6826680894736445,-0.6525136639846563,-0.6445825854923893,-0.6505684099646967,0.030303030303030276,0.030303030303030276,0.030303030303030276,0.030303030303030276,0.5161010012142222,0.0,0.8105408707965376,0.6575031592342735,-0.6829968743182837,-0.651087827846492,-1.0,-1.8369701987210297e-16,-0.7071067811865477,0.7071067811865474,0.9749279121818236,-0.22252093395631434
0.2504204314035292,0.3851862850692516,0.9664843292973129,0.8131394892324716,0.9819013123125355,0.33412510181254906,0.818916396576765,-0.6841423458248278,0.391944244653077,-0.6826680894736445,-0.6525136639846563,-0.6411674515387086,-0.6505684099646967,0.030303030303030276,0.030303030303030276,0.030303030303030276,0.030303030303030276,0.5161010012142222,0.0,0.6841340526825854,0.6575031592342735,-0.6829968743182837,-0.651087827846492,-1.0,-1.8369701987210297e-16,-0.5000000000000004,0.8660254037844384,0.9749279121818236,-0.22252093395631434
0.19134485022570594,0.3851862850692516,1.5458209446114568,0.8131394892324716,0.9819013123125355,0.06448213430431671,0.818916396576765,-0.6841423458248278,2.2366900349500787,-0.6826680894736445,-0.6525136639846563,1.7733322537135416,-0.6505684099646967,0.030303030303030276,0.030303030303030276,0.030303030303030276,0.030303030303030276,0.3845452551094506,0.0,0.5898630576072011,0.8193127419458585,-0.6829968743182837,-0.651087827846492,-1.0,-1.8369701987210297e-16,-0.25881904510252157,0.9659258262890681,0.9749279121818236,-0.22252093395631434
0.17901720265326582,0.3851862850692516,1.7038218396971327,0.681291583813473,0.9819013123125355,-0.15123223970226915,0.9806806998091566,-0.6725536530512599,2.023983497284806,-0.6826680894736445,-0.6525136639846563,1.2166654192635886,-0.6505684099646967,0.030303030303030276,0.030303030303030276,0.030303030303030276,0.030303030303030276,0.6739678965399476,0.0,0.5211453410324661,0.9811223246574435,-0.6829968743182837,-0.651087827846492,-1.0,-1.8369701987210297e-16,-2.4492935982947064e-16,1.0,0.9749279121818236,-0.22252093395631434
0.1776156752337739,0.5167792596107107,1.7038218396971327,0.681291583813473,0.8200865656423326,-0.15123223970226915,1.1424450030415483,-0.5759812132715276,2.279231342483133,-0.6826680894736445,-0.6354511951139858,1.6401420295199944,-0.6505684099646967,0.030303030303030276,0.030303030303030276,0.030303030303030276,0.030303030303030276,0.3845452551094506,0.0,0.5115536420577247,0.9811223246574435,-0.6829968743182837,-0.651087827846492,-1.0,-1.8369701987210297e-16,0.25881904510252074,0.9659258262890683,0.43388373911755823,-0.900968867902419
0.17636860122600798,0.5167792596107107,1.7038218396971327,0.681291583813473,0.8200865656423326,-0.15123223970226915,1.1424450030415483,-0.2669494059763846,1.9737074065639233,-0.6826680894736445,-0.645688676436388,2.053373237915358,-0.6505684099646967,0.030303030303030276,0.030303030303030276,0.030303030303030276,0.030303030303030276,0.3845452551094506,0.0,0.4960193368520208,1.1429319073690285,-0.6829968743182837,-0.651087827846492,-1.0,-1.8369701987210297e-16,0.49999999999999994,0.8660254037844387,0.43388373911755823,-0.900968867902419
0.17636860122600798,0.6746908290604611,1.5458209446114568,0.681291583813473,0.6582718189721298,-0.20516083320391562,0.9806806998091566,0.11161455796016567,1.4400073666037845,-0.6826680894736445,-0.645688676436388,1.7630868518524996,-0.6505684099646967,0.030303030303030276,0.030303030303030276,0.030303030303030276,0.030303030303030276,0.3845452551094506,0.0,0.48340137607736045,1.1429319073690285,-0.6829968743182837,-0.651087827846492,-1.0,-1.8369701987210297e-16,0.7071067811865476,0.7071067811865476,0.43388373911755823,-0.900968867902419
0.1763972128624557,0.9641953730516715,1.4141535320400604,0.681291583813473,0.3346423256317241,-0.20516083320391562,0.9806806998091566,0.38974318452579443,0.7090703553540291,-0.6826680894736445,-0.642276182662254,1.0151725159964275,-0.6505684099646967,0.030303030303030276,1.0,0.030303030303030276,0.030303030303030276,0.3845452551094506,0.0,0.486526696680357,0.9811223246574435,-0.6829968743182837,-0.651087827846492,-1.0,-1.8369701987210297e-16,0.8660254037844386,0.5000000000000001,0.43388373911755823,-0.900968867902419
0.17545904224584374,1.5432044610340911,1.2561526369543852,0.8131394892324716,0.064951081181386,-0.04337505269897623,0.818916396576765,2.232345335523085,-0.16109275327663217,-0.6826680894736445,1.7703569156505374,0.2740884480477172,-0.6505684099646967,0.030303030303030276,1.0,0.030303030303030276,0.030303030303030276,0.3845452551094506,0.0,0.506544565167452,0.9811223246574435,-0.6829968743182837,-0.651087827846492,-1.0,-1.8369701987210297e-16,0.9659258262890683,0.25881904510252074,0.43388373911755823,-0.900968867902419
0.17803899771233447,1.7011160304838424,0.9664843292973129,0.8131394892324716,-0.15080191437888446,0.22626791480925612,0.818916396576765,2.019885968007674,-0.5671688706376075,-0.6826680894736445,1.214120430466683,-0.3816172710589759,-0.6505684099646967,0.030303030303030276,1.0,0.030303030303030276,0.030303030303030276,0.3845452551094506,0.0,0.5776899394926908,0.9811223246574435,-0.671381637722462,-0.651087827846492,-1.0,-1.8369701987210297e-16,1.0,6.123233995736766e-17,0.43388373911755823,-0.900968867902419
0.26685542079872043,1.7011160304838424,0.8084834342116368,0.8131394892324716,-0.15080191437888446,0.4959108823174885,0.818916396576765,2.274837209026167,-0.6831906184550289,-0.5045076044639392,1.6372696584593085,-0.6514128533997506,-0.643735674976877,0.030303030303030276,1.0,0.030303030303030276,0.030303030303030276,0.5161010012142222,0.011214715789155493,0.6123215424162469,0.8193127419458585,-0.5745879994239471,-0.633995513856101,-1.0,-1.8369701987210297e-16,0.9659258262890683,-0.25881904510252063,0.43388373911755823,-0.900968867902419
0.2207710979929671,1.7011160304838424,0.8084834342116368,0.8131394892324716,-0.15080191437888446,0.6576966628224279,0.818916396576765,1.9696682993222134,-0.6831906184550289,-0.2605052010810819,2.0501814051295315,-0.6514128533997506,-0.6266538375073278,0.030303030303030276,1.0,0.030303030303030276,0.030303030303030276,0.5161010012142222,0.11585583044036918,0.6342926210360024,0.8193127419458585,-0.26484835686869956,-0.6442509022503355,-1.0,-1.8369701987210297e-16,0.8660254037844387,-0.4999999999999998,0.43388373911755823,-0.900968867902419
0.12349977158597052,1.5432044610340911,0.8084834342116368,0.9713569757352701,-0.20474016326895209,0.8194824433273673,0.6571520933443734,1.4365884317380917,-0.6831906184550289,0.07257744480662813,1.7601194343281352,-0.6514128533997506,-0.6266538375073278,0.030303030303030276,0.030303030303030276,0.030303030303030276,0.030303030303030276,0.6739678965399476,0.22753731210634187,0.6144789652934114,0.6575031592342735,0.11458270526147865,-0.6442509022503355,-1.0,-1.8369701987210297e-16,0.7071067811865476,-0.7071067811865475,0.43388373911755823,-0.900968867902419
0.12289339778842834,1.4116114864926321,0.8084834342116368,1.2614223676570673,-0.20474016326895209,0.8194824433273673,0.3875449212903874,0.7065007870033161,-0.6831906184550289,0.6186780619015946,1.0127832977927727,-0.6514128533997506,-0.6198211025195082,1.0,0.030303030303030276,0.030303030303030276,0.030303030303030276,0.9633905379704456,0.38249774512709034,0.6238332099708063,0.3338839938111034,0.3933483835612014,-0.6408324394522574,-1.0,-1.8369701987210297e-16,0.49999999999999994,-0.8660254037844387,0.43388373911755823,-0.900968867902419
0.36040269010490905,1.2536999170428818,0.8084834342116368,1.419639854159865,-0.04292541659874924,0.8194824433273673,0.2257806180579958,-0.16265117101427382,-0.6831906184550289,0.4986133872211409,0.27227214880567824,-0.6514128533997506,-0.6403193074829672,1.0,0.030303030303030276,0.030303030303030276,0.030303030303030276,1.5422358208314406,0.5399638704113842,0.6294578958342903,0.06420135595846167,2.2401710022968646,1.7760207587890213,-1.0,-1.8369701987210297e-16,0.258819045102521,-0.9659258262890682,0.43388373911755823,-0.900968867902419
0.28594471610050926,0.9641953730516715,0.6768160216402405,1.5514877595788634,0.22676582785158886,0.9812682238323067,0.2257806180579958,-0.5682554180891491,-0.6831906184550289,0.6729008182088961,-0.38292665582806423,-0.6514128533997506,-0.6471520424707868,1.0,0.030303030303030276,0.030303030303030276,0.030303030303030276,1.700102716157167,0.4836242050202614,0.6200904364871985,-0.15154475432365172,2.0272249980401322,1.2188113227022768,-1.0,-1.8369701987210297e-16,1.2246467991473532e-16,-1.0,0.43388373911755823,-0.900968867902419
0.6206624208009435,0.8062838036019201,0.6768160216402405,1.8415531515006607,0.4964570723019269,1.1430540043372461,-0.04382655399599019,-0.6841423458248278,-0.6831906184550289,1.5172265949940216,-0.6525136639846563,-0.6514128533997506,0.4597510255559978,1.0,0.030303030303030276,0.030303030303030276,0.030303030303030276,1.700102716157167,0.5075947493658469,0.6218000971841637,-0.15154475432365172,2.2827602031482113,1.642700709663972,-1.0,-1.8369701987210297e-16,-0.2588190451025208,-0.9659258262890683,0.43388373911755823,-0.900968867902419
0.4345060047530056,0.8062838036019201,0.6768160216402405,1.7097052460816622,0.6582718189721298,1.1430540043372461,-0.04382655399599019,-0.6841423458248278,-0.6831906184550289,1.9858661316499853,-0.6525136639846563,-0.6514128533997506,1.5256576836558644,1.0,0.030303030303030276,0.030303030303030276,0.030303030303030276,1.700102716157167,0.3980752741184655,0.6230848396648246,-0.15154475432365172,1.9768923061249044,2.0563347082314327,-1.0,-1.8369701987210297e-16,-0.4999999999999997,-0.8660254037844388,0.43388373911755823,-0.900968867902419
0.46951547906721275,0.8062838036019201,0.6768160216402405,1.7097052460816622,0.8200865656423326,0.9812682238323067,-0.15166942281758458,-0.6841423458248278,-0.6831906184550289,1.4204002444452686,-0.6525136639846563,-0.6514128533997506,1.2181846092039796,0.030303030303030276,0.030303030303030276,0.030303030303030276,0.030303030303030276,1.5422358208314406,0.586851696098692,0.640284039593404,-0.20548128189418005,1.4425914227171024,1.7657653703947869,-1.0,-1.8369701987210297e-16,-0.7071067811865471,-0.7071067811865479,0.43388373911755823,-0.900968867902419
0.5289685787062747,0.8062838036019201,0.6768160216402405,1.419639854159865,0.8200865656423326,0.9812682238323067,0.0640163148256042,-0.6841423458248278,-0.6831906184550289,0.5063594952650412,-0.6525136639846563,-0.6514128533997506,0.5212456404463747,0.030303030303030276,0.030303030303030276,1.0,1.0,1.410680074726669,0.3283533477917679,0.6664904198510562,-0.20548128189418005,0.7108315171803301,1.0171220176156637,-1.0,-1.8369701987210297e-16,-0.8660254037844385,-0.5000000000000004,0.43388373911755823,-0.900968867902419
0.5929237550362868,0.8062838036019201,0.8084834342116368,1.1295744622380688,0.8200865656423326,0.8194824433273673,0.3875449212903874,-0.6841423458248278,-0.6831906184550289,-0.3689507136956851,-0.6525136639846563,-0.6514128533997506,-0.5754083250986803,0.030303030303030276,0.030303030303030276,1.0,1.0,1.2528131794009436,0.018765107435620373,0.6784915936005553,-0.043671699182595024,-0.16031122750630353,0.2753155904326969,-1.0,-1.8369701987210297e-16,-0.9659258262890683,-0.25881904510252063,0.43388373911755823,-0.900968867902419
0.56901776487616,0.6746908290604611,0.8084834342116368,0.8131394892324716,0.9819013123125355,0.8194824433273673,0.4953877901119818,-0.6841423458248278,-0.6831906184550289,-0.5897147929468417,-0.6525136639846563,-0.6514128533997506,-0.6334865724951475,0.030303030303030276,0.030303030303030276,1.0,1.0,0.9633905379704456,0.009917511938000735,0.6680500581932052,0.2260109386700467,-0.5668445083600658,-0.3810292667983151,-1.0,-1.8369701987210297e-16,-1.0,-1.8369701987210297e-16,0.43388373911755823,-0.900968867902419
0.2890452276166891,0.6746908290604611,0.8084834342116368,0.8131394892324716,1.1437160589827384,0.8194824433273673,0.6571520933443734,-0.6841423458248278,-0.5052906051349826,-0.6826680894736445,-0.6525136639846563,-0.6445825854923893,-0.6505684099646967,0.030303030303030276,0.030303030303030276,1.0,1.0,0.8055236426447192,0.0,0.6555578928789165,0.4956935765226884,-0.6829968743182837,-0.651087827846492,-1.0,-1.8369701987210297e-16,-0.9659258262890684,0.2588190451025203,0.43388373911755823,-0.900968867902419
0.2969109083330553,0.6746908290604611,0.8084834342116368,0.8131394892324716,1.1437160589827384,0.8194824433273673,0.6571520933443734,-0.6841423458248278,-0.2616449347183975,-0.6826680894736445,-0.6525136639846563,-0.6275069157239859,-0.6505684099646967,0.030303030303030276,0.030303030303030276,1.0,1.0,0.8055236426447192,0.0,0.6199768313035241,0.6575031592342735,-0.6829968743182837,-0.651087827846492,-1.0,-1.8369701987210297e-16,-0.8660254037844386,0.5000000000000001,0.43388373911755823,-0.900968867902419
0.7125736646533616,0.6746908290604611,0.9664843292973129,0.681291583813473,0.9819013123125355,0.6576966628224279,0.818916396576765,-0.6841423458248278,0.07095074235821083,-0.6826680894736445,-0.6525136639846563,-0.6275069157239859,-0.6505684099646967,0.030303030303030276,0.030303030303030276,0.030303030303030276,0.030303030303030276,0.8055236426447192,0.0,0.5830207782241911,0.8193127419458585,-0.6829968743182837,-0.651087827846492,-1.0,-1.8369701987210297e-16,-0.7071067811865477,0.7071067811865474,0.43388373911755823,-0.900968867902419
0.4994450836386928,0.6746908290604611,1.2561526369543852,0.681291583813473,0.9819013123125355,0.38805369531419553,0.818916396576765,-0.6841423458248278,0.6162529571000919,-0.6826680894736445,-0.6525136639846563,-0.6206766478166245,-0.6505684099646967,0.030303030303030276,0.030303030303030276,0.030303030303030276,0.030303030303030276,0.8055236426447192,0.0,0.5257077825748394,0.8193127419458585,-0.6829968743182837,-0.651087827846492,-1.0,-1.8369701987210297e-16,-0.5000000000000004,0.8660254037844384,0.43388373911755823,-0.900968867902419
0.36470308496312553,0.8062838036019201,1.4141535320400604,0.681291583813473,0.8200865656423326,0.22626791480925612,0.818916396576765,-0.6841423458248278,0.49636381768875637,-0.6826680894736445,-0.6525136639846563,-0.6411674515387086,-0.6505684099646967,0.030303030303030276,0.030303030303030276,0.030303030303030276,0.030303030303030276,0.8055236426447192,0.0,0.44655267938440313,0.8193127419458585,-0.6829968743182837,-0.651087827846492,-1.0,-1.8369701987210297e-16,-0.25881904510252157,0.9659258262890681,0.43388373911755823,-0.900968867902419
0.22996108628755818,0.8062838036019201,1.5458209446114568,0.20663912430507908,0.8200865656423326,0.22626791480925612,0.818916396576765,-0.6841423458248278,0.6703964394148886,-0.6826680894736445,-0.6525136639846563,-0.64799771944607,-0.6505684099646967,0.030303030303030276,0.030303030303030276,0.030303030303030276,0.030303030303030276,0.6739678965399476,0.0,0.32479732256450433,0.9811223246574435,-0.6829968743182837,-0.651087827846492,-1.0,-1.8369701987210297e-16,-2.4492935982947064e-16,1.0,0.43388373911755823,-0.900968867902419
0.1247067975402249,0.8062838036019201,1.835489252268529,0.681291583813473,0.8200865656423326,-0.04337505269897623,0.9806806998091566,-0.5064490566301205,1.5134878068881514,-0.6826680894736445,-0.645688676436388,0.45850568154647464,-0.6505684099646967,0.030303030303030276,0.030303030303030276,0.030303030303030276,0.030303030303030276,0.6739678965399476,0.0,0.3121281421398554,1.1429319073690285,-0.6829968743182837,-0.651087827846492,-1.0,-1.8369701987210297e-16,0.25881904510252074,0.9659258262890683,-0.433883739117558,-0.9009688679024191
0.1234768884549488,0.8062838036019201,1.7038218396971327,0.681291583813473,0.8200865656423326,-0.04337505269897623,0.9806806998091566,-0.2630865083851953,1.9814421897517516,-0.6826680894736445,-0.6286262075657176,1.524027475094851,-0.6505684099646967,0.030303030303030276,0.030303030303030276,0.030303030303030276,0.030303030303030276,0.6739678965399476,0.0,0.3243063822193648,1.1429319073690285,-0.6829968743182837,-0.651087827846492,-1.0,-1.8369701987210297e-16,0.49999999999999994,0.8660254037844387,-0.433883739117558,-0.9009688679024191
0.12367710126412215,0.9641953730516715,1.7038218396971327,0.681291583813473,0.6582718189721298,-0.15123223970226915,0.9806806998091566,0.0691226844570835,1.4168030170403,-0.6826680894736445,-0.6286262075657176,1.2166654192635886,-0.6505684099646967,0.030303030303030276,0.030303030303030276,0.030303030303030276,0.030303030303030276,0.6739678965399476,0.0,0.3285304155342641,0.9811223246574435,-0.6829968743182837,-0.651087827846492,-1.0,-1.8369701987210297e-16,0.7071067811865476,0.7071067811865476,-0.433883739117558,-0.9009688679024191
0.12128879845549712,1.2536999170428818,1.4141535320400604,0.5230740973106753,0.3885805745217917,0.06448213430431671,0.9806806998091566,0.6137912448147732,0.5040986008765844,-0.6826680894736445,-0.6218012200174495,0.5199780927127271,-0.6505684099646967,0.030303030303030276,1.0,0.030303030303030276,0.030303030303030276,0.6739678965399476,0.0,0.36011332245120653,0.9811223246574435,-0.6829968743182837,-0.651087827846492,-1.0,-1.8369701987210297e-16,0.8660254037844386,0.5000000000000001,-0.433883739117558,-0.9009688679024191
0.1233910810039899,1.4116114864926321,1.1244852243829888,0.5230740973106753,0.22676582785158886,0.38805369531419553,0.9806806998091566,0.49404141948790525,-0.36993189934799087,-0.6826680894736445,-0.642276182662254,-0.5762799064187755,-0.6505684099646967,0.030303030303030276,1.0,0.030303030303030276,0.030303030303030276,0.8055236426447192,0.0,0.3883998351341905,0.8193127419458585,-0.6829968743182837,-0.651087827846492,-1.0,-1.8369701987210297e-16,0.9659258262890683,0.25881904510252074,-0.433883739117558,-0.9009688679024191
0.17599104844178887,1.5432044610340911,0.8084834342116368,0.681291583813473,0.22676582785158886,0.4959108823174885,0.6571520933443734,0.6678718110914232,-0.5903732202010917,-0.667175873385844,-0.6491011702105222,-0.6343371836313472,-0.6505684099646967,0.030303030303030276,1.0,0.030303030303030276,0.030303030303030276,0.8055236426447192,0.0,0.4431809922649621,0.8193127419458585,-0.6829968743182837,-0.651087827846492,-1.0,-1.8369701987210297e-16,1.0,6.123233995736766e-17,-0.433883739117558,-0.9009688679024191
0.7024483854402127,1.8327090050253017,0.8084834342116368,0.681291583813473,-0.04292541659874924,0.6576966628224279,0.6571520933443734,1.5099834859706882,-0.6831906184550289,-0.4076812539151863,0.4565468126089183,-0.6514128533997506,-0.3020989255858941,0.030303030303030276,1.0,0.030303030303030276,0.030303030303030276,0.8055236426447192,0.011048407603110011,0.4443551515212978,0.8193127419458585,-0.5048965798490164,-0.6442509022503355,-1.0,-1.8369701987210297e-16,0.9659258262890683,-0.25881904510252063,-0.433883739117558,-0.9009688679024191
0.17117438447413313,1.7011160304838424,0.8084834342116368,0.8131394892324716,-0.04292541659874924,0.6576966628224279,0.6571520933443734,1.977394094504592,-0.6831906184550289,0.21588044361878242,1.52124487013875,-0.6514128533997506,0.19327436103103113,0.030303030303030276,1.0,0.030303030303030276,0.030303030303030276,0.8055236426447192,0.058612546151186856,0.44925487445884504,0.8193127419458585,-0.260976611336759,-0.6271585882599446,-1.0,-1.8369701987210297e-16,0.8660254037844387,-0.4999999999999998,-0.433883739117558,-0.9009688679024191
0.12359701888629122,1.7011160304838424,0.6768160216402405,1.1295744622380688,-0.15080191437888446,0.8194824433273673,0.2257806180579958,1.413411046190956,-0.6831906184550289,0.6651547101649959,1.214120430466683,-0.6514128533997506,0.4255873506168995,0.030303030303030276,0.030303030303030276,0.030303030303030276,0.030303030303030276,0.9633905379704456,0.23736613920628474,0.4255078056953894,0.6575031592342735,0.07199350441013211,-0.6271585882599446,-1.0,-1.8369701987210297e-16,0.7071067811865476,-0.7071067811865475,-0.433883739117558,-0.9009688679024191
0.12455806233703079,1.4116114864926321,0.6768160216402405,1.2614223676570673,0.064951081181386,0.8194824433273673,0.4953877901119818,0.5017672146702838,-0.6831906184550289,0.7464888446259483,0.5179717005433316,-0.6514128533997506,-0.2098570032503287,1.0,0.030303030303030276,0.030303030303030276,0.030303030303030276,1.2528131794009436,0.4396190589926269,0.42002612509467296,0.38782052138163176,0.6179096244137559,-0.6203216626637883,-1.0,-1.8369701987210297e-16,0.49999999999999994,-0.8660254037844387,-0.433883739117558,-0.9009688679024191
0.12606827347390723,1.1221069425014227,0.6768160216402405,1.419639854159865,0.3885805745217917,0.8194824433273673,0.3875449212903874,-0.3712476409384954,-0.6831906184550289,1.8154517546841804,-0.5774388009537066,-0.6514128533997506,0.2855162833665965,1.0,0.030303030303030276,0.030303030303030276,0.030303030303030276,1.410680074726669,0.6094474305411866,0.4313561677703732,0.2260109386700467,0.49788551292359745,-0.6408324394522574,-1.0,-1.8369701987210297e-16,0.258819045102521,-0.9659258262890682,-0.433883739117558,-0.9009688679024191
0.6321491896769668,0.8062838036019201,0.2028133363832142,1.5514877595788634,0.4964570723019269,0.8194824433273673,0.0640163148256042,-0.5914328036362848,-0.6831906184550289,0.8742996273503022,-0.6354511951139858,-0.6514128533997506,-0.42167178787273807,1.0,0.030303030303030276,0.030303030303030276,0.030303030303030276,1.5422358208314406,0.73036456457377,0.4399604031129869,0.2260109386700467,0.6721140618609242,-0.6476693650484138,-1.0,-1.8369701987210297e-16,1.2246467991473532e-16,-1.0,-0.433883739117558,-0.9009688679024191
0.6692465995338664,0.8062838036019201,0.6768160216402405,1.7097052460816622,0.6582718189721298,0.9812682238323067,-0.04382655399599019,-0.6841423458248278,-0.6831906184550289,2.1950110488352914,-0.6525136639846563,-0.6514128533997506,1.3719211464299221,1.0,0.030303030303030276,0.030303030303030276,0.030303030303030276,1.8316584622619385,0.7932734166183442,0.44146272666679875,-0.043671699182595024,1.5161545878239737,0.459912581528919,-1.0,-1.8369701987210297e-16,-0.2588190451025208,-0.9659258262890683,-0.433883739117558,-0.9009688679024191
0.5809049456413379,0.8062838036019201,0.6768160216402405,1.7097052460816622,0.6582718189721298,0.9812682238323067,-0.15166942281758458,-0.6841423458248278,-0.6831906184550289,1.966500861540235,-0.6525136639846563,-0.6514128533997506,2.0415291752362483,1.0,0.030303030303030276,0.030303030303030276,0.030303030303030276,1.700102716157167,0.6014923645117809,0.44766414578915315,-0.043671699182595024,1.9846357971887856,1.5264729745293137,-1.0,-1.8369701987210297e-16,-0.4999999999999997,-0.8660254037844388,-0.433883739117558,-0.9009688679024191
0.6226016691926143,0.6746908290604611,0.6768160216402405,1.5514877595788634,0.8200865656423326,0.9812682238323067,-0.2055908572283818,-0.6841423458248278,-0.6831906184550289,1.528845757059872,-0.6525136639846563,-0.6514128533997506,1.9834509278397814,0.030303030303030276,0.030303030303030276,0.030303030303030276,0.030303030303030276,1.700102716157167,0.659240088138549,0.44246483911882317,-0.15154475432365172,1.4193609495254589,1.2188113227022768,-1.0,-1.8369701987210297e-16,-0.7071067811865471,-0.7071067811865479,-0.433883739117558,-0.9009688679024191
0.7615468257229715,0.6746908290604611,0.5188151265545653,1.419639854159865,0.8200865656423326,0.9812682238323067,-0.04382655399599019,-0.6841423458248278,-0.6831906184550289,0.7736002227795992,-0.6525136639846563,-0.6514128533997506,1.6247323409792493,0.030303030303030276,0.030303030303030276,1.0,1.0,1.410680074726669,0.5309610495052371,0.4203350820234034,0.06420135595846167,0.5056290039874787,0.5214449118943264,-1.0,-1.8369701987210297e-16,-0.8660254037844385,-0.5000000000000004,-0.433883739117558,-0.9009688679024191
0.788913670641133,0.6746908290604611,0.5188151265545653,1.2614223676570673,0.8200865656423326,0.9812682238323067,-0.2055908572283818,-0.6841423458248278,-0.6831906184550289,-0.03199501378602501,-0.6525136639846563,-0.6514128533997506,0.9277933722216443,0.030303030303030276,0.030303030303030276,1.0,1.0,1.121257433296172,0.2407532648558712,0.41110473767933076,0.38782052138163176,-0.36938548623109557,-0.5758816462887718,-1.0,-1.8369701987210297e-16,-0.9659258262890683,-0.25881904510252063,-0.433883739117558,-0.9009688679024191
0.6248440924700132,0.20095612071120908,0.6768160216402405,0.681291583813473,0.8200865656423326,0.6576966628224279,0.3336234868795902,-0.6841423458248278,-0.6677210520793727,-0.566476468815141,-0.6525136639846563,-0.6514128533997506,-0.4148390528849184,0.030303030303030276,0.030303030303030276,1.0,1.0,0.8055236426447192,0.01338226492697128,0.39562288139521495,0.4956935765226884,-0.5900749815517095,-0.633995513856101,-1.0,-1.8369701987210297e-16,-1.0,-1.8369701987210297e-16,-0.433883739117558,-0.9009688679024191
0.561552550965717,0.6746908290604611,0.6768160216402405,0.681291583813473,0.9819013123125355,0.6576966628224279,0.4953877901119818,-0.6841423458248278,-0.40860581528713136,-0.6826680894736445,-0.6525136639846563,-0.30306919012431993,-0.6505684099646967,0.030303030303030276,0.030303030303030276,1.0,1.0,0.8055236426447192,0.0,0.4170156389469505,0.6575031592342735,-0.6829968743182837,-0.651087827846492,-1.0,-1.8369701987210297e-16,-0.9659258262890684,0.2588190451025203,-0.433883739117558,-0.9009688679024191
0.2262913761938896,0.6746908290604611,0.8084834342116368,0.681291583813473,0.9819013123125355,0.6576966628224279,0.6571520933443734,-0.6841423458248278,0.2140442313330307,-0.6826680894736445,-0.6525136639846563,0.19212523315938057,-0.6505684099646967,0.030303030303030276,0.030303030303030276,1.0,1.0,0.8055236426447192,0.0,0.3718146563696729,0.6575031592342735,-0.6829968743182837,-0.651087827846492,-1.0,-1.8369701987210297e-16,-0.8660254037844386,0.5000000000000001,-0.433883739117558,-0.9009688679024191
0.2554315865395283,0.6746908290604611,1.1244852243829888,0.5230740973106753,0.9819013123125355,0.22626791480925612,0.818916396576765,-0.6841423458248278,0.6626616562270605,-0.6826680894736445,-0.6525136639846563,0.4243543420096677,-0.6505684099646967,0.030303030303030276,0.030303030303030276,0.030303030303030276,0.030303030303030276,0.6739678965399476,0.0,0.3246906320335783,0.8193127419458585,-0.6829968743182837,-0.651087827846492,-1.0,-1.8369701987210297e-16,-0.7071067811865477,0.7071067811865474,-0.433883739117558,-0.9009688679024191
0.4599050273983269,0.5167792596107107,1.2561526369543852,0.41759577297547595,0.9819013123125355,0.4959108823174885,0.818916396576765,-0.6841423458248278,0.7438768796992555,-0.6826680894736445,-0.6525136639846563,-0.21086057337494124,-0.6505684099646967,0.030303030303030276,0.030303030303030276,0.030303030303030276,0.030303030303030276,0.6739678965399476,0.0,0.3094613398435557,0.8193127419458585,-0.6829968743182837,-0.651087827846492,-1.0,-1.8369701987210297e-16,-0.5000000000000004,0.8660254037844384,-0.433883739117558,-0.9009688679024191
0.6643784682571255,0.5167792596107107,1.4141535320400604,0.3121174486402775,0.9819013123125355,0.38805369531419553,0.818916396576765,-0.6841423458248278,1.8112769596195333,-0.6826680894736445,-0.6525136639846563,0.28433384990875926,-0.6505684099646967,0.030303030303030276,0.030303030303030276,0.030303030303030276,0.030303030303030276,0.6739678965399476,0.0,0.27881288422100314,0.8193127419458585,-0.6829968743182837,-0.651087827846492,-1.0,-1.8369701987210297e-16,-0.25881904510252157,0.9659258262890681,-0.433883739117558,-0.9009688679024191
0.14097589024203025,0.6746908290604611,1.5458209446114568,0.5230740973106753,0.6582718189721298,0.06448213430431671,0.2257806180579958,-0.6686907554600706,0.8715008022984192,-0.6826680894736445,-0.6525136639846563,-0.4225988785031442,-0.6505684099646967,0.030303030303030276,0.030303030303030276,0.0,0.030303030303030276,0.2003672105627705,0.0,0.198849073976899,0.8193127419458585,-0.6829968743182837,-0.651087827846492,-1.0,-1.8369701987210297e-16,-2.4492935982947064e-16,1.0,-0.433883739117558,-0.9009688679024191
0.3234711838059915,0.6746908290604611,1.7038218396971327,0.12753038105367978,0.6582718189721298,-0.04337505269897623,0.6571520933443734,-0.4098766168503883,2.1902813358231104,-0.6826680894736445,-0.3044392990229805,1.3703464471792197,-0.6505684099646967,0.030303030303030276,0.030303030303030276,0.0,0.030303030303030276,0.6739678965399476,0.0,0.1661208444665645,0.9811223246574435,-0.6829968743182837,-0.651087827846492,-1.0,-1.8369701987210297e-16,0.25881904510252074,0.9659258262890683,-0.9749279121818236,-0.2225209339563146
0.12332816011635077,0.8062838036019201,1.7038218396971327,0.0220520567184804,0.6582718189721298,-0.15123223970226915,0.9806806998091566,0.21204989533108717,1.9621052317821812,-0.6826680894736445,0.19037229822646043,2.0397127021006356,-0.6505684099646967,0.030303030303030276,0.030303030303030276,0.0,0.030303030303030276,0.6739678965399476,0.0,0.1632860929379525,0.9811223246574435,-0.6829968743182837,-0.651087827846492,-1.0,-1.8369701987210297e-16,0.49999999999999994,0.8660254037844387,-0.9749279121818236,-0.2225209339563146
0.1234883248720126,1.1221069425014227,1.5458209446114568,-0.08342626761671805,0.22676582785158886,-0.20516083320391562,1.1424450030415483,0.6601460159090446,1.5250899816698935,-0.6826680894736445,0.42242187486757754,1.9816554248880638,-0.6505684099646967,0.030303030303030276,0.030303030303030276,0.0,0.030303030303030276,0.6739678965399476,0.0,0.14400425082119173,0.9811223246574435,-0.6829968743182837,-0.651087827846492,-1.0,-1.8369701987210297e-16,0.7071067811865476,0.7071067811865476,-0.9749279121818236,-0.2225209339563146
0.12352265471699223,1.2536999170428818,1.4141535320400604,-0.18890459195191697,0.4964570723019269,-0.04337505269897623,1.1424450030415483,0.7412668653240198,0.7709486208566539,-0.6826680894736445,-0.21230196712136049,1.623066359751591,-0.6505684099646967,0.030303030303030276,1.0,0.0,0.030303030303030276,0.5161010012142222,0.0,0.15029054090357707,0.9811223246574435,-0.6829968743182837,-0.651087827846492,-1.0,-1.8369701987210297e-16,0.8660254037844386,0.5000000000000001,-0.9749279121818236,-0.2225209339563146
0.12311649716092146,1.4116114864926321,1.2561526369543852,-0.05705668653291797,0.3885805745217917,-0.20516083320391562,1.1424450030415483,1.8074266004922632,-0.03346883067746852,-0.6826680894736445,0.28250963012808045,0.9263790332007297,-0.6505684099646967,0.030303030303030276,1.0,0.0,0.030303030303030276,0.5161010012142222,0.0,0.16394626300665383,0.9811223246574435,-0.6829968743182837,-0.651087827846492,-1.0,-1.8369701987210297e-16,0.9659258262890683,0.25881904510252074,-0.9749279121818236,-0.2225209339563146
0.1416623532819994,1.5432044610340911,0.6768160216402405,-0.18890459195191697,0.064951081181386,0.33412510181254906,1.1424450030415483,0.8687424858332662,-0.5671688706376075,-0.6710489274077942,-0.4238765811176732,-0.41576861059578285,-0.6505684099646967,0.030303030303030276,1.0,0.0,0.030303030303030276,0.6739678965399476,0.0,0.19337640803458056,0.6575031592342735,-0.6675098921905214,-0.651087827846492,-1.0,-1.8369701987210297e-16,1.0,6.123233995736766e-17,-0.9749279121818236,-0.2225209339563146
0.15340652734940927,1.7011160304838424,0.6768160216402405,-0.05705668653291797,-0.04292541659874924,0.4959108823174885,1.1424450030415483,2.1859905644288133,-0.6831906184550289,-0.5780956308809914,1.3676826503027166,-0.6514128533997506,-0.6369029399890573,0.030303030303030276,1.0,0.0,0.030303030303030276,0.6739678965399476,0.010322194303734414,0.21710467918649057,0.6575031592342735,-0.40810294155050153,-0.3024046224425168,-1.0,-1.8369701987210297e-16,0.9659258262890683,-0.25881904510252063,-0.9749279121818236,-0.2225209339563146
0.3578399304515905,1.7011160304838424,0.6768160216402405,0.23300870538887822,-0.15080191437888446,0.6576966628224279,0.6571520933443734,1.9580796065486457,-0.6831906184550289,-0.1520596884664786,2.0365314300329955,-0.6514128533997506,-0.5344119151717625,0.030303030303030276,1.0,0.0,0.030303030303030276,0.8055236426447192,0.05646717188166563,0.257737790938496,0.6575031592342735,0.21524808909193408,0.1932724832788204,-1.0,-1.8369701987210297e-16,0.8660254037844387,-0.4999999999999998,-0.9749279121818236,-0.2225209339563146
0.12283619167702307,1.5432044610340911,0.5188151265545653,0.8131394892324716,-0.20474016326895209,0.8194824433273673,0.0640163148256042,1.521572178744256,-0.6831906184550289,0.7968385469112998,1.978519035872716,-0.6514128533997506,0.4973310679890059,0.030303030303030276,0.030303030303030276,0.0,0.030303030303030276,1.121257433296172,0.2357252229008661,0.31705388465959694,0.2260109386700467,0.664370570797043,0.42572795354813714,-1.0,-1.8369701987210297e-16,0.7071067811865476,-0.7071067811865475,-0.9749279121818236,-0.2225209339563146
0.12243575576178226,1.4116114864926321,0.4134811964974477,1.2614223676570673,-0.04292541659874924,0.8194824433273673,-0.3134337260499762,0.7683071484623447,-0.6831906184550289,1.6566565397842257,1.620207189588638,-0.6514128533997506,1.61106687100361,1.0,0.030303030303030276,0.0,0.030303030303030276,1.2528131794009436,0.4417034593592819,0.3429596055718168,0.4956935765226884,0.7456772269677955,-0.21010612689440575,-1.0,-1.8369701987210297e-16,0.49999999999999994,-0.8660254037844387,-0.9749279121818236,-0.2225209339563146
0.12445509339588012,1.2536999170428818,0.3081472664403309,1.7097052460816622,-0.20474016326895209,0.8194824433273673,-0.798726635747151,-0.035175550505027284,-0.6831906184550289,2.2995835074279447,0.9240584596652868,-0.6514128533997506,2.2362621223891086,1.0,0.030303030303030276,0.0,0.030303030303030276,1.410680074726669,0.6090649217132819,0.3559999747999322,0.38782052138163176,1.8142789937833994,0.28557097882693144,-1.0,-1.8369701987210297e-16,0.258819045102521,-0.9659258262890682,-0.9749279121818236,-0.2225209339563146
0.12955205598283812,0.6746908290604611,0.5188151265545653,1.8415531515006607,0.3346423256317241,0.22626791480925612,-0.8526480701579482,-0.5682554180891491,-0.6831906184550289,2.5009823165693508,-0.417051593569405,-0.6514128533997506,2.2977567372794856,1.0,0.0,0.0,0.030303030303030276,1.5422358208314406,0.7239727954931918,0.31257237016420547,0.06420135595846167,0.8734448295218351,-0.4220508203752534,-1.0,-1.8369701987210297e-16,1.2246467991473532e-16,-1.0,-0.9749279121818236,-0.2225209339563146
0.20064639163884165,0.6746908290604611,0.1238128888403762,1.9997706380034583,0.4964570723019269,0.6576966628224279,-1.068333807801137,-0.6841423458248278,-0.6831906184550289,2.415775128086448,-0.6525136639846563,-0.6514128533997506,2.2635930623403873,1.0,0.0,0.0,0.030303030303030276,1.700102716157167,0.7872253200780653,0.3016243748577693,-0.043671699182595024,2.1937100559135776,1.3726421486157951,-1.0,-1.8369701987210297e-16,-0.2588190451025208,-0.9659258262890683,-0.9749279121818236,-0.2225209339563146
0.6892797562024147,0.6746908290604611,0.018478958783258524,1.7097052460816622,0.6582718189721298,0.9812682238323067,-0.6369623325147594,-0.6841423458248278,-0.6831906184550289,2.0904385902426386,-0.6525136639846563,-0.6514128533997506,2.191849344968281,1.0,0.0,0.0,0.030303030303030276,1.700102716157167,0.7810331341253968,0.3365917225869999,-0.15154475432365172,1.9652770695290827,2.04266085703912,-1.0,-1.8369701987210297e-16,-0.4999999999999997,-0.8660254037844388,-0.9749279121818236,-0.2225209339563146
0.591871137873884,0.5167792596107107,-0.0868549712738582,1.2614223676570673,0.8200865656423326,1.1430540043372461,-0.3134337260499762,-0.6841423458248278,-0.6831906184550289,1.528845757059872,-0.6525136639846563,-0.6514128533997506,2.027863705260609,0.030303030303030276,0.0,0.0,0.030303030303030276,1.5422358208314406,0.7072144384669291,0.34648505408052344,-0.20548128189418005,1.5277698244197955,1.9845469894717909,-1.0,-1.8369701987210297e-16,-0.7071067811865471,-0.7071067811865479,-0.9749279121818236,-0.2225209339563146
0.9723756984059814,0.41150487997754287,-0.1921889013309754,1.1295744622380688,0.8200865656423326,1.1430540043372461,-0.3134337260499762,-0.6841423458248278,-0.6831906184550289,0.769727168757649,-0.6525136639846563,-0.6514128533997506,1.672561485893987,0.030303030303030276,0.0,0.8787878787878787,1.0,1.410680074726669,0.5616116614980743,0.3748152571249477,-0.043671699182595024,0.7727794456913796,1.6256083956735812,-1.0,-1.8369701987210297e-16,-0.8660254037844385,-0.5000000000000004,-0.9749279121818236,-0.2225209339563146
0.6957525211350671,0.306230500344376,-0.06052148875957856,0.8131394892324716,0.8200865656423326,1.1430540043372461,-0.09774798840678739,-0.6841423458248278,-0.6831906184550289,-0.047487229873825476,-0.6525136639846563,-0.6514128533997506,0.9448752096911934,0.030303030303030276,0.0,0.8787878787878787,1.0,1.2528131794009436,0.34123667086455134,0.39530726591198595,-0.20548128189418005,-0.03254362495226392,0.9282419848656308,-1.0,-1.8369701987210297e-16,-0.9659258262890683,-0.25881904510252063,-0.9749279121818236,-0.2225209339563146
0.4191293438641531,0.5167792596107107,-0.1921889013309754,0.5230740973106753,0.22676582785158886,1.1430540043372461,0.3336234868795902,-0.6841423458248278,-0.6715884436732867,-0.5780956308809914,-0.6525136639846563,-0.6514128533997506,-0.4148390528849184,0.0,0.0,0.8787878787878787,1.0,0.6739678965399476,0.01618178650222539,0.41255174401115524,0.3338839938111034,-0.5668445083600658,-0.415213894779097,-1.0,-1.8369701987210297e-16,-1.0,-1.8369701987210297e-16,-0.9749279121818236,-0.2225209339563146
0.49572677220480105,0.12200033598633343,-0.06052148875957856,0.5230740973106753,0.6582718189721298,1.1430540043372461,0.3336234868795902,-0.6841423458248278,-0.5787710454193495,-0.6826680894736445,-0.6525136639846563,-0.6377523175850279,-0.6505684099646967,0.0,0.0,0.8787878787878787,1.0,0.6739678965399476,0.0,0.4597071147730427,0.4956935765226884,-0.6829968743182837,-0.651087827846492,-1.0,-1.8369701987210297e-16,-0.9659258262890684,0.2588190451025203,-0.9749279121818236,-0.2225209339563146
0.601916341573798,0.016725956353165598,0.22914681889749292,0.5230740973106753,0.9819013123125355,0.6576966628224279,0.0640163148256042,-0.6841423458248278,-0.15335797008880409,-0.6826680894736445,-0.6525136639846563,-0.5352982989746071,-0.6505684099646967,0.0,0.0,0.8787878787878787,1.0,0.6739678965399476,0.0,0.4366456722443328,0.6575031592342735,-0.6829968743182837,-0.651087827846492,-1.0,-1.8369701987210297e-16,-0.8660254037844386,0.5000000000000001,-0.9749279121818236,-0.2225209339563146
0.6179165823702589,-0.0885484232800013,0.8084834342116368,0.39122619189167684,1.1437160589827384,0.06448213430431671,0.1718591836471986,-0.6841423458248278,0.7941529704201382,-0.6826680894736445,-0.6525136639846563,0.4960721550369623,-0.6505684099646967,0.0,0.0,0.0,0.030303030303030276,0.5161010012142222,0.0,0.3703656524714992,0.8193127419458585,-0.6829968743182837,-0.651087827846492,-1.0,-1.8369701987210297e-16,-0.7071067811865477,0.7071067811865474,-0.9749279121818236,-0.2225209339563146
0.378101918430356,-0.19382280291316867,1.2561526369543852,0.39122619189167684,1.1437160589827384,-0.3130180202072086,0.1718591836471986,-0.6841423458248278,1.6527139042690573,-0.6826680894736445,-0.6525136639846563,1.6094058239368683,-0.6505684099646967,0.0,0.0,0.0,0.030303030303030276,0.4108564043304043,0.0,0.32389611282295705,0.8193127419458585,-0.6829968743182837,-0.651087827846492,-1.0,-1.8369701987210297e-16,-0.5000000000000004,0.8660254037844384,-0.9749279121818236,-0.2225209339563146
0.34716547211131127,-0.06222982837170911,1.7038218396971327,0.5230740973106753,1.1437160589827384,-0.7983753617220268,0.0640163148256042,-0.6841423458248278,2.2947009088587897,-0.6826680894736445,-0.6525136639846563,2.234375337460435,-0.6505684099646967,0.0,0.0,0.0,0.030303030303030276,0.3056118074465874,0.0,0.30374220494549276,0.8193127419458585,-0.6829968743182837,-0.651087827846492,-1.0,-1.8369701987210297e-16,-0.25881904510252157,0.9659258262890681,-0.9749279121818236,-0.2225209339563146
0.3162290257922664,-0.19382280291316867,1.835489252268529,0.23300870538887822,1.1437160589827384,-0.8523039552236732,-0.09774798840678739,-0.6725536530512599,2.49580527174232,-0.6826680894736445,-0.6525136639846563,2.2958477486266875,-0.6505684099646967,0.0,0.0,0.0,0.0,0.5161010012142222,0.0,0.1968285612241537,0.2260109386700467,-0.6829968743182837,-0.651087827846492,-1.0,-1.8369701987210297e-16,-2.4492935982947064e-16,1.0,-0.9749279121818236,-0.2225209339563146
0.28529257947322173,-0.06222982837170911,1.9934901473542042,0.5230740973106753,1.1437160589827384,-1.0680183292302592,0.0640163148256042,-0.5798441108627169,2.410722656676211,-0.6826680894736445,-0.63886368888812,2.261696409089881,-0.6505684099646967,0.0,0.0,0.0,0.0,0.12143376289990732,0.0,0.15175014726929859,0.6575031592342735,-0.6829968743182837,-0.651087827846492,-0.8660254037844386,0.5000000000000001,0.25881904510252074,0.9659258262890683,-0.7818314824680299,0.6234898018587334
0.15357814225132704,0.22727471561950033,1.7038218396971327,0.5230740973106753,0.6582718189721298,-0.6365895812170874,0.0640163148256042,-0.15492537583189522,2.085861762787431,-0.6826680894736445,-0.5364888756640976,2.189978596062586,-0.6505684099646967,0.0,0.0,0.0,0.0,0.016189166016089454,0.0,0.1363342362845429,0.9811223246574435,-0.6829968743182837,-0.651087827846492,-0.8660254037844386,0.5000000000000001,0.49999999999999994,0.8660254037844387,-0.7818314824680299,0.6234898018587334
0.15388704907477904,0.8062838036019201,1.2561526369543852,0.5230740973106753,0.064951081181386,-0.3130180202072086,0.0640163148256042,0.7914845340094805,1.5250899816698935,-0.6826680894736445,0.4940842441243931,2.026052166285913,-0.6505684099646967,0.0,0.0,0.0,0.0,-0.08905543086772748,0.0,0.14176528626124563,1.1429319073690285,-0.6829968743182837,-0.651087827846492,-0.8660254037844386,0.5000000000000001,0.7071067811865476,0.7071067811865476,-0.7818314824680299,0.6234898018587334
0.15396142010867414,1.2536999170428818,1.1244852243829888,0.5230740973106753,-0.3126166610490873,-0.3130180202072086,-0.09774798840678739,1.6490477992535024,0.7670812292627398,-0.6826680894736445,1.6065572144921019,1.6708782351031208,-0.6505684099646967,0.0,0.8787878787878787,0.0,0.0,-0.19430002775154487,0.0,0.15574059849239053,1.1429319073690285,-0.6829968743182837,-0.651087827846492,-0.8660254037844386,0.5000000000000001,0.8660254037844386,0.5000000000000001,-0.7818314824680299,0.6234898018587334
0.15279443877563323,1.7011160304838424,0.8084834342116368,0.39122619189167684,-0.7980609010596958,-0.09730364620062269,0.1718591836471986,2.290288799390924,-0.04893839705312472,-0.6826680894736445,2.2310435751586377,0.9434547029691331,-0.6505684099646967,0.0,0.8787878787878787,0.0,0.0,-0.06274428164677277,0.0,0.16373416243605166,1.1429319073690285,-0.6829968743182837,-0.651087827846492,-0.8660254037844386,0.5000000000000001,0.9659258262890683,0.25881904510252074,-0.7818314824680299,0.6234898018587334
0.1664578406402563,1.8327090050253017,0.5188151265545653,0.5230740973106753,-0.8519991499497634,0.33412510181254906,0.0640163148256042,2.4911594741327674,-0.5787710454193495,-0.6710489274077942,2.292468463093051,-0.41576861059578285,-0.6505684099646967,0.0,0.8787878787878787,0.0,0.0,-0.19430002775154487,0.0006097966910365369,0.17689520515953971,1.1429319073690285,-0.671381637722462,-0.651087827846492,-0.8660254037844386,0.5000000000000001,1.0,6.123233995736766e-17,-0.7818314824680299,0.6234898018587334
0.14857270532385983,1.990620574475052,0.5188151265545653,0.681291583813473,-1.067752145510034,0.33412510181254906,0.0640163148256042,2.4061757271266027,-0.6831906184550289,-0.5045076044639392,2.25834352535171,-0.6514128533997506,-0.6095720000377787,0.0,0.8787878787878787,0.0,0.0,-0.06274428164677277,0.009895337069706174,0.17467519187008929,1.1429319073690285,-0.5784597449558877,-0.6374139766541792,-0.8660254037844386,0.5000000000000001,0.9659258262890683,-0.25881904510252063,-0.7818314824680299,0.6234898018587334
0.1544476566102778,1.7011160304838424,0.5188151265545653,0.8131394892324716,-0.6362461543894931,0.06448213430431671,-0.09774798840678739,2.0816923294667027,-0.6831906184550289,0.11130798502612929,2.1866811560948944,-0.6514128533997506,-0.3806753779458201,0.0,0.8787878787878787,0.0,0.0,0.22667835978372425,0.05548595358399729,0.18773495285769015,0.6575031592342735,-0.15256773644242233,-0.5348600927118335,-0.8660254037844386,0.5000000000000001,0.8660254037844387,-0.4999999999999998,-0.7818314824680299,0.6234898018587334
0.15432180797040343,1.2536999170428818,0.38714771398316894,0.8131394892324716,-0.3126166610490873,0.17233932130760965,0.0640163148256042,1.521572178744256,-0.6831906184550289,0.3940409286284878,2.022881454936459,-0.6514128533997506,-0.5822410600865,0.0,0.0,0.0,0.0,0.8055236426447192,0.23627403991481616,0.2567446419252195,0.06420135595846167,0.7960099188830232,0.4975156723077791,-0.8660254037844386,0.5000000000000001,0.7071067811865476,-0.7071067811865475,-0.7818314824680299,0.6234898018587334
0.4817001027803946,1.1221069425014227,0.38714771398316894,0.5230740973106753,-0.3126166610490873,0.17233932130760965,0.4953877901119818,0.7644442508711554,-0.6831906184550289,-0.01262974367627443,1.6679821024265151,-0.6514128533997506,-0.6300702050012377,0.8787878787878787,0.0,0.0,0.0,1.2528131794009436,0.44670378771816444,0.26943400289196373,-0.31335433703523674,1.655537426973835,1.6119345444812683,-0.8660254037844386,0.5000000000000001,0.49999999999999994,-0.8660254037844387,-0.7818314824680299,0.6234898018587334
0.7009038169999723,0.8062838036019201,0.5188151265545653,0.8131394892324716,-0.09686366548881685,0.06448213430431671,0.3336234868795902,-0.05062714086978444,-0.6831906184550289,0.45600979297968963,0.9411209285359571,-0.6514128533997506,-0.6369029399890573,0.8787878787878787,0.0,0.0,0.0,1.700102716157167,0.6196975628426746,0.2787010717250783,-0.7987830851699919,2.2982471852759736,2.2375132365295767,-0.8660254037844386,0.5000000000000001,0.258819045102521,-0.9659258262890682,-0.7818314824680299,0.6234898018587334
0.6929008306328799,0.5167792596107107,0.22914681889749292,1.1295744622380688,0.3346423256317241,-0.09730364620062269,-0.04382655399599019,-0.5798441108627169,-0.6831906184550289,1.6179259995647246,-0.417051593569405,-0.6514128533997506,0.38459094068998156,0.8787878787878787,0.0,0.0,0.0,1.8316584622619385,0.7375102818372942,0.2868705546785898,-0.8527196127405202,2.4995779529368845,2.2990455668949843,-0.8660254037844386,0.5000000000000001,1.2246467991473532e-16,-1.0,-0.7818314824680299,0.6234898018587334
0.7395972454447073,0.5167792596107107,0.5188151265545653,0.9713569757352701,0.3346423256317241,0.06448213430431671,-0.04382655399599019,-0.6841423458248278,-0.6831906184550289,1.3429391640062662,-0.6525136639846563,-0.6514128533997506,0.05320329378072814,0.8787878787878787,0.0,0.0,0.0,1.989525357587664,0.8055358646663278,0.29034237621375836,-1.0684657230226335,2.4143995512341916,2.264860938914202,-0.8660254037844386,0.5000000000000001,-0.2588190451025208,-0.9659258262890683,-0.7818314824680299,0.6234898018587334
0.7226359955204871,0.5167792596107107,0.5188151265545653,0.8131394892324716,0.064951081181386,0.06448213430431671,0.0640163148256042,-0.6841423458248278,-0.6831906184550289,1.602433783476924,-0.6525136639846563,-0.6514128533997506,0.7228113225870546,0.8787878787878787,0.0,0.0,0.0,1.700102716157167,0.8037896287128502,0.2775808211503553,-0.6369735024584068,2.0891729265511816,2.1930732201545604,-0.8660254037844386,0.5000000000000001,-0.4999999999999997,-0.8660254037844388,-0.7818314824680299,0.6234898018587334
0.6746124140261688,0.3851862850692516,0.5188151265545653,0.8131394892324716,0.17282757896152123,0.06448213430431671,0.0640163148256042,-0.6841423458248278,-0.6831906184550289,0.5257247653747917,-0.6525136639846563,-0.6514128533997506,-0.052704098530476556,0.0,0.0,0.0,0.0,1.2528131794009436,0.7326651921915939,0.2939391224752489,-0.31335433703523674,1.5277698244197955,2.0289870058468074,-0.8660254037844386,0.5000000000000001,-0.7071067811865471,-0.7071067811865479,-0.7818314824680299,0.6234898018587334
0.6029574605377724,0.3851862850692516,0.5188151265545653,0.8131394892324716,0.17282757896152123,-0.09730364620062269,-0.09774798840678739,-0.6841423458248278,-0.6831906184550289,0.3049606861236351,-0.6525136639846563,-0.6514128533997506,0.10103243869546574,0.0,0.0,0.8787878787878787,0.8787878787878787,1.121257433296172,0.5847229513173099,0.3485063863476685,-0.31335433703523674,0.768907700159439,1.6734668748466757,-0.8660254037844386,0.5000000000000001,-0.8660254037844385,-0.5000000000000004,-0.7818314824680299,0.6234898018587334
0.29500598292176794,0.5167792596107107,0.38714771398316894,0.5230740973106753,0.064951081181386,0.17233932130760965,0.2257806180579958,-0.6841423458248278,-0.6831906184550289,-0.16755190455427907,-0.6525136639846563,-0.6514128533997506,0.10103243869546574,0.0,0.0,0.8787878787878787,0.8787878787878787,0.8055236426447192,0.3482659723978437,0.40592602130829625,-0.09760822675312336,-0.0480306070800263,0.9453342988560218,-0.8660254037844386,0.5000000000000001,-0.9659258262890683,-0.25881904510252063,-0.7818314824680299,0.6234898018587334
0.33012984200040124,0.22727471561950033,0.5188151265545653,0.23300870538887822,-0.09686366548881685,0.06448213430431671,0.3336234868795902,-0.6841423458248278,-0.6715884436732867,-0.6129531170785425,-0.6525136639846563,-0.6514128533997506,-0.5993228975560492,0.0,0.0,0.8787878787878787,0.8787878787878787,0.5161010012142222,0.015549815395252558,0.4087824899685034,0.3338839938111034,-0.5784597449558877,-0.415213894779097,-0.8660254037844386,0.5000000000000001,-1.0,-1.8369701987210297e-16,-0.7818314824680299,0.6234898018587334
0.4901635937106972,0.5167792596107107,0.6768160216402405,0.23300870538887822,0.064951081181386,0.06448213430431671,0.3336234868795902,-0.6841423458248278,-0.5052906051349826,-0.6826680894736445,-0.6525136639846563,-0.6104312459555824,-0.6505684099646967,0.0,0.0,0.8787878787878787,0.8787878787878787,0.5161010012142222,0.0,0.42340093661276357,0.3338839938111034,-0.6829968743182837,-0.651087827846492,-0.8660254037844386,0.5000000000000001,-0.9659258262890684,0.2588190451025203,-0.7818314824680299,0.6234898018587334
0.6501973454209931,0.5167792596107107,0.8084834342116368,0.23300870538887822,0.064951081181386,-0.09730364620062269,0.1718591836471986,-0.6841423458248278,0.10962465829735134,-0.6826680894736445,-0.6525136639846563,-0.3816172710589759,-0.6505684099646967,0.0,0.0,0.8787878787878787,0.8787878787878787,0.5161010012142222,0.0,0.4263699860636453,0.06420135595846167,-0.6829968743182837,-0.651087827846492,-0.8660254037844386,0.5000000000000001,-0.8660254037844386,0.5000000000000001,-0.7818314824680299,0.6234898018587334
0.3380069625661292,0.5167792596107107,0.8084834342116368,0.23300870538887822,0.064951081181386,0.06448213430431671,0.1718591836471986,-0.6841423458248278,0.391944244653077,-0.6826680894736445,-0.6525136639846563,-0.5831101743261368,-0.6505684099646967,0.0,0.0,0.0,0.0,0.3845452551094506,0.0,0.3972294369367534,0.17207441109951835,-0.6829968743182837,-0.651087827846492,-0.8660254037844386,0.5000000000000001,-0.7071067811865477,0.7071067811865474,-0.7818314824680299,0.6234898018587334
0.6775127058685791,0.5167792596107107,0.5188151265545653,0.39122619189167684,-0.09686366548881685,0.4959108823174885,0.0640163148256042,-0.6841423458248278,-0.01413187270789827,-0.6826680894736445,-0.6525136639846563,-0.6309220496776665,-0.6505684099646967,0.0,0.0,0.0,0.0,0.3845452551094506,0.0,0.292352337718606,0.17207441109951835,-0.6829968743182837,-0.651087827846492,-0.8660254037844386,0.5000000000000001,-0.5000000000000004,0.8660254037844384,-0.7818314824680299,0.6234898018587334
0.3486585331989894,0.3851862850692516,0.8084834342116368,0.39122619189167684,0.17282757896152123,0.33412510181254906,-0.09774798840678739,-0.6841423458248278,0.4538225101557018,-0.6826680894736445,-0.6525136639846563,-0.6377523175850279,-0.6505684099646967,0.0,0.0,0.0,0.0,0.5161010012142222,0.0,0.2531928665164189,0.06420135595846167,-0.6829968743182837,-0.651087827846492,-0.8660254037844386,0.5000000000000001,-0.25881904510252157,0.9659258262890681,-0.7818314824680299,0.6234898018587334
0.9567930996348275,0.5167792596107107,1.1244852243829888,-0.05705668653291797,0.064951081181386,-0.04337505269897623,0.1718591836471986,-0.6725536530512599,1.6140399883299168,-0.6826680894736445,-0.6525136639846563,0.3833727345654994,-0.6505684099646967,0.0,0.0,0.0,0.0,0.22667835978372425,0.0,0.20379484337978593,-0.09760822675312336,-0.6829968743182837,-0.651087827846492,-0.8660254037844386,0.5000000000000001,-2.4492935982947064e-16,1.0,-0.7818314824680299,0.6234898018587334
0.7492305733800186,0.6746908290604611,0.9664843292973129,0.23300870538887822,0.064951081181386,-0.04337505269897623,-0.09774798840678739,-0.5064490566301205,1.3394551851620191,-0.6826680894736445,-0.6115637386950473,0.05210474105847215,-0.6505684099646967,0.0,0.0,0.0,0.0,0.5161010012142222,0.0,0.18119304599007247,0.06420135595846167,-0.6829968743182837,-0.651087827846492,-0.8660254037844386,0.5000000000000001,0.25881904510252074,0.9659258262890683,-2.4492935982947064e-16,1.0
0.7380870343078307,0.8062838036019201,0.8084834342116368,0.1011607999698797,-0.09686366548881685,0.06448213430431671,-0.09774798840678739,0.10775166036897639,1.5985704219542605,-0.6826680894736445,-0.38292665582806423,0.7214709959798881,-0.6505684099646967,0.0,0.0,0.0,0.0,0.5161010012142222,0.0,0.18608477866222162,0.06420135595846167,-0.6829968743182837,-0.651087827846492,-0.8660254037844386,0.5000000000000001,0.49999999999999994,0.8660254037844387,-2.4492935982947064e-16,1.0
0.30939302991100964,0.8062838036019201,0.8084834342116368,-0.05705668653291797,0.064951081181386,0.06448213430431671,0.1718591836471986,0.38974318452579443,0.5234355588461547,-0.6826680894736445,-0.5842637885019747,-0.05376441150562935,-0.6505684099646967,0.0,0.0,0.0,0.0,0.5161010012142222,0.0,0.20600630298768818,0.06420135595846167,-0.6829968743182837,-0.651087827846492,-0.8660254037844386,0.5000000000000001,0.7071067811865476,0.7071067811865476,-2.4492935982947064e-16,1.0
0.2207825378423289,0.5167792596107107,0.8084834342116368,-0.18890459195191697,0.4964570723019269,-0.09730364620062269,0.3336234868795902,-0.015861062549080842,0.30299423799305386,-0.6826680894736445,-0.6320387013398517,0.09991661641000185,-0.6505684099646967,0.0,0.8787878787878787,0.0,0.0,0.5161010012142222,0.0,0.22944835873546254,-0.09760822675312336,-0.6829968743182837,-0.651087827846492,-0.8660254037844386,0.5000000000000001,0.8660254037844386,0.5000000000000001,-2.4492935982947064e-16,1.0
0.19232305516663728,0.8062838036019201,0.5188151265545653,-0.18890459195191697,0.3346423256317241,0.22626791480925612,0.4953877901119818,0.45154954598482305,-0.16882753646446028,-0.6826680894736445,-0.63886368888812,0.09991661641000185,-0.6505684099646967,0.0,0.8787878787878787,0.0,0.0,0.3845452551094506,0.0,0.29991118000495487,0.17207441109951835,-0.6829968743182837,-0.651087827846492,-0.8660254037844386,0.5000000000000001,0.9659258262890683,0.25881904510252074,-2.4492935982947064e-16,1.0
0.19252901021042879,1.1221069425014227,0.22914681889749292,-0.3471220784547151,-0.04292541659874924,0.33412510181254906,0.6571520933443734,1.6104188233416097,-0.613577569764576,-0.667175873385844,0.38147194957796865,-0.6001858440945402,-0.602739265049959,0.0,0.8787878787878787,0.0,0.0,0.5161010012142222,0.0,0.3675231667757388,0.06420135595846167,-0.671381637722462,-0.651087827846492,-0.8660254037844386,0.5000000000000001,1.0,6.123233995736766e-17,-2.4492935982947064e-16,1.0
0.24925918200821234,0.9641953730516715,0.22914681889749292,-0.05705668653291797,-0.04292541659874924,0.33412510181254906,0.3336234868795902,1.3361530943671702,-0.6831906184550289,-0.4580309562005378,0.05046005348696332,-0.6514128533997506,-0.21668973823814835,0.0,0.8787878787878787,0.0,0.0,0.6739678965399476,0.013493136607513109,0.3891458493362727,0.06420135595846167,-0.5048965798490164,-0.6100662742695537,-0.8660254037844386,0.5000000000000001,0.9659258262890683,-0.25881904510252063,-2.4492935982947064e-16,1.0
0.5727017876526485,0.8062838036019201,0.22914681889749292,0.681291583813473,0.064951081181386,0.17233932130760965,-0.798726635747151,1.5949672329768525,-0.6831906184550289,0.4753750630894402,0.7193088332172421,-0.6514128533997506,1.5290740511497742,0.0,0.8787878787878787,0.0,0.0,0.8055236426447192,0.059078211733045186,0.4296427168193089,-0.09760822675312336,0.11071095972953805,-0.3810292667983151,-0.8660254037844386,0.5000000000000001,0.8660254037844387,-0.4999999999999998,-2.4492935982947064e-16,1.0
0.39666491888013555,0.8062838036019201,0.22914681889749292,0.9713569757352701,0.064951081181386,0.17233932130760965,-0.6908837669255565,0.5210817026262302,-0.6831906184550289,0.8626804652844519,-0.05532725351119302,-0.6514128533997506,0.633985767745399,0.0,0.0,0.0,0.0,0.8055236426447192,0.24229439624966262,0.46100097435140164,0.06420135595846167,0.3933483835612014,-0.5827185718849281,-0.8660254037844386,0.5000000000000001,0.7071067811865476,-0.7071067811865475,-2.4492935982947064e-16,1.0
0.3756764163755913,0.8062838036019201,0.38714771398316894,1.2614223676570673,-0.09686366548881685,0.06448213430431671,-1.337940979855123,0.30089653992844084,-0.6831906184550289,1.703133188047627,0.09823496632484038,-0.6514128533997506,1.3787538814177416,0.8787878787878787,0.0,0.0,0.0,0.5161010012142222,0.4568319562483343,0.4457467381918345,0.4956935765226884,-0.013184897292560954,-0.6305770510580229,-0.8660254037844386,0.5000000000000001,0.49999999999999994,-0.8660254037844387,-2.4492935982947064e-16,1.0
0.4578570609662911,0.5167792596107107,0.38714771398316894,1.2614223676570673,0.22676582785158886,-0.09730364620062269,-0.9065695045687454,-0.17037696619665238,-0.6831906184550289,1.9510086454524345,0.09823496632484038,-0.6514128533997506,0.8936296972825459,0.8787878787878787,0.0,0.0,0.0,0.8055236426447192,0.6341830058472362,0.4226603004739301,0.3338839938111034,0.4552963120722509,-0.6374139766541792,-0.8660254037844386,0.5000000000000001,0.258819045102521,-0.9659258262890682,-2.4492935982947064e-16,1.0
0.4885189463242544,0.22727471561950033,-0.06052148875957856,1.2614223676570673,0.3346423256317241,0.17233932130760965,-0.798726635747151,-0.6146101891834206,-0.6831906184550289,2.5242206407010515,-0.6013262573726451,-0.6514128533997506,2.516404256889715,0.8787878787878787,0.0,0.0,0.0,1.121257433296172,0.7576668339860065,0.42822818374557714,-0.043671699182595024,1.6168199716544291,0.3847063999711989,-0.8660254037844386,0.5000000000000001,1.2246467991473532e-16,-1.0,-2.4492935982947064e-16,1.0
0.6340254897226143,0.22727471561950033,0.22914681889749292,1.1295744622380688,0.3346423256317241,-0.09730364620062269,-0.5830408981039622,-0.6841423458248278,-0.6831906184550289,2.4583787223278994,-0.6525136639846563,-0.6514128533997506,2.516404256889715,0.8787878787878787,0.0,0.0,0.0,0.9633905379704456,0.8199159880228304,0.40549306160694365,-0.043671699182595024,1.341926038886647,0.0531155085576147,-0.8660254037844386,0.5000000000000001,-0.2588190451025208,-0.9659258262890683,-2.4492935982947064e-16,1.0
0.5608717889727896,0.22727471561950033,0.09747940632609654,0.9713569757352701,0.17282757896152123,-0.09730364620062269,-0.5830408981039622,-0.6841423458248278,-0.6831906184550289,2.0904385902426386,-0.6525136639846563,-0.6514128533997506,2.40366412959069,0.8787878787878787,0.0,0.0,0.0,0.8055236426447192,0.8199825112972485,0.3991837226820636,0.06420135595846167,1.6013329895266668,0.7231342169809395,-0.8660254037844386,0.5000000000000001,-0.4999999999999997,-0.8660254037844388,-2.4492935982947064e-16,1.0
0.5843058038296621,0.22727471561950033,-0.06052148875957856,0.9713569757352701,0.17282757896152123,0.17233932130760965,-0.6908837669255565,-0.6841423458248278,-0.6831906184550289,1.5443379731476723,-0.6525136639846563,-0.6514128533997506,2.2772585323160266,0.0,0.0,0.0,0.0,0.8055236426447192,0.7486806039844994,0.41889837084122683,0.06420135595846167,0.5249877316471816,-0.05285683818280912,-0.8660254037844386,0.5000000000000001,-0.7071067811865471,-0.7071067811865479,-2.4492935982947064e-16,1.0
0.6077398186865347,0.3851862850692516,-0.1921889013309754,0.8131394892324716,0.064951081181386,0.33412510181254906,-0.5830408981039622,-0.6841423458248278,-0.6831906184550289,0.7968385469112998,-0.6525136639846563,-0.6514128533997506,1.9834509278397814,0.0,0.0,0.8787878787878787,0.8787878787878787,0.8055236426447192,0.5899838513420884,0.4553625616217206,-0.09760822675312336,0.3042982363265678,0.10097398773070933,-0.8660254037844386,0.5000000000000001,-0.8660254037844385,-0.5000000000000004,-2.4492935982947064e-16,1.0
0.6143870473284768,0.3851862850692516,-0.1921889013309754,0.5230740973106753,-0.09686366548881685,0.4959108823174885,-0.3673551604607734,-0.6841423458248278,-0.6831906184550289,-0.02424890574212478,-0.6525136639846563,-0.6514128533997506,1.3445902064786435,0.0,0.0,0.8787878787878787,0.8787878787878787,0.5161010012142222,0.33179591393825447,0.45901334461394894,0.2260109386700467,-0.16805471857018472,0.10097398773070933,-0.8660254037844386,0.5000000000000001,-0.9659258262890683,-0.25881904510252063,-2.4492935982947064e-16,1.0
0.33530689382978623,-0.06222982837170911,-0.350189796416651,0.39122619189167684,0.17282757896152123,0.6576966628224279,-0.2055908572283818,-0.6841423458248278,-0.6677210520793727,-0.562603414793191,-0.6525136639846563,-0.603600978048221,-0.22693884071987783,0.0,0.0,0.8787878787878787,0.8787878787878787,0.22667835978372425,0.014701643646420601,0.4561374124867462,0.3338839938111034,-0.613305454743353,-0.5998108858753192,-0.8660254037844386,0.5000000000000001,-1.0,-1.8369701987210297e-16,-2.4492935982947064e-16,1.0
0.5317715992222781,0.22727471561950033,-0.06052148875957856,0.39122619189167684,-0.09686366548881685,0.33412510181254906,-0.09774798840678739,-0.6841423458248278,-0.45888190600801404,-0.6826680894736445,-0.6525136639846563,-0.21769084128230262,-0.6505684099646967,0.0,0.0,0.8787878787878787,0.8787878787878787,0.22667835978372425,0.0,0.47594133649583925,0.3338839938111034,-0.6829968743182837,-0.651087827846492,-0.8660254037844386,0.5000000000000001,-0.9659258262890684,0.2588190451025203,-2.4492935982947064e-16,1.0
0.9293518424951944,0.09568174107804124,0.6768160216402405,0.39122619189167684,-0.09686366548881685,-0.7983753617220268,-0.2055908572283818,-0.6841423458248278,0.47315946812527204,-0.6826680894736445,-0.6525136639846563,1.5274426090485316,-0.6505684099646967,0.0,0.0,0.8787878787878787,0.8787878787878787,0.22667835978372425,0.0,0.4797063905271919,0.17207441109951835,-0.6829968743182837,-0.651087827846492,-0.8660254037844386,0.5000000000000001,-0.8660254037844386,0.5000000000000001,-2.4492935982947064e-16,1.0
0.39530346354024143,-0.06222982837170911,0.9664843292973129,0.39122619189167684,0.17282757896152123,-0.6905181747187339,-0.2055908572283818,-0.6841423458248278,0.859898627516677,-0.6826680894736445,-0.6525136639846563,0.63267751318419,-0.6505684099646967,0.0,0.0,0.0,0.0,0.22667835978372425,0.0,0.40404083087082054,0.17207441109951835,-0.6829968743182837,-0.651087827846492,-0.8660254037844386,0.5000000000000001,-0.7071067811865477,0.7071067811865474,-2.4492935982947064e-16,1.0
0.3262456064147394,-0.19382280291316867,1.2561526369543852,0.39122619189167684,0.3346423256317241,-1.3376612967384915,-0.3673551604607734,-0.6841423458248278,1.6991226033960258,-0.6826680894736445,-0.6525136639846563,1.3771767150865812,-0.6505684099646967,0.0,0.0,0.0,0.0,0.3845452551094506,0.0,0.3007772018469601,0.06420135595846167,-0.6829968743182837,-0.651087827846492,-0.8660254037844386,0.5000000000000001,-0.5000000000000004,0.8660254037844384,-2.4492935982947064e-16,1.0
0.2609518716050469,-0.19382280291316867,1.2561526369543852,0.23300870538887822,0.4964570723019269,-0.9062325487253197,-0.3673551604607734,-0.6841423458248278,1.946635665406525,-0.6826680894736445,-0.6525136639846563,0.8922276936639227,-0.6505684099646967,0.0,0.0,0.0,0.0,0.3845452551094506,0.0,0.24404350043897793,-0.09760822675312336,-0.6829968743182837,-0.651087827846492,-0.8660254037844386,0.5000000000000001,-0.25881904510252157,0.9659258262890681,-2.4492935982947064e-16,1.0
0.2515330794586229,-0.3517343723629195,1.2561526369543852,0.23300870538887822,0.6582718189721298,-0.7983753617220268,0.1718591836471986,-0.6686907554600706,2.5190096213058046,-0.6826680894736445,-0.6047387511467791,2.514416321662252,-0.6505684099646967,0.0,0.0,0.0,0.0,-0.06274428164677277,0.0,0.19623968890823618,0.17207441109951835,-0.6829968743182837,-0.651087827846492,-0.8660254037844386,0.5000000000000001,-2.4492935982947064e-16,1.0,-2.4492935982947064e-16,1.0
0.17214114270110656,-0.06222982837170911,1.1244852243829888,-0.05705668653291797,0.3346423256317241,-0.582660987715441,-0.09774798840678739,-0.460094285535849,2.4532639642092655,-0.6826680894736445,-0.21912695466962864,2.514416321662252,-0.6505684099646967,0.0,0.0,0.0,0.0,0.22667835978372425,0.0,0.18712443511768762,-0.09760822675312336,-0.6829968743182837,-0.651087827846492,-0.8660254037844386,0.5000000000000001,0.25881904510252074,0.9659258262890683,0.7818314824680298,0.6234898018587336
0.13859043624077705,0.6746908290604611,0.9664843292973129,-0.18890459195191697,-0.7980609010596958,-0.582660987715441,0.1718591836471986,0.47086403394076953,2.085861762787431,-0.6826680894736445,1.524657363912884,2.401716901190789,-0.6505684099646967,0.0,0.0,0.0,0.0,0.09512261367895261,0.0,0.17635934518136032,-0.09760822675312336,-0.6829968743182837,-0.651087827846492,-0.8660254037844386,0.5000000000000001,0.49999999999999994,0.8660254037844387,0.7818314824680298,0.6234898018587336
0.13624503715763148,0.9641953730516715,0.9664843292973129,-0.5053395649575132,-0.6901844032795607,-0.6905181747187339,0.4953877901119818,0.8571537930596984,1.5405595480455498,-0.6826680894736445,0.6305839950897562,2.2753569449046034,-0.6505684099646967,0.0,0.0,0.0,0.0,-0.06274428164677277,0.0,0.17855704719127563,0.17207441109951835,-0.6829968743182837,-0.651087827846492,-0.8660254037844386,0.5000000000000001,0.7071067811865476,0.7071067811865476,0.7818314824680298,0.6234898018587336
0.13695438332862234,1.2536999170428818,0.8084834342116368,-0.5053395649575132,-1.3374433899603722,-0.582660987715441,0.1718591836471986,1.695402570347774,0.7941529704201382,-0.6826680894736445,1.3745076378509846,1.9816554248880638,-0.6505684099646967,0.0,0.8787878787878787,0.0,0.0,-0.19430002775154487,0.0,0.1928401895188513,0.3338839938111034,-0.6829968743182837,-0.651087827846492,-0.8660254037844386,0.5000000000000001,0.8660254037844386,0.5000000000000001,0.7818314824680298,0.6234898018587336
0.1362393223813976,1.2536999170428818,0.5188151265545653,-0.6371874703765118,-0.9059373988398312,-0.366946613708855,0.3336234868795902,1.9426280161838885,-0.025734047489640418,-0.6826680894736445,0.8899335219239459,1.3430253755497743,-0.6505684099646967,0.0,0.8787878787878787,0.0,0.0,-0.19430002775154487,0.0,0.2585573565579615,0.4956935765226884,-0.6829968743182837,-0.651087827846492,-0.8660254037844386,0.5000000000000001,0.9659258262890683,0.25881904510252074,0.7818314824680298,0.6234898018587336
0.13970021489471068,1.2536999170428818,0.38714771398316894,-0.5053395649575132,-0.7980609010596958,-0.20516083320391562,0.010094880414807005,2.514336859679903,-0.5633014790436934,-0.6749219814297444,2.510868064637632,-0.2279362431433447,-0.6403193074829672,0.0,0.8787878787878787,0.0,0.0,-0.3521669230772707,0.0,0.3609537856878672,0.6575031592342735,-0.6675098921905214,-0.6032293486733973,-0.8660254037844386,0.5000000000000001,1.0,6.123233995736766e-17,0.7818314824680298,0.6234898018587336
0.15598647251900588,1.1221069425014227,0.38714771398316894,0.1011607999698797,-0.5823079054994255,-0.09730364620062269,-0.3673551604607734,2.448667600629685,-0.6831906184550289,-0.3805698757615355,2.510868064637632,-0.6514128533997506,0.36067636823261273,0.0,0.8787878787878787,0.0,0.0,-0.06274428164677277,0.021226467258628017,0.4035645393455778,0.3338839938111034,-0.45843563346572924,-0.21694305249056212,-0.8660254037844386,0.5000000000000001,0.9659258262890683,-0.25881904510252063,0.7818314824680298,0.6234898018587336
0.28414849156809663,0.9641953730516715,0.38714771398316894,0.681291583813473,-0.5823079054994255,-0.20516083320391562,-0.798726635747151,2.0816923294667027,-0.6831906184550289,0.3940409286284878,2.3982557700912075,-0.6514128533997506,1.474412171247217,0.0,0.8787878787878787,0.0,0.0,0.6739678965399476,0.07551500589449431,0.41278110560380354,-0.7987830851699919,0.4746550397319539,1.529891437327392,-0.8660254037844386,0.5000000000000001,0.8660254037844387,-0.4999999999999998,0.7818314824680298,0.6234898018587336
0.18197467658099525,0.9641953730516715,0.38714771398316894,1.2614223676570673,-0.6901844032795607,-0.20516083320391562,-1.337940979855123,1.5370237691090132,-0.6831906184550289,1.2035092192160621,2.2719935004482466,-0.6514128533997506,1.9595363553824126,0.0,0.0,0.0,0.0,0.9633905379704456,0.22759830064432846,0.43332433404083026,-0.6909100300289351,0.8618295929260132,0.6342541842309066,-0.8660254037844386,0.5000000000000001,0.7071067811865476,-0.7071067811865475,0.7818314824680298,0.6234898018587336
0.14054112448180978,0.8062838036019201,0.38714771398316894,1.419639854159865,-0.5823079054994255,-0.366946613708855,-1.4997052830875146,0.7914845340094805,-0.6831906184550289,1.865801456969532,1.978519035872716,-0.6514128533997506,2.1952657124621906,0.8787878787878787,0.0,0.0,0.0,1.2528131794009436,0.4432778390856275,0.44725664225384487,-1.3381483608752753,1.7019983733571222,1.3794790742119516,-0.8660254037844386,0.5000000000000001,0.49999999999999994,-0.8660254037844387,0.7818314824680298,0.6234898018587336
0.1430924717441508,0.5167792596107107,0.22914681889749292,1.2614223676570673,-0.36655490993915496,-0.366946613708855,-1.1222552422119343,-0.02744975532264871,-0.6831906184550289,2.3112026694937953,1.340382700109644,-0.6514128533997506,2.314838574749035,0.8787878787878787,0.0,0.0,0.0,1.2528131794009436,0.6200412619922837,0.43727029587594224,-0.9066561403110486,1.94979008740132,0.894057356884849,-0.8660254037844386,0.5000000000000001,0.258819045102521,-0.9659258262890682,0.7818314824680298,0.6234898018587336
0.1460957325277119,0.3851862850692516,0.22914681889749292,1.5514877595788634,-0.20474016326895209,0.17233932130760965,-1.1222552422119343,-0.5643925204979598,-0.6831906184550289,2.4932362085254507,-0.22936443599203085,-0.6514128533997506,2.352418617182043,0.8787878787878787,0.0,0.0,0.0,1.2528131794009436,0.7320553733350023,0.44231404846925715,-0.7987830851699919,2.522808426128528,2.517827185971988,-0.8660254037844386,0.5000000000000001,1.2246467991473532e-16,-1.0,0.7818314824680298,0.6234898018587336
0.14420796860661636,0.3851862850692516,-0.06052148875957856,1.5514877595788634,-0.09686366548881685,-0.09730364620062269,-0.798726635747151,-0.6841423458248278,-0.6831906184550289,2.404155966020598,-0.6525136639846563,-0.6514128533997506,2.3216713097368546,0.8787878787878787,0.0,0.0,0.0,1.121257433296172,0.7928354273795749,0.4685036799013632,-0.5830369748878784,2.456988752085538,2.517827185971988,-0.8660254037844386,0.5000000000000001,-0.2588190451025208,-0.9659258262890683,0.7818314824680298,0.6234898018587336
0.13764656114482535,0.3851862850692516,-0.1921889013309754,1.5514877595788634,-0.20474016326895209,0.17233932130760965,-1.1761766766227313,-0.6841423458248278,-0.6831906184550289,2.071073320132888,-0.6525136639846563,-0.6514128533997506,2.249927592364748,0.8787878787878787,0.0,0.0,0.0,0.9633905379704456,0.7862718419858294,0.4716425224919567,-0.5830369748878784,2.0891729265511816,2.4050179136354077,-0.8660254037844386,0.5000000000000001,-0.4999999999999997,-0.8660254037844388,0.7818314824680298,0.6234898018587336
0.1260282288526937,0.3851862850692516,-0.5081906915023265,1.419639854159865,-0.20474016326895209,0.4959108823174885,-0.9065695045687454,-0.6841423458248278,-0.6831906184550289,1.4862421628184206,-0.6525136639846563,-0.6514128533997506,2.0586110127057977,0.0,0.0,0.0,0.0,0.9633905379704456,0.7047919269057162,0.4811273772768223,-0.6909100300289351,1.5432568065475578,2.278534790106515,-0.8660254037844386,0.5000000000000001,-0.7071067811865471,-0.7071067811865479,0.7818314824680298,0.6234898018587336
0.12550194429757855,0.3851862850692516,-0.5081906915023265,1.2614223676570673,-0.36655490993915496,0.17233932130760965,-0.6908837669255565,-0.6841423458248278,-0.6831906184550289,0.7232505204942477,-0.6525136639846563,-0.6514128533997506,1.693059690857446,0.0,0.0,0.8787878787878787,0.8787878787878787,0.8055236426447192,0.545751395285767,0.49998199629302886,-0.5830369748878784,0.7960099188830232,1.9845469894717909,-0.8660254037844386,0.5000000000000001,-0.8660254037844385,-0.5000000000000004,0.7818314824680298,0.6234898018587336
0.18192320927191008,0.22727471561950033,-0.6398581040737229,1.1295744622380688,-0.36655490993915496,0.33412510181254906,-0.47519802928236776,-0.6841423458248278,-0.6831906184550289,-0.09396387813722687,-0.6525136639846563,-0.6514128533997506,0.9277933722216443,0.0,0.0,0.8787878787878787,0.8787878787878787,0.5161010012142222,0.2848138513804058,0.5132764149850871,-0.3672908646057651,-0.024800133888382737,1.3452944462311698,-0.8660254037844386,0.5000000000000001,-0.9659258262890683,-0.25881904510252063,0.7818314824680298,0.6234898018587336
0.4814541099799856,0.22727471561950033,-0.5081906915023265,0.8131394892324716,0.17282757896152123,0.010553540802670241,-0.3134337260499762,-0.6841423458248278,-0.6754558352672009,-0.5819686849029415,-0.6525136639846563,-0.6411674515387086,-0.45241909531792657,0.0,0.0,0.8787878787878787,0.8787878787878787,0.3845452551094506,0.010765682356367203,0.5237107796414389,-0.20548128189418005,-0.5629727628281253,-0.22719844088479668,-0.8660254037844386,0.5000000000000001,-1.0,-1.8369701987210297e-16,0.7818314824680298,0.6234898018587336
0.22769861838961536,-0.06222982837170911,0.09747940632609654,0.9713569757352701,-0.09686366548881685,-0.366946613708855,-0.3134337260499762,-0.6841423458248278,-0.381534074129733,-0.6826680894736445,-0.6525136639846563,0.35946679688973454,-0.6505684099646967,0.0,0.0,0.8787878787878787,0.8787878787878787,0.3845452551094506,0.0,0.5392345335992451,-0.09760822675312336,-0.6829968743182837,-0.651087827846492,-0.8660254037844386,0.5000000000000001,-0.9659258262890684,0.2588190451025203,0.7818314824680298,0.6234898018587336
0.43696009785042983,-0.19382280291316867,0.6768160216402405,0.681291583813473,0.17282757896152123,-0.7983753617220268,-0.09774798840678739,-0.6841423458248278,0.391944244653077,-0.6826680894736445,-0.6525136639846563,1.4728004657896405,-0.6505684099646967,0.0,0.0,0.8787878787878787,0.8787878787878787,0.3845452551094506,0.0,0.5013939171646112,-0.20548128189418005,-0.6829968743182837,-0.651087827846492,-0.8660254037844386,0.5000000000000001,-0.8660254037844386,0.5000000000000001,0.7818314824680298,0.6234898018587336
0.40040039180421905,-0.5096459418126703,1.2561526369543852,0.681291583813473,0.4964570723019269,-1.3376612967384915,-0.3673551604607734,-0.6841423458248278,1.2002290877811133,-0.6826680894736445,-0.6525136639846563,1.957749487212299,-0.6505684099646967,0.0,0.0,0.0,0.0,0.3845452551094506,0.0,0.38582072087867103,-0.20548128189418005,-0.6829968743182837,-0.651087827846492,-0.8660254037844386,0.5000000000000001,-0.7071067811865477,0.7071067811865474,0.7818314824680298,0.6234898018587336
0.6687946688511561,-0.5096459418126703,1.4141535320400604,0.5230740973106753,0.17282757896152123,-1.499447077243431,-0.09774798840678739,-0.6841423458248278,1.8615530503404158,-0.6826680894736445,-0.6525136639846563,2.193393730016267,-0.6505684099646967,0.0,0.0,0.0,0.0,0.3845452551094506,0.0,0.27203616598997815,-0.3672908646057651,-0.6829968743182837,-0.651087827846492,-0.8660254037844386,0.5000000000000001,-0.5000000000000004,0.8660254037844384,0.7818314824680298,0.6234898018587336
0.4569074813909997,-0.6412389163541294,1.2561526369543852,0.39122619189167684,0.3346423256317241,-1.1219469227319057,0.0640163148256042,-0.6841423458248278,2.3063030836405316,-0.6826680894736445,-0.6525136639846563,2.312923418395091,-0.6505684099646967,0.0,0.0,0.0,0.0,0.22667835978372425,0.0,0.23690102268738533,-0.3672908646057651,-0.6829968743182837,-0.651087827846492,-0.8660254037844386,0.5000000000000001,-0.25881904510252157,0.9659258262890681,0.7818314824680298,0.6234898018587336
0.1687403188357627,-0.5096459418126703,1.5458209446114568,0.8131394892324716,0.01101283229131838,-1.1219469227319057,0.0640163148256042,-0.6764165506424492,2.488070488554492,-0.6826680894736445,-0.642276182662254,2.3504898918855788,-0.6505684099646967,0.0,0.0,0.0,0.0,0.22667835978372425,0.0,0.14974397601855005,0.17207441109951835,-0.6829968743182837,-0.651087827846492,-0.8660254037844386,0.5000000000000001,-2.4492935982947064e-16,1.0,0.7818314824680298,0.6234898018587336
0.16827410292861683,0.09568174107804124,1.5458209446114568,0.1011607999698797,-0.36655490993915496,-0.7983753617220268,0.1718591836471986,-0.38283633371206327,2.3991204818944687,-0.6826680894736445,0.3575844931590301,2.3197536863024526,-0.6505684099646967,0.0,0.0,0.0,0.0,-0.06274428164677277,0.0,0.13638855472335576,-0.09760822675312336,-0.6829968743182837,-0.651087827846492,-0.8660254037844386,0.5000000000000001,0.25881904510252074,0.9659258262890683,0.9749279121818236,-0.22252093395631434
0.1688461537457754,0.6746908290604611,1.5458209446114568,-0.05705668653291797,-0.7980609010596958,-1.1758755162335521,0.3336234868795902,0.38974318452579443,2.0665248048178606,-0.6826680894736445,1.4700574635267387,2.2480358732751577,-0.6505684099646967,0.0,0.0,0.0,0.0,-0.19430002775154487,0.0,0.1383195560157811,0.17207441109951835,-0.6829968743182837,-0.651087827846492,-0.8660254037844386,0.5000000000000001,0.49999999999999994,0.8660254037844387,0.9749279121818236,-0.22252093395631434
0.1676562892817128,1.2536999170428818,1.4141535320400604,-0.05705668653291797,-1.3374433899603722,-0.9062325487253197,0.1718591836471986,1.1970887810843558,1.482548674136839,-0.6826680894736445,1.9546315794537774,2.056788371869039,-0.6505684099646967,0.0,0.0,0.0,0.0,-0.5100338184029966,0.0,0.1392018452186226,0.4956935765226884,-0.6829968743182837,-0.651087827846492,-0.8660254037844386,0.5000000000000001,0.7071067811865476,0.7071067811865476,0.9749279121818236,-0.22252093395631434
0.16737026558928253,1.4116114864926321,1.2561526369543852,-0.05705668653291797,-1.4992581366305748,-0.6905181747187339,0.010094880414807005,1.8576442691777242,0.7206725301357713,-0.6826680894736445,2.190093649869029,1.691369038825205,-0.6505684099646967,0.0,0.8787878787878787,0.0,0.0,-0.5100338184029966,0.0,0.1569968321158678,0.17207441109951835,-0.6829968743182837,-0.651087827846492,-0.8660254037844386,0.5000000000000001,0.8660254037844386,0.5000000000000001,0.9749279121818236,-0.22252093395631434
0.1664892976517778,1.2536999170428818,1.1244852243829888,-0.6371874703765118,-1.1216903944001015,-0.47480380071214795,0.4953877901119818,2.301877492164492,-0.09534709618009332,-0.6826680894736445,2.3095309319637214,0.9263790332007297,-0.6505684099646967,0.0,0.8787878787878787,0.0,0.0,-0.6415895645077683,0.0,0.2311344379055732,0.3338839938111034,-0.6829968743182837,-0.651087827846492,-0.8660254037844386,0.5000000000000001,0.9659258262890683,0.25881904510252074,0.9749279121818236,-0.22252093395631434
0.17567071206586912,1.5432044610340911,0.8084834342116368,-0.18890459195191697,-1.1216903944001015,-0.3130180202072086,-0.259512291639179,2.4834336789503886,-0.5826384370132637,-0.6710489274077942,2.3470683634791962,-0.4533350840862705,-0.6334865724951475,0.0,0.8787878787878787,0.0,0.0,-0.5100338184029966,0.0,0.3420576787551699,0.010264828387933323,-0.6752533832544025,-0.6408324394522574,-0.8660254037844386,0.5000000000000001,1.0,6.123233995736766e-17,0.9749279121818236,-0.22252093395631434
0.32615980582837656,1.5432044610340911,0.9664843292973129,-0.05705668653291797,-0.7980609010596958,-0.3130180202072086,-0.259512291639179,2.394587034353035,-0.6831906184550289,-0.37669682173958535,2.3163559195119894,-0.6514128533997506,0.5007474354829158,0.0,0.8787878787878787,0.0,0.0,0.09512261367895261,0.014396744861848722,0.3738610350456625,-0.3672908646057651,-0.3810007228269174,0.3607771603846516,-0.8660254037844386,0.5000000000000001,0.9659258262890683,-0.25881904510252063,0.9749279121818236,-0.22252093395631434
0.2571706289866219,1.5432044610340911,0.6768160216402405,0.5230740973106753,-1.1756286432901693,-0.09730364620062269,-0.2055908572283818,2.0623778415107563,-0.6831906184550289,0.401787036672388,2.244693550255174,-0.6514128533997506,1.5871522985462412,0.0,0.8787878787878787,0.0,0.0,0.6739678965399476,0.05584628887407283,0.42126056987904525,-0.7987830851699919,0.3933483835612014,1.4751960325581408,-0.8660254037844386,0.5000000000000001,0.8660254037844387,-0.4999999999999998,0.9749279121818236,-0.22252093395631434
0.14097016173660423,1.4116114864926321,0.6768160216402405,1.1295744622380688,-0.9059373988398312,-0.366946613708855,0.0640163148256042,1.4790803052411738,-0.6831906184550289,1.1918900571502118,2.0535938989036655,-0.6514128533997506,2.0210309702727893,0.0,0.0,0.0,0.0,1.2528131794009436,0.22767590669626472,0.45061337323548933,-1.3381483608752753,1.2025431997367855,1.9606177498852435,-0.8660254037844386,0.5000000000000001,0.7071067811865476,-0.7071067811865475,0.9749279121818236,-0.22252093395631434
0.14090724428126314,1.2536999170428818,0.5188151265545653,1.8415531515006607,-0.6901844032795607,-0.09730364620062269,-0.529119463693165,0.718089479776884,-0.6831906184550289,1.8425631328378314,1.6884570650713195,-0.6514128533997506,2.249927592364748,0.8787878787878787,0.0,0.0,0.0,1.410680074726669,0.43882077969960853,0.4467115627386675,-1.4999579435868604,1.864611685698627,2.1964916829526384,-0.8660254037844386,0.5000000000000001,0.49999999999999994,-0.8660254037844387,0.9749279121818236,-0.22252093395631434
0.1431897224767696,1.1221069425014227,0.38714771398316894,2.2898360299252554,-0.47443140771929015,0.06448213430431671,-0.9604909389795426,-0.0969819119640559,-0.6831906184550289,2.280218237318194,0.9240584596652868,-0.6514128533997506,2.3592513521698626,0.8787878787878787,0.0,0.0,0.0,1.2528131794009436,0.6117314007310961,0.44125497976644545,-1.122402250593162,2.3098624218717956,2.316137880885375,-0.8660254037844386,0.5000000000000001,0.258819045102521,-0.9659258262890682,0.9749279121818236,-0.22252093395631434
0.145706743326429,0.8062838036019201,0.8084834342116368,2.5799014218470524,-0.3126166610490873,0.06448213430431671,-1.607548151909109,-0.5837070084539062,-0.6831906184550289,2.48549010048155,-0.45458902508487986,-0.6514128533997506,2.4173295995663295,0.8787878787878787,0.0,0.0,0.0,1.5422358208314406,0.7231745162001735,0.446669408966727,-1.122402250593162,2.4918344618730033,2.353740971664235,-0.8660254037844386,0.5000000000000001,1.2246467991473532e-16,-1.0,0.9749279121818236,-0.22252093395631434
0.1436702407698413,0.9641953730516715,0.09747940632609654,2.73811890834985,-0.3126166610490873,0.17233932130760965,-1.9849981927846894,-0.6841423458248278,-0.6831906184550289,2.415775128086448,-0.6525136639846563,-0.6514128533997506,2.4173295995663295,0.8787878787878787,0.0,0.0,0.0,1.5422358208314406,0.7747688502479136,0.45177836417447714,-0.7987830851699919,2.4027843146383696,2.322974806481531,-0.8660254037844386,0.5000000000000001,-0.2588190451025208,-0.9659258262890683,0.9749279121818236,-0.22252093395631434
0.1420971053130277,0.6746908290604611,-0.06052148875957856,2.448053516428054,-0.09686366548881685,0.33412510181254906,-1.4457838486767174,-0.6841423458248278,-0.6831906184550289,2.0555811040450873,-0.6525136639846563,-0.6514128533997506,2.314838574749035,0.8787878787878787,0.0,0.0,0.0,1.5422358208314406,0.7520732909798272,0.44554984985727886,-1.1763387781636903,2.0698141988914784,2.2511870877218896,-0.8660254037844386,0.5000000000000001,-0.4999999999999997,-0.8660254037844388,0.9749279121818236,-0.22252093395631434
0.12819057661685773,0.6746908290604611,-0.06052148875957856,2.2898360299252554,-0.36655490993915496,0.17233932130760965,-1.5536267174983118,-0.6841423458248278,-0.6831906184550289,1.4901152168403706,-0.6525136639846563,-0.6514128533997506,2.154269302535273,0.0,0.0,0.0,0.0,1.410680074726669,0.6696787207904286,0.46106315500648765,-0.9066561403110486,1.4851806235684488,2.059753171029511,-0.8660254037844386,0.5000000000000001,-0.7071067811865471,-0.7071067811865479,0.9749279121818236,-0.22252093395631434
0.12923170931002428,0.5167792596107107,-0.06052148875957856,1.7097052460816622,-0.09686366548881685,0.010553540802670241,-0.529119463693165,-0.6841423458248278,-0.6831906184550289,0.7193774664722975,-0.6525136639846563,-0.6514128533997506,1.7887179806869211,0.0,0.0,0.8787878787878787,0.8787878787878787,1.2528131794009436,0.5194414535580266,0.4787433586681088,-0.6909100300289351,0.7224467537761519,1.6939776516351448,-0.8660254037844386,0.5000000000000001,-0.8660254037844385,-0.5000000000000004,0.9749279121818236,-0.22252093395631434
0.2478061529566549,0.3851862850692516,-0.6398581040737229,1.419639854159865,0.064951081181386,0.4959108823174885,-0.2055908572283818,-0.6841423458248278,-0.6831906184550289,-0.09396387813722687,-0.6525136639846563,-0.6514128533997506,1.0439498670145784,0.0,0.0,0.8787878787878787,0.8787878787878787,1.121257433296172,0.2585039096526655,0.5017034375094915,-0.47516391974682176,-0.09449155346331342,0.9282419848656308,-0.8660254037844386,0.5000000000000001,-0.9659258262890683,-0.25881904510252063,0.9749279121818236,-0.22252093395631434
0.22371143788888906,0.8062838036019201,-0.1921889013309754,1.2614223676570673,0.064951081181386,-0.2590894267055621,-0.3134337260499762,-0.6841423458248278,-0.6715884436732867,-0.5897147929468417,-0.6525136639846563,-0.6343371836313472,-0.41825542037882824,0.0,0.0,0.8787878787878787,0.8787878787878787,0.8055236426447192,0.008332040120878645,0.4743398004799998,-0.31335433703523674,-0.5823314904878283,-0.4528169855579571,-0.8660254037844386,0.5000000000000001,-1.0,-1.8369701987210297e-16,0.9749279121818236,-0.22252093395631434
0.27942334982763367,0.09568174107804124,-0.06052148875957856,0.9713569757352701,0.17282757896152123,-0.2590894267055621,-0.04382655399599019,-0.6841423458248278,-0.377666682535819,-0.6826680894736445,-0.6525136639846563,0.499487288990643,-0.6505684099646967,0.0,0.0,0.8787878787878787,0.8787878787878787,0.9633905379704456,0.0,0.4794262190417551,-0.31335433703523674,-0.6829968743182837,-0.651087827846492,-0.8660254037844386,0.5000000000000001,-0.9659258262890684,0.2588190451025203,0.9749279121818236,-0.22252093395631434
0.33049022986213056,-0.06222982837170911,0.5188151265545653,0.681291583813473,0.3346423256317241,-0.20516083320391562,0.6571520933443734,-0.6841423458248278,0.3996790278409051,-0.6826680894736445,-0.6525136639846563,1.5854998862611034,-0.6505684099646967,0.0,0.0,0.8787878787878787,0.8787878787878787,0.6739678965399476,0.0,0.47649066724196565,-0.09760822675312336,-0.6829968743182837,-0.651087827846492,-0.8660254037844386,0.5000000000000001,-0.8660254037844386,0.5000000000000001,0.9749279121818236,-0.22252093395631434
0.7258223350814141,-0.06222982837170911,1.1244852243829888,0.681291583813473,0.17282757896152123,0.06448213430431671,0.4953877901119818,-0.6841423458248278,1.1886269129993712,-0.6826680894736445,-0.6525136639846563,2.0192218983785515,-0.6505684099646967,0.0,0.0,0.0,0.0,0.6739678965399476,0.0,0.40630893941161006,-0.3672908646057651,-0.6829968743182837,-0.651087827846492,-0.8660254037844386,0.5000000000000001,-0.7071067811865477,0.7071067811865474,0.9749279121818236,-0.22252093395631434
0.48570446193280287,-0.06222982837170911,1.835489252268529,0.681291583813473,0.01101283229131838,-0.5287323942137945,0.3336234868795902,-0.6841423458248278,1.8383487007769317,-0.6826680894736445,-0.6525136639846563,2.2480358732751577,-0.6505684099646967,0.0,0.0,0.0,0.0,0.5161010012142222,0.0,0.30226590097387507,-0.09760822675312336,-0.6829968743182837,-0.651087827846492,-0.8660254037844386,0.5000000000000001,-0.5000000000000004,0.8660254037844384,0.9749279121818236,-0.22252093395631434
0.4831016473613767,-0.6412389163541294,2.2831584550112765,0.8131394892324716,0.4964570723019269,-0.9601611422269661,0.0640163148256042,-0.6841423458248278,2.2753639508892194,-0.6826680894736445,-0.6525136639846563,2.3573201597929403,-0.6505684099646967,0.0,0.0,0.0,0.0,0.3845452551094506,0.0,0.28806991400271975,0.06420135595846167,-0.6829968743182837,-0.651087827846492,-0.8660254037844386,0.5000000000000001,-0.25881904510252157,0.9659258262890681,0.9749279121818236,-0.22252093395631434
0.6390967100742846,-0.19382280291316867,2.572826762668349,0.5230740973106753,-0.2586784121590197,-1.607304264246724,0.818916396576765,-0.6725536530512599,2.480335705366664,-0.6826680894736445,-0.6354511951139858,2.415377437005512,-0.6505684099646967,0.0,0.0,0.0,0.0,0.8055236426447192,0.0,0.26707303312574515,0.06420135595846167,-0.6829968743182837,-0.651087827846492,-0.8660254037844386,0.5000000000000001,-2.4492935982947064e-16,1.0,0.9749279121818236,-0.22252093395631434
0.16864021243117605,-0.06222982837170911,2.7308276577540243,0.681291583813473,-0.2586784121590197,-1.984804418758249,0.2257806180579958,-0.378973436120874,2.410722656676211,-0.6826680894736445,0.4974967378985272,2.415377437005512,-0.6505684099646967,0.0,0.0,0.0,0.0,0.09512261367895261,0.0,0.2464229604988425,0.17207441109951835,-0.6829968743182837,-0.651087827846492,-0.8660254037844386,0.5000000000000001,0.25881904510252074,0.9659258262890683,0.43388373911755823,-0.900968867902419
0.16901776521539516,0.5167792596107107,2.4411593500969526,0.5230740973106753,-0.20474016326895209,-1.4455184837417845,0.3336234868795902,0.397468979708173,2.0510552384422045,-0.6826680894736445,1.5826697580731632,2.312923418395091,-0.6505684099646967,0.0,0.0,0.0,0.0,-0.06274428164677277,0.0,0.24975326214109295,0.3338839938111034,-0.6829968743182837,-0.651087827846492,-0.8660254037844386,0.5000000000000001,0.49999999999999994,0.8660254037844387,0.43388373911755823,-0.900968867902419
0.16814824742414639,1.1221069425014227,2.2831584550112765,0.39122619189167684,0.064951081181386,-1.5533756707450774,0.4953877901119818,1.1855000883107878,1.486416065730753,-0.6826680894736445,2.0160564673881907,2.1524121225720987,-0.6505684099646967,0.0,0.0,0.0,0.0,-0.06274428164677277,0.0,0.2546484009199663,0.17207441109951835,-0.6829968743182837,-0.651087827846492,-0.8660254037844386,0.5000000000000001,0.7071067811865476,0.7071067811865476,0.43388373911755823,-0.900968867902419
0.16781645403737463,1.8327090050253017,1.7038218396971327,0.23300870538887822,-0.5283696566093578,-0.5287323942137945,0.4953877901119818,1.8344668836305884,0.7168051385418572,-0.6826680894736445,2.244693550255174,1.7869927895282642,-0.6505684099646967,0.0,0.8787878787878787,0.0,0.0,-0.06274428164677277,0.0,0.2625665541729493,0.010264828387933323,-0.6829968743182837,-0.651087827846492,-0.8660254037844386,0.5000000000000001,0.8660254037844386,0.5000000000000001,0.43388373911755823,-0.900968867902419
0.1670670735420644,2.2801251184662625,1.4141535320400604,0.23300870538887822,-0.9598756477298988,-0.20516083320391562,0.4953877901119818,2.2709743114349776,-0.09534709618009332,-0.6826680894736445,2.353893351027464,1.0424935876258732,-0.6505684099646967,0.0,0.8787878787878787,0.0,0.0,-0.6415895645077683,0.0,0.3276138398977204,0.4956935765226884,-0.6829968743182837,-0.651087827846492,-0.8660254037844386,0.5000000000000001,0.9659258262890683,0.25881904510252074,0.43388373911755823,-0.900968867902419
0.1786339179313226,2.569629662457473,1.2561526369543852,0.23300870538887822,-1.60713463441071,-0.3130180202072086,0.6571520933443734,2.47570788376801,-0.5903732202010917,-0.6826680894736445,2.4119057451877435,-0.41918374454946356,-0.6505684099646967,0.0,0.8787878787878787,0.0,0.0,-0.19430002775154487,0.0,0.433094562690982,-0.2594178094647084,-0.671381637722462,-0.633995513856101,-0.8660254037844386,0.5000000000000001,1.0,6.123233995736766e-17,0.43388373911755823,-0.900968867902419
0.16724440665251408,2.727541231907223,0.9664843292973129,0.5230740973106753,-1.9847023766411835,-0.04337505269897623,0.3336234868795902,2.4061757271266027,-0.6831906184550289,-0.5393650906614903,2.4119057451877435,-0.6514128533997506,-0.6334865724951475,0.0,0.8787878787878787,0.0,0.0,-0.06274428164677277,0.038589044542707306,0.4478611877826587,-0.2594178094647084,-0.3771289772949768,0.5009341351058573,-0.8660254037844386,0.5000000000000001,0.9659258262890683,-0.25881904510252063,0.43388373911755823,-0.900968867902419
0.31475312619478013,2.438036687916014,0.6768160216402405,0.8131394892324716,-1.4453198877405073,0.6576966628224279,0.2257806180579958,2.046926251145999,-0.6831906184550289,-0.34183933554203433,2.3095309319637214,-0.6514128533997506,-0.6266538375073278,0.0,0.8787878787878787,0.0,0.0,0.5161010012142222,0.10318314666370346,0.4382125325571301,-0.20548128189418005,0.4010918746250826,1.5880053048947211,-0.8660254037844386,0.5000000000000001,0.8660254037844387,-0.4999999999999998,0.43388373911755823,-0.900968867902419
0.16690689848950846,2.2801251184662625,0.6768160216402405,0.9713569757352701,-1.5531963855206425,0.4959108823174885,0.0640163148256042,1.482943202832363,-0.6831906184550289,0.1384193631797801,2.1491437245794196,-0.6514128533997506,-0.6300702050012377,0.0,0.0,0.0,0.0,1.121257433296172,0.19944231144217348,0.4805201683262088,0.06420135595846167,1.1909279631409637,2.022150080250651,-0.8660254037844386,0.5000000000000001,0.7071067811865476,-0.7071067811865475,0.43388373911755823,-0.900968867902419
0.13937414658106692,1.7011160304838424,0.6768160216402405,1.1295744622380688,-0.5283696566093578,0.33412510181254906,-0.04382655399599019,0.7142265821856947,-0.6831906184550289,0.5257247653747917,1.7840068907470736,-0.6514128533997506,-0.6198211025195082,0.8787878787878787,0.0,0.0,0.0,1.8316584622619385,0.3925483076053239,0.5093781898637644,-0.5291004473173502,1.8413812125069835,2.2511870877218896,-0.8660254037844386,0.5000000000000001,0.49999999999999994,-0.8660254037844387,0.43388373911755823,-0.900968867902419
0.14302954742421364,1.4116114864926321,0.8084834342116368,1.419639854159865,-0.20474016326895209,0.06448213430431671,-0.3134337260499762,-0.0969819119640559,-0.6831906184550289,1.4784960547745203,1.0400832479858453,-0.6514128533997506,0.4700001280377273,0.8787878787878787,0.0,0.0,0.0,2.278947999018162,0.5818901774181051,0.5205031490609106,-0.9605926678815769,2.2788884576162705,2.3605778972603915,-0.8660254037844386,0.5000000000000001,0.258819045102521,-0.9659258262890682,0.43388373911755823,-0.900968867902419
0.1464103575596958,1.2536999170428818,0.5188151265545653,1.5514877595788634,-0.3126166610490873,0.8194824433273673,-0.4212765948715706,-0.5914328036362848,-0.6831906184550289,1.8503092408817314,-0.4204640873435391,-0.6514128533997506,1.1669390967953324,0.8787878787878787,0.0,0.0,0.0,2.5683706404486597,0.7346885774109525,0.5463186721695009,-1.607830998727917,2.484090970809122,2.4186917648277206,-0.8660254037844386,0.5000000000000001,1.2246467991473532e-16,-1.0,0.43388373911755823,-0.900968867902419
0.14403063206386865,0.9641953730516715,0.6768160216402405,1.419639854159865,-0.04292541659874924,0.22626791480925612,-0.2055908572283818,-0.6841423458248278,-0.6831906184550289,1.765102052398829,-0.6525136639846563,-0.6514128533997506,1.0439498670145784,0.8787878787878787,0.0,0.0,0.0,2.726237535774385,0.7875135654261194,0.5615359789614263,-1.9853866917216154,2.4143995512341916,2.4186917648277206,-0.8660254037844386,0.5000000000000001,-0.2588190451025208,-0.9659258262890683,0.43388373911755823,-0.900968867902419
0.173439718340938,0.6746908290604611,0.5188151265545653,1.419639854159865,0.6582718189721298,0.33412510181254906,-0.2055908572283818,-0.6841423458248278,-0.6831906184550289,1.8425631328378314,-0.6525136639846563,-0.6514128533997506,1.5085758461863152,0.8787878787878787,0.0,0.0,0.0,2.4368148943438883,0.7620629580526582,0.5607739330088977,-1.446021416016332,2.054327216763716,2.316137880885375,-0.8660254037844386,0.5000000000000001,-0.4999999999999997,-0.8660254037844388,0.43388373911755823,-0.900968867902419
0.20805443032856166,0.6746908290604611,0.38714771398316894,1.2614223676570673,0.4964570723019269,0.4959108823174885,-0.04382655399599019,-0.6841423458248278,-0.6831906184550289,1.3429391640062662,-0.6525136639846563,-0.6514128533997506,1.672561485893987,0.0,0.0,0.0,0.0,2.278947999018162,0.6938932325926153,0.570174941226732,-1.5538944711573888,1.4890523691003894,2.1554701293757,-0.8660254037844386,0.5000000000000001,-0.7071067811865471,-0.7071067811865479,0.43388373911755823,-0.900968867902419
0.21207023276262985,0.6746908290604611,0.22914681889749292,1.1295744622380688,0.3346423256317241,0.4959108823174885,0.0640163148256042,-0.6841423458248278,-0.6831906184550289,0.5993127917918439,-0.6525136639846563,-0.6514128533997506,1.2625973866248075,0.0,0.0,0.8787878787878787,0.8787878787878787,1.700102716157167,0.535246265968779,0.5943353525655948,-0.5291004473173502,0.7185750082442113,1.7896946099813342,-0.8660254037844386,0.5000000000000001,-0.8660254037844385,-0.5000000000000004,0.43388373911755823,-0.900968867902419
0.206950376747756,0.8062838036019201,0.22914681889749292,0.8131394892324716,0.064951081181386,0.4959108823174885,0.3336234868795902,-0.6841423458248278,-0.6831906184550289,-0.19079022868597978,-0.6525136639846563,-0.6514128533997506,0.39825641066562084,0.0,0.0,0.8787878787878787,0.8787878787878787,1.410680074726669,0.231706099534997,0.6058490176865036,-0.20548128189418005,-0.09449155346331342,1.0444697200002893,-0.8660254037844386,0.5000000000000001,-0.9659258262890683,-0.25881904510252063,0.43388373911755823,-0.900968867902419
0.26941820104582725,0.5167792596107107,0.22914681889749292,0.681291583813473,0.8200865656423326,0.6576966628224279,0.6571520933443734,-0.6841423458248278,-0.6831906184550289,-0.6361914412102432,-0.6525136639846563,-0.6514128533997506,-0.6403193074829672,0.0,0.0,0.8787878787878787,0.8787878787878787,1.2528131794009436,0.006807548858950222,0.6019635462580281,-0.31335433703523674,-0.5900749815517095,-0.4186323575771752,-0.8660254037844386,0.5000000000000001,-1.0,-1.8369701987210297e-16,0.43388373911755823,-0.900968867902419
0.2373948603479698,0.6746908290604611,0.5188151265545653,0.681291583813473,0.22676582785158886,0.33412510181254906,0.818916396576765,-0.6841423458248278,-0.540097129480209,-0.6826680894736445,-0.6525136639846563,-0.6343371836313472,-0.6505684099646967,0.0,0.0,0.8787878787878787,0.8787878787878787,0.9633905379704456,0.0,0.5989935748534464,-0.043671699182595024,-0.6829968743182837,-0.651087827846492,-0.8660254037844386,0.5000000000000001,-0.9659258262890684,0.2588190451025203,0.43388373911755823,-0.900968867902419
0.23733194632492677,0.5167792596107107,0.8084834342116368,0.5230740973106753,0.3346423256317241,0.22626791480925612,0.9806806998091566,-0.6841423458248278,-0.3428601581905925,-0.6826680894736445,-0.6525136639846563,-0.6275069157239859,-0.6505684099646967,0.0,0.0,0.8787878787878787,0.8787878787878787,0.6739678965399476,0.0,0.5660904814580513,0.6575031592342735,-0.6829968743182837,-0.651087827846492,-0.8660254037844386,0.5000000000000001,-0.8660254037844386,0.5000000000000001,0.43388373911755823,-0.900968867902419
0.3894799864275047,0.3851862850692516,0.9664843292973129,0.5230740973106753,0.4964570723019269,0.06448213430431671,0.9806806998091566,-0.6841423458248278,0.13669639945474968,-0.6826680894736445,-0.6525136639846563,-0.6309220496776665,-0.6505684099646967,0.0,0.0,0.0,0.0,0.6739678965399476,0.0,0.5155249576195811,0.4956935765226884,-0.6829968743182837,-0.651087827846492,-0.8660254037844386,0.5000000000000001,-0.7071067811865477,0.7071067811865474,0.43388373911755823,-0.900968867902419
0.45566039022174354,0.22727471561950033,1.1244852243829888,0.5230740973106753,0.4964570723019269,-0.04337505269897623,0.9806806998091566,-0.6841423458248278,0.5234355588461547,-0.6826680894736445,-0.6525136639846563,-0.6206766478166245,-0.6505684099646967,0.0,0.0,0.0,0.0,0.6739678965399476,0.0,0.37222016233863175,0.3338839938111034,-0.6829968743182837,-0.651087827846492,-0.8660254037844386,0.5000000000000001,-0.5000000000000004,0.8660254037844384,0.43388373911755823,-0.900968867902419
0.4837480520509402,0.22727471561950033,1.4141535320400604,0.5230740973106753,0.4964570723019269,-0.3130180202072086,0.818916396576765,-0.6841423458248278,1.474813890949011,-0.6826680894736445,-0.6525136639846563,0.4687510834075167,-0.6505684099646967,0.0,0.0,0.0,0.0,0.8055236426447192,0.0,0.3590821684576385,0.06420135595846167,-0.6829968743182837,-0.651087827846492,-0.8660254037844386,0.5000000000000001,-0.25881904510252157,0.9659258262890681,0.43388373911755823,-0.900968867902419
0.616918367131764,0.22727471561950033,1.5458209446114568,0.39122619189167684,0.6582718189721298,-0.4208752072105015,1.1424450030415483,-0.6841423458248278,1.8460834839647597,-0.6826680894736445,-0.6525136639846563,1.165438409958378,-0.6505684099646967,0.0,0.0,0.0,0.0,0.5161010012142222,0.0,0.3228767393488865,0.8193127419458585,-0.6829968743182837,-0.651087827846492,-0.8660254037844386,0.5000000000000001,-2.4492935982947064e-16,1.0,0.43388373911755823,-0.900968867902419
0.3248955771950149,0.5167792596107107,1.4141535320400604,0.5230740973106753,0.3346423256317241,-0.20516083320391562,0.6571520933443734,-0.5412151349508241,1.7610008688986507,-0.6826680894736445,-0.6354511951139858,1.0424935876258732,-0.6505684099646967,0.0,0.0,0.0,0.0,0.6739678965399476,0.0,0.2511012608894896,0.2260109386700467,-0.6829968743182837,-0.651087827846492,-0.8660254037844386,0.5000000000000001,0.25881904510252074,0.9659258262890683,-0.433883739117558,-0.9009688679024191
0.16808532653650726,0.8062838036019201,1.4141535320400604,0.5230740973106753,0.22676582785158886,-0.20516083320391562,0.6571520933443734,-0.34420735780017037,1.8383487007769317,-0.6826680894736445,-0.6286262075657176,1.5069518053264475,-0.6505684099646967,0.0,0.0,0.0,0.0,0.5161010012142222,0.0,0.22852464307971043,0.3338839938111034,-0.6829968743182837,-0.651087827846492,-0.8660254037844386,0.5000000000000001,0.49999999999999994,0.8660254037844387,-0.433883739117558,-0.9009688679024191
0.16867452854696352,0.9641953730516715,1.2561526369543852,0.39122619189167684,0.064951081181386,-0.04337505269897623,0.818916396576765,0.13479194350730142,1.3394551851620191,-0.6826680894736445,-0.6320387013398517,1.6708782351031208,-0.6505684099646967,0.0,0.0,0.0,0.0,0.3845452551094506,0.0,0.23288796311078852,0.4956935765226884,-0.6829968743182837,-0.651087827846492,-0.8660254037844386,0.5000000000000001,0.7071067811865476,0.7071067811865476,-0.433883739117558,-0.9009688679024191
0.1685543981156211,1.1221069425014227,1.1244852243829888,0.39122619189167684,-0.04292541659874924,0.06448213430431671,0.818916396576765,0.5210817026262302,0.5969159991305216,-0.6826680894736445,-0.6218012200174495,1.2610621606614376,-0.6505684099646967,0.0,0.8787878787878787,0.0,0.0,0.22667835978372425,0.0,0.25427524015997527,0.4956935765226884,-0.6829968743182837,-0.651087827846492,-0.8660254037844386,0.5000000000000001,0.8660254037844386,0.5000000000000001,-0.433883739117558,-0.9009688679024191
0.1685200819998336,1.4116114864926321,0.8084834342116368,0.23300870538887822,-0.3126166610490873,0.33412510181254906,0.9806806998091566,1.4713545100587953,-0.19203188602794458,-0.6826680894736445,0.46678429393132054,0.3970332703802222,-0.6505684099646967,0.0,0.8787878787878787,0.0,0.0,0.22667835978372425,0.0,0.2970457479059998,0.4956935765226884,-0.6829968743182837,-0.651087827846492,-0.8660254037844386,0.5000000000000001,0.9659258262890683,0.25881904510252074,-0.433883739117558,-0.9009688679024191
0.21835703578756419,1.5432044610340911,0.6768160216402405,0.1011607999698797,-0.42049315882922256,0.6576966628224279,1.1424450030415483,1.842192678812967,-0.6367819193280604,-0.6826680894736445,1.162933023854672,-0.6411674515387086,-0.6505684099646967,0.0,0.8787878787878787,0.0,0.0,0.22667835978372425,0.0,0.4144850809196201,0.6575031592342735,-0.6829968743182837,-0.651087827846492,-0.8660254037844386,0.5000000000000001,1.0,6.123233995736766e-17,-0.433883739117558,-0.9009688679024191
0.35227387569173046,1.4116114864926321,0.6768160216402405,0.39122619189167684,-0.20474016326895209,0.8194824433273673,0.9806806998091566,1.7572089318068025,-0.6831906184550289,-0.4812692803322385,1.0400832479858453,-0.6514128533997506,-0.31918076305544324,0.0,0.8787878787878787,0.0,0.0,0.5161010012142222,0.006968312995305692,0.4595545314357272,0.3338839938111034,-0.5397422896364817,-0.633995513856101,-0.8660254037844386,0.5000000000000001,0.9659258262890683,-0.25881904510252063,-0.433883739117558,-0.9009688679024191
0.20915276570083544,1.4116114864926321,0.5188151265545653,0.9713569757352701,-0.20474016326895209,0.9812682238323067,0.3336234868795902,1.8344668836305884,-0.6831906184550289,0.20038822753098195,1.5041824012680796,-0.6514128533997506,0.7057294851175054,0.0,0.8787878787878787,0.0,0.0,0.8055236426447192,0.04984810740752094,0.49209770435065336,0.2260109386700467,-0.3422832675075114,-0.6271585882599446,-0.8660254037844386,0.5000000000000001,0.8660254037844387,-0.4999999999999998,-0.433883739117558,-0.9009688679024191
0.14114750514394803,1.2536999170428818,0.5188151265545653,1.2614223676570673,-0.04292541659874924,0.9812682238323067,0.0640163148256042,1.3361530943671702,-0.6831906184550289,0.9362684917015041,1.6679821024265151,-0.6514128533997506,1.2181846092039796,0.0,0.0,0.0,0.0,0.9633905379704456,0.2239672341474505,0.5274747580601418,0.06420135595846167,0.13781317845312221,-0.6305770510580229,-0.8660254037844386,0.5000000000000001,0.7071067811865476,-0.7071067811865475,-0.433883739117558,-0.9009688679024191
0.14068413804417393,1.1221069425014227,0.5188151265545653,1.2614223676570673,0.064951081181386,0.9812682238323067,0.0640163148256042,0.5944767568588267,-0.6831906184550289,1.668275701850076,1.258482849530426,-0.6514128533997506,1.6452305459427083,0.8787878787878787,0.0,0.0,0.0,1.121257433296172,0.44188085032284546,0.5678398886034075,-0.043671699182595024,0.5249877316471816,-0.6203216626637883,-0.8660254037844386,0.5000000000000001,0.49999999999999994,-0.8660254037844387,-0.433883739117558,-0.9009688679024191
0.1433556157378574,0.8062838036019201,0.5188151265545653,1.419639854159865,0.3346423256317241,0.8194824433273673,0.0640163148256042,-0.1935543517437881,-0.6831906184550289,2.1020577523084887,0.39512192467450497,-0.6514128533997506,1.792134348180831,0.8787878787878787,0.0,0.0,0.0,1.410680074726669,0.6235226511217208,0.5965825122695391,-0.31335433703523674,1.4774371325045677,0.4701679699231536,-0.8660254037844386,0.5000000000000001,0.258819045102521,-0.9659258262890682,-0.433883739117558,-0.9009688679024191
0.14111317529896839,0.6746908290604611,0.38714771398316894,1.419639854159865,0.6582718189721298,1.1430540043372461,0.2257806180579958,-0.6377875747305563,-0.6831906184550289,2.284091291340144,-0.642276182662254,-0.6514128533997506,1.8433798605894784,0.8787878787878787,0.0,0.0,0.0,1.5422358208314406,0.7444730734008231,0.628140270338337,-0.42122739217629346,1.8491247035708647,1.167534380731104,-0.8660254037844386,0.5000000000000001,1.2246467991473532e-16,-1.0,-0.433883739117558,-0.9009688679024191
0.1272066534673945,0.6746908290604611,0.5188151265545653,1.5514877595788634,0.8200865656423326,0.6576966628224279,0.0640163148256042,-0.6841423458248278,-0.6831906184550289,2.198884102857242,-0.6525136639846563,-0.6514128533997506,1.8194652881321096,0.8787878787878787,0.0,0.0,0.0,1.410680074726669,0.7962503331485583,0.6561318090570374,-0.20548128189418005,1.7639463018681716,1.0444697200002893,-0.8660254037844386,0.5000000000000001,-0.2588190451025208,-0.9659258262890683,-0.433883739117558,-0.9009688679024191
0.12611975794448255,0.5167792596107107,0.5188151265545653,1.419639854159865,0.9819013123125355,0.6576966628224279,0.2257806180579958,-0.6841423458248278,-0.6831906184550289,1.8580553489256317,-0.6525136639846563,-0.6514128533997506,1.7169742633148148,0.8787878787878787,0.0,0.0,0.0,1.410680074726669,0.7873140754307941,0.6794727572157344,-0.20548128189418005,1.8413812125069835,1.5093806605389228,-0.8660254037844386,0.5000000000000001,-0.4999999999999997,-0.8660254037844388,-0.433883739117558,-0.9009688679024191
0.12650302893723356,0.5167792596107107,0.38714771398316894,1.419639854159865,0.9819013123125355,0.8194824433273673,0.2257806180579958,-0.6841423458248278,-0.6831906184550289,1.2770972456331142,-0.6525136639846563,-0.6514128533997506,1.474412171247217,0.0,0.0,0.0,0.0,1.2528131794009436,0.7056788950281888,0.6808055949477345,-0.043671699182595024,1.341926038886647,1.6734668748466757,-0.8660254037844386,0.5000000000000001,-0.7071067811865471,-0.7071067811865479,-0.433883739117558,-0.9009688679024191
0.12480976304907751,0.5167792596107107,0.38714771398316894,0.9713569757352701,0.9819013123125355,0.8194824433273673,0.6571520933443734,-0.6841423458248278,-0.6831906184550289,0.4792481171113903,-0.6525136639846563,-0.6514128533997506,0.9175442697399148,0.0,0.0,0.8787878787878787,0.8787878787878787,1.121257433296172,0.5524924248616955,0.681870144153095,0.06420135595846167,0.5985508967540529,1.2632513390772933,-0.8660254037844386,0.5000000000000001,-0.8660254037844385,-0.5000000000000004,-0.433883739117558,-0.9009688679024191
0.4826153936982828,0.5167792596107107,0.22914681889749292,0.8131394892324716,0.8200865656423326,0.9812682238323067,0.9806806998091566,-0.6841423458248278,-0.6831906184550289,-0.30698184934448325,-0.6525136639846563,-0.6514128533997506,-0.3157643955615334,0.0,0.0,0.8787878787878787,0.8787878787878787,0.8055236426447192,0.2980797098904037,0.656267438690207,0.3338839938111034,-0.1912851917618283,0.39838025116351167,-0.8660254037844386,0.5000000000000001,-0.9659258262890683,-0.25881904510252063,-0.433883739117558,-0.9009688679024191
0.26909213273218346,0.3851862850692516,0.09747940632609654,0.39122619189167684,1.1437160589827384,1.1430540043372461,1.358130740684737,-0.6841423458248278,-0.6831906184550289,-0.6361914412102432,-0.6525136639846563,-0.6514128533997506,-0.6505684099646967,0.0,0.0,0.8787878787878787,0.8787878787878787,0.6739678965399476,0.00437944894354654,0.6381488972639844,0.6575031592342735,-0.6365359279349966,-0.6408324394522574,-0.8660254037844386,0.5000000000000001,-1.0,-1.8369701987210297e-16,-0.433883739117558,-0.9009688679024191
0.6408157422238145,0.5167792596107107,0.38714771398316894,0.5230740973106753,0.6582718189721298,0.9812682238323067,1.1424450030415483,-0.6841423458248278,-0.4820862555714983,-0.6826680894736445,-0.6525136639846563,-0.3201448598927234,-0.6505684099646967,0.0,0.0,0.8787878787878787,0.8787878787878787,0.6739678965399476,0.0,0.640816570294334,0.8193127419458585,-0.6829968743182837,-0.651087827846492,-0.8660254037844386,0.5000000000000001,-0.9659258262890684,0.2588190451025203,-0.433883739117558,-0.9009688679024191
0.5595846772084062,0.5167792596107107,0.9664843292973129,0.5230740973106753,0.6582718189721298,0.33412510181254906,1.1424450030415483,-0.6841423458248278,0.1985746649573745,-0.6826680894736445,-0.6525136639846563,0.7043953262114846,-0.6505684099646967,0.0,0.0,0.8787878787878787,0.8787878787878787,0.5161010012142222,0.0,0.6189104381907641,0.9811223246574435,-0.6829968743182837,-0.651087827846492,-0.8660254037844386,0.5000000000000001,-0.8660254037844386,0.5000000000000001,-0.433883739117558,-0.9009688679024191
0.4783536121929979,0.3851862850692516,1.2561526369543852,0.5230740973106753,0.8200865656423326,0.06448213430431671,1.1424450030415483,-0.6841423458248278,0.933379067801044,-0.6826680894736445,-0.6525136639846563,1.2166654192635886,-0.6505684099646967,0.0,0.0,0.0,0.0,0.5161010012142222,0.0,0.5686017808969861,0.9811223246574435,-0.6829968743182837,-0.651087827846492,-0.8660254037844386,0.5000000000000001,-0.7071067811865477,0.7071067811865474,-0.433883739117558,-0.9009688679024191
0.3971225471775895,0.3851862850692516,1.2561526369543852,0.5230740973106753,0.8200865656423326,0.06448213430431671,0.9806806998091566,-0.6841423458248278,1.6643160790507994,-0.6826680894736445,-0.6525136639846563,1.6435571634736752,-0.6505684099646967,0.0,0.0,0.0,0.0,0.5161010012142222,0.0,0.4240200797418242,0.9811223246574435,-0.6829968743182837,-0.651087827846492,-0.8660254037844386,0.5000000000000001,-0.5000000000000004,0.8660254037844384,-0.433883739117558,-0.9009688679024191
0.32099420071294943,0.22727471561950033,1.4141535320400604,0.39122619189167684,0.9819013123125355,0.06448213430431671,1.1424450030415483,-0.6841423458248278,2.097463937569173,-0.6826680894736445,-0.6525136639846563,1.790407923481945,-0.6505684099646967,0.0,0.0,0.0,0.0,0.5161010012142222,0.0,0.37586300628511193,0.8193127419458585,-0.6829968743182837,-0.651087827846492,-0.8660254037844386,0.5000000000000001,-0.25881904510252157,0.9659258262890681,-0.433883739117558,-0.9009688679024191
0.7126194171862129,0.09568174107804124,1.4141535320400604,0.23300870538887822,1.1437160589827384,0.22626791480925612,0.818916396576765,-0.6841423458248278,2.279231342483133,-0.6826680894736445,-0.6525136639846563,1.8416349327871555,-0.6505684099646967,0.0,0.0,0.0,0.0,0.3845452551094506,0.0,0.30268472405183067,1.1429319073690285,-0.6829968743182837,-0.651087827846492,-0.8660254037844386,0.5000000000000001,-2.4492935982947064e-16,1.0,-0.433883739117558,-0.9009688679024191
0.1602825701400783,0.3851862850692516,1.5458209446114568,0.23300870538887822,0.9819013123125355,0.06448213430431671,1.1424450030415483,-0.48327167108298474,2.194148727417024,-0.6826680894736445,-0.3215017678936509,1.8177289951113906,-0.6505684099646967,0.0,0.0,0.0,0.0,0.5161010012142222,0.0,0.24974624504904452,0.6575031592342735,-0.6829968743182837,-0.651087827846492,-0.8660254037844386,0.5000000000000001,0.25881904510252074,0.9659258262890683,-0.9749279121818236,-0.2225209339563146
0.1603512058039513,0.9641953730516715,1.4141535320400604,-0.05705668653291797,0.3346423256317241,0.22626791480925612,1.358130740684737,0.19659830496633002,1.8538182671525878,-0.6826680894736445,0.7022463643465717,1.7152749765009698,-0.6505684099646967,0.0,0.0,0.0,0.0,0.5161010012142222,0.0,0.23429017273673292,0.6575031592342735,-0.6829968743182837,-0.651087827846492,-0.8660254037844386,0.5000000000000001,0.49999999999999994,0.8660254037844387,-0.9749279121818236,-0.2225209339563146
0.16102051421832475,1.2536999170428818,1.4141535320400604,-0.05705668653291797,0.064951081181386,0.22626791480925612,1.358130740684737,0.9305488472922948,1.2737095280654802,-0.6826680894736445,1.214120430466683,1.4728004657896405,-0.6505684099646967,0.0,0.0,0.0,0.0,0.3845452551094506,0.0,0.2251482949721203,0.8193127419458585,-0.6829968743182837,-0.651087827846492,-0.8660254037844386,0.5000000000000001,0.7071067811865476,0.7071067811865476,-0.9749279121818236,-0.2225209339563146
0.16053426398752896,1.2536999170428818,0.9664843292973129,-0.18890459195191697,0.064951081181386,0.6576966628224279,1.5198950439171286,1.6606364920270704,0.47702685971918607,-0.6826680894736445,1.6406821522334425,0.9161336313396875,-0.6505684099646967,0.0,0.8787878787878787,0.0,0.0,0.3845452551094506,0.0,0.20440824990804796,0.8193127419458585,-0.6829968743182837,-0.651087827846492,-0.8660254037844386,0.5000000000000001,0.8660254037844386,0.5000000000000001,-0.9749279121818236,-0.2225209339563146
0.16088893707302437,1.4116114864926321,0.8084834342116368,-0.6371874703765118,0.064951081181386,0.9812682238323067,1.5198950439171286,2.0932810222402707,-0.3080536338453661,-0.6826680894736445,1.7874193845212079,-0.31672972593904275,-0.6505684099646967,0.0,0.8787878787878787,0.0,0.0,0.22667835978372425,0.0,0.22121474878016556,0.9811223246574435,-0.6829968743182837,-0.651087827846492,-0.8660254037844386,0.5000000000000001,0.9659258262890683,0.25881904510252074,-0.9749279121818236,-0.2225209339563146
0.17069959468648743,1.4116114864926321,0.38714771398316894,-0.18890459195191697,0.22676582785158886,1.358768378343832,1.5198950439171286,2.274837209026167,-0.6367819193280604,-0.6787950354516944,1.838606791133219,-0.6514128533997506,-0.6505684099646967,0.0,0.8787878787878787,0.0,0.0,0.09512261367895261,0.0,0.253116518506146,1.1429319073690285,-0.6829968743182837,-0.651087827846492,-0.8660254037844386,0.5000000000000001,1.0,6.123233995736766e-17,-0.9749279121818236,-0.2225209339563146
0.1846633329263607,1.5432044610340911,0.5188151265545653,-0.18890459195191697,0.064951081181386,1.1430540043372461,1.5198950439171286,2.1898534620200025,-0.6831906184550289,-0.5742225768590413,1.8147193347142805,-0.6514128533997506,-0.6471520424707868,0.0,0.8787878787878787,0.0,0.0,0.3845452551094506,0.011242433376674577,0.2609649105958448,0.9811223246574435,-0.4816661066573728,-0.3194969364329078,-0.8660254037844386,0.5000000000000001,0.9659258262890683,-0.25881904510252063,-0.9749279121818236,-0.2225209339563146
0.16277097935329002,1.4116114864926321,0.5188151265545653,-0.05705668653291797,0.22676582785158886,1.1430540043372461,1.5198950439171286,1.8499184739953456,-0.6831906184550289,-0.24501298499328142,1.7123445214902582,-0.6514128533997506,-0.6300702050012377,0.0,0.8787878787878787,0.0,0.0,0.9633905379704456,0.06618511532687728,0.28840238075079494,0.3338839938111034,0.1997611069641717,0.7060419029905486,-0.8660254037844386,0.5000000000000001,0.8660254037844387,-0.4999999999999998,-0.9749279121818236,-0.2225209339563146
0.13021563245948753,1.4116114864926321,0.5188151265545653,0.5230740973106753,0.22676582785158886,1.1430540043372461,0.9806806998091566,1.2704838353169523,-0.6831906184550289,1.1066828686673091,1.4700574635267387,-0.6514128533997506,1.6998924258452657,0.0,0.0,0.0,0.0,1.2528131794009436,0.23583055585357982,0.3686096379912943,0.06420135595846167,0.9353927580328846,1.2188113227022768,-0.8660254037844386,0.5000000000000001,0.7071067811865476,-0.7071067811865475,-0.9749279121818236,-0.2225209339563146
0.22994104166701418,0.9641953730516715,0.5188151265545653,1.5514877595788634,0.6582718189721298,0.9812682238323067,-0.3134337260499762,0.4747269315319588,-0.6831906184550289,1.6798948639159264,0.9138209783428844,-0.6514128533997506,2.01078186779106,0.8787878787878787,0.0,0.0,0.0,1.2528131794009436,0.44040624220347224,0.42305858447224054,0.06420135595846167,1.6671526635696567,1.6461191724620503,-0.8660254037844386,0.5000000000000001,0.49999999999999994,-0.8660254037844387,-0.9749279121818236,-0.2225209339563146
0.17921740859784308,0.8062838036019201,0.38714771398316894,2.2898360299252554,0.9819013123125355,1.1430540043372461,-0.7448052013363538,-0.30944127947946676,-0.6831906184550289,2.0865655362206885,-0.3180892741195168,-0.6514128533997506,2.1166892601022647,0.8787878787878787,0.0,0.0,0.0,1.410680074726669,0.5880713072025654,0.4393525795265736,0.06420135595846167,2.1007881631470036,1.7931130727794122,-0.8660254037844386,0.5000000000000001,0.258819045102521,-0.9659258262890682,-0.9749279121818236,-0.2225209339563146
0.13609630881903345,0.3851862850692516,0.22914681889749292,1.419639854159865,1.3594690545430088,0.8194824433273673,-0.04382655399599019,-0.6377875747305563,-0.6831906184550289,2.3266948855815954,-0.6525136639846563,-0.6514128533997506,2.3080058397612153,0.8787878787878787,0.0,0.0,0.0,1.410680074726669,0.6998581085165969,0.4533869685020151,0.2260109386700467,2.2827602031482113,1.8443900147505852,-0.8660254037844386,0.5000000000000001,1.2246467991473532e-16,-1.0,-0.9749279121818236,-0.2225209339563146
0.1359933330132867,0.5167792596107107,0.22914681889749292,1.2614223676570673,1.1437160589827384,1.1430540043372461,0.0640163148256042,-0.6841423458248278,-0.6831906184550289,2.1562805086157906,-0.6525136639846563,-0.6514128533997506,2.1986820799561007,0.8787878787878787,0.0,0.0,0.0,1.5422358208314406,0.7253753189924055,0.4537035571585939,0.06420135595846167,2.1975818014455184,1.8204607751640378,-0.8660254037844386,0.5000000000000001,-0.2588190451025208,-0.9659258262890683,-0.9749279121818236,-0.2225209339563146
0.13516386327554947,0.5167792596107107,-0.06052148875957856,0.9713569757352701,1.1437160589827384,1.358768378343832,0.3336234868795902,-0.6841423458248278,-0.6831906184550289,1.8154517546841804,-0.6525136639846563,-0.6514128533997506,2.0449455427301584,0.8787878787878787,0.0,0.0,0.0,1.410680074726669,0.6576934486176358,0.4623242340088538,0.2260109386700467,1.8568681946347458,1.7179068912216922,-0.8660254037844386,0.5000000000000001,-0.4999999999999997,-0.8660254037844388,-0.9749279121818236,-0.2225209339563146
0.1380069524388527,0.5167792596107107,-0.06052148875957856,0.8131394892324716,1.1437160589827384,1.358768378343832,0.4953877901119818,-0.6841423458248278,-0.6831906184550289,0.8316960331088509,-0.6525136639846563,-0.6514128533997506,0.8458005523678085,0.0,0.0,0.0,0.0,1.410680074726669,0.6846242786748309,0.47566485282520155,0.2260109386700467,1.2761063648436568,1.4751960325581408,-0.8660254037844386,0.5000000000000001,-0.7071067811865471,-0.7071067811865479,-0.9749279121818236,-0.2225209339563146
0.14840109385424008,0.5167792596107107,-0.1921889013309754,0.5230740973106753,0.9819013123125355,1.5205541588487714,0.818916396576765,-0.6841423458248278,-0.6831906184550289,0.3165798481894855,-0.6525136639846563,-0.6514128533997506,0.23427077095794907,0.0,0.0,0.8787878787878787,0.8787878787878787,0.9633905379704456,0.5202009231727494,0.5047062407097158,0.6575031592342735,0.47852678526389447,0.9179865964713962,-0.8660254037844386,0.5000000000000001,-0.8660254037844385,-0.5000000000000004,-0.9749279121818236,-0.2225209339563146
0.5760425463023211,0.3851862850692516,-0.6398581040737229,0.23300870538887822,1.1437160589827384,1.5205541588487714,1.1424450030415483,-0.6841423458248278,-0.6831906184550289,-0.4890153883761387,-0.6525136639846563,-0.6514128533997506,-0.6471520424707868,0.0,0.0,0.8787878787878787,0.8787878787878787,0.8055236426447192,0.23699471315589818,0.4921650069707382,0.9811223246574435,-0.3074375577200461,-0.31607847363482955,-0.8660254037844386,0.5000000000000001,-0.9659258262890683,-0.25881904510252063,-0.9749279121818236,-0.2225209339563146
0.6170785353197238,0.22727471561950033,-0.1921889013309754,0.1011607999698797,0.8200865656423326,1.5205541588487714,1.1424450030415483,-0.6841423458248278,-0.6793232268611149,-0.6478106032760935,-0.6525136639846563,-0.6514128533997506,-0.6471520424707868,0.0,0.0,0.8787878787878787,0.8787878787878787,0.3845452551094506,0.004224227925555241,0.45969630742689516,1.358678017651142,-0.6365359279349966,-0.651087827846492,-0.8660254037844386,0.5000000000000001,-1.0,-1.8369701987210297e-16,-0.9749279121818236,-0.2225209339563146
0.6581145243371266,0.22727471561950033,-0.1921889013309754,0.1011607999698797,1.1437160589827384,1.5205541588487714,1.358130740684737,-0.6841423458248278,-0.5749036538254355,-0.6826680894736445,-0.6525136639846563,-0.64799771944607,-0.6505684099646967,0.0,0.0,0.8787878787878787,0.8787878787878787,0.5161010012142222,0.0,0.46224228256887234,1.1429319073690285,-0.6829968743182837,-0.651087827846492,-0.8660254037844386,0.5000000000000001,-0.9659258262890684,0.2588190451025203,-0.9749279121818236,-0.2225209339563146
0.47380581729217675,-0.06222982837170911,-0.06052148875957856,-0.05705668653291797,1.3594690545430088,1.5205541588487714,1.1424450030415483,-0.6841423458248278,-0.24617536834274129,-0.6826680894736445,-0.6525136639846563,-0.6309220496776665,-0.6505684099646967,0.0,0.0,0.8787878787878787,0.8787878787878787,0.5161010012142222,0.0,0.4117746907011801,1.1429319073690285,-0.6829968743182837,-0.651087827846492,-0.8660254037844386,0.5000000000000001,-0.8660254037844386,0.5000000000000001,-0.9749279121818236,-0.2225209339563146
0.4528459401532724,-0.06222982837170911,0.5188151265545653,0.1011607999698797,1.3594690545430088,0.9812682238323067,0.9806806998091566,-0.6841423458248278,1.1035442979332621,-0.6826680894736445,-0.6525136639846563,1.6981993067325662,-0.6505684099646967,0.0,0.0,0.0,0.0,0.5161010012142222,0.0,0.3742319677508791,1.1429319073690285,-0.6829968743182837,-0.651087827846492,-0.8660254037844386,0.5000000000000001,-0.7071067811865477,0.7071067811865474,-0.9749279121818236,-0.2225209339563146
0.48689433669375953,-0.19382280291316867,1.5458209446114568,0.1011607999698797,1.5212838012132117,-0.3130180202072086,0.9806806998091566,-0.6841423458248278,1.6759182538325414,-0.6826680894736445,-0.6525136639846563,2.0089764965175094,-0.6505684099646967,0.0,0.0,0.0,0.0,0.5161010012142222,0.0,0.2967217836198227,0.9811223246574435,-0.6829968743182837,-0.651087827846492,-0.8660254037844386,0.5000000000000001,-0.5000000000000004,0.8660254037844384,-0.9749279121818236,-0.2225209339563146
0.5729649076202689,-0.6412389163541294,2.2831584550112765,0.1011607999698797,1.5212838012132117,-0.7444467682203804,0.9806806998091566,-0.6841423458248278,2.0819943711935167,-0.6826680894736445,-0.6525136639846563,2.114845649081611,-0.6505684099646967,0.0,0.0,0.0,0.0,0.3845452551094506,0.0,0.2632350730445989,1.1429319073690285,-0.6829968743182837,-0.651087827846492,-0.8660254037844386,0.5000000000000001,-0.25881904510252157,0.9659258262890681,-0.9749279121818236,-0.2225209339563146
0.8655940576253681,-0.19382280291316867,1.4141535320400604,0.39122619189167684,1.5212838012132117,-0.04337505269897623,0.818916396576765,-0.6802794482336385,2.3217726500161877,-0.6826680894736445,-0.6525136639846563,2.3060931504877296,-0.6505684099646967,0.0,0.0,0.0,0.0,0.22667835978372425,0.0,0.2496642679992379,0.8193127419458585,-0.6829968743182837,-0.651087827846492,-0.8660254037844386,0.5000000000000001,-2.4492935982947064e-16,1.0,-0.9749279121818236,-0.2225209339563146
0.1679537493912069,-0.19382280291316867,1.2561526369543852,0.1011607999698797,1.5212838012132117,0.06448213430431671,0.9806806998091566,-0.5759812132715276,2.1516074198839696,-0.6826680894736445,-0.6491011702105222,2.1968088639699475,-0.6505684099646967,0.0,0.0,0.0,0.0,0.22667835978372425,0.0,0.22155827897263825,1.1429319073690285,-0.6829968743182837,-0.651087827846492,-0.8660254037844386,0.5000000000000001,0.25881904510252074,0.9659258262890683,-0.7818314824680299,0.6234898018587334
0.16302840170616667,-0.06222982837170911,0.9664843292973129,0.23300870538887822,1.5212838012132117,0.33412510181254906,0.818916396576765,-0.24763491802043816,1.8112769596195333,-0.6826680894736445,-0.6320387013398517,2.043127836054316,-0.6505684099646967,0.0,0.0,0.0,0.0,-0.06274428164677277,0.0,0.20551559313097367,1.358678017651142,-0.6829968743182837,-0.651087827846492,-0.8660254037844386,0.5000000000000001,0.49999999999999994,0.8660254037844387,-0.7818314824680299,0.6234898018587334
0.16102051421832475,0.5167792596107107,0.8084834342116368,0.23300870538887822,0.9819013123125355,0.4959108823174885,0.818916396576765,1.1005163413046235,0.8289594947653647,-0.6826680894736445,1.6952820526195878,0.844415818312393,-0.6505684099646967,0.0,0.0,0.0,0.0,-0.06274428164677277,0.0,0.18396210319560935,1.358678017651142,-0.6829968743182837,-0.651087827846492,-0.8660254037844386,0.5000000000000001,0.7071067811865476,0.7071067811865476,-0.7818314824680299,0.6234898018587334
0.16063151472014772,1.5432044610340911,0.5188151265545653,0.23300870538887822,-0.3126166610490873,0.8194824433273673,0.818916396576765,1.6722251848006382,0.314596412774796,-0.6826680894736445,2.0058189860657887,0.2331068406035489,-0.6505684099646967,0.0,0.8787878787878787,0.0,0.0,-0.19430002775154487,0.0,0.18101835625182172,1.520487600362727,-0.6829968743182837,-0.651087827846492,-0.8660254037844386,0.5000000000000001,0.8660254037844386,0.5000000000000001,-0.7818314824680299,0.6234898018587334
0.1600880652425427,2.2801251184662625,0.22914681889749292,0.23300870538887822,-0.7441226521696283,1.1430540043372461,0.818916396576765,2.0778294318755135,-0.4898210387593264,-0.6826680894736445,2.1116062930639448,-0.64799771944607,-0.6505684099646967,0.0,0.8787878787878787,0.0,0.0,-0.6415895645077683,0.0,0.1858945488821644,1.520487600362727,-0.6829968743182837,-0.651087827846492,-0.8660254037844386,0.5000000000000001,0.9659258262890683,0.25881904510252074,-0.7818314824680299,0.6234898018587334
0.6550941020633737,1.4116114864926321,0.09747940632609654,0.23300870538887822,-0.04292541659874924,1.1430540043372461,0.818916396576765,2.317329082529249,-0.6483840941098025,-0.6826680894736445,2.3027059444154534,-0.64799771944607,-0.6505684099646967,0.0,0.8787878787878787,0.0,0.0,-0.19430002775154487,0.0,0.24621876824219846,1.520487600362727,-0.6791251287863431,-0.651087827846492,-0.8660254037844386,0.5000000000000001,1.0,6.123233995736766e-17,-0.7818314824680299,0.6234898018587334
0.49828953185811964,1.2536999170428818,0.09747940632609654,0.23300870538887822,0.064951081181386,1.358768378343832,0.818916396576765,2.1473615885169206,-0.6831906184550289,-0.48514233435418863,2.193506143643163,-0.6514128533997506,-0.6505684099646967,0.0,0.8787878787878787,0.0,0.0,-0.19430002775154487,0.014806972607737903,0.2602826392481733,1.520487600362727,-0.5745879994239471,-0.6476693650484138,-0.8660254037844386,0.5000000000000001,0.9659258262890683,-0.25881904510252063,-0.7818314824680299,0.6234898018587334
0.16163259935980273,0.9641953730516715,-0.06052148875957856,0.5230740973106753,0.3346423256317241,1.1430540043372461,0.3336234868795902,1.8074266004922632,-0.6831906184550289,-0.28761657923473266,2.0399439238071295,-0.6514128533997506,-0.6471520424707868,0.0,0.8787878787878787,0.0,0.0,-0.06274428164677277,0.05552476060136188,0.278635382523968,1.520487600362727,-0.24548962920899658,-0.6305770510580229,-0.8660254037844386,0.5000000000000001,0.8660254037844387,-0.4999999999999998,-0.7818314824680299,0.6234898018587334
0.914204012916559,0.8062838036019201,0.09747940632609654,0.8131394892324716,0.4964570723019269,0.9812682238323067,0.0640163148256042,0.826250612330184,-0.6831906184550289,0.8510613032186015,0.8421586090860689,-0.6514128533997506,0.6783985451662269,0.0,0.0,0.0,0.0,0.5161010012142222,0.21554649189246264,0.3042019013041394,0.9811223246574435,1.1057495614382706,1.7008145772313013,-0.8660254037844386,0.5000000000000001,0.7071067811865476,-0.7071067811865475,-0.7818314824680299,0.6234898018587334
0.2791773707564169,0.5167792596107107,0.09747940632609654,1.5514877595788634,0.8200865656423326,0.9812682238323067,-0.4212765948715706,0.3124852327020087,-0.6831906184550289,1.4862421628184206,0.23132222351606932,-0.6514128533997506,1.2147682417100698,0.8787878787878787,0.0,0.0,0.0,1.5422358208314406,0.42189060636017855,0.35203839097157363,-0.31335433703523674,1.6787679001654785,2.0118946918564165,-0.8660254037844386,0.5000000000000001,0.49999999999999994,-0.8660254037844387,-0.7818314824680299,0.6234898018587334
0.19674502202137228,0.22727471561950033,0.09747940632609654,1.2614223676570673,1.1437160589827384,0.9812682238323067,-0.2055908572283818,-0.49099746626536334,-0.6831906184550289,1.9587547534963348,-0.6491011702105222,-0.6514128533997506,1.4368321288142087,0.8787878787878787,0.0,0.0,0.0,2.278947999018162,0.5913863482319923,0.41670873080421966,-0.7448465575994635,2.085301181019241,2.1178670385968403,-0.8660254037844386,0.5000000000000001,0.258819045102521,-0.9659258262890682,-0.7818314824680299,0.6234898018587334
0.17679190654307836,0.09568174107804124,0.38714771398316894,1.1295744622380688,1.1437160589827384,0.8194824433273673,-0.04382655399599019,-0.6493762675041241,-0.6831906184550289,2.1252960764401894,-0.6491011702105222,-0.6514128533997506,1.4778285387411267,0.8787878787878787,0.0,0.0,0.0,1.410680074726669,0.7111005418932715,0.45045269719347547,-0.043671699182595024,2.325349403999558,2.3093009552892187,-0.8660254037844386,0.5000000000000001,1.2246467991473532e-16,-1.0,-0.7818314824680299,0.6234898018587334
0.30369541173504133,0.09568174107804124,0.09747940632609654,1.1295744622380688,1.3594690545430088,0.9812682238323067,-0.04382655399599019,-0.6841423458248278,-0.6831906184550289,1.8735475650134321,-0.6525136639846563,-0.6514128533997506,1.1806045667709717,0.8787878787878787,0.0,0.0,0.0,1.2528131794009436,0.7663481212975807,0.4917393716793339,0.06420135595846167,2.1549926005941717,2.1999101457507164,-0.8660254037844386,0.5000000000000001,-0.2588190451025208,-0.9659258262890683,-0.7818314824680299,0.6234898018587334
0.8038498990457037,-0.06222982837170911,0.22914681889749292,0.9713569757352701,1.1437160589827384,0.8194824433273673,0.0640163148256042,-0.6841423458248278,-0.6831906184550289,1.6527834857622756,-0.6525136639846563,-0.6514128533997506,1.2557646516369878,0.8787878787878787,0.0,0.0,0.0,0.9633905379704456,0.7578109233983963,0.47959616584041675,0.3338839938111034,1.8142789937833994,2.0460793198371983,-0.8660254037844386,0.5000000000000001,-0.4999999999999997,-0.8660254037844388,-0.7818314824680299,0.6234898018587334
0.8424842233182182,0.09568174107804124,0.22914681889749292,0.9713569757352701,0.9819013123125355,0.8194824433273673,0.2257806180579958,-0.6841423458248278,-0.6831906184550289,0.967252923877105,-0.6525136639846563,-0.6514128533997506,0.6988967501296858,0.0,0.0,0.0,0.0,0.8055236426447192,0.6849791138205774,0.5001361674394942,0.4956935765226884,0.8308556286704886,0.8461988777117543,-0.8660254037844386,0.5000000000000001,-0.7071067811865471,-0.7071067811865479,-0.7818314824680299,0.6234898018587334
0.8811185475907325,0.09568174107804124,0.22914681889749292,0.681291583813473,0.9819013123125355,0.8194824433273673,0.4953877901119818,-0.6841423458248278,-0.6831906184550289,0.20426128155293208,-0.6525136639846563,-0.6514128533997506,-0.18252606329905005,0.0,0.0,0.8787878787878787,0.8787878787878787,0.5161010012142222,0.5338659080246014,0.563127527145518,0.8193127419458585,0.3159134729223895,0.23429403685575864,-0.8660254037844386,0.5000000000000001,-0.8660254037844385,-0.5000000000000004,-0.7818314824680299,0.6234898018587334
0.919752871863247,0.09568174107804124,0.22914681889749292,0.39122619189167684,0.9819013123125355,0.8194824433273673,0.818916396576765,-0.6841423458248278,-0.6831906184550289,-0.34183933554203433,-0.6525136639846563,-0.6514128533997506,-0.4558354628118364,0.0,0.0,0.8787878787878787,0.8787878787878787,0.22667835978372425,0.27986341547733695,0.6112346614434915,1.1429319073690285,-0.48940959772125403,-0.6476693650484138,-0.8660254037844386,0.5000000000000001,-0.9659258262890683,-0.25881904510252063,-0.7818314824680299,0.6234898018587334
0.6989703005460255,0.3851862850692516,0.22914681889749292,0.39122619189167684,0.8200865656423326,0.8194824433273673,0.818916396576765,-0.6841423458248278,-0.6831906184550289,-0.6516836572980436,-0.6525136639846563,-0.6514128533997506,-0.6505684099646967,0.0,0.0,0.8787878787878787,0.8787878787878787,0.09512261367895261,0.0014635120372002409,0.6139490467946307,1.1429319073690285,-0.6481511645308183,-0.6476693650484138,-0.8660254037844386,0.5000000000000001,-1.0,-1.8369701987210297e-16,-0.7818314824680299,0.6234898018587334
0.5635032289098556,0.09568174107804124,0.22914681889749292,0.5230740973106753,0.9819013123125355,0.8194824433273673,0.6571520933443734,-0.6841423458248278,-0.4859536471654124,-0.6826680894736445,-0.6525136639846563,-0.6514128533997506,-0.6505684099646967,0.0,0.0,0.8787878787878787,0.8787878787878787,0.09512261367895261,0.0,0.6258633007980993,1.358678017651142,-0.6829968743182837,-0.651087827846492,-0.8660254037844386,0.5000000000000001,-0.9659258262890684,0.2588190451025203,-0.7818314824680299,0.6234898018587334
0.8663520806471388,0.22727471561950033,0.5188151265545653,0.5230740973106753,0.8200865656423326,0.33412510181254906,0.818916396576765,-0.6841423458248278,-0.2887166758757958,-0.6826680894736445,-0.6525136639846563,-0.64799771944607,-0.6505684099646967,0.0,0.0,0.8787878787878787,0.8787878787878787,-0.06274428164677277,0.0,0.5951856499750534,1.1429319073690285,-0.6829968743182837,-0.651087827846492,-0.8660254037844386,0.5000000000000001,-0.8660254037844386,0.5000000000000001,-0.7818314824680299,0.6234898018587334
0.5751101282172215,0.22727471561950033,0.8084834342116368,0.5230740973106753,0.8200865656423326,0.06448213430431671,0.818916396576765,-0.6841423458248278,0.8482964527349349,-0.6826680894736445,-0.6525136639846563,0.6770742545820391,-0.6505684099646967,0.0,0.0,0.0,0.0,0.09512261367895261,0.0,0.5334968571878864,0.9811223246574435,-0.6829968743182837,-0.651087827846492,-0.8660254037844386,0.5000000000000001,-0.7071067811865477,0.7071067811865474,-0.7818314824680299,0.6234898018587334
0.798180875344693,0.22727471561950033,1.5458209446114568,0.39122619189167684,0.8200865656423326,-0.4208752072105015,0.818916396576765,-0.6841423458248278,1.482548674136839,-0.6826680894736445,-0.6525136639846563,1.2132502853099079,-0.6505684099646967,0.0,0.0,0.0,0.0,0.09512261367895261,0.0,0.5152804862301861,0.9811223246574435,-0.6829968743182837,-0.651087827846492,-0.8660254037844386,0.5000000000000001,-0.5000000000000004,0.8660254037844384,-0.7818314824680299,0.6234898018587334
0.5327183643131781,0.22727471561950033,1.2561526369543852,0.39122619189167684,0.8200865656423326,-0.20516083320391562,0.818916396576765,-0.6841423458248278,1.9543704485943532,-0.6826680894736445,-0.6525136639846563,1.4352339922991528,-0.6505684099646967,0.0,0.0,0.0,0.0,0.09512261367895261,0.0,0.48102007211009634,0.9811223246574435,-0.6829968743182837,-0.651087827846492,-0.8660254037844386,0.5000000000000001,-0.25881904510252157,0.9659258262890681,-0.7818314824680299,0.6234898018587334
0.2672558532816632,0.22727471561950033,1.1244852243829888,0.23300870538887822,0.8200865656423326,-0.04337505269897623,0.818916396576765,-0.6841423458248278,2.1206682871326574,-0.6826680894736445,-0.6525136639846563,1.4762155997433213,-0.6505684099646967,0.0,0.0,0.0,0.0,0.3845452551094506,0.0,0.42510393875523034,0.8193127419458585,-0.6829968743182837,-0.651087827846492,-0.8660254037844386,0.5000000000000001,-2.4492935982947064e-16,1.0,-0.7818314824680299,0.6234898018587334
0.1598077631909424,0.22727471561950033,1.1244852243829888,0.23300870538887822,0.8200865656423326,-0.04337505269897623,0.9806806998091566,-0.48713456867417404,1.8692878335282441,-0.6826680894736445,-0.6525136639846563,1.179098945773101,-0.6505684099646967,0.0,0.0,0.0,0.0,0.09512261367895261,0.0,0.3741407455542496,0.9811223246574435,-0.6829968743182837,-0.651087827846492,-0.8660254037844386,0.5000000000000001,0.25881904510252074,0.9659258262890683,-2.4492935982947064e-16,1.0
0.16074020530212832,0.5167792596107107,0.9664843292973129,0.23300870538887822,0.3346423256317241,0.06448213430431671,0.818916396576765,-0.29012679152352033,1.6488465126751433,-0.6826680894736445,-0.6491011702105222,1.254231892754076,-0.6505684099646967,0.0,0.0,0.0,0.0,0.22667835978372425,0.0,0.3400178049747289,0.8193127419458585,-0.6829968743182837,-0.651087827846492,-0.8660254037844386,0.5000000000000001,0.49999999999999994,0.8660254037844387,-2.4492935982947064e-16,1.0
0.16079740798123554,0.8062838036019201,0.9664843292973129,0.23300870538887822,0.064951081181386,0.22626791480925612,0.818916396576765,0.8455651002861305,0.9643182005523564,-0.6826680894736445,0.6749464141534991,0.6975650583041232,-0.6505684099646967,0.0,0.0,0.0,0.0,0.22667835978372425,0.0,0.3186183888684948,0.8193127419458585,-0.6829968743182837,-0.651087827846492,-0.8660254037844386,0.5000000000000001,0.7071067811865476,0.7071067811865476,-2.4492935982947064e-16,1.0
0.16106055197494215,1.5432044610340911,0.6768160216402405,0.23300870538887822,-0.42049315882922256,0.4959108823174885,0.818916396576765,1.4790803052411738,0.20244205655128852,-0.6826680894736445,1.210707936692549,-0.1835395017454957,-0.6505684099646967,0.0,0.8787878787878787,0.0,0.0,0.22667835978372425,0.0,0.3339592374561925,0.8193127419458585,-0.6829968743182837,-0.651087827846492,-0.8660254037844386,0.5000000000000001,0.8660254037844386,0.5000000000000001,-2.4492935982947064e-16,1.0
0.15989357064190127,1.2536999170428818,0.38714771398316894,0.23300870538887822,-0.20474016326895209,0.8194824433273673,0.818916396576765,1.950353811366267,-0.3428601581905925,-0.6826680894736445,1.4325200320112639,-0.45675021803995114,-0.6505684099646967,0.0,0.8787878787878787,0.0,0.0,0.22667835978372425,0.0,0.3757797231342307,0.8193127419458585,-0.6829968743182837,-0.651087827846492,-0.8660254037844386,0.5000000000000001,0.9659258262890683,0.25881904510252074,-2.4492935982947064e-16,1.0
0.16085461409264085,1.1221069425014227,0.38714771398316894,0.23300870538887822,-0.04292541659874924,0.8194824433273673,0.818916396576765,2.1164584077874062,-0.6522514857037165,-0.6787950354516944,1.473469957300873,-0.6514128533997506,-0.6505684099646967,0.0,0.8787878787878787,0.0,0.0,0.22667835978372425,0.0,0.48330518557468205,0.8193127419458585,-0.6829968743182837,-0.651087827846492,-0.8660254037844386,0.5000000000000001,1.0,6.123233995736766e-17,-2.4492935982947064e-16,1.0
0.15627249621143616,1.1221069425014227,0.5188151265545653,0.23300870538887822,-0.04292541659874924,0.6576966628224279,0.6571520933443734,1.8653700643601026,-0.6831906184550289,-0.5858417389248917,1.1765829989512082,-0.6514128533997506,-0.6061556325438688,0.0,0.8787878787878787,0.0,0.0,0.22667835978372425,0.01066035472551539,0.49062749551738427,0.8193127419458585,-0.4855378521893134,-0.651087827846492,-0.8660254037844386,0.5000000000000001,0.9659258262890683,-0.25881904510252063,-2.4492935982947064e-16,1.0
0.16299408559037917,0.9641953730516715,0.5188151265545653,0.39122619189167684,0.064951081181386,0.8194824433273673,0.4953877901119818,1.6451849016623132,-0.6831906184550289,-0.25275909303718164,1.251657861982158,-0.6514128533997506,-0.6300702050012377,0.0,0.8787878787878787,0.0,0.0,0.5161010012142222,0.052758500663316873,0.5194259486020031,0.3338839938111034,-0.2880788300603431,-0.6476693650484138,-0.8660254037844386,0.5000000000000001,0.8660254037844387,-0.4999999999999998,-2.4492935982947064e-16,1.0
0.17863964986904668,0.9641953730516715,0.5188151265545653,0.5230740973106753,0.22676582785158886,0.8194824433273673,0.4953877901119818,0.9614520280218092,-0.6831906184550289,0.0183546884993265,0.6954213767983036,-0.6514128533997506,-0.6300702050012377,0.0,0.0,0.0,0.0,0.8055236426447192,0.20753045062972528,0.5704230492112762,0.06420135595846167,0.8502143563301915,0.678694200605923,-0.8660254037844386,0.5000000000000001,0.7071067811865476,-0.7071067811865475,-2.4492935982947064e-16,1.0
0.18354210412617106,0.6746908290604611,0.38714771398316894,0.8131394892324716,0.4964570723019269,0.8194824433273673,0.0640163148256042,0.2004612025575193,-0.6831906184550289,0.2778493079699843,-0.18500201692828788,-0.6514128533997506,-0.6471520424707868,0.8787878787878787,0.0,0.0,0.0,1.5422358208314406,0.40593055523624383,0.6307255821715051,-0.42122739217629346,1.4851806235684488,1.2153928599041985,-0.8660254037844386,0.5000000000000001,0.49999999999999994,-0.8660254037844387,-2.4492935982947064e-16,1.0
0.706870283648987,0.3851862850692516,0.38714771398316894,1.7097052460816622,0.8200865656423326,0.8194824433273673,-0.4212765948715706,-0.34420735780017037,-0.6831906184550289,0.9478876537673544,-0.4580015188590139,-0.6514128533997506,-0.06295320101220604,0.8787878787878787,0.0,0.0,0.0,1.2528131794009436,0.5734139946662171,0.6937294906917759,-0.20548128189418005,1.9575335784652013,1.4375929417792808,-0.8660254037844386,0.5000000000000001,0.258819045102521,-0.9659258262890682,-2.4492935982947064e-16,1.0
0.5661174730337495,0.3851862850692516,0.22914681889749292,1.419639854159865,0.8200865656423326,0.8194824433273673,-0.2055908572283818,-0.6532391650953134,-0.6831906184550289,2.210503264923092,-0.6525136639846563,-0.6514128533997506,1.9014581079859456,0.8787878787878787,0.0,0.0,0.0,1.121257433296172,0.6919695125429901,0.7033390141047133,-0.043671699182595024,2.124018636338647,1.478614495356219,-0.8660254037844386,0.5000000000000001,1.2246467991473532e-16,-1.0,-2.4492935982947064e-16,1.0
0.6899910198839097,0.5167792596107107,0.22914681889749292,1.419639854159865,0.6582718189721298,0.9812682238323067,-0.2055908572283818,-0.6841423458248278,-0.6831906184550289,1.7263715121793277,-0.6525136639846563,-0.6514128533997506,1.2079355067222501,0.8787878787878787,0.0,0.0,0.0,1.121257433296172,0.7521842518015567,0.7074199397175449,-0.043671699182595024,1.8723551767625084,1.1812082319234167,-0.8660254037844386,0.5000000000000001,-0.2588190451025208,-0.9659258262890683,-2.4492935982947064e-16,1.0
0.8138645667340697,0.5167792596107107,0.22914681889749292,0.9713569757352701,0.8200865656423326,0.8194824433273673,0.0640163148256042,-0.6841423458248278,-0.6831906184550289,1.7805942684866294,-0.6525136639846563,-0.6514128533997506,1.7682197757234621,0.8787878787878787,0.0,0.0,0.0,0.9633905379704456,0.7452658312620646,0.7243153046823927,0.06420135595846167,1.6516656814418944,1.2564144134811368,-0.8660254037844386,0.5000000000000001,-0.4999999999999997,-0.8660254037844388,-2.4492935982947064e-16,1.0
0.9377381135842301,0.5167792596107107,0.22914681889749292,0.8131394892324716,0.8200865656423326,0.8194824433273673,0.2257806180579958,-0.6841423458248278,-0.6831906184550289,1.2190014353038625,-0.6525136639846563,-0.6514128533997506,1.3070101640456353,0.0,0.0,0.0,0.0,0.9633905379704456,0.6711699464237513,0.732143203790131,0.2260109386700467,0.9663667222884094,0.6992049773943921,-0.8660254037844386,0.5000000000000001,-0.7071067811865471,-0.7071067811865479,-2.4492935982947064e-16,1.0
0.9555517404032954,0.3851862850692516,0.22914681889749292,0.681291583813473,0.8200865656423326,0.8194824433273673,0.3336234868795902,-0.6841423458248278,-0.6831906184550289,0.6574086021210956,-0.6525136639846563,-0.6514128533997506,1.5222413161619546,0.0,0.0,0.8787878787878787,0.8787878787878787,0.6739678965399476,0.3694480739542967,0.7399190125138311,0.4956935765226884,0.2036328524961123,-0.18275842450978025,-0.8660254037844386,0.5000000000000001,-0.8660254037844385,-0.5000000000000004,-2.4492935982947064e-16,1.0
0.9733653672223608,0.3851862850692516,0.22914681889749292,0.39122619189167684,0.8200865656423326,0.8194824433273673,0.6571520933443734,-0.6841423458248278,-0.6831906184550289,-0.2411399309713313,-0.6525136639846563,-0.6514128533997506,-0.10736597843303382,0.0,0.0,0.8787878787878787,0.8787878787878787,0.3845452551094506,0.1595727045106399,0.7467053088194038,0.8193127419458585,-0.3422832675075114,-0.45623544835603524,-0.8660254037844386,0.5000000000000001,-0.9659258262890683,-0.25881904510252063,-2.4492935982947064e-16,1.0
0.6120473527246709,0.22727471561950033,0.22914681889749292,0.39122619189167684,0.8200865656423326,0.8194824433273673,0.6571520933443734,-0.6841423458248278,-0.6793232268611149,-0.6245722791443928,-0.6525136639846563,-0.6514128533997506,-0.5788246925925902,0.0,0.0,0.8787878787878787,0.8787878787878787,0.3845452551094506,0.0,0.7485996163545776,0.8193127419458585,-0.6520229100627589,-0.651087827846492,-0.8660254037844386,0.5000000000000001,-1.0,-1.8369701987210297e-16,-2.4492935982947064e-16,1.0
0.8203935412675971,0.22727471561950033,0.22914681889749292,0.23300870538887822,0.9819013123125355,0.6576966628224279,0.818916396576765,-0.6841423458248278,-0.5865058286071777,-0.6826680894736445,-0.6525136639846563,-0.6070161120019016,-0.6505684099646967,0.0,0.0,0.8787878787878787,0.8787878787878787,0.5161010012142222,0.0,0.7476763309438852,0.6575031592342735,-0.6829968743182837,-0.651087827846492,-0.8660254037844386,0.5000000000000001,-0.9659258262890684,0.2588190451025203,-2.4492935982947064e-16,1.0
0.6165379655401731,0.22727471561950033,0.38714771398316894,0.23300870538887822,0.8200865656423326,0.4959108823174885,0.818916396576765,-0.6841423458248278,-0.2539101515305694,-0.6826680894736445,-0.6525136639846563,-0.6309220496776665,-0.6505684099646967,0.0,0.0,0.8787878787878787,0.8787878787878787,0.5161010012142222,0.0,0.7256578229282404,0.8193127419458585,-0.6829968743182837,-0.651087827846492,-0.8660254037844386,0.5000000000000001,-0.8660254037844386,0.5000000000000001,-2.4492935982947064e-16,1.0
0.5766489303967575,0.22727471561950033,0.5188151265545653,0.23300870538887822,0.8200865656423326,0.4959108823174885,0.818916396576765,-0.6841423458248278,0.01680726004341413,-0.6826680894736445,-0.6525136639846563,-0.6309220496776665,-0.6505684099646967,0.0,0.0,0.0,0.0,0.5161010012142222,0.0,0.7014559236728872,0.8193127419458585,-0.6829968743182837,-0.651087827846492,-0.8660254037844386,0.5000000000000001,-0.7071067811865477,0.7071067811865474,-2.4492935982947064e-16,1.0
0.45223382412111207,0.22727471561950033,0.8084834342116368,0.23300870538887822,0.8200865656423326,0.06448213430431671,0.9806806998091566,-0.6841423458248278,0.2759224968356555,-0.6826680894736445,-0.6525136639846563,-0.64799771944607,-0.6505684099646967,0.0,0.0,0.0,0.0,0.3845452551094506,0.0,0.610970368049551,0.8193127419458585,-0.6829968743182837,-0.651087827846492,-0.8660254037844386,0.5000000000000001,-0.5000000000000004,0.8660254037844384,-2.4492935982947064e-16,1.0
0.31731592017107907,0.22727471561950033,1.7038218396971327,0.39122619189167684,0.8200865656423326,-0.4208752072105015,0.6571520933443734,-0.6841423458248278,0.9449812425827862,-0.6826680894736445,-0.6525136639846563,-0.06400981336667143,-0.6505684099646967,0.0,0.0,0.0,0.0,0.3845452551094506,0.0,0.5088589762718312,0.8193127419458585,-0.6829968743182837,-0.651087827846492,-0.8660254037844386,0.5000000000000001,-0.25881904510252157,0.9659258262890681,-2.4492935982947064e-16,1.0
0.8685716104966218,0.22727471561950033,1.4141535320400604,0.1011607999698797,0.8200865656423326,-0.20516083320391562,0.818916396576765,-0.6802794482336385,2.2057509021987665,-0.6826680894736445,-0.6525136639846563,1.8996922099997273,-0.6505684099646967,0.0,0.0,0.0,0.0,0.22667835978372425,0.0,0.4705009901526638,0.8193127419458585,-0.6829968743182837,-0.651087827846492,-0.8660254037844386,0.5000000000000001,-2.4492935982947064e-16,1.0,-2.4492935982947064e-16,1.0
0.3997368256244638,0.22727471561950033,1.4141535320400604,0.23300870538887822,0.6582718189721298,-0.20516083320391562,0.9806806998091566,-0.5875699060450955,1.7223269529595102,-0.6826680894736445,-0.6081512449209132,1.2064200174025466,-0.6505684099646967,0.0,0.0,0.0,0.0,0.22667835978372425,0.0,0.3868075186553489,0.9811223246574435,-0.6829968743182837,-0.651087827846492,-0.8660254037844386,0.5000000000000001,0.25881904510252074,0.9659258262890683,0.7818314824680298,0.6234898018587336
0.16385216009996809,0.3851862850692516,0.9664843292973129,0.23300870538887822,0.4964570723019269,0.06448213430431671,0.9806806998091566,-0.2553607132028167,1.7764704352743068,-0.6826680894736445,-0.6320387013398517,1.7665019858061801,-0.6505684099646967,0.0,0.0,0.0,0.0,0.22667835978372425,0.0,0.35424544568957705,0.8193127419458585,-0.6829968743182837,-0.651087827846492,-0.8660254037844386,0.5000000000000001,0.49999999999999994,0.8660254037844387,0.7818314824680298,0.6234898018587336
0.1624563543213061,0.5167792596107107,0.8084834342116368,0.23300870538887822,0.4964570723019269,0.22626791480925612,0.9806806998091566,0.015042118180433467,1.2156986541567696,-0.6826680894736445,-0.6320387013398517,1.3054589020592866,-0.6505684099646967,0.0,0.0,0.0,0.0,0.22667835978372425,0.0,0.33988463388475887,0.8193127419458585,-0.6829968743182837,-0.651087827846492,-0.8660254037844386,0.5000000000000001,0.7071067811865476,0.7071067811865476,0.7818314824680298,0.6234898018587336
0.16200443393548994,0.8062838036019201,0.6768160216402405,0.23300870538887822,0.064951081181386,0.33412510181254906,0.9806806998091566,0.27385625679011577,0.6549268730392324,-0.6826680894736445,-0.6491011702105222,1.5206123411411703,-0.6505684099646967,0.0,0.8787878787878787,0.0,0.0,0.22667835978372425,0.0,0.33663044464239134,0.8193127419458585,-0.6829968743182837,-0.651087827846492,-0.8660254037844386,0.5000000000000001,0.8660254037844386,0.5000000000000001,0.7818314824680298,0.6234898018587336
0.16197583602823434,1.7011160304838424,0.38714771398316894,0.23300870538887822,-0.42049315882922256,0.6576966628224279,0.818916396576765,0.9421375400658627,-0.24230797674882723,-0.6826680894736445,-0.06556473483359525,-0.10840655476452044,-0.6505684099646967,0.0,0.8787878787878787,0.0,0.0,0.22667835978372425,0.0,0.3988382973625414,0.8193127419458585,-0.6829968743182837,-0.651087827846492,-0.8660254037844386,0.5000000000000001,0.9659258262890683,0.25881904510252074,0.7818314824680298,0.6234898018587336
0.1922086566730189,1.4116114864926321,0.38714771398316894,0.23300870538887822,-0.20474016326895209,0.6576966628224279,0.818916396576765,2.2014421547935705,-0.6251797445463182,-0.6826680894736445,1.8966191852934982,-0.5796950403724561,-0.6505684099646967,0.0,0.8787878787878787,0.0,0.0,0.22667835978372425,0.0,0.47694718798231284,0.8193127419458585,-0.6791251287863431,-0.651087827846492,-0.8660254037844386,0.5000000000000001,1.0,6.123233995736766e-17,0.7818314824680298,0.6234898018587336
0.3206681426961998,1.4116114864926321,0.22914681889749292,0.23300870538887822,-0.20474016326895209,0.8194824433273673,0.818916396576765,1.7185799558949097,-0.6831906184550289,-0.5780956308809914,1.2038829491442808,-0.6514128533997506,-0.643735674976877,0.0,0.8787878787878787,0.0,0.0,0.22667835978372425,0.006264275229457401,0.49581123141411754,0.6575031592342735,-0.5862032360197689,-0.6066478114714755,-0.8660254037844386,0.5000000000000001,0.9659258262890683,-0.25881904510252063,0.7818314824680298,0.6234898018587336
0.17846230302940486,0.9641953730516715,0.22914681889749292,0.39122619189167684,0.064951081181386,0.8194824433273673,0.4953877901119818,1.7726605221715597,-0.6831906184550289,-0.264378255103032,1.7635319281022692,-0.6514128533997506,-0.6164047350255983,0.0,0.8787878787878787,0.0,0.0,0.3845452551094506,0.045535181339252946,0.5395316075691783,0.4956935765226884,-0.25323312027287775,-0.6305770510580229,-0.8660254037844386,0.5000000000000001,0.8660254037844387,-0.4999999999999998,0.7818314824680298,0.6234898018587336
0.15583774074810983,0.8062838036019201,0.22914681889749292,0.8131394892324716,0.22676582785158886,0.8194824433273673,0.2257806180579958,1.212540371449113,-0.6831906184550289,0.8897918434381027,1.3028452685941692,-0.6514128533997506,1.1156935843866849,0.0,0.0,0.0,0.0,0.5161010012142222,0.20428189296075192,0.5900524678728585,0.4956935765226884,0.017789066962963798,-0.6305770510580229,-0.8660254037844386,0.5000000000000001,0.7071067811865476,-0.7071067811865475,0.7818314824680298,0.6234898018587336
0.12981519311194864,0.6746908290604611,0.22914681889749292,0.9713569757352701,0.3346423256317241,0.9812682238323067,0.2257806180579958,0.6524202207266661,-0.6831906184550289,1.4165271904233185,1.5178323763646158,-0.6514128533997506,1.2489319166491681,0.8787878787878787,0.0,0.0,0.0,0.8055236426447192,0.4104264376052132,0.6610919199619212,0.06420135595846167,0.27719601760298357,-0.6476693650484138,-0.8660254037844386,0.5000000000000001,0.49999999999999994,-0.8660254037844387,0.7818314824680298,0.6234898018587336
0.13253243706767556,0.3851862850692516,0.38714771398316894,1.1295744622380688,0.6582718189721298,0.6576966628224279,0.0640163148256042,-0.24377202042924886,-0.6831906184550289,2.0594541580670374,-0.10992715389733822,-0.6514128533997506,2.0210309702727893,0.8787878787878787,0.0,0.0,0.0,1.700102716157167,0.5794010893638545,0.672774148950942,-0.42122739217629346,0.9470079946287063,-0.06311222657704368,-0.8660254037844386,0.5000000000000001,0.258819045102521,-0.9659258262890682,0.7818314824680298,0.6234898018587336
0.1350036950875896,0.3851862850692516,0.09747940632609654,1.1295744622380688,0.6582718189721298,0.8194824433273673,-0.04382655399599019,-0.6261988819569885,-0.6831906184550289,2.272472129274294,-0.5808512947278406,-0.6514128533997506,2.1371874650657237,0.8787878787878787,0.0,0.0,0.0,1.410680074726669,0.6965208487135144,0.7062971537701477,-0.20548128189418005,2.20919703804134,1.9025038823179143,-0.8660254037844386,0.5000000000000001,1.2246467991473532e-16,-1.0,0.7818314824680298,0.6234898018587336
0.13284706209965946,0.22727471561950033,0.22914681889749292,1.1295744622380688,0.8200865656423326,0.9812682238323067,-0.04382655399599019,-0.6841423458248278,-0.6831906184550289,2.043961941979237,-0.6525136639846563,-0.6514128533997506,1.833130758107749,0.8787878787878787,0.0,0.0,0.0,1.410680074726669,0.7258853396327148,0.7521043721246887,-0.20548128189418005,1.7252288465487657,1.2085559343080423,-0.8660254037844386,0.5000000000000001,-0.2588190451025208,-0.9659258262890683,0.7818314824680298,0.6234898018587336
0.130873490727605,0.22727471561950033,0.22914681889749292,0.9713569757352701,0.8200865656423326,0.9812682238323067,0.2257806180579958,-0.6841423458248278,-0.6831906184550289,1.737990674245178,-0.6525136639846563,-0.6514128533997506,1.7989670831686506,0.8787878787878787,0.0,0.0,0.0,0.9633905379704456,0.7343005338466163,0.7662490370065556,0.06420135595846167,1.7794332839959341,1.769183833192865,-0.8660254037844386,0.5000000000000001,-0.4999999999999997,-0.8660254037844388,0.7818314824680298,0.6234898018587336
0.6312338987590785,0.22727471561950033,0.22914681889749292,0.9713569757352701,0.8200865656423326,0.9812682238323067,0.2257806180579958,-0.6841423458248278,-0.6831906184550289,1.0485870583380574,-0.6525136639846563,-0.6514128533997506,1.0746971744597669,0.0,0.0,0.0,0.0,0.8055236426447192,0.6671563710989687,0.7716428759075415,0.2260109386700467,1.2180301818645478,1.3076913554523097,-0.8660254037844386,0.5000000000000001,-0.7071067811865471,-0.7071067811865479,0.7818314824680298,0.6234898018587336
0.5875922292013877,0.22727471561950033,0.22914681889749292,0.681291583813473,0.9819013123125355,0.9812682238323067,0.4953877901119818,-0.6841423458248278,-0.6831906184550289,0.41727925276018846,-0.6525136639846563,-0.6514128533997506,0.7262276900809644,0.0,0.0,0.8787878787878787,0.8787878787878787,0.6739678965399476,0.4430838173034594,0.7559871801313649,0.3338839938111034,0.6566270797331618,1.5230545117312355,-0.8660254037844386,0.5000000000000001,-0.8660254037844385,-0.5000000000000004,0.7818314824680298,0.6234898018587336
0.601515895361663,0.3851862850692516,0.22914681889749292,0.39122619189167684,0.6582718189721298,0.8194824433273673,0.818916396576765,-0.6841423458248278,-0.6831906184550289,-0.35733155162983476,-0.6525136639846563,-0.6514128533997506,-0.5480773851474018,0.0,0.0,0.8787878787878787,0.8787878787878787,0.3845452551094506,0.2579938890123561,0.7668986558273594,0.6575031592342735,-0.241617883677056,-0.10755224295206012,-0.8660254037844386,0.5000000000000001,-0.9659258262890683,-0.25881904510252063,0.7818314824680298,0.6234898018587336
0.2337451948748452,0.09568174107804124,0.22914681889749292,0.39122619189167684,0.8200865656423326,0.8194824433273673,0.818916396576765,-0.6841423458248278,-0.6831906184550289,-0.6749219814297444,-0.6525136639846563,-0.6514128533997506,-0.6471520424707868,0.0,0.0,0.8787878787878787,0.8787878787878787,0.3845452551094506,0.0,0.7677300531859723,0.6575031592342735,-0.6249206913391748,-0.57930010908685,-0.8660254037844386,0.5000000000000001,-1.0,-1.8369701987210297e-16,0.7818314824680298,0.6234898018587336
0.22976371885345864,0.22727471561950033,0.22914681889749292,0.39122619189167684,0.9819013123125355,0.8194824433273673,0.818916396576765,-0.6841423458248278,-0.5787710454193495,-0.6826680894736445,-0.6525136639846563,-0.6445825854923893,-0.6505684099646967,0.0,0.0,0.8787878787878787,0.8787878787878787,0.22667835978372425,0.0,0.7815513171978117,0.8193127419458585,-0.6829968743182837,-0.651087827846492,-0.8660254037844386,0.5000000000000001,-0.9659258262890684,0.2588190451025203,0.7818314824680298,0.6234898018587336
0.6795949781195084,0.22727471561950033,0.38714771398316894,0.39122619189167684,0.9819013123125355,0.4959108823174885,0.6571520933443734,-0.6841423458248278,-0.26551232631231153,-0.6826680894736445,-0.6525136639846563,-0.6172615138629437,-0.6505684099646967,0.0,0.0,0.8787878787878787,0.8787878787878787,0.22667835978372425,0.0,0.751250796657631,0.8193127419458585,-0.6829968743182837,-0.651087827846492,-0.8660254037844386,0.5000000000000001,-0.8660254037844386,0.5000000000000001,0.7818314824680298,0.6234898018587336
0.4439562882339315,0.22727471561950033,0.8084834342116368,0.1011607999698797,0.9819013123125355,0.22626791480925612,0.9806806998091566,-0.6841423458248278,0.8869703686740754,-0.6826680894736445,-0.6525136639846563,1.1142114006531678,-0.6505684099646967,0.0,0.0,0.0,0.0,0.22667835978372425,0.0,0.647642203291098,0.8193127419458585,-0.6829968743182837,-0.651087827846492,-0.8660254037844386,0.5000000000000001,-0.7071067811865477,0.7071067811865474,0.7818314824680298,0.6234898018587336
0.4329099861651703,0.22727471561950033,0.9664843292973129,0.1011607999698797,0.9819013123125355,0.22626791480925612,0.9806806998091566,-0.6841423458248278,1.412935625446386,-0.6826680894736445,-0.6525136639846563,1.2474016248467148,-0.6505684099646967,0.0,0.0,0.0,0.0,0.22667835978372425,0.0,0.5273475284495703,0.9811223246574435,-0.6829968743182837,-0.651087827846492,-0.8660254037844386,0.5000000000000001,-0.5000000000000004,0.8660254037844384,0.7818314824680298,0.6234898018587336
0.7337966617598863,0.22727471561950033,1.1244852243829888,0.1011607999698797,0.8200865656423326,0.06448213430431671,0.9806806998091566,-0.6841423458248278,2.0549226300361183,-0.6826680894736445,-0.6525136639846563,2.0192218983785515,-0.6505684099646967,0.0,0.0,0.0,0.0,0.3845452551094506,0.0,0.4520173038416734,0.6575031592342735,-0.6829968743182837,-0.651087827846492,-0.8660254037844386,0.5000000000000001,-0.25881904510252157,0.9659258262890681,0.7818314824680298,0.6234898018587336
0.7840827111521476,0.22727471561950033,1.1244852243829888,-0.05705668653291797,0.8200865656423326,-0.04337505269897623,0.9806806998091566,-0.6841423458248278,2.2676291677013913,-0.6826680894736445,-0.6525136639846563,2.135336452803695,-0.6505684099646967,0.0,0.0,0.0,0.0,0.09512261367895261,0.0,0.38188146881770757,0.8193127419458585,-0.6829968743182837,-0.651087827846492,-0.8660254037844386,0.5000000000000001,-2.4492935982947064e-16,1.0,0.7818314824680298,0.6234898018587336
0.15545445945846467,0.22727471561950033,1.1244852243829888,-0.05705668653291797,0.8200865656423326,-0.04337505269897623,0.818916396576765,-0.5798441108627169,2.039453063660462,-0.6826680894736445,-0.645688676436388,1.8313895309261135,-0.6505684099646967,0.0,0.0,0.0,0.0,0.22667835978372425,0.0,0.34922878829110604,0.9811223246574435,-0.6829968743182837,-0.651087827846492,-0.8660254037844386,0.5000000000000001,0.25881904510252074,0.9659258262890683,0.9749279121818236,-0.22252093395631434
0.16664947613663178,0.3851862850692516,0.9664843292973129,-0.05705668653291797,0.4964570723019269,0.22626791480925612,0.9806806998091566,-0.2669494059763846,1.7339291277412523,-0.6826680894736445,-0.6183887262433154,1.7972381913893065,-0.6505684099646967,0.0,0.0,0.0,0.0,0.22667835978372425,0.0,0.34405637193702,0.9811223246574435,-0.6829968743182837,-0.651087827846492,-0.8660254037844386,0.5000000000000001,0.49999999999999994,0.8660254037844387,0.9749279121818236,-0.22252093395631434
0.17019046475696795,0.8062838036019201,0.9664843292973129,0.1011607999698797,0.22676582785158886,0.22626791480925612,0.6571520933443734,0.8841940761980234,1.0455334240245513,-0.6826680894736445,1.111745617242661,1.0732297932089994,-0.6505684099646967,0.0,0.0,0.0,0.0,0.22667835978372425,0.0,0.3384348616918351,0.9811223246574435,-0.6829968743182837,-0.651087827846492,-0.8660254037844386,0.5000000000000001,0.7071067811865476,0.7071067811865476,0.9749279121818236,-0.22252093395631434
0.17007033432562552,0.9641953730516715,0.6768160216402405,0.1011607999698797,0.22676582785158886,0.4959108823174885,0.6571520933443734,1.4095481485997665,0.4151485942165613,-0.6826680894736445,1.24483287443389,0.7248861299335687,-0.6505684099646967,0.0,0.8787878787878787,0.0,0.0,0.22667835978372425,0.0,0.34258964603995,0.9811223246574435,-0.6829968743182837,-0.651087827846492,-0.8660254037844386,0.5000000000000001,0.8660254037844386,0.5000000000000001,0.9749279121818236,-0.22252093395631434
0.16616037366616612,1.1221069425014227,0.38714771398316894,0.1011607999698797,0.064951081181386,0.8194824433273673,0.6571520933443734,2.0507891487371883,-0.35832972456624873,-0.6826680894736445,2.0160564673881907,-0.5489588347893298,-0.6505684099646967,0.0,0.8787878787878787,0.0,0.0,0.22667835978372425,0.0,0.37088368801148264,0.8193127419458585,-0.6829968743182837,-0.651087827846492,-0.8660254037844386,0.5000000000000001,0.9659258262890683,0.25881904510252074,0.9749279121818236,-0.22252093395631434
0.24689374516911883,1.1221069425014227,0.38714771398316894,0.1011607999698797,-0.04292541659874924,0.8194824433273673,0.6571520933443734,2.2632485162525993,-0.6754558352672009,-0.6787950354516944,2.1320812557087496,-0.64799771944607,-0.6505684099646967,0.0,0.8787878787878787,0.0,0.0,0.22667835978372425,0.0,0.42197836205398376,0.8193127419458585,-0.6829968743182837,-0.651087827846492,-0.8660254037844386,0.5000000000000001,1.0,6.123233995736766e-17,0.9749279121818236,-0.22252093395631434
0.40224240319246335,1.1221069425014227,0.38714771398316894,0.23300870538887822,-0.04292541659874924,0.8194824433273673,0.4953877901119818,2.035337558372431,-0.6831906184550289,-0.5277459285956398,1.8283693098108167,-0.6514128533997506,-0.6471520424707868,0.0,0.8787878787878787,0.0,0.0,0.22667835978372425,0.005859591799351329,0.4405568559371026,0.8193127419458585,-0.5784597449558877,-0.6442509022503355,-0.8660254037844386,0.5000000000000001,0.9659258262890683,-0.25881904510252063,0.9749279121818236,-0.22252093395631434
0.16933810845591096,0.9641953730516715,0.38714771398316894,0.39122619189167684,0.22676582785158886,0.6576966628224279,0.3336234868795902,1.7301686486684775,-0.6831906184550289,-0.2488860390152315,1.794244372069476,-0.6514128533997506,-0.6300702050012377,0.0,0.8787878787878787,0.0,0.0,0.3845452551094506,0.044698096359335526,0.5063739525133404,0.4956935765226884,-0.26484835686869956,-0.6169031998657101,-0.8660254037844386,0.5000000000000001,0.8660254037844387,-0.4999999999999998,0.9749279121818236,-0.22252093395631434
0.1418568444503428,0.9641953730516715,0.09747940632609654,0.39122619189167684,0.22676582785158886,0.9812682238323067,0.3336234868795902,1.0425728774367842,-0.6831906184550289,0.10356187698222906,1.070795691953052,-0.6514128533997506,-0.6505684099646967,0.0,0.0,0.0,0.0,0.8055236426447192,0.20140476134216506,0.5289055277629197,0.2260109386700467,0.8889318116495974,1.116257438759931,-0.8660254037844386,0.5000000000000001,0.7071067811865476,-0.7071067811865475,0.9749279121818236,-0.22252093395631434
0.14126191393446053,0.6746908290604611,0.09747940632609654,0.9713569757352701,0.4964570723019269,0.9812682238323067,-0.2055908572283818,0.4129205700729302,-0.6831906184550289,1.3390661099843162,0.7227213269913761,-0.6514128533997506,0.7467258950444234,0.8787878787878787,0.0,0.0,0.0,0.9633905379704456,0.4054981672571805,0.5519261994502389,0.2260109386700467,1.4154892039935183,1.2495774878849806,-0.8660254037844386,0.5000000000000001,0.49999999999999994,-0.8660254037844387,0.9749279121818236,-0.22252093395631434
0.14304098727357548,0.3851862850692516,0.09747940632609654,0.8131394892324716,0.8200865656423326,0.9812682238323067,-0.09774798840678739,-0.3596589481649275,-0.6831906184550289,1.7922134305524797,-0.550138850760634,-0.6514128533997506,1.1635227293014225,0.8787878787878787,0.0,0.0,0.0,1.121257433296172,0.5761248180987584,0.5658967175221448,0.06420135595846167,2.058198962295657,2.022150080250651,-0.8660254037844386,0.5000000000000001,0.258819045102521,-0.9659258262890682,0.9749279121818236,-0.22252093395631434
0.14496879924818257,0.3851862850692516,-0.06052148875957856,0.8131394892324716,0.8200865656423326,0.9812682238323067,0.0640163148256042,-0.6764165506424492,-0.6831906184550289,2.043961941979237,-0.6491011702105222,-0.6514128533997506,1.4880776412228562,0.8787878787878787,0.0,0.0,0.0,1.121257433296172,0.6959720849181839,0.5780752136999041,-0.043671699182595024,2.2711449665523893,2.1383778153853092,-0.8660254037844386,0.5000000000000001,1.2246467991473532e-16,-1.0,0.9749279121818236,-0.22252093395631434
0.12778442249308503,0.3851862850692516,-0.06052148875957856,0.8131394892324716,0.8200865656423326,0.8194824433273673,-0.09774798840678739,-0.6841423458248278,-0.6831906184550289,1.970373915562185,-0.6525136639846563,-0.6514128533997506,1.450497598789848,0.8787878787878787,0.0,0.0,0.0,1.121257433296172,0.7559095551689754,0.6092251609154938,-0.043671699182595024,2.0427119801678946,1.8341346263563505,-0.8660254037844386,0.5000000000000001,-0.2588190451025208,-0.9659258262890683,0.9749279121818236,-0.22252093395631434
0.12518731926559468,0.3851862850692516,-0.06052148875957856,0.8131394892324716,0.6582718189721298,0.9812682238323067,0.0640163148256042,-0.6841423458248278,-0.6831906184550289,1.6217990535866746,-0.6525136639846563,-0.6514128533997506,1.3104265315395451,0.8787878787878787,0.0,0.0,0.0,0.9633905379704456,0.7540967959410797,0.6189447553562563,0.2260109386700467,1.7368440831445875,1.7999499983755687,-0.8660254037844386,0.5000000000000001,-0.4999999999999997,-0.8660254037844388,0.9749279121818236,-0.22252093395631434
0.1246667529190114,0.09568174107804124,0.09747940632609654,0.5230740973106753,0.9819013123125355,0.6576966628224279,0.3336234868795902,-0.6841423458248278,-0.6831906184550289,0.9711259778990551,-0.6525136639846563,-0.6514128533997506,0.6818149126601367,0.0,0.0,0.0,0.0,0.9633905379704456,0.6672062768594372,0.6206013524958336,0.2260109386700467,1.0476733784591619,1.0752358851829928,-0.8660254037844386,0.5000000000000001,-0.7071067811865471,-0.7071067811865479,0.9749279121818236,-0.22252093395631434
0.12402605614108568,0.09568174107804124,0.09747940632609654,0.5230740973106753,0.9819013123125355,0.6576966628224279,0.3336234868795902,-0.6841423458248278,-0.6831906184550289,0.20426128155293208,-0.6525136639846563,-0.6514128533997506,-0.27818435312852524,0.0,0.0,0.8787878787878787,0.8787878787878787,0.6739678965399476,0.49714506054575913,0.6251078621804194,0.4956935765226884,0.41657885675284495,0.7265526797790177,-0.8660254037844386,0.5000000000000001,-0.8660254037844385,-0.5000000000000004,0.9749279121818236,-0.22252093395631434
0.42782445313067996,0.09568174107804124,0.09747940632609654,0.39122619189167684,0.9819013123125355,0.6576966628224279,0.6571520933443734,-0.6841423458248278,-0.6831906184550289,-0.39993514587128604,-0.6525136639846563,-0.6514128533997506,-0.43875362534228723,0.0,0.0,0.8787878787878787,0.8787878787878787,0.3845452551094506,0.2249650832637234,0.6296593427176951,0.8193127419458585,-0.3577702496352738,-0.5485339439041463,-0.8660254037844386,0.5000000000000001,-0.9659258262890683,-0.25881904510252063,0.9749279121818236,-0.22252093395631434
0.19919338318107244,-0.06222982837170911,0.09747940632609654,0.23300870538887822,0.9819013123125355,0.6576966628224279,0.818916396576765,-0.6841423458248278,-0.6793232268611149,-0.6206992251224427,-0.6525136639846563,-0.6514128533997506,-0.6164047350255983,0.0,0.0,0.8787878787878787,0.8787878787878787,0.3845452551094506,0.0,0.6098736016843479,0.8193127419458585,-0.6752533832544025,-0.6476693650484138,-0.8660254037844386,0.5000000000000001,-1.0,-1.8369701987210297e-16,0.9749279121818236,-0.22252093395631434
0.2498312225284768,-0.06222982837170911,0.22914681889749292,0.23300870538887822,0.8200865656423326,0.4959108823174885,0.818916396576765,-0.6841423458248278,-0.528494954698467,-0.6826680894736445,-0.6525136639846563,-0.64799771944607,-0.6505684099646967,0.0,0.0,0.8787878787878787,0.8787878787878787,0.3845452551094506,0.0,0.6122927569729535,0.8193127419458585,-0.6829968743182837,-0.651087827846492,-0.8660254037844386,0.5000000000000001,-0.9659258262890684,0.2588190451025203,0.9749279121818236,-0.22252093395631434
0.21680107211783647,-0.06222982837170911,0.38714771398316894,0.23300870538887822,0.9819013123125355,0.33412510181254906,0.818916396576765,-0.6841423458248278,-0.2500427599366553,-0.6826680894736445,-0.6525136639846563,-0.6309220496776665,-0.6505684099646967,0.0,0.0,0.8787878787878787,0.8787878787878787,0.3845452551094506,0.0,0.5773353458558207,0.6575031592342735,-0.6829968743182837,-0.651087827846492,-0.8660254037844386,0.5000000000000001,-0.8660254037844386,0.5000000000000001,0.9749279121818236,-0.22252093395631434
0.23471766787805246,0.09568174107804124,0.38714771398316894,0.23300870538887822,0.6582718189721298,0.33412510181254906,0.818916396576765,-0.6841423458248278,0.10188987510952323,-0.6826680894736445,-0.6525136639846563,-0.6514128533997506,-0.6505684099646967,0.0,0.0,0.0,0.0,0.09512261367895261,0.0,0.47868875852122106,0.9811223246574435,-0.6829968743182837,-0.651087827846492,-0.8660254037844386,0.5000000000000001,-0.7071067811865477,0.7071067811865474,0.9749279121818236,-0.22252093395631434
0.40227099423512286,0.09568174107804124,0.9664843292973129,0.1011607999698797,0.6582718189721298,-0.20516083320391562,0.818916396576765,-0.6841423458248278,1.335587793568105,-0.6826680894736445,-0.6525136639846563,0.7453769336556528,-0.6505684099646967,0.0,0.0,0.0,0.0,0.09512261367895261,0.0,0.37043735998148297,0.9811223246574435,-0.6829968743182837,-0.651087827846492,-0.8660254037844386,0.5000000000000001,-0.5000000000000004,0.8660254037844384,0.9749279121818236,-0.22252093395631434
0.3653108762997575,0.09568174107804124,0.8084834342116368,0.1011607999698797,0.6582718189721298,-0.09730364620062269,0.818916396576765,-0.6841423458248278,1.788072610056049,-0.6826680894736445,-0.6525136639846563,1.1620232760046976,-0.6505684099646967,0.0,0.0,0.0,0.0,0.09512261367895261,0.0,0.2692179584083124,0.9811223246574435,-0.6829968743182837,-0.651087827846492,-0.8660254037844386,0.5000000000000001,-0.25881904510252157,0.9659258262890681,0.9749279121818236,-0.22252093395631434
0.3283507583643922,0.09568174107804124,0.8084834342116368,0.23300870538887822,0.6582718189721298,0.06448213430431671,0.6571520933443734,-0.6802794482336385,2.039453063660462,-0.6826680894736445,-0.6525136639846563,1.4864610016043633,-0.6505684099646967,0.0,0.0,0.0,0.0,-0.06274428164677277,0.0,0.18000329547228022,0.9811223246574435,-0.6829968743182837,-0.651087827846492,-0.8660254037844386,0.5000000000000001,-2.4492935982947064e-16,1.0,0.9749279121818236,-0.22252093395631434
0.18788396114469086,0.22727471561950033,0.8084834342116368,-0.05705668653291797,0.4964570723019269,-0.09730364620062269,0.9806806998091566,-0.5296264421772562,1.9659726233760952,-0.6826680894736445,-0.6491011702105222,1.4488945281138756,-0.6505684099646967,0.0,0.0,0.0,0.0,-0.06274428164677277,0.0,0.15273033771112798,0.8193127419458585,-0.6829968743182837,-0.651087827846492,-0.8660254037844386,0.5000000000000001,0.25881904510252074,0.9659258262890683,0.43388373911755823,-0.900968867902419
0.1706252202202943,0.3851862850692516,0.8084834342116368,-0.05705668653291797,0.3346423256317241,0.06448213430431671,0.9806806998091566,-0.25149781561162743,1.6179073799238308,-0.6826680894736445,-0.6320387013398517,1.3088740360129674,-0.6505684099646967,0.0,0.0,0.0,0.0,-0.06274428164677277,0.0,0.16165592513776927,0.9811223246574435,-0.6829968743182837,-0.651087827846492,-0.8660254037844386,0.5000000000000001,0.49999999999999994,0.8660254037844387,0.43388373911755823,-0.900968867902419
0.1703334748870341,0.3851862850692516,0.5188151265545653,-0.05705668653291797,0.3346423256317241,0.33412510181254906,0.9806806998091566,0.10002586518659781,0.9681855921462704,-0.6826680894736445,-0.6525136639846563,0.6804893885357197,-0.6505684099646967,0.0,0.0,0.0,0.0,0.09512261367895261,0.0,0.15132858394006843,0.6575031592342735,-0.6829968743182837,-0.651087827846492,-0.8660254037844386,0.5000000000000001,0.7071067811865476,0.7071067811865476,0.43388373911755823,-0.900968867902419
0.17049937158041997,0.9641953730516715,0.5188151265545653,-0.05705668653291797,-0.20474016326895209,0.33412510181254906,0.9806806998091566,1.3322901967759808,0.20244205655128852,-0.6826680894736445,0.7431962896361807,-0.2791632524485551,-0.6505684099646967,0.0,0.8787878787878787,0.0,0.0,0.09512261367895261,0.0,0.148308801425873,0.6575031592342735,-0.6829968743182837,-0.651087827846492,-0.8660254037844386,0.5000000000000001,0.8660254037844386,0.5000000000000001,0.43388373911755823,-0.900968867902419
0.16979002884172711,0.8062838036019201,0.38714771398316894,-0.18890459195191697,-0.09686366548881685,0.6576966628224279,1.1424450030415483,1.7842492149451277,-0.4008710320993033,-0.6826680894736445,1.159520530080538,-0.43967454827154767,-0.6505684099646967,0.0,0.8787878787878787,0.0,0.0,0.09512261367895261,0.0,0.19713372789878503,0.6575031592342735,-0.6829968743182837,-0.651087827846492,-0.8660254037844386,0.5000000000000001,0.9659258262890683,0.25881904510252074,0.43388373911755823,-0.900968867902419
0.18672269802018188,0.8062838036019201,0.22914681889749292,-0.05705668653291797,0.064951081181386,0.8194824433273673,0.9806806998091566,2.035337558372431,-0.6213123529524042,-0.6826680894736445,1.4837074386232751,-0.6172615138629437,-0.6505684099646967,0.0,0.8787878787878787,0.0,0.0,0.09512261367895261,0.0,0.2702784612613238,0.6575031592342735,-0.6791251287863431,-0.651087827846492,-0.8660254037844386,0.5000000000000001,1.0,6.123233995736766e-17,0.43388373911755823,-0.900968867902419
0.1952805634173471,0.8062838036019201,0.22914681889749292,0.1011607999698797,-0.09686366548881685,0.8194824433273673,0.818916396576765,1.9619425041398348,-0.6831906184550289,-0.6090800630565923,1.4461700071078003,-0.6514128533997506,-0.6505684099646967,0.0,0.8787878787878787,0.0,0.0,0.22667835978372425,0.03021819740446406,0.34812019018675544,0.4956935765226884,-0.52812705304066,-0.6476693650484138,-0.8660254037844386,0.5000000000000001,0.9659258262890683,-0.25881904510252063,0.43388373911755823,-0.900968867902419
0.20507977431685223,0.8062838036019201,0.22914681889749292,0.23300870538887822,0.064951081181386,0.8194824433273673,0.818916396576765,1.6142817209327989,-0.6831906184550289,-0.34183933554203433,1.3062577623683032,-0.6514128533997506,-0.483166402763115,0.0,0.8787878787878787,0.0,0.0,0.3845452551094506,0.10344923443951427,0.37403420868227344,0.3338839938111034,-0.2493613747409372,-0.6305770510580229,-0.8660254037844386,0.5000000000000001,0.8660254037844387,-0.4999999999999998,0.43388373911755823,-0.900968867902419
0.1406212171565348,0.5167792596107107,0.22914681889749292,0.39122619189167684,0.3346423256317241,0.8194824433273673,0.6571520933443734,0.9653149256129985,-0.6831906184550289,0.026100796543226733,0.6783589079276332,-0.6514128533997506,-0.6198211025195082,0.0,0.0,0.0,0.0,0.3845452551094506,0.19447525802515495,0.3936156345318167,0.3338839938111034,0.10296746866565687,-0.651087827846492,-0.8660254037844386,0.5000000000000001,0.7071067811865476,-0.7071067811865475,0.43388373911755823,-0.900968867902419
0.16341739433974764,0.5167792596107107,0.09747940632609654,0.9713569757352701,0.3346423256317241,0.8194824433273673,0.0640163148256042,0.2004612025575193,-0.6831906184550289,1.1221750847551097,-0.280551842604042,-0.6514128533997506,0.019039618841629854,0.8787878787878787,0.0,0.0,0.0,0.9633905379704456,0.2919263070067209,0.4121226770032017,-0.20548128189418005,1.3380542933547064,0.7470634565674867,-0.8660254037844386,0.5000000000000001,0.49999999999999994,-0.8660254037844387,0.43388373911755823,-0.900968867902419
0.2744522496097422,0.3851862850692516,0.09747940632609654,0.8131394892324716,0.6582718189721298,0.8194824433273673,0.2257806180579958,-0.4021508216680097,-0.6831906184550289,1.1415403548648602,-0.44093904998834355,-0.6514128533997506,0.12836337864674438,0.8787878787878787,0.0,0.0,0.0,0.8055236426447192,0.29439875093771206,0.3892927472924397,-0.09760822675312336,1.791048520591756,1.1641159179330258,-0.8660254037844386,0.5000000000000001,0.258819045102521,-0.9659258262890682,0.43388373911755823,-0.900968867902419
0.14694237062023702,0.22727471561950033,0.22914681889749292,0.681291583813473,0.8200865656423326,0.6576966628224279,0.3336234868795902,-0.6223359843657992,-0.6831906184550289,0.8742996273503022,-0.6183887262433154,-0.6514128533997506,-0.27135161814070563,0.8787878787878787,0.0,0.0,0.0,0.8055236426447192,0.6470330805874654,0.35575314730663765,0.06420135595846167,2.0427119801678946,1.4888698837504537,-0.8660254037844386,0.5000000000000001,1.2246467991473532e-16,-1.0,0.43388373911755823,-0.900968867902419
0.14405923340342228,0.22727471561950033,-0.06052148875957856,1.1295744622380688,0.8200865656423326,0.9812682238323067,-0.04382655399599019,-0.6841423458248278,-0.6831906184550289,0.7813463308234994,-0.6525136639846563,-0.6514128533997506,-0.2098570032503287,0.8787878787878787,0.0,0.0,0.0,0.8055236426447192,0.7465019667473035,0.3704142086996881,-0.09760822675312336,1.9691488150610232,1.4512667929715934,-0.8660254037844386,0.5000000000000001,-0.2588190451025208,-0.9659258262890683,0.43388373911755823,-0.900968867902419
0.1414735734575918,0.22727471561950033,-0.06052148875957856,1.1295744622380688,0.8200865656423326,0.9812682238323067,0.0640163148256042,-0.6841423458248278,-0.6831906184550289,1.5869415673891236,-0.6525136639846563,-0.6514128533997506,0.9790388846302917,0.8787878787878787,0.0,0.0,0.0,0.8055236426447192,0.7386689310124906,0.374223106751431,0.06420135595846167,1.6206917171863697,1.3111098182503877,-0.8660254037844386,0.5000000000000001,-0.4999999999999997,-0.8660254037844388,0.43388373911755823,-0.900968867902419
0.15316054484589442,0.22727471561950033,-0.06052148875957856,0.8131394892324716,0.8200865656423326,0.9812682238323067,0.3336234868795902,-0.6841423458248278,-0.6831906184550289,0.7077583044064472,-0.6525136639846563,-0.6514128533997506,0.1898579935371213,0.0,0.0,0.0,0.0,0.5161010012142222,0.6500598895734931,0.37527659251239387,0.3338839938111034,0.97023846782035,0.6821126634040012,-0.8660254037844386,0.5000000000000001,-0.7071067811865471,-0.7071067811865479,0.43388373911755823,-0.900968867902419
0.7090497929033427,0.09568174107804124,-0.06052148875957856,0.681291583813473,0.8200865656423326,0.9812682238323067,0.3336234868795902,-0.6841423458248278,-0.6831906184550289,0.12292714709197965,-0.6525136639846563,-0.6514128533997506,-0.052704098530476556,0.0,0.0,0.8787878787878787,0.8787878787878787,0.5161010012142222,0.4839346558373162,0.41285337652993714,0.3338839938111034,0.2036328524961123,-0.2784753828559695,-0.8660254037844386,0.5000000000000001,-0.8660254037844385,-0.5000000000000004,0.43388373911755823,-0.900968867902419
0.18205477612031637,0.09568174107804124,-0.1921889013309754,0.23300870538887822,0.8200865656423326,1.1430540043372461,0.818916396576765,-0.6841423458248278,-0.6831906184550289,-0.3495854435859345,-0.6525136639846563,-0.6514128533997506,-0.5583264876291313,0.0,0.0,0.8787878787878787,0.8787878787878787,0.3845452551094506,0.19708628324141414,0.41981474159917065,0.6575031592342735,-0.40035945048662036,-0.43914313436564434,-0.8660254037844386,0.5000000000000001,-0.9659258262890683,-0.25881904510252063,0.43388373911755823,-0.900968867902419
0.5389336725699735,0.22727471561950033,-0.06052148875957856,0.1011607999698797,0.6582718189721298,0.9812682238323067,0.818916396576765,-0.6841423458248278,-0.6831906184550289,-0.6555567113199937,-0.6525136639846563,-0.6514128533997506,-0.6505684099646967,0.0,0.0,0.8787878787878787,0.8787878787878787,0.22667835978372425,0.0,0.41601834114202507,0.8193127419458585,-0.6210489458072342,-0.6169031998657101,-0.8660254037844386,0.5000000000000001,-1.0,-1.8369701987210297e-16,0.43388373911755823,-0.900968867902419
0.3000686225283424,-0.06222982837170911,0.09747940632609654,0.1011607999698797,0.9819013123125355,0.8194824433273673,0.818916396576765,-0.6841423458248278,-0.609710178170662,-0.6826680894736445,-0.6525136639846563,-0.6514128533997506,-0.6505684099646967,0.0,0.0,0.8787878787878787,0.8787878787878787,0.22667835978372425,0.0,0.41754181841128213,0.8193127419458585,-0.6829968743182837,-0.651087827846492,-0.8660254037844386,0.5000000000000001,-0.9659258262890684,0.2588190451025203,0.43388373911755823,-0.900968867902419
0.4551512774537143,-0.06222982837170911,0.22914681889749292,0.1011607999698797,0.9819013123125355,0.8194824433273673,0.818916396576765,-0.6841423458248278,-0.3428601581905925,-0.6826680894736445,-0.6525136639846563,-0.4840712896693967,-0.6505684099646967,0.0,0.0,0.8787878787878787,0.8787878787878787,0.22667835978372425,0.0,0.41021756212188043,0.8193127419458585,-0.6829968743182837,-0.651087827846492,-0.8660254037844386,0.5000000000000001,-0.8660254037844386,0.5000000000000001,0.43388373911755823,-0.900968867902419
0.46914935583546136,-0.06222982837170911,0.38714771398316894,0.23300870538887822,0.9819013123125355,0.6576966628224279,0.818916396576765,-0.6841423458248278,0.024542043231242233,-0.6826680894736445,-0.6525136639846563,-0.6206766478166245,-0.6505684099646967,0.0,0.0,0.0,0.0,0.22667835978372425,0.0,0.32926669800284847,0.8193127419458585,-0.6829968743182837,-0.651087827846492,-0.8660254037844386,0.5000000000000001,-0.7071067811865477,0.7071067811865474,0.43388373911755823,-0.900968867902419
0.354413364350959,-0.06222982837170911,0.9664843292973129,0.23300870538887822,0.9819013123125355,0.06448213430431671,0.818916396576765,-0.6841423458248278,1.1190138643089182,-0.6826680894736445,-0.6525136639846563,0.017953401521665212,-0.6505684099646967,0.0,0.0,0.0,0.0,0.09512261367895261,0.0,0.22235955917705785,0.8193127419458585,-0.6829968743182837,-0.651087827846492,-0.8660254037844386,0.5000000000000001,-0.5000000000000004,0.8660254037844384,0.43388373911755823,-0.900968867902419
0.274143329057098,-0.19382280291316867,0.8084834342116368,0.23300870538887822,1.1437160589827384,0.22626791480925612,0.6571520933443734,-0.6841423458248278,1.1383508222784886,-0.6826680894736445,-0.6525136639846563,0.1272376880394474,-0.6505684099646967,0.0,0.0,0.0,0.0,0.09512261367895261,0.0,0.1791620844287295,0.8193127419458585,-0.6829968743182837,-0.651087827846492,-0.8660254037844386,0.5000000000000001,-0.25881904510252157,0.9659258262890681,0.43388373911755823,-0.900968867902419
0.1755305370139827,-0.06222982837170911,0.6768160216402405,0.1011607999698797,0.9819013123125355,0.33412510181254906,0.818916396576765,-0.6841423458248278,0.8715008022984192,-0.6826680894736445,-0.6525136639846563,-0.2723329845411937,-0.6505684099646967,0.0,0.0,0.0,0.0,0.22667835978372425,0.0,0.12680932773338655,0.6575031592342735,-0.6829968743182837,-0.651087827846492,-0.8660254037844386,0.5000000000000001,-2.4492935982947064e-16,1.0,0.43388373911755823,-0.900968867902419
0.1704078424886311,0.09568174107804124,1.1244852243829888,0.23300870538887822,0.8200865656423326,-0.04337505269897623,0.4953877901119818,-0.6107472915922313,0.778683404044482,-0.6826680894736445,-0.6525136639846563,-0.21086057337494124,-0.6505684099646967,0.0,0.0,0.0,0.0,-0.06274428164677277,0.0,0.12063702698205059,0.9811223246574435,-0.6829968743182837,-0.651087827846492,-0.8660254037844386,0.5000000000000001,0.25881904510252074,0.9659258262890683,-0.433883739117558,-0.9009688679024191
0.17105998254821672,0.22727471561950033,1.1244852243829888,0.23300870538887822,0.8200865656423326,0.06448213430431671,0.4953877901119818,-0.34420735780017037,1.5831008555786044,-0.6826680894736445,-0.48530146905208654,0.9776060425059401,-0.6505684099646967,0.0,0.0,0.0,0.0,-0.06274428164677277,0.0,0.12703840761795998,0.9811223246574435,-0.6829968743182837,-0.651087827846492,-0.8660254037844386,0.5000000000000001,0.49999999999999994,0.8660254037844387,-0.433883739117558,-0.9009688679024191
0.16902348342392706,0.3851862850692516,0.8084834342116368,0.23300870538887822,0.6582718189721298,0.33412510181254906,0.3336234868795902,0.02276791336281204,0.705202963760115,-0.6826680894736445,-0.6218012200174495,0.18871009920569987,-0.6505684099646967,0.0,0.0,0.0,0.0,-0.06274428164677277,0.0,0.11613901975936292,0.9811223246574435,-0.6829968743182837,-0.651087827846492,-0.8660254037844386,0.5000000000000001,0.7071067811865476,0.7071067811865476,-0.433883739117558,-0.9009688679024191
0.16739886349653813,0.9641953730516715,0.6768160216402405,0.23300870538887822,0.064951081181386,0.33412510181254906,0.1718591836471986,1.1159679316693807,0.12122683307909349,-0.6826680894736445,0.016335115745622568,-0.05376441150562935,-0.6505684099646967,0.0,0.8787878787878787,0.0,0.0,-0.06274428164677277,0.0,0.12967027811296766,0.9811223246574435,-0.6829968743182837,-0.651087827846492,-0.8660254037844386,0.5000000000000001,0.8660254037844386,0.5000000000000001,-0.433883739117558,-0.9009688679024191
0.1673073344047493,0.8062838036019201,0.22914681889749292,0.23300870538887822,0.22676582785158886,0.8194824433273673,0.3336234868795902,1.135282419625327,-0.3505949413784206,-0.6826680894736445,0.125534916517913,-0.559204236650372,-0.6505684099646967,0.0,0.8787878787878787,0.0,0.0,-0.19430002775154487,0.0,0.19011844902597375,1.1429319073690285,-0.6829968743182837,-0.651087827846492,-0.8660254037844386,0.5000000000000001,0.9659258262890683,0.25881904510252074,-0.433883739117558,-0.9009688679024191
0.27492703939738794,0.6746908290604611,0.09747940632609654,0.39122619189167684,0.3346423256317241,0.8194824433273673,0.1718591836471986,0.8687424858332662,-0.6561188772976306,-0.6826680894736445,-0.2737268550557738,-0.6514128533997506,-0.6505684099646967,0.0,0.8787878787878787,0.0,0.0,-0.06274428164677277,0.0,0.29909151194618944,0.9811223246574435,-0.6829968743182837,-0.651087827846492,-0.8660254037844386,0.5000000000000001,1.0,6.123233995736766e-17,-0.433883739117558,-0.9009688679024191
0.3073794173500397,1.1221069425014227,0.09747940632609654,0.39122619189167684,-0.04292541659874924,0.8194824433273673,0.0640163148256042,0.7760329436447233,-0.6831906184550289,-0.5238728745736898,-0.21230196712136049,-0.6514128533997506,-0.6471520424707868,0.0,0.8787878787878787,0.0,0.0,0.09512261367895261,0.012273544130156565,0.34305026435229646,0.8193127419458585,-0.6094337092114124,-0.651087827846492,-0.8660254037844386,0.5000000000000001,0.9659258262890683,-0.25881904510252063,-0.433883739117558,-0.9009688679024191
0.31886616906457294,1.1221069425014227,0.09747940632609654,0.5230740973106753,0.064951081181386,0.8194824433273673,-0.2055908572283818,1.5795156426120953,-0.6831906184550289,-0.17917106662012944,0.9752458662772978,-0.6514128533997506,-0.6198211025195082,0.0,0.8787878787878787,0.0,0.0,0.22667835978372425,0.04884748693163579,0.3654577856096036,0.8193127419458585,-0.3422832675075114,-0.48358315074066077,-0.8660254037844386,0.5000000000000001,0.8660254037844387,-0.4999999999999998,-0.433883739117558,-0.9009688679024191
0.18226643564344763,0.8062838036019201,0.22914681889749292,0.681291583813473,0.3346423256317241,0.8194824433273673,-0.2055908572283818,0.7026378894121268,-0.6831906184550289,0.2274996056846328,0.18695980445232635,-0.6514128533997506,-0.602739265049959,0.0,0.0,0.0,0.0,0.3845452551094506,0.19713894306544358,0.37910172719318314,0.6575031592342735,0.025532558026844985,-0.6203216626637883,-0.8660254037844386,0.5000000000000001,0.7071067811865476,-0.7071067811865475,-0.433883739117558,-0.9009688679024191
0.13947139731368569,0.6746908290604611,0.22914681889749292,0.8131394892324716,0.3346423256317241,0.8194824433273673,-0.47519802928236776,0.11934035314254425,-0.6831906184550289,0.1887690654651316,-0.05532725351119302,-0.6514128533997506,-0.623237470013418,0.8787878787878787,0.0,0.0,0.0,0.9633905379704456,0.39415040092779213,0.3768010941746509,0.06420135595846167,1.121236543566033,0.018930880576832825,-0.8660254037844386,0.5000000000000001,0.49999999999999994,-0.8660254037844387,-0.433883739117558,-0.9009688679024191
0.1417824802810438,0.22727471561950033,0.22914681889749292,1.1295744622380688,0.8200865656423326,0.6576966628224279,-0.6908837669255565,-0.35193315298254896,-0.6831906184550289,0.4056600906943381,-0.5603763320830362,-0.6514128533997506,-0.623237470013418,0.8787878787878787,0.0,0.0,0.0,0.8055236426447192,0.5627203783034925,0.39509941657233283,0.2260109386700467,1.1405952712257361,0.12832169011533484,-0.8660254037844386,0.5000000000000001,0.258819045102521,-0.9659258262890682,-0.433883739117558,-0.9009688679024191
0.14327552306313238,0.09568174107804124,0.09747940632609654,0.8131394892324716,0.8200865656423326,0.8194824433273673,-0.2055908572283818,-0.6571020626865027,-0.6831906184550289,0.5915666837479437,-0.6525136639846563,-0.6514128533997506,-0.6403193074829672,0.8787878787878787,0.0,0.0,0.0,0.6739678965399476,0.69489658983601,0.3719801470587858,0.3338839938111034,0.8734448295218351,-0.2716384572598131,-0.8660254037844386,0.5000000000000001,1.2246467991473532e-16,-1.0,-0.433883739117558,-0.9009688679024191
0.13710882987575224,0.09568174107804124,0.22914681889749292,0.8131394892324716,0.8200865656423326,0.4959108823174885,-0.09774798840678739,-0.6841423458248278,-0.6831906184550289,0.7929654928893498,-0.6525136639846563,-0.6514128533997506,-0.643735674976877,0.8787878787878787,0.0,0.0,0.0,1.121257433296172,0.7054238447940695,0.3536322440399149,-0.043671699182595024,0.7805229367552609,-0.21010612689440575,-0.8660254037844386,0.5000000000000001,-0.2588190451025208,-0.9659258262890683,-0.433883739117558,-0.9009688679024191
0.12650874714576546,0.09568174107804124,0.22914681889749292,0.681291583813473,0.8200865656423326,0.4959108823174885,0.0640163148256042,-0.6841423458248278,-0.6831906184550289,0.45213673895773954,-0.6525136639846563,-0.6514128533997506,-0.6403193074829672,0.8787878787878787,0.0,0.0,0.0,1.121257433296172,0.6759540608361199,0.3561834948058408,0.06420135595846167,1.5858460073989042,0.9795189268368036,-0.8660254037844386,0.5000000000000001,-0.4999999999999997,-0.8660254037844388,-0.433883739117558,-0.9009688679024191
0.12523880030387197,0.22727471561950033,0.22914681889749292,0.9713569757352701,0.8200865656423326,0.33412510181254906,-0.2055908572283818,-0.6841423458248278,-0.6831906184550289,1.1647786789965608,-0.6525136639846563,-0.6514128533997506,1.4026684538751104,0.0,0.0,0.0,0.0,0.8055236426447192,0.4824212380396474,0.35107085178329145,0.3338839938111034,0.7069597716483895,0.1898540204807422,-0.8660254037844386,0.5000000000000001,-0.7071067811865471,-0.7071067811865479,-0.433883739117558,-0.9009688679024191
0.1252273604545101,0.22727471561950033,0.22914681889749292,0.681291583813473,0.8200865656423326,0.17233932130760965,0.0640163148256042,-0.6841423458248278,-0.6831906184550289,0.3320720642772859,-0.6525136639846563,-0.6514128533997506,0.7091458526114153,0.0,0.0,0.8787878787878787,0.8787878787878787,0.6739678965399476,0.40158437684402515,0.35654070064486043,0.3338839938111034,0.12232619632535983,-0.05285683818280912,-0.8660254037844386,0.5000000000000001,-0.8660254037844385,-0.5000000000000004,-0.433883739117558,-0.9009688679024191
0.12288767614759841,0.22727471561950033,0.22914681889749292,0.5230740973106753,0.6582718189721298,0.33412510181254906,0.3336234868795902,-0.6841423458248278,-0.6831906184550289,-0.37669682173958535,-0.6525136639846563,-0.6514128533997506,-0.5173300777022133,0.0,0.0,0.8787878787878787,0.8787878787878787,0.22667835978372425,0.23872985302720282,0.3702714083155204,0.8193127419458585,-0.35002675857139265,-0.5587893322983809,-0.8660254037844386,0.5000000000000001,-0.9659258262890683,-0.25881904510252063,-0.433883739117558,-0.9009688679024191
0.18502372422038804,0.09568174107804124,0.38714771398316894,0.23300870538887822,0.8200865656423326,0.17233932130760965,0.6571520933443734,-0.6841423458248278,-0.6831906184550289,-0.6555567113199937,-0.6525136639846563,-0.6514128533997506,-0.6505684099646967,0.0,0.0,0.8787878787878787,0.8787878787878787,0.09512261367895261,0.0,0.3872353051720526,0.8193127419458585,-0.6558946555946995,-0.651087827846492,-0.8660254037844386,0.5000000000000001,-1.0,-1.8369701987210297e-16,-0.433883739117558,-0.9009688679024191
0.8743149434501629,0.22727471561950033,0.38714771398316894,0.23300870538887822,0.4964570723019269,0.06448213430431671,0.6571520933443734,-0.6841423458248278,-0.5246275631045528,-0.6826680894736445,-0.6525136639846563,-0.64799771944607,-0.6505684099646967,0.0,0.0,0.8787878787878787,0.8787878787878787,0.09512261367895261,0.0,0.4100127859612265,0.8193127419458585,-0.6829968743182837,-0.651087827846492,-0.8660254037844386,0.5000000000000001,-0.9659258262890684,0.2588190451025203,-0.433883739117558,-0.9009688679024191
0.8602825420880325,0.22727471561950033,0.5188151265545653,0.23300870538887822,0.4964570723019269,-0.20516083320391562,0.6571520933443734,-0.6841423458248278,-0.1804297112462024,-0.6826680894736445,-0.6525136639846563,-0.6206766478166245,-0.6505684099646967,0.0,0.0,0.8787878787878787,0.8787878787878787,0.09512261367895261,0.0,0.34900951696950533,0.8193127419458585,-0.6829968743182837,-0.651087827846492,-0.8660254037844386,0.5000000000000001,-0.8660254037844386,0.5000000000000001,-0.433883739117558,-0.9009688679024191
0.45043759958869944,0.22727471561950033,0.6768160216402405,0.23300870538887822,0.3346423256317241,-0.20516083320391562,0.4953877901119818,-0.6841423458248278,0.22564640611477285,-0.6826680894736445,-0.6525136639846563,-0.603600978048221,-0.6505684099646967,0.0,0.0,0.0,0.0,0.22667835978372425,0.0,0.29773014486914573,0.8193127419458585,-0.6829968743182837,-0.651087827846492,-0.8660254037844386,0.5000000000000001,-0.7071067811865477,0.7071067811865474,-0.433883739117558,-0.9009688679024191
0.5745437990408928,0.22727471561950033,0.8084834342116368,0.1011607999698797,0.17282757896152123,-0.47480380071214795,0.4953877901119818,-0.6841423458248278,0.18697249017563233,-0.6826680894736445,-0.6525136639846563,-0.6240917817703051,-0.6505684099646967,0.0,0.0,0.0,0.0,0.22667835978372425,0.0,0.19268092713917706,0.8193127419458585,-0.6829968743182837,-0.651087827846492,-0.8660254037844386,0.5000000000000001,-0.5000000000000004,0.8660254037844384,-0.433883739117558,-0.9009688679024191
0.2935472562554668,0.22727471561950033,1.1244852243829888,0.1011607999698797,0.3346423256317241,-0.6905181747187339,0.6571520933443734,-0.6841423458248278,0.40354641943481917,-0.6826680894736445,-0.6525136639846563,-0.6240917817703051,-0.6505684099646967,0.0,0.0,0.0,0.0,0.22667835978372425,0.0,0.16065960050619355,0.6575031592342735,-0.6829968743182837,-0.651087827846492,-0.8660254037844386,0.5000000000000001,-0.25881904510252157,0.9659258262890681,-0.433883739117558,-0.9009688679024191
0.2790343468971586,0.3851862850692516,0.8084834342116368,-0.18890459195191697,0.17282757896152123,-0.20516083320391562,0.6571520933443734,-0.6841423458248278,0.5891812159426936,-0.6826680894736445,-0.6525136639846563,-0.6411674515387086,-0.6505684099646967,0.0,0.0,0.0,0.0,0.09512261367895261,0.0,0.12857937639768818,0.8193127419458585,-0.6829968743182837,-0.651087827846492,-0.8660254037844386,0.5000000000000001,-2.4492935982947064e-16,1.0,-0.433883739117558,-0.9009688679024191
0.16948684365910507,0.3851862850692516,0.8084834342116368,0.23300870538887822,0.064951081181386,-0.09730364620062269,0.4953877901119818,-0.5257635445860669,0.7902855788262242,-0.6826680894736445,-0.6491011702105222,-0.6445825854923893,-0.6505684099646967,0.0,0.0,0.0,0.0,0.22667835978372425,0.0,0.1536668582793772,0.4956935765226884,-0.6829968743182837,-0.651087827846492,-0.8660254037844386,0.5000000000000001,0.25881904510252074,0.9659258262890683,-0.9749279121818236,-0.2225209339563146
0.16925802607808005,0.5167792596107107,0.6768160216402405,0.23300870538887822,-0.20474016326895209,0.06448213430431671,0.4953877901119818,-0.18196565897022024,0.44995511856178777,-0.6826680894736445,-0.6218012200174495,-0.6411674515387086,-0.6505684099646967,0.0,0.0,0.0,0.0,0.22667835978372425,0.0,0.13666852133019275,0.4956935765226884,-0.6829968743182837,-0.651087827846492,-0.8660254037844386,0.5000000000000001,0.49999999999999994,0.8660254037844387,-0.9749279121818236,-0.2225209339563146
0.1691150125157159,0.6746908290604611,0.9664843292973129,0.23300870538887822,-0.20474016326895209,-0.20516083320391562,0.3336234868795902,0.22363858810465503,1.1615551718419728,-0.6826680894736445,-0.6047387511467791,1.401082652762346,-0.6505684099646967,0.0,0.0,0.0,0.0,0.22667835978372425,0.0,0.1460225918607776,0.3338839938111034,-0.6829968743182837,-0.651087827846492,-0.8660254037844386,0.5000000000000001,0.7071067811865476,0.7071067811865476,-0.9749279121818236,-0.2225209339563146
0.16875462122168855,0.8062838036019201,0.6768160216402405,0.23300870538887822,-0.47443140771929015,0.06448213430431671,0.3336234868795902,0.18500961219276216,0.3300659791504522,-0.6826680894736445,-0.6252137137915836,0.7078104601651652,-0.6505684099646967,0.0,0.8787878787878787,0.0,0.0,0.22667835978372425,0.0,0.16199814922916722,0.17207441109951835,-0.6829968743182837,-0.651087827846492,-0.8660254037844386,0.5000000000000001,0.8660254037844386,0.5000000000000001,-0.9749279121818236,-0.2225209339563146
0.16782790075133255,1.1221069425014227,0.5188151265545653,0.1011607999698797,-0.6901844032795607,0.33412510181254906,0.4953877901119818,0.4013318772993623,-0.377666682535819,-0.6826680894736445,-0.6252137137915836,-0.5182226292062037,-0.6505684099646967,0.0,0.8787878787878787,0.0,0.0,0.22667835978372425,0.0,0.18803501805518263,0.3338839938111034,-0.6829968743182837,-0.651087827846492,-0.8660254037844386,0.5000000000000001,0.9659258262890683,0.25881904510252074,-0.9749279121818236,-0.2225209339563146
0.31983292729154633,0.8062838036019201,0.22914681889749292,0.1011607999698797,-0.20474016326895209,0.6576966628224279,0.4953877901119818,0.5867509616764481,-0.6561188772976306,-0.6826680894736445,-0.642276182662254,-0.6514128533997506,-0.6505684099646967,0.0,0.8787878787878787,0.0,0.0,0.3845452551094506,0.0,0.21932540955104074,0.17207441109951835,-0.6829968743182837,-0.651087827846492,-0.8660254037844386,0.5000000000000001,1.0,6.123233995736766e-17,-0.9749279121818236,-0.2225209339563146
0.1970825198874838,0.8062838036019201,0.22914681889749292,0.1011607999698797,-0.09686366548881685,0.6576966628224279,0.4953877901119818,0.7876216364182912,-0.6831906184550289,-0.6439375492541434,-0.645688676436388,-0.6514128533997506,-0.6505684099646967,0.0,0.8787878787878787,0.0,0.0,0.3845452551094506,0.014502073823166024,0.26036684435275437,0.06420135595846167,-0.5242553075087194,-0.6476693650484138,-0.8660254037844386,0.5000000000000001,0.9659258262890683,-0.25881904510252063,-0.9749279121818236,-0.2225209339563146
0.1403523480897002,0.6746908290604611,0.22914681889749292,0.23300870538887822,0.064951081181386,0.6576966628224279,0.3336234868795902,0.44768664839363376,-0.6831906184550289,-0.32247406543228374,-0.642276182662254,-0.6514128533997506,-0.6266538375073278,0.0,0.8787878787878787,0.0,0.0,0.5161010012142222,0.059854316157768934,0.31620061651043907,-0.20548128189418005,-0.1796699551660065,-0.6203216626637883,-0.8660254037844386,0.5000000000000001,0.8660254037844387,-0.4999999999999998,-0.9749279121818236,-0.2225209339563146
0.13998052381090711,0.9641953730516715,0.22914681889749292,0.5230740973106753,-0.20474016326895209,0.4959108823174885,0.0640163148256042,1.1584598051724628,-0.6831906184550289,0.28559541601388455,1.3983950942699233,-0.6514128533997506,-0.6334865724951475,0.0,0.0,0.0,0.0,0.6739678965399476,0.19484112272980014,0.28269640930277906,-0.20548128189418005,0.22686332568775586,-0.6032293486733973,-0.8660254037844386,0.5000000000000001,0.7071067811865476,-0.7071067811865475,-0.9749279121818236,-0.2225209339563146
0.14043244076442524,0.6746908290604611,0.09747940632609654,0.681291583813473,0.064951081181386,0.4959108823174885,-0.2055908572283818,0.32793682306676586,-0.6831906184550289,0.235245713728533,0.7056588581207058,-0.6514128533997506,-0.6471520424707868,0.8787878787878787,0.0,0.0,0.0,0.8055236426447192,0.38448236058211804,0.33894249964287093,-0.47516391974682176,0.18814587036834993,-0.6237401254618664,-0.8660254037844386,0.5000000000000001,0.49999999999999994,-0.8660254037844387,-0.9749279121818236,-0.2225209339563146
0.14242317362667148,0.5167792596107107,0.09747940632609654,0.9713569757352701,0.3346423256317241,0.6576966628224279,-0.3134337260499762,-0.378973436120874,-0.6831906184550289,0.7155044124503475,-0.5194264067934272,-0.6514128533997506,-0.37384264295800046,0.8787878787878787,0.0,0.0,0.0,1.121257433296172,0.5509901031461997,0.3589433632061697,-0.6909100300289351,0.4049636201570232,-0.6237401254618664,-0.8660254037844386,0.5000000000000001,0.258819045102521,-0.9659258262890682,-0.9749279121818236,-0.2225209339563146
0.14545503574978622,0.22727471561950033,-0.1921889013309754,0.9713569757352701,0.6582718189721298,0.6576966628224279,-0.2055908572283818,-0.6571020626865027,-0.6831906184550289,2.13304218448409,-0.6525136639846563,-0.6514128533997506,1.9732018253580519,0.8787878787878787,0.0,0.0,0.0,0.8055236426447192,0.6651163284516959,0.364354207030952,-0.20548128189418005,0.5908074056901716,-0.6408324394522574,-0.8660254037844386,0.5000000000000001,1.2246467991473532e-16,-1.0,-0.9749279121818236,-0.2225209339563146
0.1447514112196253,0.22727471561950033,0.22914681889749292,0.9713569757352701,0.6582718189721298,0.4959108823174885,-0.2055908572283818,-0.6841423458248278,-0.6831906184550289,2.0555811040450873,-0.6525136639846563,-0.6514128533997506,2.092774687644896,0.8787878787878787,0.0,0.0,0.0,0.8055236426447192,0.713800255938985,0.3600338295544243,-0.09760822675312336,0.7921381733510826,-0.6442509022503355,-0.8660254037844386,0.5000000000000001,-0.2588190451025208,-0.9659258262890683,-0.9749279121818236,-0.2225209339563146
0.2307247554396021,0.22727471561950033,0.22914681889749292,0.9713569757352701,0.6582718189721298,0.4959108823174885,-0.2055908572283818,-0.6841423458248278,-0.6831906184550289,1.865801456969532,-0.6525136639846563,-0.6514128533997506,2.3763331896394115,0.8787878787878787,0.0,0.0,0.0,0.6739678965399476,0.7041045552158078,0.36910984909308175,0.06420135595846167,0.4514245665403103,-0.6408324394522574,-0.8660254037844386,0.5000000000000001,-0.4999999999999997,-0.8660254037844388,-0.9749279121818236,-0.2225209339563146
0.5175390262385505,0.22727471561950033,0.22914681889749292,0.8131394892324716,0.4964570723019269,0.33412510181254906,-0.09774798840678739,-0.6841423458248278,-0.6831906184550289,1.2112553272599622,-0.6525136639846563,-0.6514128533997506,1.9663690903702322,0.0,0.0,0.0,0.0,0.9633905379704456,0.6123301102008598,0.36728601979629216,-0.20548128189418005,1.1638257444173796,1.403408313798499,-0.8660254037844386,0.5000000000000001,-0.7071067811865471,-0.7071067811865479,-0.9749279121818236,-0.2225209339563146
0.5769349437922936,0.09568174107804124,0.22914681889749292,0.681291583813473,0.4964570723019269,0.33412510181254906,0.0640163148256042,-0.6841423458248278,-0.6831906184550289,0.48312117113334047,-0.6525136639846563,-0.6514128533997506,1.4812449062350366,0.0,0.0,0.8787878787878787,0.8787878787878787,0.6739678965399476,0.43571636466164454,0.4033090045117853,0.06420135595846167,0.3314004550501519,0.7094603657886267,-0.8660254037844386,0.5000000000000001,-0.8660254037844385,-0.5000000000000004,-0.9749279121818236,-0.2225209339563146
0.28363363313315115,0.09568174107804124,0.09747940632609654,0.39122619189167684,0.6582718189721298,0.4959108823174885,0.3336234868795902,-0.6841423458248278,-0.6831906184550289,-0.2488860390152315,-0.6525136639846563,-0.6514128533997506,0.7740568349957021,0.0,0.0,0.8787878787878787,0.8787878787878787,0.5161010012142222,0.1838315341182441,0.4442554268627702,0.3338839938111034,-0.3771289772949768,-0.5177677787214426,-0.8660254037844386,0.5000000000000001,-0.9659258262890683,-0.25881904510252063,-0.9749279121818236,-0.2225209339563146
0.1519821236634917,-0.19382280291316867,0.09747940632609654,0.1011607999698797,0.6582718189721298,0.4959108823174885,0.6571520933443734,-0.6841423458248278,-0.6831906184550289,-0.6284453331663429,-0.6525136639846563,-0.6514128533997506,-0.5139137102083035,0.0,0.0,0.8787878787878787,0.8787878787878787,0.22667835978372425,0.0,0.4678960099738999,0.6575031592342735,-0.6558946555946995,-0.651087827846492,-0.8660254037844386,0.5000000000000001,-1.0,-1.8369701987210297e-16,-0.9749279121818236,-0.2225209339563146
0.14741144219935085,0.22727471561950033,0.09747940632609654,0.1011607999698797,0.4964570723019269,0.4959108823174885,0.4953877901119818,-0.6841423458248278,-0.6445167025158884,-0.6826680894736445,-0.6525136639846563,-0.6514128533997506,-0.6505684099646967,0.0,0.0,0.8787878787878787,0.8787878787878787,0.22667835978372425,0.0,0.5084984411555623,0.6575031592342735,-0.6829968743182837,-0.651087827846492,-0.8660254037844386,0.5000000000000001,-0.9659258262890684,0.2588190451025203,-0.9749279121818236,-0.2225209339563146
0.14691948405691724,0.22727471561950033,0.22914681889749292,0.1011607999698797,0.4964570723019269,0.33412510181254906,0.4953877901119818,-0.6841423458248278,-0.32352320022102227,-0.6826680894736445,-0.6525136639846563,-0.6275069157239859,-0.6505684099646967,0.0,0.0,0.8787878787878787,0.8787878787878787,0.22667835978372425,0.0,0.4735453837086785,0.6575031592342735,-0.6829968743182837,-0.651087827846492,-0.8660254037844386,0.5000000000000001,-0.8660254037844386,0.5000000000000001,-0.9749279121818236,-0.2225209339563146
0.5008123052392913,0.22727471561950033,0.5188151265545653,0.1011607999698797,0.3346423256317241,0.06448213430431671,0.4953877901119818,-0.6841423458248278,0.2836572800234836,-0.6826680894736445,-0.6525136639846563,-0.6343371836313472,-0.6505684099646967,0.0,0.0,0.0,0.0,0.22667835978372425,0.0,0.4399336664556929,0.4956935765226884,-0.6829968743182837,-0.651087827846492,-0.8660254037844386,0.5000000000000001,-0.7071067811865477,0.7071067811865474,-0.9749279121818236,-0.2225209339563146
0.8547051264216653,0.22727471561950033,0.6768160216402405,0.1011607999698797,0.3346423256317241,-0.20516083320391562,0.4953877901119818,-0.6841423458248278,0.23338118930260093,-0.6826680894736445,-0.6525136639846563,-0.64799771944607,-0.6505684099646967,0.0,0.0,0.0,0.0,0.09512261367895261,0.0,0.3410630443720436,0.4956935765226884,-0.6829968743182837,-0.651087827846492,-0.8660254037844386,0.5000000000000001,-0.5000000000000004,0.8660254037844384,-0.9749279121818236,-0.2225209339563146
0.36913215667479987,0.09568174107804124,0.9664843292973129,-0.18890459195191697,0.4964570723019269,-0.3130180202072086,0.6571520933443734,-0.6841423458248278,0.7129377469479432,-0.6826680894736445,-0.6525136639846563,-0.3747870031516145,-0.6505684099646967,0.0,0.0,0.0,0.0,0.09512261367895261,0.0,0.26529617224799507,0.6575031592342735,-0.6829968743182837,-0.651087827846492,-0.8660254037844386,0.5000000000000001,-0.25881904510252157,0.9659258262890681,-0.9749279121818236,-0.2225209339563146
0.17134600967294505,0.09568174107804124,0.9664843292973129,0.1011607999698797,0.4964570723019269,-0.20516083320391562,1.1424450030415483,-0.6841423458248278,2.1284030703204855,-0.6826680894736445,-0.6525136639846563,1.9714100230270217,-0.6505684099646967,0.0,0.0,0.0,0.0,-0.19430002775154487,0.0,0.2538562429352096,0.6575031592342735,-0.6829968743182837,-0.651087827846492,-0.8660254037844386,0.5000000000000001,-2.4492935982947064e-16,1.0,-0.9749279121818236,-0.2225209339563146
0.17148329129758516,0.09568174107804124,0.9664843292973129,-0.18890459195191697,0.4964570723019269,-0.20516083320391562,0.6571520933443734,-0.6455133699129348,2.0510552384422045,-0.6826680894736445,-0.6525136639846563,2.090939711405846,-0.6505684099646967,0.0,0.0,0.0,0.0,0.22667835978372425,0.0,0.22599907384628892,0.4956935765226884,-0.6829968743182837,-0.651087827846492,-0.8660254037844386,0.5000000000000001,0.25881904510252074,0.9659258262890683,-0.7818314824680299,0.6234898018587334
0.17114006835834567,0.22727471561950033,0.9664843292973129,-0.3471220784547151,0.3346423256317241,-0.20516083320391562,0.818916396576765,-0.32489286984422394,1.8615530503404158,-0.6826680894736445,-0.6286262075657176,2.3743958295613434,-0.6505684099646967,0.0,0.0,0.0,0.0,0.22667835978372425,0.0,0.219395375592925,0.4956935765226884,-0.6829968743182837,-0.651087827846492,-0.8660254037844386,0.5000000000000001,0.49999999999999994,0.8660254037844387,-0.7818314824680299,0.6234898018587334
0.1707453472193387,0.5167792596107107,0.8084834342116368,-0.5053395649575132,0.064951081181386,-0.09730364620062269,0.818916396576765,0.28158205197249436,1.2079638709689415,-0.6826680894736445,-0.6354511951139858,1.9645797551196604,-0.6505684099646967,0.0,0.0,0.0,0.0,0.22667835978372425,0.0,0.20510893471989022,0.3338839938111034,-0.6829968743182837,-0.651087827846492,-0.8660254037844386,0.5000000000000001,0.7071067811865476,0.7071067811865476,-0.7818314824680299,0.6234898018587334
0.16997308702530478,0.6746908290604611,0.6768160216402405,-0.6371874703765118,-0.20474016326895209,0.06448213430431671,0.9806806998091566,0.23136438328703363,0.48089425131310015,-0.6826680894736445,-0.6491011702105222,1.479630733697002,-0.6505684099646967,0.0,0.8787878787878787,0.0,0.0,0.22667835978372425,0.0,0.21818951137324638,0.3338839938111034,-0.6829968743182837,-0.651087827846492,-0.8660254037844386,0.5000000000000001,0.8660254037844386,0.5000000000000001,-0.7818314824680299,0.6234898018587334
0.1688061056922639,0.9641953730516715,0.38714771398316894,-0.7954049568793099,-0.3126166610490873,0.33412510181254906,1.1424450030415483,0.7103636845945054,-0.2500427599366553,-0.6826680894736445,-0.37610166827979613,0.7726980052850985,-0.6505684099646967,0.0,0.8787878787878787,0.0,0.0,0.09512261367895261,0.0,0.2322628272826791,0.4956935765226884,-0.6829968743182837,-0.651087827846492,-0.8660254037844386,0.5000000000000001,0.9659258262890683,0.25881904510252074,-0.7818314824680299,0.6234898018587334
0.18035579888822445,0.9641953730516715,0.09747940632609654,-0.5053395649575132,-0.20474016326895209,0.6576966628224279,0.818916396576765,2.1241842029697846,-0.6290471361402322,-0.6826680894736445,1.9682815545503138,-0.5148074952525229,-0.6505684099646967,0.0,0.8787878787878787,0.0,0.0,0.09512261367895261,0.0,0.2383062337848192,0.4956935765226884,-0.6829968743182837,-0.651087827846492,-0.8660254037844386,0.5000000000000001,1.0,6.123233995736766e-17,-0.7818314824680299,0.6234898018587334
0.2202734147774055,0.9641953730516715,0.09747940632609654,-0.3471220784547151,-0.20474016326895209,0.4959108823174885,0.4953877901119818,2.046926251145999,-0.6831906184550289,-0.4541579021785877,2.0877188366450063,-0.6514128533997506,0.35384363324479307,0.0,0.8787878787878787,0.0,0.0,0.09512261367895261,0.01271148946356483,0.22756316829798684,0.4956935765226884,-0.6442794189988778,-0.651087827846492,-0.8660254037844386,0.5000000000000001,0.9659258262890683,-0.25881904510252063,-0.7818314824680299,0.6234898018587334
0.2611864039623058,0.9641953730516715,0.09747940632609654,0.39122619189167684,-0.20474016326895209,0.4959108823174885,0.0640163148256042,1.8576442691777242,-0.6831906184550289,0.23137265970658288,2.3709558198981346,-0.6514128533997506,1.5188249486680447,0.0,0.8787878787878787,0.0,0.0,0.22667835978372425,0.05640619132647196,0.2523041338816089,0.3338839938111034,-0.32292453984780845,-0.6271585882599446,-0.8660254037844386,0.5000000000000001,0.8660254037844387,-0.4999999999999998,-0.7818314824680299,0.6234898018587334
0.28140263940822,0.8062838036019201,0.09747940632609654,0.681291583813473,-0.09686366548881685,0.4959108823174885,-0.09774798840678739,1.2048145762667344,-0.6831906184550289,1.0485870583380574,1.9614565670020456,-0.6514128533997506,2.109856525114445,0.0,0.0,0.0,0.0,0.5161010012142222,0.1950351445119682,0.2921496103439516,0.06420135595846167,0.2849395086668648,-0.633995513856101,-0.8660254037844386,0.5000000000000001,0.7071067811865476,-0.7071067811865475,-0.7818314824680299,0.6234898018587334
0.2334076626857533,0.6746908290604611,0.09747940632609654,0.9713569757352701,0.064951081181386,0.4959108823174885,-0.2055908572283818,0.47858982912314807,-0.6831906184550289,1.6798948639159264,1.476882451075007,-0.6514128533997506,2.335336779712494,0.8787878787878787,0.0,0.0,0.0,0.6739678965399476,0.38065727230307195,0.3091249291824314,-0.20548128189418005,0.23460681675163705,-0.6476693650484138,-0.8660254037844386,0.5000000000000001,0.49999999999999994,-0.8660254037844387,-0.7818314824680299,0.6234898018587334
0.3338310056732934,0.3851862850692516,-0.1921889013309754,1.1295744622380688,0.3346423256317241,0.6576966628224279,-0.3134337260499762,-0.25149781561162743,-0.6831906184550289,2.1214230224182393,0.7704962398292532,-0.6514128533997506,2.4685751119749773,0.8787878787878787,0.0,0.0,0.0,0.9633905379704456,0.5445262627501168,0.319311237073889,-0.31335433703523674,0.7147032627122707,-0.3741923412021588,-0.8660254037844386,0.5000000000000001,0.258819045102521,-0.9659258262890682,-0.7818314824680299,0.6234898018587334
0.23292142275185163,0.09568174107804124,0.09747940632609654,1.1295744622380688,0.6582718189721298,1.1430540043372461,-0.3134337260499762,-0.6300617795481778,-0.6831906184550289,2.0981846982865386,-0.5160139130192932,-0.6514128533997506,2.229429387401289,0.8787878787878787,0.0,0.0,0.0,0.9633905379704456,0.6607701500594771,0.3098028212500288,-0.20548128189418005,2.1317621274025282,1.9742916010775562,-0.8660254037844386,0.5000000000000001,1.2246467991473532e-16,-1.0,-0.7818314824680299,0.6234898018587334
0.36859445286411113,0.09568174107804124,-0.1921889013309754,1.1295744622380688,0.4964570723019269,0.6576966628224279,-0.2055908572283818,-0.6841423458248278,-0.6831906184550289,1.9510086454524345,-0.6525136639846563,-0.6514128533997506,2.1269383625839944,0.8787878787878787,0.0,0.0,0.0,0.9633905379704456,0.7086447021715752,0.30229704252106804,-0.20548128189418005,2.054327216763716,2.093937799010293,-0.8660254037844386,0.5000000000000001,-0.2588190451025208,-0.9659258262890683,-0.7818314824680299,0.6234898018587334
0.45546591621489035,0.09568174107804124,-0.350189796416651,1.1295744622380688,0.4964570723019269,0.8194824433273673,-0.2055908572283818,-0.6841423458248278,-0.6831906184550289,1.8464361868597814,-0.6525136639846563,-0.6514128533997506,2.372916822145502,0.8787878787878787,0.0,0.0,0.0,0.9633905379704456,0.6994922305072969,0.32540929494256665,-0.20548128189418005,1.864611685698627,2.3776702112507824,-0.8660254037844386,0.5000000000000001,-0.4999999999999997,-0.8660254037844388,-0.7818314824680299,0.6234898018587334
0.6913620627763243,0.09568174107804124,-0.5081906915023265,0.9713569757352701,0.4964570723019269,0.8194824433273673,0.0640163148256042,-0.6841423458248278,-0.6831906184550289,1.2499858674794635,-0.6525136639846563,-0.6514128533997506,2.1611020375230927,0.0,0.0,0.0,0.0,0.8055236426447192,0.6123910854341915,0.3580902999356117,-0.09760822675312336,1.2102866908006666,1.9674546754814,-0.8660254037844386,0.5000000000000001,-0.7071067811865471,-0.7071067811865479,-0.7818314824680299,0.6234898018587334
0.8449573999927356,0.09568174107804124,-0.6398581040737229,0.8131394892324716,0.4964570723019269,0.9812682238323067,0.2257806180579958,-0.6841423458248278,-0.6831906184550289,0.5334708734186919,-0.6525136639846563,-0.6514128533997506,1.8707108005407571,0.0,0.0,0.8787878787878787,0.8787878787878787,0.6739678965399476,0.42619798837875644,0.37818197593834,0.06420135595846167,0.48239853079583506,1.4820329581542973,-0.8660254037844386,0.5000000000000001,-0.8660254037844385,-0.5000000000000004,-0.7818314824680299,0.6234898018587334
0.7147073870518857,-0.19382280291316867,-0.7978589991593985,0.39122619189167684,0.6582718189721298,1.1430540043372461,0.6571520933443734,-0.6841423458248278,-0.6831906184550289,-0.25275909303718164,-0.6525136639846563,-0.6514128533997506,1.0063698245815704,0.0,0.0,0.8787878787878787,0.8787878787878787,0.3845452551094506,0.1647393410555679,0.42024478178047386,0.3338839938111034,-0.2493613747409372,0.7744111589521123,-0.8660254037844386,0.5000000000000001,-0.9659258262890683,-0.25881904510252063,-0.7818314824680299,0.6234898018587334
0.6207253691469669,0.09568174107804124,-0.5081906915023265,0.23300870538887822,1.1437160589827384,0.8194824433273673,0.9806806998091566,-0.6841423458248278,-0.6831906184550289,-0.6361914412102432,-0.6525136639846563,-0.6514128533997506,-0.5104973427143936,0.0,0.0,0.8787878787878787,0.8787878787878787,0.09512261367895261,0.0,0.44680995568629533,0.6575031592342735,-0.6287924368711154,-0.5143493159233644,-0.8660254037844386,0.5000000000000001,-1.0,-1.8369701987210297e-16,-0.7818314824680299,0.6234898018587334
0.9642983684633781,-0.19382280291316867,-0.350189796416651,0.23300870538887822,0.6582718189721298,0.4959108823174885,0.9806806998091566,-0.6841423458248278,-0.45501451441409996,-0.6826680894736445,-0.6525136639846563,0.35263652898237313,-0.6505684099646967,0.0,0.0,0.8787878787878787,0.8787878787878787,0.09512261367895261,0.0,0.45403494829401925,0.4956935765226884,-0.6829968743182837,-0.651087827846492,-0.8660254037844386,0.5000000000000001,-0.9659258262890684,0.2588190451025203,-0.7818314824680299,0.6234898018587334
0.38133970813887796,-0.3517343723629195,0.38714771398316894,0.23300870538887822,0.8200865656423326,0.06448213430431671,1.1424450030415483,-0.6841423458248278,0.22951379770868688,-0.6826680894736445,-0.6525136639846563,1.5171972071874895,-0.6505684099646967,0.0,0.0,0.8787878787878787,0.8787878787878787,0.09512261367895261,0.0,0.4398767614245557,0.4956935765226884,-0.6829968743182837,-0.651087827846492,-0.8660254037844386,0.5000000000000001,-0.8660254037844386,0.5000000000000001,-0.7818314824680299,0.6234898018587334
0.8710371331465139,-0.5096459418126703,0.6768160216402405,0.23300870538887822,0.8200865656423326,-0.09730364620062269,1.1424450030415483,-0.6841423458248278,1.0455334240245513,-0.6826680894736445,-0.6525136639846563,2.1080153811742495,-0.6505684099646967,0.0,0.0,0.0,0.0,0.09512261367895261,0.0,0.38911675657507916,0.4956935765226884,-0.6829968743182837,-0.651087827846492,-0.8660254037844386,0.5000000000000001,-0.7071067811865477,0.7071067811865474,-0.7818314824680299,0.6234898018587334
0.4406326567514703,-0.6412389163541294,0.9664843292973129,0.1011607999698797,0.9819013123125355,-0.20516083320391562,1.1424450030415483,-0.6841423458248278,1.6759182538325414,-0.6826680894736445,-0.6525136639846563,2.333414222117175,-0.6505684099646967,0.0,0.0,0.0,0.0,0.09512261367895261,0.0,0.33274174637596643,0.4956935765226884,-0.6829968743182837,-0.651087827846492,-0.8660254037844386,0.5000000000000001,-0.5000000000000004,0.8660254037844384,-0.7818314824680299,0.6234898018587334
0.36859445286411113,-0.7991504858038802,1.1244852243829888,0.1011607999698797,1.1437160589827384,-0.3130180202072086,1.1424450030415483,-0.6841423458248278,2.116800895538743,-0.6826680894736445,-0.6525136639846563,2.4666044463107224,-0.6505684099646967,0.0,0.0,0.0,0.0,-0.19430002775154487,0.0,0.2742157669755877,0.6575031592342735,-0.6829968743182837,-0.651087827846492,-0.8660254037844386,0.5000000000000001,-0.25881904510252157,0.9659258262890681,-0.7818314824680299,0.6234898018587334
0.380052630697475,-0.5096459418126703,1.1244852243829888,0.1011607999698797,0.8200865656423326,-0.3130180202072086,1.1424450030415483,-0.6841423458248278,2.093596545975259,-0.6826680894736445,-0.6525136639846563,2.2275450695530736,-0.6505684099646967,0.0,0.0,0.0,0.0,0.09512261367895261,0.0,0.2826022675861002,1.1429319073690285,-0.6829968743182837,-0.651087827846492,-0.8660254037844386,0.5000000000000001,-2.4492935982947064e-16,1.0,-0.7818314824680299,0.6234898018587334
0.3069046104009038,-0.3517343723629195,1.1244852243829888,-0.05705668653291797,0.4964570723019269,-0.20516083320391562,1.1424450030415483,-0.4562313879446597,1.946635665406525,-0.6826680894736445,0.35075950561076197,2.125091050942653,-0.6505684099646967,0.0,0.0,0.0,0.0,-0.19430002775154487,0.0,0.26128920780974685,0.6575031592342735,-0.6829968743182837,-0.651087827846492,-0.8660254037844386,0.5000000000000001,0.25881904510252074,0.9659258262890683,-2.4492935982947064e-16,1.0
0.20773407335885372,0.3851862850692516,1.1244852243829888,-0.18890459195191697,0.064951081181386,-0.20516083320391562,1.358130740684737,0.22750148569584433,1.8422160923708457,-0.6826680894736445,1.5144198825904818,2.370980695607663,-0.6505684099646967,0.0,0.0,0.0,0.0,-0.3521669230772707,0.0,0.22535206722763446,0.8193127419458585,-0.6829968743182837,-0.651087827846492,-0.8660254037844386,0.5000000000000001,0.49999999999999994,0.8660254037844387,-2.4492935982947064e-16,1.0
0.20702473405245894,0.6746908290604611,0.9664843292973129,-0.18890459195191697,-0.09686366548881685,0.06448213430431671,1.1424450030415483,1.0425728774367842,1.246637786908082,-0.6826680894736445,2.1047813055156768,2.1592423904794598,-0.6505684099646967,0.0,0.0,0.0,0.0,-0.5100338184029966,0.0,0.2135722648053855,0.8193127419458585,-0.6829968743182837,-0.651087827846492,-0.8660254037844386,0.5000000000000001,0.7071067811865476,0.7071067811865476,-2.4492935982947064e-16,1.0
0.21066870877543595,0.9641953730516715,0.8084834342116368,-0.3471220784547151,-0.20474016326895209,0.22626791480925612,1.358130740684737,1.6722251848006382,0.5311703420339828,-0.6826680894736445,2.330005894608526,1.868956004416601,-0.6505684099646967,0.0,0.8787878787878787,0.0,0.0,-0.6415895645077683,0.0,0.24157148647158433,0.9811223246574435,-0.6829968743182837,-0.651087827846492,-0.8660254037844386,0.5000000000000001,0.8660254037844386,0.5000000000000001,-2.4492935982947064e-16,1.0
0.24941933303468203,1.1221069425014227,0.38714771398316894,-0.5053395649575132,-0.3126166610490873,0.6576966628224279,1.358130740684737,2.112595510196217,-0.2539101515305694,-0.6826680894736445,2.4630931517997547,1.0049271141353855,-0.6505684099646967,0.0,0.8787878787878787,0.0,0.0,-0.7994564598334941,0.0,0.27472939762567206,1.1429319073690285,-0.6829968743182837,-0.651087827846492,-0.8660254037844386,0.5000000000000001,0.9659258262890683,0.25881904510252074,-2.4492935982947064e-16,1.0
0.24472281665985893,1.1221069425014227,0.22914681889749292,-0.3471220784547151,-0.3126166610490873,0.9812682238323067,1.358130740684737,2.089418124649081,-0.6367819193280604,-0.6826680894736445,2.2242185876103693,-0.5113923612988422,-0.6505684099646967,0.0,0.8787878787878787,0.0,0.0,-0.5100338184029966,0.0,0.30737475374232526,0.8193127419458585,-0.6829968743182837,-0.651087827846492,-0.8660254037844386,0.5000000000000001,1.0,6.123233995736766e-17,-2.4492935982947064e-16,1.0
0.2465419346201874,1.1221069425014227,0.22914681889749292,-0.18890459195191697,-0.20474016326895209,0.9812682238323067,1.1424450030415483,1.9426280161838885,-0.6831906184550289,-0.5006345504419891,2.121843774386347,-0.6514128533997506,-0.059536833518296216,0.0,0.8787878787878787,0.0,0.0,-0.3521669230772707,0.0,0.3569889750215596,0.4956935765226884,-0.45456388793378866,0.35394023478849523,-0.8660254037844386,0.5000000000000001,0.9659258262890683,-0.25881904510252063,-2.4492935982947064e-16,1.0
0.3891253270712014,1.1221069425014227,0.22914681889749292,0.39122619189167684,-0.20474016326895209,1.1430540043372461,0.6571520933443734,1.8383297812217776,-0.6831906184550289,0.15778463328953068,2.3675433261240006,-0.6514128533997506,1.1020281144110455,0.0,0.8787878787878787,0.0,0.0,0.3845452551094506,0.0,0.3735372244184353,0.06420135595846167,0.23073507121969647,1.5196360489331573,-0.8660254037844386,0.5000000000000001,0.8660254037844387,-0.4999999999999998,-2.4492935982947064e-16,1.0
0.43195467465215476,0.9641953730516715,0.22914681889749292,0.9713569757352701,0.064951081181386,1.1430540043372461,0.3336234868795902,1.2434435521786271,-0.6831906184550289,0.8936648974600527,2.155968712127688,-0.6514128533997506,1.3411738389847336,0.0,0.0,0.0,0.0,0.6739678965399476,0.02698073182626718,0.4089695953499113,-0.09760822675312336,1.0476733784591619,2.111030113000684,-0.8660254037844386,0.5000000000000001,0.7071067811865476,-0.7071067811865475,-2.4492935982947064e-16,1.0
0.3060007661969734,0.8062838036019201,0.09747940632609654,1.2614223676570673,0.22676582785158886,1.1430540043372461,-0.04382655399599019,0.5288074978086088,-0.6831906184550289,1.5056074329281712,1.8659067413262915,-0.6514128533997506,1.9253726804433142,0.8787878787878787,0.0,0.0,0.0,0.9633905379704456,0.2910171600245572,0.4367986141191984,-0.20548128189418005,1.6787679001654785,2.336648657673844,-0.8660254037844386,0.5000000000000001,0.49999999999999994,-0.8660254037844387,-2.4492935982947064e-16,1.0
0.2792631644781836,0.3851862850692516,0.09747940632609654,0.9713569757352701,0.6582718189721298,1.1430540043372461,0.2257806180579958,-0.2553607132028167,-0.6831906184550289,1.9587547534963348,1.0025458164703704,-0.6514128533997506,1.969785457864142,0.8787878787878787,0.0,0.0,0.0,1.121257433296172,0.19110473658486324,0.4325938393926947,-0.31335433703523674,2.1201468908067063,2.4699687067988934,-0.8660254037844386,0.5000000000000001,0.258819045102521,-0.9659258262890682,-2.4492935982947064e-16,1.0
0.28044732789520455,0.22727471561950033,0.09747940632609654,0.8131394892324716,0.9819013123125355,1.1430540043372461,0.4953877901119818,-0.6377875747305563,-0.6831906184550289,1.6527834857622756,-0.5126014192451591,-0.6514128533997506,1.334341103996914,0.8787878787878787,0.0,0.0,0.0,1.121257433296172,0.30894516917560527,0.42992422001564545,-0.31335433703523674,2.0969164176150628,2.2306763109334202,-0.8660254037844386,0.5000000000000001,1.2246467991473532e-16,-1.0,-2.4492935982947064e-16,1.0
0.2782849595372523,0.22727471561950033,-0.06052148875957856,1.2614223676570673,0.9819013123125355,1.1430540043372461,0.0640163148256042,-0.6841423458248278,-0.6831906184550289,1.9510086454524345,-0.6525136639846563,-0.6514128533997506,2.0756928501753467,0.8787878787878787,0.0,0.0,0.0,1.121257433296172,0.16374149193929502,0.4382957644883614,-0.20548128189418005,1.94979008740132,2.128122426991075,-0.8660254037844386,0.5000000000000001,-0.2588190451025208,-0.9659258262890683,-2.4492935982947064e-16,1.0
0.2746238507824678,0.22727471561950033,-0.1921889013309754,1.2614223676570673,1.1437160589827384,1.358768378343832,0.0640163148256042,-0.6841423458248278,-0.6831906184550289,1.7457367822890784,-0.6525136639846563,-0.6514128533997506,2.092774687644896,0.8787878787878787,0.0,0.0,0.0,1.121257433296172,0.15180611222231588,0.4328807206522801,-0.20548128189418005,1.845252958038924,2.3742517484527044,-0.8660254037844386,0.5000000000000001,-0.4999999999999997,-0.8660254037844388,-2.4492935982947064e-16,1.0
0.3232366342872424,0.22727471561950033,-0.1921889013309754,0.8131394892324716,1.1437160589827384,1.1430540043372461,0.4953877901119818,-0.6841423458248278,-0.6831906184550289,1.1841439491063115,-0.6525136639846563,-0.6514128533997506,1.9048744754798554,0.0,0.0,0.0,0.0,0.9633905379704456,0.2163835808637765,0.423296346087487,0.06420135595846167,1.2490041461200727,2.1623070549718566,-0.8660254037844386,0.5000000000000001,-0.7071067811865471,-0.7071067811865479,-2.4492935982947064e-16,1.0
0.3176591499749146,0.09568174107804124,-0.350189796416651,0.23300870538887822,1.1437160589827384,1.358768378343832,1.1424450030415483,-0.6841423458248278,-0.6831906184550289,-0.15980579651037885,-0.6525136639846563,-0.6514128533997506,-0.643735674976877,0.0,0.0,0.8787878787878787,0.8787878787878787,0.8055236426447192,0.10273964929781225,0.43723070308650114,0.2260109386700467,0.5327312227110628,1.8717377171352105,-0.8660254037844386,0.5000000000000001,-0.8660254037844385,-0.5000000000000004,-2.4492935982947064e-16,1.0
0.7980779064035424,0.09568174107804124,-0.5081906915023265,0.1011607999698797,1.1437160589827384,1.358768378343832,1.358130740684737,-0.6841423458248278,-0.6831906184550289,-0.5471111987053905,-0.6525136639846563,-0.6514128533997506,-0.6334865724951475,0.0,0.0,0.8787878787878787,0.8787878787878787,0.3845452551094506,0.01886489234724766,0.46456586199059935,0.6575031592342735,-0.25323312027287775,1.0068666292214292,-0.8660254037844386,0.5000000000000001,-0.9659258262890683,-0.25881904510252063,-2.4492935982947064e-16,1.0
0.4166924122569206,0.09568174107804124,-0.350189796416651,0.1011607999698797,1.1437160589827384,1.358768378343832,1.358130740684737,-0.6841423458248278,-0.6831906184550289,-0.6710489274077942,-0.6525136639846563,-0.6514128533997506,-0.6505684099646967,0.0,0.0,0.8787878787878787,0.8787878787878787,0.22667835978372425,0.0,0.507517994615483,0.9811223246574435,-0.6365359279349966,-0.5109308531252863,-0.8660254037844386,0.5000000000000001,-1.0,-1.8369701987210297e-16,-2.4492935982947064e-16,1.0
0.4736628277558989,-0.06222982837170911,-0.1921889013309754,0.1011607999698797,1.1437160589827384,1.1430540043372461,1.5198950439171286,-0.6841423458248278,-0.5014232135410686,-0.6826680894736445,-0.6525136639846563,-0.06059467941299074,-0.6505684099646967,0.0,0.0,0.8787878787878787,0.8787878787878787,0.22667835978372425,0.0,0.5379919961101749,0.9811223246574435,-0.6829968743182837,-0.651087827846492,-0.8660254037844386,0.5000000000000001,-0.9659258262890684,0.2588190451025203,-2.4492935982947064e-16,1.0
0.4746009949402128,-0.19382280291316867,0.38714771398316894,0.1011607999698797,1.3594690545430088,0.6576966628224279,1.358130740684737,-0.6841423458248278,0.15603335742431992,-0.6826680894736445,-0.6525136639846563,1.100550864838445,-0.6505684099646967,0.0,0.0,0.8787878787878787,0.8787878787878787,0.22667835978372425,0.0,0.5211718215915101,1.1429319073690285,-0.6829968743182837,-0.651087827846492,-0.8660254037844386,0.5000000000000001,-0.8660254037844386,0.5000000000000001,-2.4492935982947064e-16,1.0
0.47553916212452674,-0.19382280291316867,0.9664843292973129,-0.05705668653291797,1.1437160589827384,0.33412510181254906,1.358130740684737,-0.6841423458248278,0.8908377602679894,-0.6826680894736445,-0.6525136639846563,1.3396102415960935,-0.6505684099646967,0.0,0.0,0.0,0.0,0.22667835978372425,0.0,0.4791365719210703,1.1429319073690285,-0.6829968743182837,-0.651087827846492,-0.8660254037844386,0.5000000000000001,-0.7071067811865477,0.7071067811865474,-2.4492935982947064e-16,1.0
0.4495108791183435,-0.3517343723629195,1.2561526369543852,-0.05705668653291797,1.3594690545430088,-0.04337505269897623,1.358130740684737,-0.6841423458248278,1.5018856321064094,-0.6826680894736445,-0.6525136639846563,1.923598147675492,-0.6505684099646967,0.0,0.0,0.0,0.0,0.09512261367895261,0.0,0.4024987608686176,1.1429319073690285,-0.6829968743182837,-0.651087827846492,-0.8660254037844386,0.5000000000000001,-0.5000000000000004,0.8660254037844384,-2.4492935982947064e-16,1.0
0.3733424880324899,-0.5096459418126703,0.9664843292973129,0.1011607999698797,1.3594690545430088,0.22626791480925612,1.1424450030415483,-0.6841423458248278,1.9543704485943532,-0.6826680894736445,-0.6525136639846563,1.9679948890733412,-0.6505684099646967,0.0,0.0,0.0,0.0,0.09512261367895261,0.0,0.3335942462303745,1.1429319073690285,-0.6829968743182837,-0.651087827846492,-0.8660254037844386,0.5000000000000001,-0.25881904510252157,0.9659258262890681,-2.4492935982947064e-16,1.0
0.16955834872413814,-0.3517343723629195,0.8084834342116368,0.5230740973106753,1.3594690545430088,0.4959108823174885,0.4953877901119818,-0.6841423458248278,1.6488465126751433,-0.6826680894736445,-0.6525136639846563,1.332779973688732,-0.6505684099646967,0.0,0.0,0.0,0.0,0.09512261367895261,0.0,0.29004217784517605,1.1429319073690285,-0.6829968743182837,-0.651087827846492,-0.8660254037844386,0.5000000000000001,-2.4492935982947064e-16,1.0,-2.4492935982947064e-16,1.0
0.16985295659396235,-0.19382280291316867,1.2561526369543852,-0.18890459195191697,1.1437160589827384,0.06448213430431671,1.358130740684737,-0.5025861590389312,1.946635665406525,-0.6826680894736445,-0.06215224105946117,2.0738640416374428,-0.6505684099646967,0.0,0.0,0.0,0.0,-0.06274428164677277,0.0,0.2909654120362182,1.1429319073690285,-0.6829968743182837,-0.651087827846492,-0.8660254037844386,0.5000000000000001,0.25881904510252074,0.9659258262890683,0.7818314824680298,0.6234898018587336
0.1692236962331004,0.3851862850692516,1.2561526369543852,-0.05705668653291797,0.6582718189721298,0.06448213430431671,1.358130740684737,0.15410643146324784,1.7416639109290803,-0.6826680894736445,1.0980956421461245,2.090939711405846,-0.6505684099646967,0.0,0.0,0.0,0.0,-0.19430002775154487,0.0,0.28433610395786013,1.358678017651142,-0.6829968743182837,-0.651087827846492,-0.8660254037844386,0.5000000000000001,0.49999999999999994,0.8660254037844387,0.7818314824680298,0.6234898018587336
0.1683027008358724,0.9641953730516715,0.8084834342116368,-0.18890459195191697,0.3346423256317241,0.4959108823174885,1.5198950439171286,0.8880569737892127,1.1808921298115431,-0.6826680894736445,1.3369702063355098,1.9031073439534079,-0.6505684099646967,0.0,0.0,0.0,0.0,-0.19430002775154487,0.0,0.2932551864889529,1.1429319073690285,-0.6829968743182837,-0.651087827846492,-0.8660254037844386,0.5000000000000001,0.7071067811865476,0.7071067811865476,0.7818314824680298,0.6234898018587336
0.16869741511028327,1.2536999170428818,0.22914681889749292,-0.18890459195191697,-0.04292541659874924,1.1430540043372461,1.5198950439171286,1.4983947931971202,-0.16109275327663217,-0.6826680894736445,1.9205066417124368,-0.6445825854923893,-0.6505684099646967,0.0,0.8787878787878787,0.0,0.0,-0.3521669230772707,0.0,0.31170937028154977,1.358678017651142,-0.6829968743182837,-0.651087827846492,-0.8660254037844386,0.5000000000000001,0.8660254037844386,0.5000000000000001,0.7818314824680298,0.6234898018587336
0.16721580531296046,0.9641953730516715,0.09747940632609654,-0.3471220784547151,0.22676582785158886,1.358768378343832,1.5198950439171286,1.950353811366267,-0.5478319126680372,-0.6826680894736445,1.9648690607761798,-0.6343371836313472,-0.6505684099646967,0.0,0.8787878787878787,0.0,0.0,-0.5100338184029966,0.0,0.3643465240834538,1.358678017651142,-0.6829968743182837,-0.651087827846492,-0.8660254037844386,0.5000000000000001,0.9659258262890683,0.25881904510252074,0.7818314824680298,0.6234898018587336
0.20213371621239834,0.8062838036019201,0.09747940632609654,-0.5053395649575132,0.4964570723019269,1.358768378343832,1.5198950439171286,1.6451849016623132,-0.6715884436732867,-0.6826680894736445,1.3301452187872418,-0.6514128533997506,-0.6505684099646967,0.0,0.8787878787878787,0.0,0.0,-0.3521669230772707,0.0,0.4266402209369845,1.358678017651142,-0.6829968743182837,-0.651087827846492,-0.8660254037844386,0.5000000000000001,1.0,6.123233995736766e-17,0.7818314824680298,0.6234898018587336
0.3371831938754337,1.2536999170428818,0.09747940632609654,-0.5053395649575132,0.064951081181386,1.5205541588487714,1.5198950439171286,1.9426280161838885,-0.6831906184550289,-0.5393650906614903,2.070656367774336,-0.6514128533997506,-0.5412446501595821,0.0,0.8787878787878787,0.0,0.0,-0.19430002775154487,0.0,0.4650136241707986,1.1429319073690285,-0.5010248343170758,-0.05969376377896549,-0.8660254037844386,0.5000000000000001,0.9659258262890683,-0.25881904510252063,0.7818314824680298,0.6234898018587336
0.22072533173092362,1.2536999170428818,0.09747940632609654,-0.05705668653291797,0.064951081181386,1.358768378343832,0.9806806998091566,1.7378944438508561,-0.6831906184550289,0.20426128155293208,2.0877188366450063,-0.6514128533997506,1.1976864042405206,0.0,0.8787878787878787,0.0,0.0,0.3845452551094506,0.010610462269701745,0.44876710973200484,0.6575031592342735,0.15717190611282517,1.1025835875676184,-0.8660254037844386,0.5000000000000001,0.8660254037844387,-0.4999999999999998,0.7818314824680298,0.6234898018587336
0.13514670178535768,0.8062838036019201,-0.06052148875957856,1.9997706380034583,0.4964570723019269,1.358768378343832,-1.068333807801137,1.1777742931284092,-0.6831906184550289,1.0176026261624564,1.9000316790676324,-0.6514128533997506,2.0449455427301584,0.0,0.0,0.0,0.0,0.9633905379704456,0.08200656653902713,0.4445242275859097,0.3338839938111034,0.892803557181538,1.3418759834330916,-0.8660254037844386,0.5000000000000001,0.7071067811865476,-0.7071067811865475,0.7818314824680298,0.6234898018587336
0.13651389935986996,0.22727471561950033,-0.06052148875957856,1.2614223676570673,1.1437160589827384,1.358768378343832,-0.2055908572283818,-0.16265117101427382,-0.6831906184550289,1.528845757059872,-0.645688676436388,-0.6514128533997506,2.051778277717978,0.8787878787878787,0.0,0.0,0.0,1.2528131794009436,0.1344989780960677,0.4419908012581799,-0.043671699182595024,1.504539351228152,1.9264331219044617,-0.8660254037844386,0.5000000000000001,0.49999999999999994,-0.8660254037844387,0.7818314824680298,0.6234898018587336
0.13653678249089168,0.09568174107804124,0.09747940632609654,1.1295744622380688,1.3594690545430088,1.1430540043372461,-0.04382655399599019,-0.5489409301332027,-0.6831906184550289,1.869674510991482,-0.6354511951139858,-0.6514128533997506,1.911707210467675,0.8787878787878787,0.0,0.0,0.0,0.9633905379704456,0.061977515558995604,0.3951940192658615,0.2260109386700467,1.9575335784652013,1.970873138279478,-0.8660254037844386,0.5000000000000001,0.258819045102521,-0.9659258262890682,0.7818314824680298,0.6234898018587336
0.1388535836667817,0.09568174107804124,0.5188151265545653,0.8131394892324716,1.3594690545430088,0.4959108823174885,0.2257806180579958,-0.6725536530512599,-0.6831906184550289,2.12916913046214,-0.6525136639846563,-0.6514128533997506,2.352418617182043,0.8787878787878787,0.0,0.0,0.0,0.8055236426447192,0.21836819631880422,0.3515361310837868,0.4956935765226884,1.6516656814418944,1.335039057836935,-0.8660254037844386,0.5000000000000001,1.2246467991473532e-16,-1.0,0.7818314824680298,0.6234898018587336
0.13757219697552633,0.09568174107804124,-0.1921889013309754,0.681291583813473,1.5212838012132117,1.358768378343832,0.3336234868795902,-0.6841423458248278,-0.6831906184550289,2.2492338051425933,-0.6525136639846563,-0.6514128533997506,2.150852935041363,0.8787878787878787,0.0,0.0,0.0,1.2528131794009436,0.18273943482677552,0.3378249893194224,0.06420135595846167,1.94979008740132,2.076845485019902,-0.8660254037844386,0.5000000000000001,-0.2588190451025208,-0.9659258262890683,0.7818314824680298,0.6234898018587336
0.13778957127489144,0.09568174107804124,-0.06052148875957856,0.8131394892324716,1.3594690545430088,1.358768378343832,0.2257806180579958,-0.6841423458248278,-0.6831906184550289,1.664402647828126,-0.6525136639846563,-0.6514128533997506,2.174767507498732,0.8787878787878787,0.0,0.0,0.0,1.2528131794009436,0.12532430096278868,0.3500633100483682,0.06420135595846167,1.7445875742084687,2.093937799010293,-0.8660254037844386,0.5000000000000001,-0.4999999999999997,-0.8660254037844388,0.7818314824680298,0.6234898018587336
0.13770948203246447,-0.06222982837170911,-0.1921889013309754,0.5230740973106753,1.3594690545430088,1.5205541588487714,0.6571520933443734,-0.6841423458248278,-0.6831906184550289,1.1299211927990098,-0.6525136639846563,-0.6514128533997506,1.9663690903702322,0.0,0.0,0.0,0.0,0.8055236426447192,0.07132403827568266,0.3634732290511503,0.4956935765226884,1.1831844720770825,1.9059223451159926,-0.8660254037844386,0.5000000000000001,-0.7071067811865471,-0.7071067811865479,0.7818314824680298,0.6234898018587336
0.17679190654307836,-0.06222982837170911,-0.1921889013309754,0.23300870538887822,1.3594690545430088,1.5205541588487714,1.1424450030415483,-0.6841423458248278,-0.6831906184550289,-0.20628244477378024,-0.6525136639846563,-0.6514128533997506,-0.6334865724951475,0.0,0.0,0.8787878787878787,0.8787878787878787,0.22667835978372425,0.0032762712650959936,0.4157035963928458,1.1429319073690285,-0.16031122750630353,-0.6442509022503355,-0.8660254037844386,0.5000000000000001,-0.8660254037844385,-0.5000000000000004,0.7818314824680298,0.6234898018587336
0.23243518968254603,0.09568174107804124,-0.350189796416651,0.39122619189167684,1.1437160589827384,1.5205541588487714,0.9806806998091566,-0.6841423458248278,-0.6831906184550289,-0.3186010114103336,-0.6525136639846563,-0.6514128533997506,0.6442348702271286,0.0,0.0,0.8787878787878787,0.8787878787878787,0.09512261367895261,0.0,0.43431978793835624,1.358678017651142,-0.5474857807003629,-0.633995513856101,-0.8660254037844386,0.5000000000000001,-0.9659258262890683,-0.25881904510252063,0.7818314824680298,0.6234898018587336
0.2567072481576557,0.5167792596107107,-0.5081906915023265,0.39122619189167684,0.4964570723019269,1.5205541588487714,1.1424450030415483,-0.6841423458248278,-0.6831906184550289,-0.6439375492541434,-0.6525136639846563,-0.6514128533997506,-0.5788246925925902,0.0,0.0,0.8787878787878787,0.8787878787878787,0.09512261367895261,0.0,0.4644011395962364,1.358678017651142,-0.671381637722462,-0.651087827846492,-0.8660254037844386,0.5000000000000001,-1.0,-1.8369701987210297e-16,0.7818314824680298,0.6234898018587336
0.37799894948920537,-0.19382280291316867,-0.5081906915023265,0.39122619189167684,1.3594690545430088,1.5205541588487714,1.1424450030415483,-0.6841423458248278,-0.540097129480209,-0.6826680894736445,-0.6525136639846563,-0.5421285668819685,-0.6505684099646967,0.0,0.0,0.8787878787878787,0.8787878787878787,0.09512261367895261,0.0,0.4825286956808569,1.520487600362727,-0.6829968743182837,-0.651087827846492,-0.8660254037844386,0.5000000000000001,-0.9659258262890684,0.2588190451025203,0.7818314824680298,0.6234898018587336
0.4962072939301709,-0.06222982837170911,-0.06052148875957856,0.5230740973106753,1.3594690545430088,0.9812682238323067,0.9806806998091566,-0.6841423458248278,0.20244205655128852,-0.6826680894736445,-0.6525136639846563,1.1961746155415045,-0.6505684099646967,0.0,0.0,0.8787878787878787,0.8787878787878787,0.09512261367895261,0.0,0.4610999307151793,1.358678017651142,-0.6829968743182837,-0.651087827846492,-0.8660254037844386,0.5000000000000001,-0.8660254037844386,0.5000000000000001,0.7818314824680298,0.6234898018587336
0.5611864277339657,-0.19382280291316867,1.9934901473542042,0.39122619189167684,1.5212838012132117,-1.0680183292302592,0.9806806998091566,-0.6841423458248278,1.0145942912732389,-0.6826680894736445,-0.6525136639846563,2.043127836054316,-0.6505684099646967,0.0,0.0,0.0,0.0,-0.06274428164677277,0.0,0.4080471294536189,1.358678017651142,-0.6829968743182837,-0.651087827846492,-0.8660254037844386,0.5000000000000001,-0.7071067811865477,0.7071067811865474,0.7818314824680298,0.6234898018587336
0.3413305631579081,-0.19382280291316867,1.2561526369543852,0.5230740973106753,1.5212838012132117,-0.20516083320391562,0.818916396576765,-0.6841423458248278,1.5250899816698935,-0.6826680894736445,-0.6525136639846563,2.0499581039616777,-0.6505684099646967,0.0,0.0,0.0,0.0,-0.06274428164677277,0.0,0.3413221133616853,1.358678017651142,-0.6829968743182837,-0.651087827846492,-0.8660254037844386,0.5000000000000001,-0.5000000000000004,0.8660254037844384,0.7818314824680298,0.6234898018587336
0.22764141571050814,-0.3517343723629195,1.1244852243829888,0.5230740973106753,1.5212838012132117,-0.04337505269897623,0.6571520933443734,-0.6841423458248278,1.8654204419343299,-0.6826680894736445,-0.6525136639846563,1.9099376118607694,-0.6505684099646967,0.0,0.0,0.0,0.0,0.09512261367895261,0.0,0.24332737802462912,1.1429319073690285,-0.6829968743182837,-0.651087827846492,-0.8660254037844386,0.5000000000000001,-0.25881904510252157,0.9659258262890681,0.7818314824680298,0.6234898018587336
0.16754759526743415,-0.5096459418126703,0.8084834342116368,0.681291583813473,1.5212838012132117,0.22626791480925612,0.2257806180579958,-0.6841423458248278,2.1245356787265712,-0.6826680894736445,-0.6525136639846563,2.3504898918855788,-0.6505684099646967,0.0,0.0,0.0,0.0,0.5161010012142222,0.0,0.2024583690526367,0.4956935765226884,-0.6829968743182837,-0.651087827846492,-0.8660254037844386,0.5000000000000001,-2.4492935982947064e-16,1.0,0.7818314824680298,0.6234898018587336
0.16842283126721486,-0.5096459418126703,0.6768160216402405,0.9713569757352701,1.5212838012132117,0.33412510181254906,-1.0144123733903398,-0.5412151349508241,2.2444248181379067,-0.6826680894736445,-0.5433138632123659,2.1489969886184177,-0.6505684099646967,0.0,0.0,0.0,0.0,-0.19430002775154487,0.0,0.18588082201596745,1.358678017651142,-0.6829968743182837,-0.651087827846492,-0.8660254037844386,0.5000000000000001,0.25881904510252074,0.9659258262890683,0.9749279121818236,-0.22252093395631434
0.16838278664600134,-0.06222982837170911,0.8084834342116368,0.23300870538887822,0.9819013123125355,0.22626791480925612,0.0640163148256042,0.2004612025575193,1.6604486874568853,-0.6826680894736445,1.1936454678218786,2.172902926294183,-0.6505684099646967,0.0,0.0,0.0,0.0,-0.06274428164677277,0.0,0.1833962848441516,1.358678017651142,-0.6829968743182837,-0.651087827846492,-0.8660254037844386,0.5000000000000001,0.49999999999999994,0.8660254037844387,0.9749279121818236,-0.22252093395631434
0.1685429616985573,1.990620574475052,0.5188151265545653,0.681291583813473,-1.067752145510034,0.6576966628224279,-1.0144123733903398,1.0116696967072698,1.1267486474967463,-0.6826680894736445,2.0399439238071295,1.9645797551196604,-0.6505684099646967,0.0,0.0,0.0,0.0,-0.19430002775154487,0.0,0.19852106333837272,1.520487600362727,-0.6829968743182837,-0.651087827846492,-0.8660254037844386,0.5000000000000001,0.7071067811865476,0.7071067811865476,0.9749279121818236,-0.22252093395631434
0.16785650209088618,1.2536999170428818,0.22914681889749292,0.8131394892324716,-0.20474016326895209,1.1430540043372461,-1.877155323963095,1.521572178744256,-0.20750145240360077,-0.6826680894736445,2.0467689113553975,-0.6343371836313472,-0.6505684099646967,0.0,0.8787878787878787,0.0,0.0,-0.19430002775154487,0.0,0.24532358193148984,1.520487600362727,-0.6829968743182837,-0.651087827846492,-0.8660254037844386,0.5000000000000001,0.8660254037844386,0.5000000000000001,0.9749279121818236,-0.22252093395631434
0.1662776449932426,1.1221069425014227,0.38714771398316894,-0.05705668653291797,-0.04292541659874924,0.9812682238323067,-0.7448052013363538,1.8615071667689134,-0.31965580862710824,-0.6826680894736445,1.9068566666159004,0.6429229150452321,-0.6505684099646967,0.0,0.8787878787878787,0.0,0.0,-0.3521669230772707,0.0,0.31677484000645983,1.520487600362727,-0.6829968743182837,-0.651087827846492,-0.8660254037844386,0.5000000000000001,0.9659258262890683,0.25881904510252074,0.9749279121818236,-0.22252093395631434
0.21338022422573685,0.8062838036019201,0.38714771398316894,0.681291583813473,0.22676582785158886,1.1430540043372461,-2.0928410616062836,2.1203213053785954,-0.6445167025158884,-0.6826680894736445,2.3470683634791962,-0.5796950403724561,-0.6505684099646967,0.0,0.8787878787878787,0.0,0.0,-0.5100338184029966,0.0,0.4314869827564438,1.520487600362727,-0.6829968743182837,-0.651087827846492,-0.8660254037844386,0.5000000000000001,1.0,6.123233995736766e-17,0.9749279121818236,-0.22252093395631434
0.33615352162541723,0.6746908290604611,0.38714771398316894,0.9713569757352701,0.3346423256317241,1.1430540043372461,-2.3085267992494725,2.2400711307054633,-0.6831906184550289,-0.5277459285956398,2.1457312308052856,-0.6514128533997506,-0.5344119151717625,0.0,0.8787878787878787,0.0,0.0,-0.5100338184029966,0.01497882351300791,0.4896701490394496,1.520487600362727,-0.5397422896364817,-0.54169701830799,-0.8660254037844386,0.5000000000000001,0.9659258262890683,-0.25881904510252063,0.9749279121818236,-0.22252093395631434
0.2548766972125615,0.8062838036019201,0.5188151265545653,1.7097052460816622,0.22676582785158886,0.9812682238323067,-2.632055405714256,1.656773594435881,-0.6831906184550289,0.19264211948708174,2.1696186872242245,-0.6514128533997506,0.6715658101784072,0.0,0.8787878787878787,0.0,0.0,-0.06274428164677277,0.1144477535782071,0.4922134095399773,0.9811223246574435,0.2036328524961123,1.1983005459138076,-0.8660254037844386,0.5000000000000001,0.8660254037844387,-0.4999999999999998,0.9749279121818236,-0.22252093395631434
0.1398489500979048,0.5167792596107107,0.38714771398316894,2.131618543422457,0.6582718189721298,0.9812682238323067,-2.685976840125053,1.1236937268517593,-0.6831906184550289,0.9207762756137036,1.9614565670020456,-0.6514128533997506,0.856049654849538,0.0,0.0,0.0,0.0,1.989525357587664,0.21959332885445432,0.5054597329806962,-1.0684657230226335,1.016699414203637,2.0460793198371983,-0.8660254037844386,0.5000000000000001,0.7071067811865476,-0.7071067811865475,0.9749279121818236,-0.22252093395631434
0.1408671962277516,0.22727471561950033,0.5188151265545653,3.0281843002716475,1.1437160589827384,0.8194824433273673,-2.9016625777682417,-0.20900594210854526,-0.6831906184550289,1.2461128134575135,-0.6354511951139858,-0.6514128533997506,0.8867969622947263,0.8787878787878787,0.0,0.0,0.0,1.2528131794009436,0.435733008784904,0.49475308466500567,-0.20548128189418005,1.5277698244197955,2.0529162454333547,-0.8660254037844386,0.5000000000000001,0.49999999999999994,-0.8660254037844387,0.9749279121818236,-0.22252093395631434
0.14280645148401858,0.3851862850692516,0.5188151265545653,3.7665325706180393,0.9819013123125355,0.6576966628224279,-3.225191184233025,-0.32102997225303465,-0.6831906184550289,1.5249727030379217,0.6408214764121584,-0.6514128533997506,0.8048041424408905,0.8787878787878787,0.0,0.0,0.0,1.121257433296172,0.5931991340691979,0.4767837460791997,-0.043671699182595024,1.8684834312305678,1.9127592707121488,-0.8660254037844386,0.5000000000000001,0.258819045102521,-0.9659258262890682,0.9749279121818236,-0.22252093395631434
0.14607284939669019,0.3851862850692516,0.6768160216402405,2.73811890834985,1.1437160589827384,0.22626791480925612,-1.337940979855123,-0.6455133699129348,-0.6831906184550289,1.6450373777183753,-0.5808512947278406,-0.6514128533997506,0.7877223049713413,0.8787878787878787,0.0,0.0,0.0,0.8055236426447192,0.7044426264964012,0.4629795382108064,0.2260109386700467,2.1278903818705874,2.353740971664235,-0.8660254037844386,0.5000000000000001,1.2246467991473532e-16,-1.0,0.9749279121818236,-0.22252093395631434
0.14408211310214594,0.3851862850692516,0.9664843292973129,2.2898360299252554,1.1437160589827384,-1.0140897357286127,-1.1761766766227313,-0.6841423458248278,-0.6831906184550289,1.6876409719598267,-0.6525136639846563,-0.6514128533997506,0.7023131176235956,0.8787878787878787,0.0,0.0,0.0,0.6739678965399476,0.7596625322185523,0.47800364448297517,0.3338839938111034,2.247914493360746,2.152051666577622,-0.8660254037844386,0.5000000000000001,-0.2588190451025208,-0.9659258262890683,0.9749279121818236,-0.22252093395631434
0.1392540161497245,0.5167792596107107,0.22914681889749292,2.131618543422457,0.9819013123125355,0.06448213430431671,-1.068333807801137,-0.6841423458248278,-0.6831906184550289,1.3429391640062662,-0.6525136639846563,-0.6514128533997506,0.8013877749469807,0.8787878787878787,0.0,0.0,0.0,0.8055236426447192,0.7497339335116371,0.47800820303182423,0.2260109386700467,1.6632809180377162,2.1759809061641695,-0.8660254037844386,0.5000000000000001,-0.4999999999999997,-0.8660254037844388,0.9749279121818236,-0.22252093395631434
0.12542758012827954,0.3851862850692516,0.6768160216402405,2.131618543422457,0.9819013123125355,-1.0140897357286127,-0.9604909389795426,-0.6841423458248278,-0.6831906184550289,0.35918344243093675,-0.6525136639846563,-0.6514128533997506,-0.16886059332341075,0.0,0.0,0.0,0.0,0.5161010012142222,0.659694681586613,0.49889588361502335,0.6575031592342735,1.1289800346299144,1.9674546754814,-0.8660254037844386,0.5000000000000001,-0.7071067811865471,-0.7071067811865479,0.9749279121818236,-0.22252093395631434
0.12445509339588012,0.5167792596107107,0.8084834342116368,0.9713569757352701,0.8200865656423326,-1.876947231754956,0.6571520933443734,-0.6841423458248278,-0.6831906184550289,0.15778463328953068,-0.6525136639846563,-0.6514128533997506,0.07711786623809694,0.0,0.0,0.8787878787878787,0.8787878787878787,0.22667835978372425,0.48655122909466186,0.5197957032552698,1.1429319073690285,-0.20677217388959065,-0.633995513856101,-0.8660254037844386,0.5000000000000001,-0.8660254037844385,-0.5000000000000004,0.9749279121818236,-0.22252093395631434
0.1551627175575025,0.5167792596107107,-0.06052148875957856,0.39122619189167684,0.6582718189721298,-0.7444467682203804,1.1424450030415483,-0.6841423458248278,-0.6831906184550289,-0.45028484815663755,-0.6525136639846563,-0.6514128533997506,-0.5344119151717625,0.0,0.0,0.8787878787878787,0.8787878787878787,0.3845452551094506,0.19120452149649056,0.5287053613707647,0.9811223246574435,-0.31905279431586786,0.6445095726251412,-0.8660254037844386,0.5000000000000001,-0.9659258262890683,-0.25881904510252063,0.9749279121818236,-0.22252093395631434
0.17184939736784635,0.6746908290604611,0.6768160216402405,0.23300870538887822,0.22676582785158886,-2.092661605761542,1.1424450030415483,-0.6841423458248278,-0.6831906184550289,-0.6787950354516944,-0.6525136639846563,-0.6514128533997506,-0.6471520424707868,0.0,0.0,0.8787878787878787,0.8787878787878787,0.3845452551094506,0.0,0.5561327156448422,1.1429319073690285,-0.6442794189988778,-0.57930010908685,-0.8660254037844386,0.5000000000000001,-1.0,-1.8369701987210297e-16,0.9749279121818236,-0.22252093395631434
0.29302098199724574,0.9641953730516715,0.9664843292973129,0.5230740973106753,-1.0138138966199663,-2.308375979768128,0.9806806998091566,-0.6841423458248278,-0.528494954698467,-0.6826680894736445,-0.6525136639846563,-0.5352982989746071,-0.6505684099646967,0.0,0.0,0.8787878787878787,0.8787878787878787,0.3845452551094506,0.0,0.5691508555448626,1.1429319073690285,-0.6829968743182837,-0.651087827846492,-0.8660254037844386,0.5000000000000001,-0.9659258262890684,0.2588190451025203,0.9749279121818236,-0.22252093395631434
0.3695669601902988,0.22727471561950033,1.7038218396971327,0.8131394892324716,0.064951081181386,-2.6319475407780066,0.3336234868795902,-0.6841423458248278,0.1908398817695464,-0.6826680894736445,-0.6525136639846563,0.6702439866746777,-0.6505684099646967,0.0,0.0,0.8787878787878787,0.8787878787878787,0.5161010012142222,0.0,0.5090768134432322,0.9811223246574435,-0.6829968743182837,-0.651087827846492,-0.8660254037844386,0.5000000000000001,-0.8660254037844386,0.5000000000000001,0.9749279121818236,-0.22252093395631434
0.3574223227492638,0.6746908290604611,2.1251575599256007,0.8131394892324716,-1.0138138966199663,-2.685876134279653,0.3336234868795902,-0.6841423458248278,0.9179095014253879,-0.6826680894736445,-0.6525136639846563,0.854661220173435,-0.6505684099646967,0.0,0.0,0.0,0.0,0.3845452551094506,0.0,0.4242353559307257,0.9811223246574435,-0.6829968743182837,-0.651087827846492,-0.8660254037844386,0.5000000000000001,-0.7071067811865477,0.7071067811865474,0.9749279121818236,-0.22252093395631434
0.27529886024388295,0.8062838036019201,3.0204959654110963,0.681291583813473,-1.8768258788610481,-2.901590508286239,0.4953877901119818,-0.6841423458248278,1.242770395314168,-0.6826680894736445,-0.6525136639846563,0.8853974257565613,-0.6505684099646967,0.0,0.0,0.0,0.0,0.5161010012142222,0.0,0.3179264113971505,0.8193127419458585,-0.6829968743182837,-0.651087827846492,-0.8660254037844386,0.5000000000000001,-0.5000000000000004,0.8660254037844384,0.9749279121818236,-0.22252093395631434
0.29079570648084657,-0.06222982837170911,3.7578334758109166,0.681291583813473,-0.7441226521696283,-3.225162069296118,0.3336234868795902,-0.6841423458248278,1.5212225900759795,-0.6826680894736445,-0.6525136639846563,0.8034342108682246,-0.6505684099646967,0.0,0.0,0.0,0.0,0.5161010012142222,0.0,0.2506147766538991,0.6575031592342735,-0.6829968743182837,-0.651087827846492,-0.8660254037844386,0.5000000000000001,-0.25881904510252157,0.9659258262890681,0.9749279121818236,-0.22252093395631434
0.4626222576248617,0.6746908290604611,2.7308276577540243,0.5230740973106753,-2.0925788744213185,-1.3376612967384915,0.0640163148256042,-0.6841423458248278,1.641111729487315,-0.6826680894736445,-0.6525136639846563,0.7863585410998212,-0.6505684099646967,0.0,0.0,0.0,0.0,0.6739678965399476,0.0,0.23452750410691947,0.2260109386700467,-0.6829968743182837,-0.651087827846492,-0.8660254037844386,0.5000000000000001,-2.4492935982947064e-16,1.0,0.9749279121818236,-0.22252093395631434
0.15403006606944122,0.9641953730516715,2.2831584550112765,0.681291583813473,-2.3083318699815893,-1.1758755162335521,0.2257806180579958,-0.5296264421772562,1.6836530370203697,-0.6826680894736445,-0.5364888756640976,0.7009801922578038,-0.6505684099646967,0.0,0.0,0.0,0.0,0.9633905379704456,0.0,0.27784908406717,-1.0145291954521052,-0.6829968743182837,-0.651087827846492,-0.8660254037844386,0.5000000000000001,0.25881904510252074,0.9659258262890683,0.43388373911755823,-0.900968867902419
0.15394425518618432,1.7011160304838424,2.1251575599256007,0.681291583813473,-2.6319613633219947,-1.0680183292302592,0.2257806180579958,0.18887250978395145,1.3394551851620191,-0.6826680894736445,0.668121426605231,0.800019076914544,-0.6505684099646967,0.0,0.0,0.0,0.0,0.22667835978372425,0.0,0.20190739927771073,0.06420135595846167,-0.6829968743182837,-0.651087827846492,-0.8660254037844386,0.5000000000000001,0.49999999999999994,0.8660254037844387,0.43388373911755823,-0.900968867902419
0.15378408013362838,2.122213549016511,2.1251575599256007,0.681291583813473,-2.6858996122120624,-0.9601611422269661,0.2257806180579958,0.9150972569275377,0.3571377203078505,-0.6826680894736445,0.8523960904084711,-0.16987896593077292,-0.6505684099646967,0.0,0.0,0.0,0.0,0.6739678965399476,0.0,0.2045575551877643,-1.0145291954521052,-0.6829968743182837,-0.651087827846492,-0.8660254037844386,0.5000000000000001,0.7071067811865476,0.7071067811865476,0.43388373911755823,-0.900968867902419
0.1539156538466307,3.0170457758984335,0.9664843292973129,0.681291583813473,-2.901652607772333,0.6576966628224279,0.2257806180579958,1.239580654587438,0.15603335742431992,-0.6826680894736445,0.8831085343756778,0.076010678734237,-0.6505684099646967,0.0,0.8787878787878787,0.0,0.0,0.8055236426447192,0.0,0.2178784288290414,-1.8775136365805587,-0.6829968743182837,-0.651087827846492,-0.8660254037844386,0.5000000000000001,0.8660254037844386,0.5000000000000001,0.43388373911755823,-0.900968867902419
0.15287452115346417,3.7539664333306044,0.38714771398316894,0.681291583813473,-3.2252821011127386,1.1430540043372461,0.2257806180579958,1.5177092811530668,-0.45114712282018593,-0.6826680894736445,0.8012086837964599,-0.5352982989746071,-0.6505684099646967,0.0,0.8787878787878787,0.0,0.0,-0.06274428164677277,0.0,0.2671719894895228,-0.7448465575994635,-0.6829968743182837,-0.651087827846492,-0.8660254037844386,0.5000000000000001,0.9659258262890683,0.25881904510252074,0.43388373911755823,-0.900968867902419
0.15599219072753778,2.727541231907223,0.22914681889749292,0.681291583813473,-1.3374433899603722,1.1430540043372461,0.2257806180579958,1.6374591064799346,-0.6793232268611149,-0.6826680894736445,0.7841462149257895,-0.64799771944607,-0.6505684099646967,0.0,0.8787878787878787,0.0,0.0,0.6739678965399476,0.0,0.33032161791401105,-2.093259746862672,-0.6829968743182837,-0.651087827846492,-0.8660254037844386,0.5000000000000001,1.0,6.123233995736766e-17,0.43388373911755823,-0.900968867902419
0.27747265815430294,2.2801251184662625,0.5188151265545653,0.681291583813473,-1.1756286432901693,0.9812682238323067,0.2257806180579958,1.6799509799830168,-0.6831906184550289,-0.5703495228370912,0.6988338705724376,-0.6514128533997506,-0.6505684099646967,0.0,0.8787878787878787,0.0,0.0,0.9633905379704456,0.006170033702287379,0.3576087840060701,-2.3090058571447853,-0.52812705304066,-0.5348600927118335,-0.8660254037844386,0.5000000000000001,0.9659258262890683,-0.25881904510252063,0.43388373911755823,-0.900968867902419
0.15984780437985785,2.122213549016511,0.8084834342116368,0.681291583813473,-1.067752145510034,0.33412510181254906,0.2257806180579958,1.3361530943671702,-0.6831906184550289,-0.46577706424443804,0.7977961900223258,-0.6514128533997506,-0.6369029399890573,0.0,0.8787878787878787,0.0,0.0,1.700102716157167,0.04026321184161117,0.3585056400773682,-2.6326250225679555,0.1920176159002905,0.6718572750097667,-0.8660254037844386,0.5000000000000001,0.8660254037844387,-0.4999999999999998,0.43388373911755823,-0.900968867902419
0.16410957215595062,2.122213549016511,0.8084834342116368,0.681291583813473,-0.9598756477298988,0.33412510181254906,0.2257806180579958,0.3549771062050909,-0.6831906184550289,-0.30310879532253315,-0.17135204183175157,-0.6514128533997506,-0.6369029399890573,0.0,0.0,0.0,0.0,2.1210811036924357,0.20677651575143416,0.36600481147148056,-2.686561550138484,0.9199057759051222,0.8564542661059888,-0.8660254037844386,0.5000000000000001,0.7071067811865476,-0.7071067811865475,0.43388373911755823,-0.900968867902419
0.12604539377518356,0.9641953730516715,0.6768160216402405,0.5230740973106753,0.6582718189721298,0.4959108823174885,0.4953877901119818,0.15410643146324784,-0.6831906184550289,-0.01262974367627443,0.07434750990590185,-0.6514128533997506,-0.643735674976877,0.8787878787878787,0.0,0.0,0.0,3.015660177204883,0.4349180720639713,0.3619993324030819,-2.9023076604205973,1.2451324005881321,0.8872204312886925,-0.8660254037844386,0.5000000000000001,0.49999999999999994,-0.8660254037844387,0.43388373911755823,-0.900968867902419
0.12793315083168302,0.3851862850692516,0.6768160216402405,0.5230740973106753,1.1437160589827384,0.33412510181254906,0.4953877901119818,-0.45236849035347043,-0.6831906184550289,0.0415930126310272,-0.5364888756640976,-0.6514128533997506,-0.6369029399890573,0.8787878787878787,0.0,0.0,0.0,3.7523723553916044,0.6182118719457834,0.3466583813760845,-3.2259268258437674,1.523898078887855,0.805177324134816,-0.8660254037844386,0.5000000000000001,0.258819045102521,-0.9659258262890682,0.43388373911755823,-0.900968867902419
0.13106226711971458,0.22727471561950033,0.5188151265545653,0.39122619189167684,1.1437160589827384,0.06448213430431671,0.818916396576765,-0.6802794482336385,-0.6831906184550289,0.0919427149163787,-0.6491011702105222,-0.6514128533997506,-0.6369029399890573,0.8787878787878787,0.0,0.0,0.0,2.726237535774385,0.7393563027023989,0.34931145680618736,-1.3381483608752753,1.6439221903780132,0.788085010144425,-0.8660254037844386,0.5000000000000001,1.2246467991473532e-16,-1.0,0.43388373911755823,-0.900968867902419
0.127858786662384,0.5167792596107107,0.6768160216402405,1.1295744622380688,0.9819013123125355,0.22626791480925612,0.0640163148256042,-0.6841423458248278,-0.6831906184550289,0.7426157906039983,-0.6525136639846563,-0.6514128533997506,-0.643735674976877,0.8787878787878787,0.0,0.0,0.0,2.278947999018162,0.7928299724710725,0.3660624847973676,-1.1763387781636903,1.68651139122936,0.7026234401924704,-0.8660254037844386,0.5000000000000001,-0.2588190451025208,-0.9659258262890683,0.43388373911755823,-0.900968867902419
0.12599962751314012,0.8062838036019201,0.6768160216402405,1.7097052460816622,0.3346423256317241,0.22626791480925612,-0.9065695045687454,-0.6841423458248278,-0.6831906184550289,1.102809814645359,-0.6525136639846563,-0.6514128533997506,0.4255873506168995,0.8787878787878787,0.0,0.0,0.0,2.1210811036924357,0.777673708767278,0.37299936687390645,-1.0684657230226335,1.341926038886647,0.8017588613367378,-0.8660254037844386,0.5000000000000001,-0.4999999999999997,-0.8660254037844388,0.43388373911755823,-0.900968867902419
0.1254390131130453,0.8062838036019201,0.6768160216402405,1.419639854159865,0.3346423256317241,0.22626791480925612,-0.9065695045687454,-0.6841423458248278,-0.6831906184550289,0.29334152405778474,-0.6525136639846563,-0.6514128533997506,-0.42167178787273807,0.0,0.0,0.0,0.0,2.1210811036924357,0.6936325944034449,0.37876541897135885,-0.9605926678815769,0.35850267377373607,-0.16908457331746748,-0.8660254037844386,0.5000000000000001,-0.7071067811865471,-0.7071067811865479,0.43388373911755823,-0.900968867902419
0.6269549557636018,0.6746908290604611,0.6768160216402405,0.9713569757352701,0.4964570723019269,0.22626791480925612,-0.47519802928236776,-0.6841423458248278,-0.6831906184550289,-0.21015549879573037,-0.6525136639846563,-0.6514128533997506,-0.5344119151717625,0.0,0.0,0.8787878787878787,0.8787878787878787,0.9633905379704456,0.527651529907587,0.397085048743436,0.6575031592342735,0.15717190611282517,0.07704474814416201,-0.8660254037844386,0.5000000000000001,-0.8660254037844385,-0.5000000000000004,0.43388373911755823,-0.900968867902419
0.46279387252677945,0.6746908290604611,0.6768160216402405,0.9713569757352701,0.3346423256317241,0.22626791480925612,-0.9065695045687454,-0.6841423458248278,-0.6831906184550289,-0.5238728745736898,-0.6525136639846563,-0.6514128533997506,-0.643735674976877,0.0,0.0,0.8787878787878787,0.8787878787878787,0.3845452551094506,0.220147680604836,0.4210915450340832,1.1429319073690285,-0.4506921424018481,-0.5348600927118335,-0.8660254037844386,0.5000000000000001,-0.9659258262890683,-0.25881904510252063,0.43388373911755823,-0.900968867902419
0.5113837831974264,0.5167792596107107,0.6768160216402405,0.681291583813473,0.064951081181386,0.22626791480925612,-0.3673551604607734,-0.6841423458248278,-0.6831906184550289,-0.6787950354516944,-0.6525136639846563,-0.6514128533997506,-0.6505684099646967,0.0,0.0,0.8787878787878787,0.8787878787878787,0.22667835978372425,0.0,0.44534179563902576,1.1429319073690285,-0.6791251287863431,-0.6476693650484138,-0.8660254037844386,0.5000000000000001,-1.0,-1.8369701987210297e-16,0.43388373911755823,-0.900968867902419
0.5165322302549598,0.6746908290604611,0.6768160216402405,0.5230740973106753,0.22676582785158886,0.22626791480925612,0.0640163148256042,-0.6841423458248278,-0.5710362622315215,-0.6826680894736445,-0.6525136639846563,-0.6514128533997506,-0.6505684099646967,0.0,0.0,0.8787878787878787,0.8787878787878787,0.5161010012142222,0.0,0.47603015136891935,0.9811223246574435,-0.6829968743182837,-0.651087827846492,-0.8660254037844386,0.5000000000000001,-0.9659258262890684,0.2588190451025203,0.43388373911755823,-0.900968867902419
0.3510325164601984,0.6746908290604611,0.6768160216402405,0.681291583813473,0.22676582785158886,0.22626791480925612,-0.5830408981039622,-0.6841423458248278,-0.46661668919584215,-0.6826680894736445,-0.6525136639846563,-0.6377523175850279,-0.6505684099646967,0.0,0.0,0.8787878787878787,0.8787878787878787,0.8055236426447192,0.0,0.4829563285386106,0.3338839938111034,-0.6829968743182837,-0.651087827846492,-0.8660254037844386,0.5000000000000001,-0.8660254037844386,0.5000000000000001,0.43388373911755823,-0.900968867902419
0.42045074428593965,0.6746908290604611,0.6768160216402405,0.5230740973106753,0.22676582785158886,0.22626791480925612,-0.47519802928236776,-0.6841423458248278,-0.304186242251452,-0.6826680894736445,-0.6525136639846563,-0.6377523175850279,-0.6505684099646967,0.0,0.0,0.0,0.0,0.8055236426447192,0.0,0.41354806864273097,0.3338839938111034,-0.6829968743182837,-0.651087827846492,-0.8660254037844386,0.5000000000000001,-0.7071067811865477,0.7071067811865474,0.43388373911755823,-0.900968867902419
0.4562324513357963,0.6746908290604611,0.5188151265545653,0.5230740973106753,0.22676582785158886,0.4959108823174885,-0.47519802928236776,-0.6841423458248278,-0.01413187270789827,-0.6826680894736445,-0.6525136639846563,-0.6445825854923893,-0.6505684099646967,0.0,0.0,0.0,0.0,0.6739678965399476,0.0,0.32584174244741926,0.4956935765226884,-0.6829968743182837,-0.651087827846492,-0.8660254037844386,0.5000000000000001,-0.5000000000000004,0.8660254037844384,0.43388373911755823,-0.900968867902419
0.8791373221940525,0.6746908290604611,0.5188151265545653,0.5230740973106753,0.22676582785158886,0.4959108823174885,-0.2055908572283818,-0.6841423458248278,0.04001160960689843,-0.6826680894736445,-0.6525136639846563,-0.6377523175850279,-0.6505684099646967,0.0,0.0,0.0,0.0,0.6739678965399476,0.0,0.28182654598702483,0.3338839938111034,-0.6829968743182837,-0.651087827846492,-0.8660254037844386,0.5000000000000001,-0.25881904510252157,0.9659258262890681,0.43388373911755823,-0.900968867902419
0.6108489315415988,0.6746908290604611,0.38714771398316894,0.5230740973106753,0.22676582785158886,0.8194824433273673,0.3336234868795902,-0.6841423458248278,0.09028770032778108,-0.6826680894736445,-0.6525136639846563,-0.6377523175850279,-0.6505684099646967,0.0,0.0,0.0,0.0,0.5161010012142222,0.0,0.19645484216997777,0.06420135595846167,-0.6829968743182837,-0.651087827846492,-0.8660254037844386,0.5000000000000001,-2.4492935982947064e-16,1.0,0.43388373911755823,-0.900968867902419
0.12238427472350494,0.6746908290604611,1.1244852243829888,0.5230740973106753,0.22676582785158886,0.06448213430431671,0.3336234868795902,-0.5721183156803384,0.7400094881053415,-0.6826680894736445,-0.6525136639846563,-0.6445825854923893,-0.6505684099646967,0.0,0.0,0.0,0.0,0.6739678965399476,0.0,0.18368723806591114,0.2260109386700467,-0.6829968743182837,-0.651087827846492,-0.8660254037844386,0.5000000000000001,0.25881904510252074,0.9659258262890683,-0.433883739117558,-0.9009688679024191
0.11982149104410013,0.6746908290604611,1.7038218396971327,0.5230740973106753,0.22676582785158886,-0.9062325487253197,0.3336234868795902,-0.4678200807182276,1.0996769063393481,-0.6826680894736445,-0.63886368888812,0.4243543420096677,-0.6505684099646967,0.0,0.0,0.0,0.0,0.6739678965399476,0.0,0.18535858646468506,0.2260109386700467,-0.6829968743182837,-0.651087827846492,-0.8660254037844386,0.5000000000000001,0.49999999999999994,0.8660254037844387,-0.433883739117558,-0.9009688679024191
0.11983293432576,0.6746908290604611,1.4141535320400604,-0.05705668653291797,0.22676582785158886,-0.9062325487253197,0.9806806998091566,-0.30557838188827746,0.29139206321131167,-0.6826680894736445,-0.63886368888812,-0.4225988785031442,-0.6505684099646967,0.0,0.0,0.0,0.0,0.6739678965399476,0.0,0.20395295843930028,0.2260109386700467,-0.6829968743182837,-0.651087827846492,-0.8660254037844386,0.5000000000000001,0.7071067811865476,0.7071067811865476,-0.433883739117558,-0.9009688679024191
0.120988472377141,0.5167792596107107,0.9664843292973129,0.1011607999698797,0.4964570723019269,-0.47480380071214795,0.6571520933443734,-0.015861062549080842,-0.21136884399751482,-0.6826680894736445,-0.645688676436388,-0.5352982989746071,-0.6505684099646967,0.0,0.8787878787878787,0.0,0.0,0.6739678965399476,0.0,0.23116649116253596,0.2260109386700467,-0.6829968743182837,-0.651087827846492,-0.8660254037844386,0.5000000000000001,0.8660254037844386,0.5000000000000001,-0.433883739117558,-0.9009688679024191
0.12033633574985346,0.5167792596107107,0.9664843292973129,0.1011607999698797,0.4964570723019269,-0.9062325487253197,0.4953877901119818,0.038219503727569194,-0.5246275631045528,-0.6826680894736445,-0.63886368888812,-0.6445825854923893,-0.6505684099646967,0.0,0.8787878787878787,0.0,0.0,0.6739678965399476,0.0,0.28741676102606684,0.2260109386700467,-0.6829968743182837,-0.651087827846492,-0.8660254037844386,0.5000000000000001,0.9659258262890683,0.25881904510252074,-0.433883739117558,-0.9009688679024191
0.18763227072953823,0.3851862850692516,0.6768160216402405,0.1011607999698797,0.8200865656423326,-0.366946613708855,0.9806806998091566,0.08843717241302995,-0.6793232268611149,-0.6826680894736445,-0.63886368888812,-0.6514128533997506,-0.6505684099646967,0.0,0.8787878787878787,0.0,0.0,0.6739678965399476,0.0,0.3543418410708553,0.2260109386700467,-0.6829968743182837,-0.651087827846492,-0.8660254037844386,0.5000000000000001,1.0,6.123233995736766e-17,-0.433883739117558,-0.9009688679024191
0.13995191903905546,1.1221069425014227,0.5188151265545653,-0.05705668653291797,0.064951081181386,0.06448213430431671,1.1424450030415483,0.7374039677328305,-0.6831906184550289,-0.6052070090346422,-0.645688676436388,-0.6514128533997506,-0.6198211025195082,0.0,0.8787878787878787,0.0,0.0,0.6739678965399476,0.0052497951615334115,0.37430111427836354,0.2260109386700467,-0.5707162538920065,-0.651087827846492,-0.8660254037844386,0.5000000000000001,0.9659258262890683,-0.25881904510252063,-0.433883739117558,-0.9009688679024191
0.09183682561443851,1.7011160304838424,0.6768160216402405,0.1011607999698797,-0.9059373988398312,-0.582660987715441,0.818916396576765,1.0966534437134343,-0.6831906184550289,-0.04361417585187536,0.42242187486757754,-0.6514128533997506,0.02587235382944951,0.0,0.8787878787878787,0.0,0.0,0.6739678965399476,0.03798478969278807,0.3640748038402649,0.2260109386700467,-0.46617912452961047,-0.6374139766541792,-0.8660254037844386,0.5000000000000001,0.8660254037844387,-0.4999999999999998,-0.433883739117558,-0.9009688679024191
0.09135629702447265,1.4116114864926321,0.5188151265545653,0.5230740973106753,-0.9059373988398312,-0.47480380071214795,0.3336234868795902,0.28930784715487295,-0.6831906184550289,0.235245713728533,-0.4238765811176732,-0.6514128533997506,-0.052704098530476556,0.0,0.0,0.0,0.0,0.6739678965399476,0.2042264524638518,0.3630629084350926,0.2260109386700467,-0.3035658121881055,-0.6374139766541792,-0.8660254037844386,0.5000000000000001,0.7071067811865476,-0.7071067811865475,-0.433883739117558,-0.9009688679024191
0.10986782673286899,0.9641953730516715,0.5188151265545653,0.8131394892324716,-0.47443140771929015,-0.47480380071214795,-0.09774798840678739,-0.21286883969973455,-0.6831906184550289,0.45600979297968963,-0.5364888756640976,-0.6514128533997506,-0.623237470013418,0.8787878787878787,0.0,0.0,0.0,0.5161010012142222,0.4334545600267711,0.36834104214675467,0.4956935765226884,-0.013184897292560954,-0.6442509022503355,-0.8660254037844386,0.5000000000000001,0.49999999999999994,-0.8660254037844387,-0.433883739117558,-0.9009688679024191
0.22316225304126197,0.9641953730516715,0.5188151265545653,0.9713569757352701,-0.9059373988398312,-0.20516083320391562,-0.3134337260499762,-0.5257635445860669,-0.6831906184550289,0.3281990102553358,-0.645688676436388,-0.6514128533997506,-0.6095720000377787,0.8787878787878787,0.0,0.0,0.0,0.5161010012142222,0.6167317423946336,0.38203794484842224,0.4956935765226884,0.04101954015460736,-0.6374139766541792,-0.8660254037844386,0.5000000000000001,0.258819045102521,-0.9659258262890682,-0.433883739117558,-0.9009688679024191
0.12662315936857602,0.6746908290604611,0.5188151265545653,1.2614223676570673,-0.36655490993915496,0.33412510181254906,-0.6908837669255565,-0.6802794482336385,-0.6831906184550289,0.8200768710430005,-0.6525136639846563,-0.6514128533997506,-0.6403193074829672,0.8787878787878787,0.0,0.0,0.0,0.3845452551094506,0.7370390309613157,0.3847969425147013,0.8193127419458585,0.09135223206983509,-0.6374139766541792,-0.8660254037844386,0.5000000000000001,1.2246467991473532e-16,-1.0,-0.433883739117558,-0.9009688679024191
0.09359873403106364,0.5167792596107107,0.5188151265545653,1.2614223676570673,0.064951081181386,0.33412510181254906,-0.4212765948715706,-0.6841423458248278,-0.6831906184550289,0.6302972239674449,-0.6525136639846563,-0.6514128533997506,-0.6164047350255983,0.8787878787878787,0.0,0.0,0.0,1.121257433296172,0.7909728555237947,0.4128101471453469,0.06420135595846167,0.7418054814358549,-0.6442509022503355,-0.8660254037844386,0.5000000000000001,-0.2588190451025208,-0.9659258262890683,-0.433883739117558,-0.9009688679024191
0.09063551786871603,0.6746908290604611,0.5188151265545653,1.1295744622380688,-0.5823079054994255,0.33412510181254906,-0.3134337260499762,-0.6841423458248278,-0.6831906184550289,0.28559541601388455,-0.6525136639846563,-0.6514128533997506,-0.6198211025195082,0.8787878787878787,0.0,0.0,0.0,1.700102716157167,0.7747134230556684,0.4168897922669288,-0.9066561403110486,1.10187781590633,0.42572795354813714,-0.8660254037844386,0.5000000000000001,-0.4999999999999997,-0.8660254037844388,-0.433883739117558,-0.9009688679024191
0.4837480520509402,0.5167792596107107,-0.06052148875957856,1.2614223676570673,-0.47443140771929015,0.9812682238323067,-0.5830408981039622,-0.6841423458248278,-0.6831906184550289,0.21975349764073254,-0.6525136639846563,-0.6514128533997506,-0.6266538375073278,0.0,0.0,0.0,0.0,1.410680074726669,0.6864869303585402,0.4240854872348595,-0.9066561403110486,0.29268299973074596,-0.4220508203752534,-0.8660254037844386,0.5000000000000001,-0.7071067811865471,-0.7071067811865479,-0.433883739117558,-0.9009688679024191
0.5134660211253752,0.5167792596107107,0.09747940632609654,1.1295744622380688,-0.47443140771929015,0.6576966628224279,-0.47519802928236776,-0.6841423458248278,-0.6831906184550289,0.09581576893832883,-0.6525136639846563,-0.6514128533997506,-0.3396789680189022,0.0,0.0,0.8787878787878787,0.8787878787878787,0.9633905379704456,0.5186320781828353,0.48504562928129047,-0.47516391974682176,-0.21064391942153124,-0.5348600927118335,-0.8660254037844386,0.5000000000000001,-0.8660254037844385,-0.5000000000000004,-0.433883739117558,-0.9009688679024191
0.5431839901998103,0.5167792596107107,0.09747940632609654,0.9713569757352701,-0.20474016326895209,0.4959108823174885,-0.2055908572283818,-0.6841423458248278,-0.6831906184550289,-0.4193004159810366,-0.6525136639846563,-0.6514128533997506,-0.5788246925925902,0.0,0.0,0.8787878787878787,0.8787878787878787,0.9633905379704456,0.21501431900177198,0.46376524764162963,-0.9066561403110486,-0.5242553075087194,-0.6442509022503355,-0.8660254037844386,0.5000000000000001,-0.9659258262890683,-0.25881904510252063,-0.433883739117558,-0.9009688679024191
0.5283907856544978,0.5167792596107107,0.09747940632609654,0.9713569757352701,0.3346423256317241,0.9812682238323067,-0.2055908572283818,-0.6841423458248278,-0.6831906184550289,-0.667175873385844,-0.6525136639846563,-0.6514128533997506,-0.6505684099646967,0.0,0.0,0.8787878787878787,0.8787878787878787,0.6739678965399476,0.0,0.468353299008997,-0.3672908646057651,-0.6791251287863431,-0.651087827846492,-0.8660254037844386,0.5000000000000001,-1.0,-1.8369701987210297e-16,-0.433883739117558,-0.9009688679024191
0.4871402951711881,0.5167792596107107,-0.06052148875957856,0.5230740973106753,0.3346423256317241,1.1430540043372461,0.4953877901119818,-0.6841423458248278,-0.605842786576748,-0.6826680894736445,-0.6525136639846563,-0.6206766478166245,-0.6505684099646967,0.0,0.0,0.8787878787878787,0.8787878787878787,0.5161010012142222,0.0,0.4594803653825439,0.06420135595846167,-0.6829968743182837,-0.651087827846492,-0.8660254037844386,0.5000000000000001,-0.9659258262890684,0.2588190451025203,-0.433883739117558,-0.9009688679024191
0.4458898046878783,0.5167792596107107,0.09747940632609654,0.39122619189167684,0.3346423256317241,0.8194824433273673,0.818916396576765,-0.6841423458248278,-0.04507100545921067,-0.6826680894736445,-0.6525136639846563,0.024783669429026597,-0.6505684099646967,0.0,0.0,0.8787878787878787,0.8787878787878787,0.6739678965399476,0.0,0.41585407972451205,-0.5830369748878784,-0.6829968743182837,-0.651087827846492,-0.8660254037844386,0.5000000000000001,-0.8660254037844386,0.5000000000000001,-0.433883739117558,-0.9009688679024191
0.38786110873473395,-0.06222982837170911,0.5188151265545653,0.5230740973106753,0.9819013123125355,0.33412510181254906,0.6571520933443734,-0.6841423458248278,0.23338118930260093,-0.6826680894736445,-0.6525136639846563,-0.05376441150562935,-0.6505684099646967,0.0,0.0,0.0,0.0,0.5161010012142222,0.0,0.3533529945081779,-0.47516391974682176,-0.6829968743182837,-0.651087827846492,-0.8660254037844386,0.5000000000000001,-0.7071067811865477,0.7071067811865474,-0.433883739117558,-0.9009688679024191
0.8467249991595083,0.09568174107804124,0.8084834342116368,0.5230740973106753,0.6582718189721298,-0.09730364620062269,0.4953877901119818,-0.6841423458248278,0.4538225101557018,-0.6826680894736445,-0.6525136639846563,-0.6240917817703051,-0.6505684099646967,0.0,0.0,0.0,0.0,0.5161010012142222,0.0,0.2370985768773909,-0.47516391974682176,-0.6829968743182837,-0.651087827846492,-0.8660254037844386,0.5000000000000001,-0.5000000000000004,0.8660254037844384,-0.433883739117558,-0.9009688679024191
0.5703163405159913,0.09568174107804124,0.9664843292973129,0.5230740973106753,0.4964570723019269,-0.3130180202072086,0.3336234868795902,-0.6841423458248278,0.32619858755653813,-0.6826680894736445,-0.6525136639846563,-0.6104312459555824,-0.6505684099646967,0.0,0.0,0.0,0.0,0.5161010012142222,0.0,0.2048062061005983,-0.20548128189418005,-0.6829968743182837,-0.651087827846492,-0.8660254037844386,0.5000000000000001,-0.25881904510252157,0.9659258262890681,-0.433883739117558,-0.9009688679024191
0.14943364237001272,0.09568174107804124,1.2561526369543852,0.681291583813473,0.9819013123125355,-0.6905181747187339,0.9806806998091566,-0.6841423458248278,0.8173573199836225,-0.6826680894736445,-0.6525136639846563,-0.6411674515387086,-0.6505684099646967,0.0,0.0,0.0,0.0,0.5161010012142222,0.0,0.1892077943809688,0.3338839938111034,-0.6829968743182837,-0.651087827846492,-0.8660254037844386,0.5000000000000001,-2.4492935982947064e-16,1.0,-0.433883739117558,-0.9009688679024191
0.17432065195546237,-0.06222982837170911,1.2561526369543852,0.5230740973106753,1.1437160589827384,-0.4208752072105015,0.2257806180579958,-0.606884394001042,0.6278551318818341,-0.6826680894736445,-0.6218012200174495,-0.6172615138629437,-0.6505684099646967,0.0,0.0,0.0,0.0,0.5161010012142222,0.0,0.1832947726198394,0.3338839938111034,-0.6829968743182837,-0.651087827846492,-0.8660254037844386,0.5000000000000001,0.25881904510252074,0.9659258262890683,-0.9749279121818236,-0.2225209339563146
0.19418222804507332,0.09568174107804124,1.1244852243829888,0.5230740973106753,0.8200865656423326,-0.3130180202072086,0.2257806180579958,-0.04676424327859515,0.2836572800234836,-0.6826680894736445,0.02316010329389072,-0.6206766478166245,-0.6505684099646967,0.0,0.0,0.0,0.0,0.5161010012142222,0.0,0.19575929981099427,0.3338839938111034,-0.6829968743182837,-0.651087827846492,-0.8660254037844386,0.5000000000000001,0.49999999999999994,0.8660254037844387,-0.9749279121818236,-0.2225209339563146
0.15027741792597382,0.5167792596107107,1.2561526369543852,0.5230740973106753,0.3346423256317241,-0.582660987715441,0.3336234868795902,0.23136438328703363,0.21791162292694474,-0.6826680894736445,-0.05532725351119302,-0.6275069157239859,-0.6505684099646967,0.0,0.0,0.0,0.0,-0.06274428164677277,0.0,0.19058877858395795,0.9811223246574435,-0.6829968743182837,-0.651087827846492,-0.8660254037844386,0.5000000000000001,0.7071067811865476,0.7071067811865476,-0.9749279121818236,-0.2225209339563146
0.1498197758993277,0.8062838036019201,1.1244852243829888,0.5230740973106753,-0.09686366548881685,-0.47480380071214795,0.4953877901119818,0.45154954598482305,0.09415509192169513,-0.6826680894736445,-0.6252137137915836,-0.34063566361480757,-0.6505684099646967,0.0,0.8787878787878787,0.0,0.0,0.09512261367895261,0.0,0.18611131044091556,0.6575031592342735,-0.6829968743182837,-0.651087827846492,-0.8660254037844386,0.5000000000000001,0.8660254037844386,0.5000000000000001,-0.9749279121818236,-0.2225209339563146
0.21761909170931776,0.9641953730516715,0.9664843292973129,0.39122619189167684,-0.3126166610490873,-0.20516083320391562,0.818916396576765,0.32407392547557656,-0.42020799006887355,-0.6826680894736445,-0.6115637386950473,-0.5796950403724561,-0.6505684099646967,0.0,0.8787878787878787,0.0,0.0,0.09512261367895261,0.0,0.19298778406225803,0.4956935765226884,-0.6829968743182837,-0.651087827846492,-0.8660254037844386,0.5000000000000001,0.9659258262890683,0.25881904510252074,-0.9749279121818236,-0.2225209339563146
0.7327841338385714,1.2536999170428818,0.9664843292973129,0.23300870538887822,-0.6901844032795607,-0.20516083320391562,1.1424450030415483,0.8146619195566162,-0.6677210520793727,-0.6826680894736445,-0.642276182662254,-0.6514128533997506,-0.6505684099646967,0.0,0.8787878787878787,0.0,0.0,0.09512261367895261,0.0,0.20358102695090907,0.9811223246574435,-0.6829968743182837,-0.651087827846492,-0.8660254037844386,0.5000000000000001,1.0,6.123233995736766e-17,-0.9749279121818236,-0.2225209339563146
0.2276356872050821,1.2536999170428818,0.5188151265545653,0.23300870538887822,-0.42049315882922256,0.4959108823174885,0.9806806998091566,0.6253799375883411,-0.6831906184550289,-0.597460900990742,-0.6183887262433154,-0.6514128533997506,-0.6505684099646967,0.0,0.8787878787878787,0.0,0.0,-0.06274428164677277,0.005277513148192143,0.21498526128961748,1.1429319073690285,-0.6055619636794718,-0.6203216626637883,-0.8660254037844386,0.5000000000000001,0.9659258262890683,-0.25881904510252063,-0.9749279121818236,-0.2225209339563146
0.11347173967314234,1.1221069425014227,0.38714771398316894,0.23300870538887822,-0.3126166610490873,0.8194824433273673,1.358130740684737,0.28158205197249436,-0.6831906184550289,-0.4076812539151863,-0.6218012200174495,-0.6514128533997506,-0.623237470013418,0.0,0.8787878787878787,0.0,0.0,0.09512261367895261,0.037896092880540806,0.27298856977168884,0.8193127419458585,-0.0441588615480857,0.0257678061729892,-0.8660254037844386,0.5000000000000001,0.8660254037844387,-0.4999999999999998,-0.9749279121818236,-0.2225209339563146
0.08909669852768988,1.2536999170428818,0.5188151265545653,0.23300870538887822,-0.5823079054994255,0.6576966628224279,1.358130740684737,0.21591279292227647,-0.6831906184550289,-0.2605052010810819,-0.6286262075657176,-0.6514128533997506,-0.6505684099646967,0.0,0.0,0.0,0.0,0.5161010012142222,0.19657072786467317,0.3283808541562978,0.3338839938111034,0.23460681675163705,-0.05285683818280912,-0.8660254037844386,0.5000000000000001,0.7071067811865476,-0.7071067811865475,-0.9749279121818236,-0.2225209339563146
0.11817398798568945,1.1221069425014227,0.5188151265545653,0.39122619189167684,-0.47443140771929015,0.4959108823174885,1.358130740684737,0.09230007000421923,-0.6831906184550289,-0.12882136433477792,-0.34197673053845534,-0.6514128533997506,-0.6129883675316885,0.8787878787878787,0.0,0.0,0.0,0.8055236426447192,0.4103377221664491,0.3586870600776274,-0.09760822675312336,0.4552963120722509,-0.6237401254618664,-0.8660254037844386,0.5000000000000001,0.49999999999999994,-0.8660254037844387,-0.9749279121818236,-0.2225209339563146
0.17322231658318854,0.9641953730516715,0.5188151265545653,0.39122619189167684,-0.20474016326895209,0.33412510181254906,1.358130740684737,-0.4214653096239561,-0.6831906184550289,-0.039741121829925244,-0.5808512947278406,-0.6514128533997506,-0.623237470013418,0.8787878787878787,0.0,0.0,0.0,0.9633905379704456,0.5786194408894406,0.3675881132919242,-0.31335433703523674,0.32752870951821134,-0.6100662742695537,-0.8660254037844386,0.5000000000000001,0.258819045102521,-0.9659258262890682,-0.9749279121818236,-0.2225209339563146
0.48153991743094454,0.9641953730516715,0.6768160216402405,0.681291583813473,-0.20474016326895209,0.9812682238323067,1.1424450030415483,-0.6686907554600706,-0.6831906184550289,-0.020375851720174663,-0.6525136639846563,-0.6514128533997506,-0.6403193074829672,0.8787878787878787,0.0,0.0,0.0,1.2528131794009436,0.6915482871693739,0.36401559392487826,-0.6909100300289351,0.8192403920746667,-0.6408324394522574,-0.8660254037844386,0.5000000000000001,1.2246467991473532e-16,-1.0,-0.9749279121818236,-0.2225209339563146
0.7056175291879675,0.5167792596107107,0.5188151265545653,1.419639854159865,0.4964570723019269,0.22626791480925612,0.4953877901119818,-0.6841423458248278,-0.6831906184550289,0.8588074112625017,-0.6525136639846563,-0.6514128533997506,-0.18594243079295988,0.8787878787878787,0.0,0.0,0.0,1.2528131794009436,0.7475386654558366,0.3564475833211813,-0.42122739217629346,0.6295248610095776,-0.6169031998657101,-0.8660254037844386,0.5000000000000001,-0.2588190451025208,-0.9659258262890683,-0.9749279121818236,-0.2225209339563146
0.8010811671871035,0.3851862850692516,0.5188151265545653,1.7097052460816622,0.8200865656423326,0.22626791480925612,0.2257806180579958,-0.6841423458248278,-0.6831906184550289,1.1221750847551097,-0.6525136639846563,-0.6514128533997506,0.04637055879290848,0.8787878787878787,0.0,0.0,0.0,1.121257433296172,0.7360911541287857,0.3405485429879094,-0.31335433703523674,0.2849395086668648,-0.6203216626637883,-0.8660254037844386,0.5000000000000001,-0.4999999999999997,-0.8660254037844388,-0.9749279121818236,-0.2225209339563146
0.8965448051862394,0.5167792596107107,0.5188151265545653,1.2614223676570673,0.6582718189721298,0.33412510181254906,0.3875449212903874,-0.6841423458248278,-0.6831906184550289,0.3475642803650864,-0.6525136639846563,-0.6514128533997506,-0.3875081129336398,0.0,0.0,0.0,0.0,1.2528131794009436,0.6517396155572075,0.3276425229017139,-0.5830369748878784,0.2191198346238747,-0.6271585882599446,-0.8660254037844386,0.5000000000000001,-0.7071067811865471,-0.7071067811865479,-0.9749279121818236,-0.2225209339563146
0.9920084431853752,0.5167792596107107,0.5188151265545653,1.1295744622380688,0.4964570723019269,0.4959108823174885,0.6571520933443734,-0.6841423458248278,-0.6831906184550289,0.05321217469687755,-0.6525136639846563,-0.6514128533997506,-0.4934155052448445,0.0,0.0,0.8787878787878787,0.8787878787878787,1.121257433296172,0.49234430201013113,0.3888669583420854,-0.47516391974682176,0.09522397760177567,-0.3400077132213769,-0.8660254037844386,0.5000000000000001,-0.8660254037844385,-0.5000000000000004,-0.9749279121818236,-0.2225209339563146
0.6120244936197355,0.5167792596107107,0.38714771398316894,0.8131394892324716,0.3346423256317241,0.8194824433273673,0.818916396576765,-0.6841423458248278,-0.6831906184550289,-0.5587303607712408,-0.6525136639846563,-0.6514128533997506,-0.6129883675316885,0.0,0.0,0.8787878787878787,0.8787878787878787,0.9633905379704456,0.12876688041393017,0.42426910968006815,-0.20548128189418005,-0.41971817814632334,-0.57930010908685,-0.8660254037844386,0.5000000000000001,-0.9659258262890683,-0.25881904510252063,-0.9749279121818236,-0.2225209339563146
0.470550866093463,0.6746908290604611,0.22914681889749292,0.681291583813473,0.9819013123125355,1.1430540043372461,1.1424450030415483,-0.6841423458248278,-0.6831906184550289,-0.6826680894736445,-0.6525136639846563,-0.6514128533997506,-0.6505684099646967,0.0,0.0,0.8787878787878787,0.8787878787878787,0.9633905379704456,0.0,0.4046817423511263,-0.20548128189418005,-0.6675098921905214,-0.651087827846492,-0.8660254037844386,0.5000000000000001,-1.0,-1.8369701987210297e-16,-0.9749279121818236,-0.2225209339563146
0.5022652999678684,0.5167792596107107,0.22914681889749292,0.681291583813473,0.22676582785158886,0.9812682238323067,0.9806806998091566,-0.6841423458248278,-0.5981080033889198,-0.6826680894736445,-0.6525136639846563,-0.6514128533997506,-0.6505684099646967,0.0,0.0,0.8787878787878787,0.8787878787878787,0.5161010012142222,0.0,0.3991226176396274,0.4956935765226884,-0.6829968743182837,-0.651087827846492,-0.8660254037844386,0.5000000000000001,-0.9659258262890684,0.2588190451025203,-0.9749279121818236,-0.2225209339563146
0.2838281208691965,0.5167792596107107,0.22914681889749292,0.681291583813473,0.22676582785158886,1.358768378343832,1.1424450030415483,-0.6841423458248278,-0.40860581528713136,-0.6826680894736445,-0.6525136639846563,-0.6240917817703051,-0.6505684099646967,0.0,0.0,0.8787878787878787,0.8787878787878787,0.3845452551094506,0.0,0.35790155552540415,0.8193127419458585,-0.6829968743182837,-0.651087827846492,-0.8660254037844386,0.5000000000000001,-0.8660254037844386,0.5000000000000001,-0.9749279121818236,-0.2225209339563146
0.31563980547622067,0.5167792596107107,0.22914681889749292,0.8131394892324716,0.3346423256317241,1.358768378343832,0.818916396576765,-0.6841423458248278,-0.2616449347183975,-0.6826680894736445,-0.6525136639846563,-0.6514128533997506,-0.6505684099646967,0.0,0.0,0.0,0.0,0.5161010012142222,0.0,0.31263859717164055,0.6575031592342735,-0.6829968743182837,-0.651087827846492,-0.8660254037844386,0.5000000000000001,-0.7071067811865477,0.7071067811865474,-0.9749279121818236,-0.2225209339563146
0.5781648391483775,0.5167792596107107,0.38714771398316894,0.8131394892324716,0.4964570723019269,1.358768378343832,0.818916396576765,-0.6841423458248278,-0.13015362052531979,-0.6826680894736445,-0.6525136639846563,-0.613846379909263,-0.6505684099646967,0.0,0.0,0.0,0.0,0.5161010012142222,0.0,0.26179039208488397,0.4956935765226884,-0.6829968743182837,-0.651087827846492,-0.8660254037844386,0.5000000000000001,-0.5000000000000004,0.8660254037844384,-0.9749279121818236,-0.2225209339563146
0.9182884475822022,0.3851862850692516,0.38714771398316894,0.8131394892324716,0.8200865656423326,1.358768378343832,0.818916396576765,-0.6841423458248278,-0.04120361386529662,-0.6826680894736445,-0.6525136639846563,-0.6240917817703051,-0.6505684099646967,0.0,0.0,0.0,0.0,0.5161010012142222,0.0,0.24736147863344116,0.3338839938111034,-0.6829968743182837,-0.651087827846492,-0.8660254037844386,0.5000000000000001,-0.25881904510252157,0.9659258262890681,-0.9749279121818236,-0.2225209339563146
0.1883845068968164,0.22727471561950033,0.6768160216402405,0.1011607999698797,1.1437160589827384,1.1430540043372461,1.1424450030415483,-0.6841423458248278,-0.02186665589572637,-0.6826680894736445,-0.6525136639846563,-0.6411674515387086,-0.6505684099646967,0.0,0.0,0.0,0.0,0.6739678965399476,0.0,0.246927217952979,0.9811223246574435,-0.6829968743182837,-0.651087827846492,-0.8660254037844386,0.5000000000000001,-2.4492935982947064e-16,1.0,-0.9749279121818236,-0.2225209339563146
0.18634514523596277,0.22727471561950033,1.4141535320400604,0.681291583813473,0.9819013123125355,0.4959108823174885,0.9806806998091566,-0.5991585988186634,0.856031235922763,-0.6826680894736445,-0.6525136639846563,-0.1869546356991764,-0.6505684099646967,0.0,0.0,0.0,0.0,0.5161010012142222,0.0,0.23856794058643527,0.2260109386700467,-0.6829968743182837,-0.651087827846492,-0.8660254037844386,0.5000000000000001,0.25881904510252074,0.9659258262890683,-0.7818314824680299,0.6234898018587334
0.174057531987842,0.22727471561950033,1.7038218396971327,0.5230740973106753,1.3594690545430088,0.22626791480925612,1.358130740684737,-0.4098766168503883,1.1190138643089182,-0.6826680894736445,-0.6252137137915836,0.04527447315111076,-0.6505684099646967,0.0,0.0,0.0,0.0,0.5161010012142222,0.0,0.24902391481311714,0.2260109386700467,-0.6829968743182837,-0.651087827846492,-0.8660254037844386,0.5000000000000001,0.49999999999999994,0.8660254037844387,-0.7818314824680299,0.6234898018587334
0.15058060654089392,0.22727471561950033,1.2561526369543852,0.5230740973106753,1.3594690545430088,0.38805369531419553,1.1424450030415483,-0.2630865083851953,0.3455355455261084,-0.6826680894736445,-0.6525136639846563,-0.38844753896633727,-0.6505684099646967,0.0,0.0,0.0,0.0,0.5161010012142222,0.0,0.2461680146910249,0.3338839938111034,-0.6829968743182837,-0.651087827846492,-0.8660254037844386,0.5000000000000001,0.7071067811865476,0.7071067811865476,-0.7818314824680299,0.6234898018587334
0.1532921219911948,0.3851862850692516,1.1244852243829888,0.39122619189167684,1.3594690545430088,0.6576966628224279,1.358130740684737,-0.1317479902847595,0.05161378438864058,-0.6826680894736445,-0.6149762324691814,-0.4943166915304388,-0.6505684099646967,0.0,0.8787878787878787,0.0,0.0,0.5161010012142222,0.0,0.24935095740025848,0.4956935765226884,-0.6829968743182837,-0.651087827846492,-0.8660254037844386,0.5000000000000001,0.8660254037844386,0.5000000000000001,-0.7818314824680299,0.6234898018587334
0.16348032209198282,0.3851862850692516,0.8084834342116368,0.23300870538887822,1.3594690545430088,0.8194824433273673,1.5198950439171286,-0.04290134568740586,-0.5594340874497793,-0.6826680894736445,-0.6252137137915836,-0.613846379909263,-0.6505684099646967,0.0,0.8787878787878787,0.0,0.0,0.3845452551094506,0.0,0.24937075379497908,0.8193127419458585,-0.6829968743182837,-0.651087827846492,-0.8660254037844386,0.5000000000000001,0.9659258262890683,0.25881904510252074,-0.7818314824680299,0.6234898018587334
0.16345172075242922,0.6746908290604611,0.6768160216402405,0.23300870538887822,1.1437160589827384,1.1430540043372461,1.358130740684737,-0.02358685773145942,-0.6831906184550289,-0.6826680894736445,-0.642276182662254,-0.6514128533997506,-0.6505684099646967,0.0,0.8787878787878787,0.0,0.0,0.22667835978372425,0.0,0.24954940793413882,1.1429319073690285,-0.6829968743182837,-0.651087827846492,-0.8660254037844386,0.5000000000000001,1.0,6.123233995736766e-17,-0.7818314824680299,0.6234898018587334
0.14144496868574014,1.4116114864926321,0.6768160216402405,0.23300870538887822,0.4964570723019269,0.9812682238323067,1.358130740684737,0.8532908954685091,-0.6831906184550289,-0.5548573067492907,-0.18841451070242196,-0.6514128533997506,-0.6505684099646967,0.0,0.8787878787878787,0.0,0.0,0.22667835978372425,0.006114597595923368,0.26044541529583665,0.9811223246574435,-0.5978184726155906,-0.651087827846492,-0.8660254037844386,0.5000000000000001,0.9659258262890683,-0.25881904510252063,-0.7818314824680299,0.6234898018587334
0.12783018532283041,1.7011160304838424,0.6768160216402405,0.39122619189167684,0.22676582785158886,1.1430540043372461,1.1424450030415483,1.1159679316693807,-0.6831906184550289,-0.3108549033664334,0.04363506593869517,-0.6514128533997506,-0.6129883675316885,0.0,0.8787878787878787,0.0,0.0,0.22667835978372425,0.0381677286974381,0.2539126050380569,1.358678017651142,-0.40810294155050153,-0.6237401254618664,-0.8660254037844386,0.5000000000000001,0.8660254037844387,-0.4999999999999998,-0.7818314824680299,0.6234898018587334
0.38595045138572254,1.2536999170428818,0.8084834342116368,0.5230740973106753,0.3885805745217917,0.8194824433273673,0.9806806998091566,0.343388413431523,-0.6831906184550289,-0.08621777009332664,-0.3897516433763324,-0.6514128533997506,-0.41825542037882824,0.0,0.0,0.0,0.0,0.22667835978372425,0.1970696524228096,0.2737179888071747,1.358678017651142,-0.260976611336759,-0.651087827846492,-0.8660254037844386,0.5000000000000001,0.7071067811865476,-0.7071067811865475,-0.7818314824680299,0.6234898018587334
0.8605457307016136,1.1221069425014227,0.8084834342116368,0.8131394892324716,0.6582718189721298,0.8194824433273673,0.6571520933443734,0.04980819650113706,-0.6831906184550289,1.002110410074656,-0.49553895037448875,-0.6514128533997506,0.5314947429281042,0.8787878787878787,0.0,0.0,0.0,0.3845452551094506,0.4183371592198917,0.3253877314699215,1.358678017651142,-0.12933726325077877,-0.6134847370676318,-0.8660254037844386,0.5000000000000001,0.49999999999999994,-0.8660254037844387,-0.7818314824680299,0.6234898018587334
0.44923629527527503,0.8062838036019201,0.8084834342116368,0.681291583813473,0.8200865656423326,0.8194824433273673,0.818916396576765,-0.5605296229067706,-0.6831906184550289,1.2538589215014135,-0.6149762324691814,-0.6514128533997506,0.4973310679890059,0.8787878787878787,0.0,0.0,0.0,0.3845452551094506,0.5890026064351104,0.34831282729036206,1.358678017651142,-0.04028711601614511,-0.6237401254618664,-0.8660254037844386,0.5000000000000001,0.258819045102521,-0.9659258262890682,-0.7818314824680299,0.6234898018587334
0.14520906011086746,0.6746908290604611,0.09747940632609654,0.9713569757352701,1.1437160589827384,1.1430540043372461,0.2257806180579958,-0.6841423458248278,-0.6831906184550289,1.8735475650134321,-0.6525136639846563,-0.6514128533997506,1.515408581174135,0.8787878787878787,0.0,0.0,0.0,0.6739678965399476,0.7033006879677384,0.35961526257471843,1.1429319073690285,-0.020928388356442142,-0.6408324394522574,-0.8660254037844386,0.5000000000000001,1.2246467991473532e-16,-1.0,-0.7818314824680299,0.6234898018587334
0.0899833846737265,0.6746908290604611,0.6768160216402405,0.9713569757352701,0.9819013123125355,0.9812682238323067,0.2257806180579958,-0.6841423458248278,-0.6831906184550289,1.8580553489256317,-0.6525136639846563,-0.6514128533997506,1.7408888357721835,0.8787878787878787,0.0,0.0,0.0,1.410680074726669,0.7395170229333933,0.3670622411454926,0.4956935765226884,0.8579578473940727,-0.18617688730785845,-0.8660254037844386,0.5000000000000001,-0.2588190451025208,-0.9659258262890683,-0.7818314824680299,0.6234898018587334
0.15618096711964732,0.6746908290604611,0.5188151265545653,1.1295744622380688,1.1437160589827384,1.358768378343832,-0.04382655399599019,-0.6841423458248278,-0.6831906184550289,1.46300383868672,-0.6525136639846563,-0.6514128533997506,1.4573303337776677,0.8787878787878787,0.0,0.0,0.0,1.700102716157167,0.7412411066364896,0.38495562099036573,0.2260109386700467,1.121236543566033,0.04627858296145833,-0.8660254037844386,0.5000000000000001,-0.4999999999999997,-0.8660254037844388,-0.7818314824680299,0.6234898018587334
0.1718722907957622,0.8062838036019201,0.5188151265545653,0.8131394892324716,0.8200865656423326,1.1430540043372461,0.3336234868795902,-0.6841423458248278,-0.6831906184550289,0.9130301675698034,-0.6525136639846563,-0.6514128533997506,1.2489319166491681,0.0,0.0,0.0,0.0,1.2528131794009436,0.6669013873881239,0.3767350208261657,0.38782052138163176,0.34688743717791426,-0.3878661923944715,-0.8660254037844386,0.5000000000000001,-0.7071067811865471,-0.7071067811865479,-0.7818314824680299,0.6234898018587334
0.7882272110334618,0.8062838036019201,0.38714771398316894,0.681291583813473,0.8200865656423326,1.358768378343832,0.3336234868795902,-0.6841423458248278,-0.6831906184550289,0.24299182177243325,-0.6525136639846563,-0.6514128533997506,0.873131492319087,0.0,0.0,0.8787878787878787,0.8787878787878787,1.121257433296172,0.501945832386042,0.3879085874711511,0.6575031592342735,0.052634776750429144,-0.49383853913489534,-0.8660254037844386,0.5000000000000001,-0.8660254037844385,-0.5000000000000004,-0.7818314824680299,0.6234898018587334
0.9471483421470482,0.8062838036019201,0.22914681889749292,0.39122619189167684,0.8200865656423326,1.5205541588487714,0.6571520933443734,-0.6841423458248278,-0.6831906184550289,-0.43091957804688696,-0.6525136639846563,-0.6514128533997506,-0.1756933283112304,0.0,0.0,0.8787878787878787,0.8787878787878787,0.8055236426447192,0.19807304958016897,0.3749065817608772,0.8193127419458585,-0.5591010172961847,-0.6134847370676318,-0.8660254037844386,0.5000000000000001,-0.9659258262890683,-0.25881904510252063,-0.7818314824680299,0.6234898018587334
0.5180081184114527,0.09568174107804124,0.22914681889749292,0.23300870538887822,1.1437160589827384,1.358768378343832,0.818916396576765,-0.6841423458248278,-0.6831906184550289,-0.6710489274077942,-0.6525136639846563,-0.6514128533997506,-0.6505684099646967,0.0,0.0,0.8787878787878787,0.8787878787878787,0.6739678965399476,0.0,0.3988408071253907,1.1429319073690285,-0.6829968743182837,-0.651087827846492,-0.8660254037844386,0.5000000000000001,-1.0,-1.8369701987210297e-16,-0.7818314824680299,0.6234898018587334
0.4228419233603208,0.6746908290604611,0.22914681889749292,0.23300870538887822,0.9819013123125355,1.358768378343832,0.818916396576765,-0.6841423458248278,-0.5555666958558653,-0.6826680894736445,-0.6525136639846563,-0.6514128533997506,-0.6505684099646967,0.0,0.0,0.8787878787878787,0.8787878787878787,0.6739678965399476,0.0,0.42964322901580876,0.9811223246574435,-0.6829968743182837,-0.651087827846492,-0.8660254037844386,0.5000000000000001,-0.9659258262890684,0.2588190451025203,-0.7818314824680299,0.6234898018587334
0.23448313895309164,0.5167792596107107,0.38714771398316894,0.23300870538887822,1.3594690545430088,1.1430540043372461,0.9806806998091566,-0.6841423458248278,-0.31192102543928013,-0.6826680894736445,-0.6525136639846563,-0.613846379909263,-0.6505684099646967,0.0,0.0,0.8787878787878787,0.8787878787878787,0.6739678965399476,0.0,0.3914741409657986,1.1429319073690285,-0.6829968743182837,-0.651087827846492,-0.8660254037844386,0.5000000000000001,-0.8660254037844386,0.5000000000000001,-0.7818314824680299,0.6234898018587334
0.27392594102854073,0.5167792596107107,0.5188151265545653,0.23300870538887822,1.1437160589827384,0.9812682238323067,1.1424450030415483,-0.6841423458248278,-0.08761231299226523,-0.6826680894736445,-0.6525136639846563,-0.41918374454946356,-0.6505684099646967,0.0,0.0,0.0,0.0,0.8055236426447192,0.0,0.3424734798737762,0.8193127419458585,-0.6829968743182837,-0.651087827846492,-0.8660254037844386,0.5000000000000001,-0.7071067811865477,0.7071067811865474,-0.7818314824680299,0.6234898018587334
0.24087293151296488,0.3851862850692516,0.8084834342116368,0.23300870538887822,1.3594690545430088,0.6576966628224279,1.1424450030415483,-0.6841423458248278,0.9991247248975827,-0.6826680894736445,-0.6525136639846563,0.5302234945737692,-0.6505684099646967,0.0,0.0,0.0,0.0,0.8055236426447192,0.0,0.25484672852668666,0.8193127419458585,-0.6829968743182837,-0.651087827846492,-0.8660254037844386,0.5000000000000001,-0.5000000000000004,0.8660254037844384,-0.7818314824680299,0.6234898018587334
0.2432126055229825,0.22727471561950033,0.6768160216402405,0.23300870538887822,1.5212838012132117,0.8194824433273673,0.9806806998091566,-0.6841423458248278,1.250505178501996,-0.6826680894736445,-0.6525136639846563,0.4960721550369623,-0.6505684099646967,0.0,0.0,0.0,0.0,0.8055236426447192,0.0,0.22195738248534846,0.8193127419458585,-0.6829968743182837,-0.651087827846492,-0.8660254037844386,0.5000000000000001,-0.25881904510252157,0.9659258262890681,-0.7818314824680299,0.6234898018587334
0.242102840598241,0.22727471561950033,0.9664843292973129,-0.05705668653291797,1.3594690545430088,0.22626791480925612,1.1424450030415483,-0.6841423458248278,1.8692878335282441,-0.6826680894736445,-0.6525136639846563,1.513782073233809,-0.6505684099646967,0.0,0.0,0.0,0.0,0.09512261367895261,0.0,0.20640658455234817,1.1429319073690285,-0.6829968743182837,-0.651087827846492,-0.8660254037844386,0.5000000000000001,-2.4492935982947064e-16,1.0,-0.7818314824680299,0.6234898018587334
0.19631596760508763,0.22727471561950033,0.9664843292973129,-0.05705668653291797,1.3594690545430088,0.22626791480925612,1.1424450030415483,-0.5566667253155813,1.8538182671525878,-0.6826680894736445,-0.6525136639846563,1.7391809141767347,-0.6505684099646967,0.0,0.0,0.0,0.0,0.6739678965399476,0.0,0.1908483290383095,0.9811223246574435,-0.6829968743182837,-0.651087827846492,-0.8660254037844386,0.5000000000000001,0.25881904510252074,0.9659258262890683,-2.4492935982947064e-16,1.0
0.13714315972073188,0.3851862850692516,1.1244852243829888,-0.18890459195191697,1.1437160589827384,-0.04337505269897623,1.1424450030415483,-0.31330417707065605,1.4593443245733546,-0.6826680894736445,-0.6149762324691814,1.4557247960212372,-0.6505684099646967,0.0,0.0,0.0,0.0,0.5161010012142222,0.0,0.19648945640943993,1.358678017651142,-0.6829968743182837,-0.651087827846492,-0.8660254037844386,0.5000000000000001,0.49999999999999994,0.8660254037844387,-2.4492935982947064e-16,1.0
0.1377952929157214,0.5167792596107107,0.8084834342116368,-0.18890459195191697,0.9819013123125355,0.33412510181254906,0.818916396576765,-0.08925611678167733,0.9101747182375597,-0.6826680894736445,-0.4204640873435391,1.2474016248467148,-0.6505684099646967,0.0,0.0,0.0,0.0,0.5161010012142222,0.0,0.19944270972026534,1.1429319073690285,-0.6829968743182837,-0.651087827846492,-0.8660254037844386,0.5000000000000001,0.7071067811865476,0.7071067811865476,-2.4492935982947064e-16,1.0
0.1387906593468445,0.8062838036019201,0.6768160216402405,-0.5053395649575132,0.6582718189721298,0.33412510181254906,1.1424450030415483,0.9962181063425127,0.24111597249042904,-0.6826680894736445,0.5282091818657338,0.8717368899418385,-0.6505684099646967,0.0,0.8787878787878787,0.0,0.0,0.3845452551094506,0.0,0.22712472809408546,1.358678017651142,-0.6829968743182837,-0.651087827846492,-0.8660254037844386,0.5000000000000001,0.8660254037844386,0.5000000000000001,-2.4492935982947064e-16,1.0
0.13847603088256258,0.6746908290604611,0.38714771398316894,-0.5053395649575132,0.8200865656423326,0.6576966628224279,1.358130740684737,1.2473064497698165,-0.4318101648506157,-0.6826680894736445,0.4940842441243931,-0.1767092338381343,-0.6505684099646967,0.0,0.8787878787878787,0.0,0.0,0.22667835978372425,0.0,0.26504263498055214,1.520487600362727,-0.6829968743182837,-0.651087827846492,-0.8660254037844386,0.5000000000000001,0.9659258262890683,0.25881904510252074,-2.4492935982947064e-16,1.0
0.13797262259387302,0.9641953730516715,0.22914681889749292,-0.5053395649575132,0.22676582785158886,0.8194824433273673,1.1424450030415483,1.8653700643601026,-0.6715884436732867,-0.6826680894736445,1.5110073888163478,-0.6514128533997506,-0.6505684099646967,0.0,0.8787878787878787,0.0,0.0,0.22667835978372425,0.0,0.34273388057431775,1.358678017651142,-0.6829968743182837,-0.651087827846492,-0.8660254037844386,0.5000000000000001,1.0,6.123233995736766e-17,-2.4492935982947064e-16,1.0
0.13708595017702857,0.9641953730516715,0.22914681889749292,-0.18890459195191697,0.22676582785158886,0.8194824433273673,0.818916396576765,1.8499184739953456,-0.6831906184550289,-0.6090800630565923,1.7362319779091966,-0.6514128533997506,-0.6369029399890573,0.0,0.8787878787878787,0.0,0.0,0.22667835978372425,0.01029447671621533,0.4280304758966216,1.358678017651142,-0.5552292717642441,-0.651087827846492,-0.8660254037844386,0.5000000000000001,0.9659258262890683,-0.25881904510252063,-2.4492935982947064e-16,1.0
0.14000912515046074,1.1221069425014227,0.22914681889749292,0.23300870538887822,-0.04292541659874924,0.9812682238323067,0.4953877901119818,1.455902919694038,-0.6831906184550289,-0.24501298499328142,1.4529949946560685,-0.6514128533997506,-0.4455863603301069,0.0,0.8787878787878787,0.0,0.0,0.3845452551094506,0.10083265319937568,0.45667496271337527,1.1429319073690285,-0.3113093032519867,-0.6134847370676318,-0.8660254037844386,0.5000000000000001,0.8660254037844387,-0.4999999999999998,-2.4492935982947064e-16,1.0
0.13838450522307177,0.8062838036019201,0.22914681889749292,0.5230740973106753,0.3346423256317241,1.1430540043372461,0.3336234868795902,0.9073714617451591,-0.6831906184550289,0.2623570918821838,1.24483287443389,-0.6514128533997506,-0.34651170300672185,0.0,0.0,0.0,0.0,0.5161010012142222,0.2420449339705944,0.4735309909870318,0.9811223246574435,-0.08674806239943224,-0.4186323575771752,-0.8660254037844386,0.5000000000000001,0.7071067811865476,-0.7071067811865475,-2.4492935982947064e-16,1.0
0.1694582388872534,0.6746908290604611,0.22914681889749292,1.1295744622380688,0.3346423256317241,1.1430540043372461,-0.2055908572283818,0.2390901784694122,-0.6831906184550289,-0.07072555400552617,0.8694585592791414,-0.6514128533997506,-0.643735674976877,0.8787878787878787,0.0,0.0,0.0,0.8055236426447192,0.2953411728617397,0.49766020955905144,0.6575031592342735,1.0012124320758746,0.531700300288561,-0.8660254037844386,0.5000000000000001,0.49999999999999994,-0.8660254037844387,-2.4492935982947064e-16,1.0
0.33871057679939603,0.3851862850692516,0.22914681889749292,1.1295744622380688,0.6582718189721298,0.9812682238323067,0.0640163148256042,-0.433054002397524,-0.6831906184550289,1.6217990535866746,-0.17817702938001972,-0.6514128533997506,1.2455155491552583,0.8787878787878787,0.0,0.0,0.0,0.6739678965399476,0.36775174376128766,0.5168481148377333,0.8193127419458585,1.2528758916520133,0.4975156723077791,-0.8660254037844386,0.5000000000000001,0.258819045102521,-0.9659258262890682,-2.4492935982947064e-16,1.0
0.22561064852394253,0.22727471561950033,-0.06052148875957856,1.2614223676570673,0.8200865656423326,1.1430540043372461,0.0640163148256042,-0.6725536530512599,-0.6831906184550289,1.6915140259817767,-0.6525136639846563,-0.6514128533997506,1.0268680295450292,0.8787878787878787,0.0,0.0,0.0,0.9633905379704456,0.10852717417219503,0.5240777684336061,0.2260109386700467,1.8723551767625084,1.516217586135079,-0.8660254037844386,0.5000000000000001,1.2246467991473532e-16,-1.0,-2.4492935982947064e-16,1.0
0.2334076626857533,0.22727471561950033,-0.06052148875957856,1.1295744622380688,0.8200865656423326,1.1430540043372461,0.2257806180579958,-0.6841423458248278,-0.6831906184550289,1.7108792960915273,-0.6525136639846563,-0.6514128533997506,1.252348284143078,0.8787878787878787,0.0,0.0,0.0,0.9633905379704456,0.2078076265049161,0.5511144704372215,0.2260109386700467,1.8568681946347458,1.7418361308082395,-0.8660254037844386,0.5000000000000001,-0.2588190451025208,-0.9659258262890683,-2.4492935982947064e-16,1.0
0.2661746793995812,0.22727471561950033,-0.1921889013309754,0.8131394892324716,0.9819013123125355,1.1430540043372461,0.4953877901119818,-0.6841423458248278,-0.6831906184550289,0.7542349526698486,-0.6525136639846563,-0.6514128533997506,-0.08345140597566501,0.8787878787878787,0.0,0.0,0.0,1.121257433296172,0.2300929234350107,0.5540913052749017,-0.043671699182595024,1.4619501503768053,1.45810371856775,-0.8660254037844386,0.5000000000000001,-0.4999999999999997,-0.8660254037844388,-2.4492935982947064e-16,1.0
0.21830557191077707,0.22727471561950033,-0.1921889013309754,0.681291583813473,1.1437160589827384,0.8194824433273673,0.6571520933443734,-0.6841423458248278,-0.6831906184550289,0.3204529022114356,-0.6525136639846563,-0.6514128533997506,-0.39434084792145946,0.0,0.0,0.0,0.0,0.8055236426447192,0.10334390680866246,0.5480166547862688,0.3338839938111034,0.912162284841241,1.2495774878849806,-0.8660254037844386,0.5000000000000001,-0.7071067811865471,-0.7071067811865479,-2.4492935982947064e-16,1.0
0.2128768125047493,0.22727471561950033,-0.5081906915023265,0.681291583813473,1.1437160589827384,1.1430540043372461,0.6571520933443734,-0.6841423458248278,-0.6831906184550289,-0.09396387813722687,-0.6525136639846563,-0.6514128533997506,-0.16886059332341075,0.0,0.0,0.8787878787878787,0.8787878787878787,0.6739678965399476,0.01429695995022143,0.5458848417340986,0.3338839938111034,0.24235030781551825,0.8735465800963798,-0.8660254037844386,0.5000000000000001,-0.8660254037844385,-0.5000000000000004,-2.4492935982947064e-16,1.0
0.21604596654939823,0.22727471561950033,-0.5081906915023265,0.39122619189167684,0.9819013123125355,1.358768378343832,0.9806806998091566,-0.6841423458248278,-0.6831906184550289,-0.53161898261759,-0.6525136639846563,-0.6514128533997506,-0.643735674976877,0.0,0.0,0.8787878787878787,0.8787878787878787,0.3845452551094506,0.0,0.5330196949285938,0.6575031592342735,-0.4313334147421451,-0.17592149891362388,-0.8660254037844386,0.5000000000000001,-0.9659258262890683,-0.25881904510252063,-2.4492935982947064e-16,1.0
0.24879582177303433,-0.06222982837170911,-0.5081906915023265,0.23300870538887822,1.1437160589827384,1.1430540043372461,1.1424450030415483,-0.6841423458248278,-0.6831906184550289,-0.6749219814297444,-0.6525136639846563,-0.6514128533997506,-0.6505684099646967,0.0,0.0,0.8787878787878787,0.8787878787878787,0.22667835978372425,0.0,0.5556885388401422,0.8193127419458585,-0.671381637722462,-0.651087827846492,-0.8660254037844386,0.5000000000000001,-1.0,-1.8369701987210297e-16,-2.4492935982947064e-16,1.0
0.3311137582852684,-0.06222982837170911,-0.1921889013309754,0.23300870538887822,1.1437160589827384,0.8194824433273673,1.1424450030415483,-0.6841423458248278,-0.609710178170662,-0.6826680894736445,-0.6525136639846563,-0.6377523175850279,-0.6505684099646967,0.0,0.0,0.8787878787878787,0.8787878787878787,0.22667835978372425,0.0,0.5583932948970834,0.8193127419458585,-0.6829968743182837,-0.651087827846492,-0.8660254037844386,0.5000000000000001,-0.9659258262890684,0.2588190451025203,-2.4492935982947064e-16,1.0
0.42989529582914143,-0.19382280291316867,0.22914681889749292,0.39122619189167684,1.1437160589827384,0.4959108823174885,1.1424450030415483,-0.6841423458248278,-0.24617536834274129,-0.6826680894736445,-0.6525136639846563,-0.4465048161789091,-0.6505684099646967,0.0,0.0,0.8787878787878787,0.8787878787878787,0.22667835978372425,0.0,0.5016551373795524,0.9811223246574435,-0.6829968743182837,-0.651087827846492,-0.8660254037844386,0.5000000000000001,-0.8660254037844386,0.5000000000000001,-2.4492935982947064e-16,1.0
0.5265373790367662,-0.19382280291316867,0.5188151265545653,0.39122619189167684,0.8200865656423326,0.33412510181254906,0.9806806998091566,-0.6841423458248278,0.2604529304599993,-0.6826680894736445,-0.6525136639846563,-0.347465931522169,-0.6505684099646967,0.0,0.0,0.0,0.0,0.22667835978372425,0.0,0.4196320923273118,1.1429319073690285,-0.6829968743182837,-0.651087827846492,-0.8660254037844386,0.5000000000000001,-0.7071067811865477,0.7071067811865474,-2.4492935982947064e-16,1.0
0.4476173832595238,-0.5096459418126703,1.1244852243829888,0.39122619189167684,1.1437160589827384,-0.20516083320391562,0.9806806998091566,-0.6841423458248278,-0.07214274661660902,-0.6826680894736445,-0.6525136639846563,-0.6445825854923893,-0.6505684099646967,0.0,0.0,0.0,0.0,0.22667835978372425,0.0,0.34995508292794253,1.1429319073690285,-0.6829968743182837,-0.651087827846492,-0.8660254037844386,0.5000000000000001,-0.5000000000000004,0.8660254037844384,-2.4492935982947064e-16,1.0
0.3396716099532415,-0.5096459418126703,1.1244852243829888,0.39122619189167684,1.3594690545430088,0.06448213430431671,0.818916396576765,-0.6841423458248278,1.6179073799238308,-0.6826680894736445,-0.6525136639846563,1.243986490893034,-0.6505684099646967,0.0,0.0,0.0,0.0,0.22667835978372425,0.0,0.3075909006652765,0.9811223246574435,-0.6829968743182837,-0.651087827846492,-0.8660254037844386,0.5000000000000001,-0.25881904510252157,0.9659258262890681,-2.4492935982947064e-16,1.0
0.1480521424095746,-0.5096459418126703,1.2561526369543852,-0.05705668653291797,1.1437160589827384,0.06448213430431671,-1.7153910207307033,-0.6841423458248278,1.6875204286142838,-0.6826680894736445,-0.6525136639846563,1.0254179178574698,-0.6505684099646967,0.0,0.0,0.0,0.0,-0.06274428164677277,0.0,0.2886396813891916,1.1429319073690285,-0.6829968743182837,-0.651087827846492,-0.8660254037844386,0.5000000000000001,-2.4492935982947064e-16,1.0,-2.4492935982947064e-16,1.0
0.14674214751416953,-0.19382280291316867,1.1244852243829888,0.23300870538887822,0.8200865656423326,0.22626791480925612,0.818916396576765,-0.6107472915922313,1.7068573865838539,-0.6826680894736445,-0.63886368888812,1.2508167588003956,-0.6505684099646967,0.0,0.0,0.0,0.0,-0.06274428164677277,0.0,0.2410734778147463,1.1429319073690285,-0.6829968743182837,-0.651087827846492,-0.8660254037844386,0.5000000000000001,0.25881904510252074,0.9659258262890683,0.7818314824680298,0.6234898018587336
0.14090724428126314,0.22727471561950033,0.8084834342116368,0.1011607999698797,0.4964570723019269,0.4959108823174885,0.9806806998091566,-0.24763491802043816,0.7516116628870837,-0.6826680894736445,-0.4477640375366117,-0.08450061708875559,-0.6505684099646967,0.0,0.0,0.0,0.0,-0.19430002775154487,0.0,0.23695613503077295,1.1429319073690285,-0.6829968743182837,-0.651087827846492,-0.8660254037844386,0.5000000000000001,0.49999999999999994,0.8660254037844387,0.7818314824680298,0.6234898018587336
0.1363937689285275,0.5167792596107107,0.6768160216402405,0.23300870538887822,0.3346423256317241,0.6576966628224279,0.6571520933443734,0.25840466642535864,0.31846380436871,-0.6826680894736445,-0.3488017180867235,-0.3952778068736987,-0.6505684099646967,0.0,0.0,0.0,0.0,-0.19430002775154487,0.0,0.2373745995711788,0.8193127419458585,-0.6829968743182837,-0.651087827846492,-0.8660254037844386,0.5000000000000001,0.7071067811865476,0.7071067811865476,0.7818314824680298,0.6234898018587336
0.13587892079047614,1.1221069425014227,0.6768160216402405,0.1011607999698797,-0.20474016326895209,0.6576966628224279,0.6571520933443734,-0.07380452641692017,-0.09534709618009332,-0.6826680894736445,-0.645688676436388,-0.16987896593077292,-0.6505684099646967,0.0,0.8787878787878787,0.0,0.0,-0.5100338184029966,0.0,0.2366210560805484,1.1429319073690285,-0.6829968743182837,-0.651087827846492,-0.8660254037844386,0.5000000000000001,0.8660254037844386,0.5000000000000001,0.7818314824680298,0.6234898018587336
0.13558717888951397,1.1221069425014227,0.38714771398316894,-0.05705668653291797,0.064951081181386,0.9812682238323067,0.6571520933443734,1.6142817209327989,-0.532362346292381,-0.6826680894736445,1.2414203806597557,-0.6445825854923893,-0.6505684099646967,0.0,0.8787878787878787,0.0,0.0,-0.5100338184029966,0.0,0.29948016665030197,1.358678017651142,-0.6829968743182837,-0.651087827846492,-0.8660254037844386,0.5000000000000001,0.9659258262890683,0.25881904510252074,0.7818314824680298,0.6234898018587336
0.14767458962535548,1.2536999170428818,0.22914681889749292,-0.18890459195191697,0.064951081181386,1.1430540043372461,0.3336234868795902,1.6838138775742062,-0.6754558352672009,-0.6826680894736445,1.0230207791151749,-0.6514128533997506,-0.6505684099646967,0.0,0.8787878787878787,0.0,0.0,-0.5100338184029966,0.0,0.4246482887489328,1.1429319073690285,-0.6829968743182837,-0.651087827846492,-0.8660254037844386,0.5000000000000001,1.0,6.123233995736766e-17,0.7818314824680298,0.6234898018587336
0.1458039871944517,1.1221069425014227,0.22914681889749292,0.1011607999698797,0.22676582785158886,1.1430540043372461,-0.3673551604607734,1.7031283655301526,-0.6831906184550289,-0.5548573067492907,1.248245368208024,-0.6514128533997506,-0.462668197799656,0.0,0.8787878787878787,0.0,0.0,-0.19430002775154487,0.0,0.4333985000940135,0.8193127419458585,-0.6094337092114124,-0.6374139766541792,-0.8660254037844386,0.5000000000000001,0.9659258262890683,-0.25881904510252063,0.7818314824680298,0.6234898018587336
0.10534863660389954,0.8062838036019201,0.38714771398316894,0.23300870538887822,0.4964570723019269,1.1430540043372461,-0.47519802928236776,0.7489926605063982,-0.6831906184550289,0.06870439078467801,-0.0860396974783997,-0.6514128533997506,0.6647330751905876,0.0,0.8787878787878787,0.0,0.0,0.22667835978372425,0.0030212653354774054,0.4715359344003307,0.4956935765226884,-0.24548962920899658,-0.4459800599618007,-0.8660254037844386,0.5000000000000001,0.8660254037844387,-0.4999999999999998,0.7818314824680298,0.6234898018587336
0.10619526783182855,0.6746908290604611,0.38714771398316894,0.39122619189167684,0.6582718189721298,0.9812682238323067,-0.7448052013363538,0.31634813029319797,-0.6831906184550289,0.6845199802747465,-0.39657663092460055,-0.6514128533997506,1.132775421856234,0.0,0.0,0.0,0.0,0.5161010012142222,0.10782313707157946,0.5379633131061812,0.3338839938111034,0.26170903547522123,-0.34684463881753325,-0.8660254037844386,0.5000000000000001,0.7071067811865476,-0.7071067811865475,0.7818314824680298,0.6234898018587336
0.10545160211275217,0.6746908290604611,0.38714771398316894,0.681291583813473,0.6582718189721298,0.9812682238323067,-1.0144123733903398,-0.0969819119640559,-0.6831906184550289,1.3545583260721166,-0.17135204183175157,-0.6514128533997506,1.4675794362593972,0.8787878787878787,0.0,0.0,0.0,1.121257433296172,0.21865646827616803,0.5390120866593452,-0.20548128189418005,-0.07126108027166986,-0.6442509022503355,-0.8660254037844386,0.5000000000000001,0.49999999999999994,-0.8660254037844387,0.7818314824680298,0.6234898018587336
0.1834791695093398,0.3851862850692516,0.38714771398316894,0.681291583813473,0.9819013123125355,0.8194824433273673,-0.798726635747151,-0.5334893397684455,-0.6831906184550289,1.563703243257423,-0.645688676436388,-0.6514128533997506,1.3992520863812006,0.8787878787878787,0.0,0.0,0.0,1.121257433296172,0.09153602559943325,0.5859699544508774,0.06420135595846167,1.6206917171863697,1.2461590250869023,-0.8660254037844386,0.5000000000000001,0.258819045102521,-0.9659258262890682,0.7818314824680298,0.6234898018587336
0.1892397188698413,0.22727471561950033,-0.06052148875957856,0.681291583813473,1.1437160589827384,-1.7151614512500166,-0.6908837669255565,-0.6764165506424492,-0.6831906184550289,1.9858661316499853,-0.6525136639846563,-0.6514128533997506,1.894625372998126,0.8787878787878787,0.0,0.0,0.0,1.2528131794009436,0.12729783364029834,0.6262676799347583,0.06420135595846167,1.6903831367613005,1.0273774060098984,-0.8660254037844386,0.5000000000000001,1.2246467991473532e-16,-1.0,0.7818314824680298,0.6234898018587336
0.1052227810994291,0.22727471561950033,0.22914681889749292,0.8131394892324716,1.1437160589827384,0.8194824433273673,-0.9065695045687454,-0.6841423458248278,-0.6831906184550289,1.8503092408817314,-0.6525136639846563,-0.6514128533997506,1.8160489206381998,0.8787878787878787,0.0,0.0,0.0,1.121257433296172,0.17166330963614643,0.6042153669501212,0.2260109386700467,1.7097418644210034,1.2529959506830586,-0.8660254037844386,0.5000000000000001,-0.2588190451025208,-0.9659258262890683,0.7818314824680298,0.6234898018587336
0.10579482848428967,0.3851862850692516,0.09747940632609654,0.681291583813473,1.1437160589827384,0.9812682238323067,-0.5830408981039622,-0.6841423458248278,-0.6831906184550289,1.5133535409720713,-0.6525136639846563,-0.6514128533997506,1.7067251608330853,0.8787878787878787,0.0,0.0,0.0,0.8055236426447192,0.20606139055143854,0.5929612830153539,0.4956935765226884,0.7534207180316767,-0.0836230033655128,-0.8660254037844386,0.5000000000000001,-0.4999999999999997,-0.8660254037844388,0.7818314824680298,0.6234898018587336
0.18204333970325257,0.3851862850692516,0.22914681889749292,0.5230740973106753,0.9819013123125355,0.6576966628224279,-0.5830408981039622,-0.6841423458248278,-0.6831906184550289,0.9478876537673544,-0.6525136639846563,-0.6514128533997506,1.450497598789848,0.0,0.0,0.0,0.0,0.6739678965399476,0.027363241984637274,0.5846178069108316,0.6575031592342735,0.3197852184543301,-0.3947031179906279,-0.8660254037844386,0.5000000000000001,-0.7071067811865471,-0.7071067811865479,0.7818314824680298,0.6234898018587336
0.20558317574094567,0.3851862850692516,0.09747940632609654,0.39122619189167684,0.9819013123125355,0.6576966628224279,-0.2055908572283818,-0.6841423458248278,-0.6831906184550289,0.22362655166268267,-0.6525136639846563,-0.6514128533997506,0.9038787997642754,0.0,0.0,0.8787878787878787,0.8787878787878787,0.6739678965399476,0.03142116039368154,0.6036716703654935,0.6575031592342735,-0.09449155346331342,-0.16908457331746748,-0.8660254037844386,0.5000000000000001,-0.8660254037844385,-0.5000000000000004,0.7818314824680298,0.6234898018587336
0.18226643564344763,0.3851862850692516,-0.06052148875957856,0.39122619189167684,0.8200865656423326,0.6576966628224279,-0.3673551604607734,-0.6841423458248278,-0.6831906184550289,-0.45028484815663755,-0.6525136639846563,-0.6514128533997506,-0.18252606329905005,0.0,0.0,0.8787878787878787,0.8787878787878787,0.3845452551094506,0.00223961686106364,0.603221142324195,0.9811223246574435,-0.5319987985726006,-0.6442509022503355,-0.8660254037844386,0.5000000000000001,-0.9659258262890683,-0.25881904510252063,0.7818314824680298,0.6234898018587336
0.24367596575816047,-0.06222982837170911,-0.1921889013309754,0.39122619189167684,-1.7150111321908454,0.33412510181254906,-0.47519802928236776,-0.6841423458248278,-0.6831906184550289,-0.6787950354516944,-0.6525136639846563,-0.6514128533997506,-0.6505684099646967,0.0,0.0,0.8787878787878787,0.8787878787878787,0.22667835978372425,0.0,0.6263789802341834,1.1429319073690285,-0.6752533832544025,-0.651087827846492,-0.8660254037844386,0.5000000000000001,-1.0,-1.8369701987210297e-16,0.7818314824680298,0.6234898018587336
0.3465419379676766,0.22727471561950033,0.09747940632609654,0.5230740973106753,0.8200865656423326,-0.366946613708855,-1.337940979855123,-0.6841423458248278,-0.5555666958558653,-0.6826680894736445,-0.6525136639846563,-0.46358048594731255,-0.6505684099646967,0.0,0.0,0.8787878787878787,0.8787878787878787,0.22667835978372425,0.0,0.6407545945178481,1.1429319073690285,-0.6829968743182837,-0.651087827846492,-0.8660254037844386,0.5000000000000001,-0.9659258262890684,0.2588190451025203,0.7818314824680298,0.6234898018587336
0.4754705161637596,0.09568174107804124,0.22914681889749292,0.39122619189167684,0.9819013123125355,-0.47480380071214795,-1.8232338895522977,-0.6841423458248278,0.06708335076429678,-0.6826680894736445,-0.6525136639846563,0.6634137187673163,-0.6505684099646967,0.0,0.0,0.8787878787878787,0.8787878787878787,0.3845452551094506,0.0,0.6096602718421459,1.1429319073690285,-0.6829968743182837,-0.651087827846492,-0.8660254037844386,0.5000000000000001,-0.8660254037844386,0.5000000000000001,0.7818314824680298,0.6234898018587336
0.498501201678145,0.22727471561950033,0.38714771398316894,0.39122619189167684,0.6582718189721298,-0.7444467682203804,-1.9310767583738921,-0.6841423458248278,0.6819986141966308,-0.6826680894736445,-0.6525136639846563,1.1312870704215712,-0.6505684099646967,0.0,0.0,0.0,0.0,0.3845452551094506,0.0,0.5341375125699422,0.9811223246574435,-0.6829968743182837,-0.651087827846492,-0.8660254037844386,0.5000000000000001,-0.7071067811865477,0.7071067811865474,0.7818314824680298,0.6234898018587336
0.458595039367518,0.09568174107804124,0.6768160216402405,0.23300870538887822,0.6582718189721298,-1.0140897357286127,-1.9849981927846894,-0.6841423458248278,1.3510573599437614,-0.6826680894736445,-0.6525136639846563,1.4659701978822792,-0.6505684099646967,0.0,0.0,0.0,0.0,0.3845452551094506,0.0,0.4046993619107223,0.9811223246574435,-0.6829968743182837,-0.651087827846492,-0.8660254037844386,0.5000000000000001,-0.5000000000000004,0.8660254037844384,0.7818314824680298,0.6234898018587336
0.20403292341515378,-0.06222982837170911,0.6768160216402405,-0.05705668653291797,0.6582718189721298,-0.7983753617220268,-1.7153910207307033,-0.6841423458248278,1.55989650601512,-0.6826680894736445,-0.6525136639846563,1.3976675188086654,-0.6505684099646967,0.0,0.0,0.0,0.0,0.3845452551094506,0.0,0.35225622814297464,0.8193127419458585,-0.6829968743182837,-0.651087827846492,-0.8660254037844386,0.5000000000000001,-0.25881904510252157,0.9659258262890681,0.7818314824680298,0.6234898018587336
0.13836448119631603,-0.19382280291316867,0.6768160216402405,-0.6371874703765118,0.3346423256317241,-0.6905181747187339,0.1718591836471986,-0.6841423458248278,1.9814421897517516,-0.6826680894736445,-0.6525136639846563,1.8928619420923658,-0.6505684099646967,0.0,0.0,0.0,0.0,-0.06274428164677277,0.0,0.3098528116284176,-1.7157040538689736,-0.6829968743182837,-0.651087827846492,-0.8660254037844386,0.5000000000000001,-2.4492935982947064e-16,1.0,0.7818314824680298,0.6234898018587336
0.13827009300026125,0.09568174107804124,0.8084834342116368,-0.3471220784547151,-0.36655490993915496,-0.9062325487253197,-1.607548151909109,-0.5566667253155813,1.8460834839647597,-0.6826680894736445,-0.46482650640728207,1.8143138611577099,-0.6505684099646967,0.0,0.0,0.0,0.0,0.22667835978372425,0.0,0.2748970702718744,0.8193127419458585,-0.6829968743182837,-0.651087827846492,-0.8660254037844386,0.5000000000000001,0.25881904510252074,0.9659258262890683,0.9749279121818236,-0.22252093395631434
0.13704590212351705,0.22727471561950033,0.6768160216402405,-0.3471220784547151,-0.47443140771929015,-0.582660987715441,-1.6614695863199063,0.06525978686589422,1.5096204152942374,-0.6826680894736445,0.6612964390569628,1.7050295746399278,-0.6505684099646967,0.0,0.0,0.0,0.0,0.09512261367895261,0.0,0.2666727003414352,0.9811223246574435,-0.6829968743182837,-0.651087827846492,-0.8660254037844386,0.5000000000000001,0.49999999999999994,0.8660254037844387,0.9749279121818236,-0.22252093395631434
0.13595329182437124,0.3851862850692516,0.5188151265545653,-0.6371874703765118,-0.7441226521696283,-0.582660987715441,-1.4997052830875146,0.6794605038649911,0.9449812425827862,-0.6826680894736445,1.1288080861133312,1.4488945281138756,-0.6505684099646967,0.0,0.0,0.0,0.0,0.22667835978372425,0.0,0.2668924326398858,0.6575031592342735,-0.6829968743182837,-0.651087827846492,-0.8660254037844386,0.5000000000000001,0.7071067811865476,0.7071067811865476,0.9749279121818236,-0.22252093395631434
0.135432728910086,0.6746908290604611,0.38714771398316894,-0.7954049568793099,-1.0138138966199663,-0.20516083320391562,-1.4457838486767174,1.347741787140738,0.2217790145208588,-0.6826680894736445,1.4632324759784707,0.9024730955249648,-0.6505684099646967,0.0,0.8787878787878787,0.0,0.0,0.09512261367895261,0.0,0.26563939512256785,0.6575031592342735,-0.6829968743182837,-0.651087827846492,-0.8660254037844386,0.5000000000000001,0.8660254037844386,0.5000000000000001,0.9749279121818236,-0.22252093395631434
0.13534691802682908,0.6746908290604611,0.38714771398316894,-1.085470348801107,-0.7980609010596958,-0.366946613708855,-1.1222552422119343,1.5563382570649595,-0.45114712282018593,-0.6826680894736445,1.394982600495789,-0.1835395017454957,-0.6505684099646967,0.0,0.8787878787878787,0.0,0.0,-0.06274428164677277,0.0,0.3060391501492258,0.6575031592342735,-0.6829968743182837,-0.651087827846492,-0.8660254037844386,0.5000000000000001,0.9659258262890683,0.25881904510252074,0.9749279121818236,-0.22252093395631434
0.19585261080220767,0.6746908290604611,0.38714771398316894,-1.085470348801107,-0.6901844032795607,-0.47480380071214795,-1.0144123733903398,1.977394094504592,-0.6793232268611149,-0.6826680894736445,1.8897941977452302,-0.6514128533997506,-0.6505684099646967,0.0,0.8787878787878787,0.0,0.0,-0.19430002775154487,0.0,0.35855378654835734,0.3338839938111034,-0.6829968743182837,-0.651087827846492,-0.8660254037844386,0.5000000000000001,1.0,6.123233995736766e-17,0.9749279121818236,-0.22252093395631434
0.2702133615323731,0.8062838036019201,0.5188151265545653,-0.7954049568793099,-0.9059373988398312,-1.3376612967384915,-1.337940979855123,1.842192678812967,-0.6831906184550289,-0.5277459285956398,1.8113068409401463,-0.6514128533997506,-0.2816007206224351,0.0,0.8787878787878787,0.0,0.0,0.09512261367895261,0.007140165231041186,0.43258922962419566,-0.3672908646057651,-0.5552292717642441,-0.46307237395219164,-0.8660254037844386,0.5000000000000001,0.9659258262890683,-0.25881904510252063,0.9749279121818236,-0.22252093395631434
0.1900577556228128,0.6746908290604611,0.38714771398316894,-0.05705668653291797,-0.5823079054994255,-1.8230186382533096,-1.5536267174983118,1.5061205883794988,-0.6831906184550289,0.08419660687247847,1.702107040167856,-0.6514128533997506,1.0337007645328489,0.0,0.8787878787878787,0.0,0.0,0.22667835978372425,0.03710889902597154,0.4445965497316935,-0.47516391974682176,0.06812175887819152,0.6650203494136103,-0.8660254037844386,0.5000000000000001,0.8660254037844387,-0.4999999999999998,0.9749279121818236,-0.22252093395631434
0.1263028161280602,0.5167792596107107,0.38714771398316894,0.39122619189167684,-0.5823079054994255,-1.9308758252566025,-1.877155323963095,0.9421375400658627,-0.6831906184550289,0.8510613032186015,1.4461700071078003,-0.6514128533997506,1.6862269558696263,0.0,0.0,0.0,0.0,0.3845452551094506,0.18262301909654366,0.5048819753288262,-0.7448465575994635,0.6837292984567459,1.133349752750322,-0.8660254037844386,0.5000000000000001,0.7071067811865476,-0.7071067811865475,0.9749279121818236,-0.22252093395631434
0.1068016416293707,0.3851862850692516,0.22914681889749292,0.8131394892324716,-0.20474016326895209,-1.984804418758249,-2.0928410616062836,0.21977569051346577,-0.6831906184550289,1.4939882708623209,0.9001710032463482,-0.6514128533997506,1.9971163978154207,0.8787878787878787,0.0,0.0,0.0,0.6739678965399476,0.40451693565485725,0.5462165401874239,-1.0145291954521052,1.3535412754824687,1.4683591069619846,-0.8660254037844386,0.5000000000000001,0.49999999999999994,-0.8660254037844387,0.9749279121818236,-0.22252093395631434
0.10795717624845369,0.3851862850692516,-0.06052148875957856,1.2614223676570673,-0.36655490993915496,-1.7151614512500166,-2.146762496017081,-0.45236849035347043,-0.6831906184550289,1.9122781052329334,-0.18500201692828788,-0.6514128533997506,2.1406038325596337,0.8787878787878787,0.0,0.0,0.0,0.6739678965399476,0.5722830990011077,0.5696400544219025,-0.7987830851699919,1.5626155342072607,1.3999898510004207,-0.8660254037844386,0.5000000000000001,0.258819045102521,-0.9659258262890682,0.9749279121818236,-0.22252093395631434
0.11053141007411446,0.3851862850692516,-0.6398581040737229,1.1295744622380688,-0.47443140771929015,0.17233932130760965,-1.3918624142659202,-0.6802794482336385,-0.6831906184550289,2.0594541580670374,-0.6525136639846563,-0.6514128533997506,2.1679347725109124,0.8787878787878787,0.0,0.0,0.0,0.6739678965399476,0.6816972546004304,0.5539615659014809,-0.6909100300289351,1.9846357971887856,1.895666956721758,-0.8660254037844386,0.5000000000000001,1.2246467991473532e-16,-1.0,0.9749279121818236,-0.22252093395631434
0.1091584874264742,0.5167792596107107,-0.350189796416651,0.8131394892324716,-1.3374433899603722,-1.607304264246724,-1.2300981110335285,-0.6841423458248278,-0.6831906184550289,1.9587547534963348,-0.6525136639846563,-0.6514128533997506,2.1371874650657237,0.8787878787878787,0.0,0.0,0.0,0.8055236426447192,0.7142936590653448,0.5591635359936101,-0.9066561403110486,1.8491247035708647,1.8170423123659596,-0.8660254037844386,0.5000000000000001,-0.2588190451025208,-0.9659258262890683,0.9749279121818236,-0.22252093395631434
0.10629823677297921,0.3851862850692516,-0.350189796416651,0.681291583813473,-1.8228876299709806,-1.6612328577483704,-1.1222552422119343,-0.6841423458248278,-0.6831906184550289,1.602433783476924,-0.6525136639846563,-0.6514128533997506,2.0210309702727893,0.8787878787878787,0.0,0.0,0.0,0.6739678965399476,0.6845577554004126,0.5830871076709261,-0.5830369748878784,1.5122828422920331,1.7076515028274577,-0.8660254037844386,0.5000000000000001,-0.4999999999999997,-0.8660254037844388,0.9749279121818236,-0.22252093395631434
0.10629251169985124,0.3851862850692516,-0.6398581040737229,0.681291583813473,-1.9307641277511158,-1.499447077243431,-1.1222552422119343,-0.6841423458248278,-0.6831906184550289,1.0098565181185564,-0.6525136639846563,-0.6514128533997506,1.7545543057478228,0.0,0.0,0.0,0.0,0.5161010012142222,0.591330921039747,0.5867953078907916,-0.5830369748878784,0.9470079946287063,1.4512667929715934,-0.8660254037844386,0.5000000000000001,-0.7071067811865471,-0.7071067811865479,0.9749279121818236,-0.22252093395631434
0.1758022720496793,0.22727471561950033,-0.7978589991593985,0.5230740973106753,-1.9847023766411835,-1.4455184837417845,-1.068333807801137,-0.6841423458248278,-0.6831906184550289,0.27010319992608406,-0.6525136639846563,-0.6514128533997506,1.2284337116857091,0.0,0.0,0.8787878787878787,0.8787878787878787,0.3845452551094506,0.43025590811826625,0.5777699958056228,-0.20548128189418005,0.22299158015581527,0.9043127452790836,-0.8660254037844386,0.5000000000000001,-0.8660254037844385,-0.5000000000000004,0.9749279121818236,-0.22252093395631434
0.18299865121626804,-0.06222982837170911,-1.0875273068164708,0.1011607999698797,-1.7150111321908454,-1.1219469227319057,-0.47519802928236776,-0.6841423458248278,-0.6831906184550289,-0.4347926320688371,-0.6525136639846563,-0.6514128533997506,0.06686876375636745,0.0,0.0,0.8787878787878787,0.8787878787878787,0.3845452551094506,0.12857840667284856,0.5847991244717908,-0.3672908646057651,-0.4506921424018481,-0.18275842450978025,-0.8660254037844386,0.5000000000000001,-0.9659258262890683,-0.25881904510252063,0.9749279121818236,-0.22252093395631434
0.1875006764227477,-0.6412389163541294,-1.0875273068164708,-0.05705668653291797,0.17282757896152123,-1.0140897357286127,-0.259512291639179,-0.6841423458248278,-0.6831906184550289,-0.6787950354516944,-0.6525136639846563,-0.6514128533997506,-0.6471520424707868,0.0,0.0,0.8787878787878787,0.8787878787878787,0.3845452551094506,0.0,0.6027079214313105,-0.47516391974682176,-0.6791251287863431,-0.651087827846492,-0.8660254037844386,0.5000000000000001,-1.0,-1.8369701987210297e-16,0.9749279121818236,-0.22252093395631434
0.3386018827851174,-0.3517343723629195,-0.7978589991593985,-0.05705668653291797,-1.60713463441071,-1.3376612967384915,0.010094880414807005,-0.6841423458248278,-0.528494954698467,-0.6826680894736445,-0.6525136639846563,-0.2825783864022358,-0.6505684099646967,0.0,0.0,0.8787878787878787,0.8787878787878787,0.5161010012142222,0.0,0.6001348510944895,-1.3381483608752753,-0.6829968743182837,-0.651087827846492,-0.8660254037844386,0.5000000000000001,-0.9659258262890684,0.2588190451025203,0.9749279121818236,-0.22252093395631434
0.41854581887465225,-0.3517343723629195,-0.06052148875957856,-0.05705668653291797,-1.6610728833007777,-1.5533756707450774,-0.09774798840678739,-0.6841423458248278,0.08255291713995298,-0.6826680894736445,-0.6525136639846563,1.0322481857648311,-0.6505684099646967,0.0,0.0,0.8787878787878787,0.8787878787878787,0.3845452551094506,0.0,0.5482129797046746,-1.8235771090100303,-0.6829968743182837,-0.651087827846492,-0.8660254037844386,0.5000000000000001,-0.8660254037844386,0.5000000000000001,0.9749279121818236,-0.22252093395631434
0.5085692644829944,-0.6412389163541294,0.38714771398316894,0.1011607999698797,-1.4992581366305748,-1.876947231754956,-1.5536267174983118,-0.6841423458248278,0.8482964527349349,-0.6826680894736445,-0.6525136639846563,1.6845387709178434,-0.6505684099646967,0.0,0.0,0.0,0.0,0.3845452551094506,0.0,0.4649365385975659,-1.931450164151087,-0.6829968743182837,-0.651087827846492,-0.8660254037844386,0.5000000000000001,-0.7071067811865477,0.7071067811865474,0.9749279121818236,-0.22252093395631434
0.3658543463711508,-0.7991504858038802,0.8084834342116368,-0.05705668653291797,-1.4453198877405073,-2.092661605761542,-1.2840195454443257,-0.6841423458248278,1.490283457324667,-0.6826680894736445,-0.6525136639846563,1.9953159607027866,-0.6505684099646967,0.0,0.0,0.0,0.0,0.22667835978372425,0.0,0.3542389407940285,-1.9853866917216154,-0.6829968743182837,-0.651087827846492,-0.8660254037844386,0.5000000000000001,-0.5000000000000004,0.8660254037844384,0.9749279121818236,-0.22252093395631434
0.13483779496190568,-1.0886550297950905,1.2561526369543852,-0.5053395649575132,-1.1216903944001015,-2.1465901992631884,-0.529119463693165,-0.6841423458248278,1.9079617494673846,-0.6826680894736445,-0.6525136639846563,2.1387515867573756,-0.6505684099646967,0.0,0.0,0.0,0.0,-0.06274428164677277,0.0,0.3374971835594962,-1.7157040538689736,-0.6829968743182837,-0.651087827846492,-0.8660254037844386,0.5000000000000001,-0.25881904510252157,0.9659258262890681,0.9749279121818236,-0.22252093395631434
0.13699728362180374,-1.0886550297950905,1.1244852243829888,-0.7954049568793099,-1.0138138966199663,-1.391589890240138,0.818916396576765,-0.6841423458248278,2.0549226300361183,-0.6826680894736445,-0.6525136639846563,2.1660726583868213,-0.6505684099646967,0.0,0.0,0.0,0.0,-0.6415895645077683,0.0,0.2962835482945213,0.17207441109951835,-0.6829968743182837,-0.651087827846492,-0.8660254037844386,0.5000000000000001,-2.4492935982947064e-16,1.0,0.9749279121818236,-0.22252093395631434
0.1369257716921746,-0.7991504858038802,0.8084834342116368,-0.7954049568793099,-1.3374433899603722,-1.2298041097351986,0.3336234868795902,-0.5296264421772562,1.9543704485943532,-0.6826680894736445,-0.2839643363781761,2.135336452803695,-0.6505684099646967,0.0,0.0,0.0,0.0,-0.3521669230772707,0.0,0.29006379253747117,-1.607830998727917,-0.6829968743182837,-0.651087827846492,-0.8660254037844386,0.5000000000000001,0.25881904510252074,0.9659258262890683,0.43388373911755823,-0.900968867902419
0.13496936524260997,-0.06222982837170911,0.6768160216402405,-1.085470348801107,-1.5531963855206425,-1.1219469227319057,0.4414663557011846,0.08071137723065137,1.5985704219542605,-0.6826680894736445,1.029845766663443,2.0192218983785515,-0.6505684099646967,0.0,0.0,0.0,0.0,-0.3521669230772707,0.0,0.2852470966525551,-1.6617675262984453,-0.6829968743182837,-0.651087827846492,-0.8660254037844386,0.5000000000000001,0.49999999999999994,0.8660254037844387,0.43388373911755823,-0.900968867902419
0.13514670178535768,0.3851862850692516,0.6768160216402405,-1.2173182542201055,-1.8768258788610481,-1.1219469227319057,0.1179377492364014,0.8455651002861305,1.0068595080854108,-0.6826680894736445,1.6816320775230515,1.7528414499914573,-0.6505684099646967,0.0,0.0,0.0,0.0,-0.6415895645077683,0.0,0.28606246226072163,-1.4999579435868604,-0.6829968743182837,-0.651087827846492,-0.8660254037844386,0.5000000000000001,0.7071067811865476,0.7071067811865476,0.43388373911755823,-0.900968867902419
0.13490071928184286,0.8062838036019201,0.5188151265545653,-1.2173182542201055,-2.0925788744213185,-1.0680183292302592,0.010094880414807005,1.4868061004235524,0.2681877136478274,-0.6826680894736445,1.9921690109692523,1.2269108211246307,-0.6505684099646967,0.0,0.8787878787878787,0.0,0.0,-0.7994564598334941,0.0,0.2900147241127822,-1.446021416016332,-0.6829968743182837,-0.651087827846492,-0.8660254037844386,0.5000000000000001,0.8660254037844386,0.5000000000000001,0.43388373911755823,-0.900968867902419
0.1340598096947438,1.2536999170428818,0.09747940632609654,-1.085470348801107,-2.146517123311386,-0.47480380071214795,-0.4212765948715706,1.9039990402719955,-0.4356775564445297,-0.6826680894736445,2.1354937494828836,0.06576527687319492,-0.6505684099646967,0.0,0.8787878787878787,0.0,0.0,-1.088879101263992,0.0,0.3427907343858049,-1.122402250593162,-0.6829968743182837,-0.651087827846492,-0.8660254037844386,0.5000000000000001,0.9659258262890683,0.25881904510252074,0.43388373911755823,-0.900968867902419
0.18258106067543153,1.1221069425014227,-0.06052148875957856,-1.5073836461419021,-1.3913816388504396,-0.2590894267055621,-0.15166942281758458,2.0507891487371883,-0.6793232268611149,-0.6826680894736445,2.162793699675956,-0.64799771944607,-0.6505684099646967,0.0,0.8787878787878787,0.0,0.0,-1.088879101263992,0.0,0.44116616489336546,-1.0145291954521052,-0.6829968743182837,-0.651087827846492,-0.8660254037844386,0.5000000000000001,1.0,6.123233995736766e-17,0.43388373911755823,-0.900968867902419
0.24665062176986996,0.8062838036019201,-0.06052148875957856,-1.085470348801107,-1.2295668921802367,0.010553540802670241,-0.6908837669255565,1.950353811366267,-0.6831906184550289,-0.5471111987053905,2.1320812557087496,-0.6514128533997506,-0.5309955476778526,0.0,0.8787878787878787,0.0,0.0,-0.7994564598334941,0.008553784812427781,0.4885651363105984,-1.3381483608752753,-0.52812705304066,-0.2818938456540477,-0.8660254037844386,0.5000000000000001,0.9659258262890683,-0.25881904510252063,0.43388373911755823,-0.900968867902419
0.10497680202821233,0.6746908290604611,-0.06052148875957856,-0.5053395649575132,-1.1216903944001015,-0.09730364620062269,-1.0144123733903398,1.5949672329768525,-0.6831906184550289,-0.016502797698224544,2.0160564673881907,-0.6514128533997506,0.4734164955316371,0.0,0.8787878787878787,0.0,0.0,-0.06274428164677277,0.044337762399725485,0.4930178653626962,-1.5538944711573888,0.08360874100595389,1.0342143316060546,-0.8660254037844386,0.5000000000000001,0.8660254037844387,-0.4999999999999998,0.43388373911755823,-0.900968867902419
0.10591495891563213,0.6746908290604611,0.09747940632609654,0.1011607999698797,-1.1216903944001015,-1.5533756707450774,-1.068333807801137,1.0039439015248914,-0.6831906184550289,0.7193774664722975,1.749881953005733,-0.6514128533997506,1.1669390967953324,0.0,0.0,0.0,0.0,0.3845452551094506,0.18180256094383435,0.5060199222926202,-1.8775136365805587,0.8502143563301915,1.6871407260389886,-0.8660254037844386,0.5000000000000001,0.7071067811865476,-0.7071067811865475,0.43388373911755823,-0.900968867902419
0.10545160211275217,0.5167792596107107,-0.06052148875957856,0.8131394892324716,-1.067752145510034,-1.283732703236845,-1.4997052830875146,0.26613046160773723,-0.6831906184550289,1.3545583260721166,1.2243579117890853,-0.6514128533997506,1.532490418643684,0.8787878787878787,0.0,0.0,0.0,0.8055236426447192,0.39754308792312,0.5224357176746258,-2.093259746862672,1.49292411463233,1.9982208406641035,-0.8660254037844386,0.5000000000000001,0.49999999999999994,-0.8660254037844387,0.43388373911755823,-0.900968867902419
0.10732792618448588,0.09568174107804124,-0.5081906915023265,0.681291583813473,-0.47443140771929015,-0.5287323942137945,-0.47519802928236776,-0.4369168999887133,-0.6831906184550289,1.7612289983768787,0.06411002858349962,-0.6514128533997506,1.6896433233635362,0.8787878787878787,0.0,0.0,0.0,1.2528131794009436,0.5624154755275242,0.511983733458678,-2.1471962744332003,1.9110726320819142,2.1417962781833872,-0.8660254037844386,0.5000000000000001,0.258819045102521,-0.9659258262890682,0.43388373911755823,-0.900968867902419
0.10950171036571368,-0.06222982837170911,-0.7978589991593985,0.8131394892324716,-0.2586784121590197,0.8194824433273673,-0.798726635747151,-0.6802794482336385,-0.6831906184550289,1.9393894833865841,-0.6491011702105222,-0.6514128533997506,1.7579706732417326,0.8787878787878787,0.0,0.0,0.0,1.121257433296172,0.6454143431417377,0.5080484765304135,-1.3920848884458037,2.058198962295657,2.169143980568013,-0.8660254037844386,0.5000000000000001,1.2246467991473532e-16,-1.0,0.43388373911755823,-0.900968867902419
0.09927346564371216,-0.06222982837170911,-0.7978589991593985,0.8131394892324716,0.01101283229131838,0.33412510181254906,-0.47519802928236776,-0.6841423458248278,-0.6831906184550289,1.830943970771981,-0.6525136639846563,-0.6514128533997506,1.713557895820905,0.8787878787878787,0.0,0.0,0.0,0.8055236426447192,0.6659423213408368,0.4994072606005082,-1.2302753057342186,1.9575335784652013,2.1383778153853092,-0.8660254037844386,0.5000000000000001,-0.2588190451025208,-0.9659258262890683,0.43388373911755823,-0.900968867902419
0.11269947261451232,-0.06222982837170911,-1.0875273068164708,0.8131394892324716,-0.09686366548881685,0.441982288815842,-0.6908837669255565,-0.6841423458248278,-0.6831906184550289,1.4707499467306202,-0.6525136639846563,-0.6514128533997506,1.5734868285706018,0.8787878787878787,0.0,0.0,0.0,0.6739678965399476,0.5081214008247609,0.49591249266214477,-1.122402250593162,1.6013329895266668,2.022150080250651,-0.8660254037844386,0.5000000000000001,-0.4999999999999997,-0.8660254037844388,0.43388373911755823,-0.900968867902419
0.22407182575061835,0.09568174107804124,-1.2191947193878672,0.8131394892324716,-1.5531963855206425,0.11841072780596318,-0.9065695045687454,-0.6841423458248278,-0.6831906184550289,0.8820457353942024,-0.6525136639846563,-0.6514128533997506,1.2660137541187173,0.0,0.0,0.0,0.0,0.6739678965399476,0.49498305412716787,0.48573023112303626,-1.122402250593162,1.0089559231397558,1.7555099820005522,-0.8660254037844386,0.5000000000000001,-0.7071067811865471,-0.7071067811865479,0.43388373911755823,-0.900968867902419
0.5246324536254788,-0.06222982837170911,-1.2191947193878672,0.5230740973106753,-1.2835051410703044,0.010553540802670241,-0.5830408981039622,-0.6841423458248278,-0.6831906184550289,0.15778463328953068,-0.6525136639846563,-0.6514128533997506,0.674982177672317,0.0,0.0,0.8787878787878787,0.8787878787878787,0.5161010012142222,0.18486263156707122,0.49609237607290435,-1.0684657230226335,0.2694525265391024,1.2290667110965114,-0.8660254037844386,0.5000000000000001,-0.8660254037844385,-0.5000000000000004,0.43388373911755823,-0.900968867902419
0.34471712239260455,-0.5096459418126703,-1.0875273068164708,0.1011607999698797,-0.5283696566093578,-0.4208752072105015,-0.09774798840678739,-0.6841423458248278,-0.6831906184550289,-0.4773962263102884,-0.6525136639846563,-0.6514128533997506,-0.35676080548845135,0.0,0.0,0.8787878787878787,0.8787878787878787,0.09512261367895261,0.07590305611115794,0.5163417061582972,-0.47516391974682176,-0.4352051602740857,0.06678935974992745,-0.8660254037844386,0.5000000000000001,-0.9659258262890683,-0.25881904510252063,0.43388373911755823,-0.900968867902419
0.5568445707154458,-0.7991504858038802,-1.5088630270449392,-0.18890459195191697,0.8200865656423326,-0.15123223970226915,0.3336234868795902,-0.6841423458248278,-0.6831906184550289,-0.6787950354516944,-0.6525136639846563,-0.6514128533997506,-0.6505684099646967,0.0,0.0,0.8787878787878787,0.8787878787878787,-0.06274428164677277,0.0,0.551419483452903,-0.2594178094647084,-0.6791251287863431,-0.6476693650484138,-0.8660254037844386,0.5000000000000001,-1.0,-1.8369701987210297e-16,0.43388373911755823,-0.900968867902419
0.2256850092609435,-0.7991504858038802,-1.0875273068164708,-0.18890459195191697,0.3346423256317241,-0.6905181747187339,0.818916396576765,-0.6841423458248278,-0.5478319126680372,-0.6826680894736445,-0.6525136639846563,-0.5318831650209264,-0.6505684099646967,0.0,0.0,0.8787878787878787,0.8787878787878787,-0.06274428164677277,0.0,0.5391619553552115,0.010264828387933323,-0.6829968743182837,-0.651087827846492,-0.8660254037844386,0.5000000000000001,-0.9659258262890684,0.2588190451025203,0.43388373911755823,-0.900968867902419
0.3450202972783325,-1.0886550297950905,-0.5081906915023265,-0.3471220784547151,0.44251882341185933,-1.0140897357286127,0.818916396576765,-0.6841423458248278,-0.01799926430181232,-0.6826680894736445,-0.6525136639846563,0.4721662173611974,-0.6505684099646967,0.0,0.0,0.8787878787878787,0.8787878787878787,-0.06274428164677277,0.0,0.5234982693136366,-0.09760822675312336,-0.6829968743182837,-0.651087827846492,-0.8660254037844386,0.5000000000000001,-0.8660254037844386,0.5000000000000001,0.43388373911755823,-0.900968867902419
0.616835408488177,-1.2202480043365496,0.09747940632609654,-0.5053395649575132,0.11888933007145361,-1.0680183292302592,0.818916396576765,-0.6841423458248278,0.7168051385418572,-0.6826680894736445,-0.6525136639846563,1.165438409958378,-0.6505684099646967,0.0,0.0,0.0,0.0,0.09512261367895261,0.0,0.4576554092534546,-1.5538944711573888,-0.6829968743182837,-0.651087827846492,-0.8660254037844386,0.5000000000000001,-0.7071067811865477,0.7071067811865474,0.43388373911755823,-0.900968867902419
0.36906924265175683,-1.2202480043365496,0.8084834342116368,-0.5053395649575132,0.01101283229131838,-1.499447077243431,0.9806806998091566,-0.6841423458248278,1.3510573599437614,-0.6826680894736445,-0.6525136639846563,1.5308577430022123,-0.6505684099646967,0.0,0.0,0.0,0.0,-0.06274428164677277,0.0,0.3445173487869163,-1.284211833304747,-0.6829968743182837,-0.651087827846492,-0.8660254037844386,0.5000000000000001,-0.5000000000000004,0.8660254037844384,0.43388373911755823,-0.900968867902419
0.26540814427867526,-1.0886550297950905,0.6768160216402405,-0.5053395649575132,-0.42049315882922256,-0.47480380071214795,0.9806806998091566,-0.6841423458248278,1.7571334773047367,-0.6826680894736445,-0.6525136639846563,1.6879539048715242,-0.6505684099646967,0.0,0.0,0.0,0.0,-0.5100338184029966,0.0,0.28115567101147576,-0.5291004473173502,-0.6829968743182837,-0.651087827846492,-0.8660254037844386,0.5000000000000001,-0.25881904510252157,0.9659258262890681,0.43388373911755823,-0.900968867902419
0.1288141119045917,-1.5097525483277596,0.8084834342116368,-0.3471220784547151,-0.15080191437888446,-0.7983753617220268,0.3336234868795902,-0.6841423458248278,1.9350334906247828,-0.6826680894736445,-0.6525136639846563,1.756256583945138,-0.6505684099646967,0.0,0.0,0.0,0.0,-0.7994564598334941,0.0,0.2528708997965913,0.8193127419458585,-0.6829968743182837,-0.651087827846492,-0.8660254037844386,0.5000000000000001,-2.4492935982947064e-16,1.0,0.43388373911755823,-0.900968867902419
0.12632569582678388,-1.0886550297950905,0.8084834342116368,-0.9272528622983084,-0.6901844032795607,-0.47480380071214795,0.9806806998091566,-0.5489409301332027,1.8267465259951894,-0.6826680894736445,-0.5330763818899635,1.711859842547289,-0.6505684099646967,0.0,0.0,0.0,0.0,-0.7994564598334941,0.0,0.20764876350386852,0.3338839938111034,-0.6829968743182837,-0.651087827846492,-0.8660254037844386,0.5000000000000001,0.25881904510252074,0.9659258262890683,-0.433883739117558,-0.9009688679024191
0.12496421302850548,-0.5096459418126703,0.8084834342116368,-1.085470348801107,-1.0138138966199663,-0.6905181747187339,1.1424450030415483,-0.01972396014027013,1.4670791077611829,-0.6826680894736445,0.4701967877054546,1.5718393504463806,-0.6505684099646967,0.0,0.0,0.0,0.0,-1.088879101263992,0.0,0.1978419419991756,0.44175704895216006,-0.6829968743182837,-0.651087827846492,-0.8660254037844386,0.5000000000000001,0.49999999999999994,0.8660254037844387,-0.433883739117558,-0.9009688679024191
0.1384131065626254,0.09568174107804124,0.8084834342116368,-1.085470348801107,-1.067752145510034,-0.9062325487253197,1.1424450030415483,0.7142265821856947,0.8792355854862474,-0.6826680894736445,1.162933023854672,1.2644772946151184,-0.6505684099646967,0.0,0.0,0.0,0.0,-1.2204348473687636,0.0,0.20137312710868094,0.11813788352899002,-0.6829968743182837,-0.651087827846492,-0.8660254037844386,0.5000000000000001,0.7071067811865476,0.7071067811865476,-0.433883739117558,-0.9009688679024191
0.13928262092157614,0.8062838036019201,0.5188151265545653,-1.3755357407229036,-1.4992581366305748,-0.582660987715441,0.9806806998091566,1.347741787140738,0.15603335742431992,-0.6826680894736445,1.528069857687018,0.6736591206283583,-0.6505684099646967,0.0,0.8787878787878787,0.0,0.0,-1.2204348473687636,0.0,0.21466437018243978,0.010264828387933323,-0.6829968743182837,-0.651087827846492,-0.8660254037844386,0.5000000000000001,0.8660254037844386,0.5000000000000001,-0.433883739117558,-0.9009688679024191
0.13898515394748598,0.6746908290604611,0.09747940632609654,-1.3755357407229036,-0.47443140771929015,-0.09730364620062269,0.6032306589335762,1.7533460342156133,-0.4782188639775843,-0.6826680894736445,1.6850445712971855,-0.35771133338321104,-0.6505684099646967,0.0,0.8787878787878787,0.0,0.0,-1.088879101263992,0.0,0.2714024559924608,-0.42122739217629346,-0.6829968743182837,-0.651087827846492,-0.8660254037844386,0.5000000000000001,0.9659258262890683,0.25881904510252074,-0.433883739117558,-0.9009688679024191
0.16167264398101622,0.8062838036019201,-0.1921889013309754,-1.3755357407229036,-0.7980609010596958,0.33412510181254906,0.4414663557011846,1.9310393234103205,-0.6793232268611149,-0.6826680894736445,1.753294446779867,-0.6514128533997506,-0.6505684099646967,0.0,0.8787878787878787,0.0,0.0,-1.509857488799261,0.0,0.40758681845917244,-0.15154475432365172,-0.6829968743182837,-0.651087827846492,-0.8660254037844386,0.5000000000000001,1.0,6.123233995736766e-17,-0.433883739117558,-0.9009688679024191
0.13844170790217902,0.8062838036019201,-0.1921889013309754,-1.085470348801107,-0.47443140771929015,0.8194824433273673,0.010094880414807005,1.8228781908570204,-0.6831906184550289,-0.5122537125078395,1.7089320277161242,-0.6514128533997506,-0.004874953615738951,0.0,0.8787878787878787,0.0,0.0,-1.088879101263992,0.013814666210689535,0.4800290231024694,-0.6909100300289351,-0.5474857807003629,-0.5314416299137554,-0.8660254037844386,0.5000000000000001,0.9659258262890683,-0.25881904510252063,-0.433883739117558,-0.9009688679024191
0.25102681549796546,0.8062838036019201,-0.350189796416651,-0.6371874703765118,-0.6901844032795607,0.8194824433273673,-0.259512291639179,1.4636287148764167,-0.6831906184550289,0.11130798502612929,1.569019782976627,-0.6514128533997506,1.40950118886293,0.0,0.8787878787878787,0.0,0.0,-0.5100338184029966,0.10191365640867131,0.447540450334431,-1.0145291954521052,-0.017056642824501547,0.4735864327212318,-0.8660254037844386,0.5000000000000001,0.8660254037844387,-0.4999999999999998,-0.433883739117558,-0.9009688679024191
0.18518960718458174,0.8062838036019201,-0.5081906915023265,0.23300870538887822,-0.9059373988398312,0.8194824433273673,-1.1761766766227313,0.8764682810156448,-0.6831906184550289,0.8742996273503022,1.26189534330456,-0.6514128533997506,1.990283662827601,0.0,0.0,0.0,0.0,0.09512261367895261,0.24070893374579894,0.46003194979326967,-1.0684657230226335,0.7185750082442113,1.167534380731104,-0.8660254037844386,0.5000000000000001,0.7071067811865476,-0.7071067811865475,-0.433883739117558,-0.9009688679024191
0.18356499755408692,0.5167792596107107,-0.5081906915023265,0.8131394892324716,-0.5823079054994255,0.9812682238323067,-1.7153910207307033,0.15410643146324784,-0.6831906184550289,1.5133535409720713,0.6715339203793651,-0.6514128533997506,2.2670094298342973,0.8787878787878787,0.0,0.0,0.0,0.8055236426447192,0.31356300201123805,0.45458714734054506,-1.4999579435868604,1.3535412754824687,1.53330990012547,-0.8660254037844386,0.5000000000000001,0.49999999999999994,-0.8660254037844387,-0.433883739117558,-0.9009688679024191
0.23983750673143614,0.09568174107804124,-0.5081906915023265,1.419639854159865,-0.09686366548881685,0.9812682238323067,-2.3085267992494725,-0.47940877349179545,-0.6831906184550289,1.9471355914304844,-0.3590391994091257,-0.6514128533997506,2.41391323207242,0.8787878787878787,0.0,0.0,0.0,0.6739678965399476,0.43430274508025796,0.46295413326441204,-0.47516391974682176,1.760074556336231,1.6905591888370666,-0.8660254037844386,0.5000000000000001,0.258819045102521,-0.9659258262890682,-0.433883739117558,-0.9009688679024191
0.2424403384643525,-0.19382280291316867,-0.350189796416651,1.7097052460816622,0.3346423256317241,0.33412510181254906,-2.416369668071067,-0.6802794482336385,-0.6831906184550289,2.109803860352389,-0.6525136639846563,-0.6514128533997506,2.454909641999338,0.8787878787878787,0.0,0.0,0.0,0.8055236426447192,0.4472415219545965,0.4283156156881075,-0.7987830851699919,1.9381748508054983,1.7589284447986304,-0.8660254037844386,0.5000000000000001,1.2246467991473532e-16,-1.0,-0.433883739117558,-0.9009688679024191
0.17262166442647636,-0.19382280291316867,-0.9295264117307949,1.5514877595788634,0.8200865656423326,0.9812682238323067,-1.8232338895522977,-0.6841423458248278,-0.6831906184550289,1.9897391856719355,-0.6525136639846563,-0.6514128533997506,2.40366412959069,0.8787878787878787,0.0,0.0,0.0,0.8055236426447192,0.36960331266747903,0.42840863057248646,-0.47516391974682176,1.8297659759111617,1.714488428423614,-0.8660254037844386,0.5000000000000001,-0.2588190451025208,-0.9659258262890683,-0.433883739117558,-0.9009688679024191
0.29716833068593196,-0.3517343723629195,-1.0875273068164708,0.8131394892324716,0.8200865656423326,1.1430540043372461,-0.3134337260499762,-0.6841423458248278,-0.6831906184550289,1.602433783476924,-0.6525136639846563,-0.6514128533997506,2.229429387401289,0.8787878787878787,0.0,0.0,0.0,0.8055236426447192,0.3869104334890723,0.4279078048348992,-0.6909100300289351,1.4696936414406865,1.5743314537024082,-0.8660254037844386,0.5000000000000001,-0.4999999999999997,-0.8660254037844388,-0.433883739117558,-0.9009688679024191
0.2891996878930112,-0.5096459418126703,-1.0875273068164708,0.5230740973106753,0.8200865656423326,1.1430540043372461,-0.2055908572283818,-0.6841423458248278,-0.6831906184550289,1.0253487342063567,-0.6525136639846563,-0.6514128533997506,2.0039491328032404,0.0,0.0,0.0,0.0,0.8055236426447192,0.20070071891968758,0.4268253799716929,-0.9066561403110486,0.8811883205857163,1.2666698018753715,-0.8660254037844386,0.5000000000000001,-0.7071067811865471,-0.7071067811865479,-0.433883739117558,-0.9009688679024191
0.4565642515871642,-0.5096459418126703,-1.3771956144735429,0.5230740973106753,0.9819013123125355,0.9812682238323067,-0.5830408981039622,-0.6841423458248278,-0.6831906184550289,0.301087632101685,-0.6525136639846563,-0.6514128533997506,1.515408581174135,0.0,0.0,0.8787878787878787,0.8787878787878787,0.5161010012142222,0.08751136749713259,0.43331700963088193,-0.5830369748878784,0.15717190611282517,0.6752757378078449,-0.8660254037844386,0.5000000000000001,-0.8660254037844385,-0.5000000000000004,-0.433883739117558,-0.9009688679024191
0.3508323105156211,-0.5096459418126703,-1.3771956144735429,0.23300870538887822,0.9819013123125355,0.6037680693207814,-0.3673551604607734,-0.6841423458248278,-0.6831906184550289,-0.42704652402493687,-0.6525136639846563,-0.6514128533997506,0.33676179577524396,0.0,0.0,0.8787878787878787,0.8787878787878787,0.09512261367895261,0.022019203832421806,0.4590581618076889,-0.09760822675312336,-0.4777943611254322,-0.3571000272117678,-0.8660254037844386,0.5000000000000001,-0.9659258262890683,-0.25881904510252063,-0.433883739117558,-0.9009688679024191
0.24079283540594182,-0.3517343723629195,-1.3771956144735429,0.1011607999698797,0.3346423256317241,0.441982288815842,0.3336234868795902,-0.6841423458248278,-0.6831906184550289,-0.6749219814297444,-0.6525136639846563,-0.6514128533997506,-0.643735674976877,0.0,0.0,0.8787878787878787,0.8787878787878787,-0.19430002775154487,0.0,0.5129019481240212,0.3338839938111034,-0.6791251287863431,-0.651087827846492,-0.8660254037844386,0.5000000000000001,-1.0,-1.8369701987210297e-16,-0.433883739117558,-0.9009688679024191
0.26892623260649956,-0.9307434603453393,-1.0875273068164708,0.1011607999698797,0.9819013123125355,0.010553540802670241,-0.259512291639179,-0.6841423458248278,-0.5130253883228107,-0.6826680894736445,-0.6525136639846563,-0.005952536154099642,-0.6505684099646967,0.0,0.0,0.8787878787878787,0.8787878787878787,-0.19430002775154487,0.0,0.5073105038133797,0.8193127419458585,-0.6829968743182837,-0.651087827846492,-0.8660254037844386,0.5000000000000001,-0.9659258262890684,0.2588190451025203,-0.433883739117558,-0.9009688679024191
0.5428751176993387,-1.0886550297950905,-0.6398581040737229,0.1011607999698797,1.1437160589827384,-0.2590894267055621,-0.09774798840678739,-0.6841423458248278,0.10962465829735134,-0.6826680894736445,-0.6525136639846563,1.4079129206697074,-0.6505684099646967,0.0,0.0,0.8787878787878787,0.8787878787878787,-0.3521669230772707,0.0,0.4601886307025844,0.8193127419458585,-0.6829968743182837,-0.651087827846492,-0.8660254037844386,0.5000000000000001,-0.8660254037844386,0.5000000000000001,-0.433883739117558,-0.9009688679024191
0.41105197959856943,-1.0886550297950905,0.22914681889749292,-0.18890459195191697,1.1437160589827384,-1.1758755162335521,0.6571520933443734,-0.6841423458248278,0.8715008022984192,-0.6826680894736445,-0.6525136639846563,1.9884856927954253,-0.6505684099646967,0.0,0.0,0.0,0.0,-0.5100338184029966,0.0,0.39270013450792285,0.8193127419458585,-0.6829968743182837,-0.651087827846492,-0.8660254037844386,0.5000000000000001,-0.7071067811865477,0.7071067811865474,-0.433883739117558,-0.9009688679024191
0.6480006746764455,-1.3781595737863004,0.8084834342116368,-0.3471220784547151,0.9819013123125355,-1.7151614512500166,0.4953877901119818,-0.6841423458248278,1.5096204152942374,-0.6826680894736445,-0.6525136639846563,2.2651115430435613,-0.6505684099646967,0.0,0.0,0.0,0.0,-0.5100338184029966,0.0,0.2923764621737506,0.9811223246574435,-0.6829968743182837,-0.651087827846492,-0.8660254037844386,0.5000000000000001,-0.5000000000000004,0.8660254037844384,-0.433883739117558,-0.9009688679024191
0.3031119245008189,-1.3781595737863004,1.4141535320400604,-0.3471220784547151,0.6043335700820621,-2.308375979768128,0.3336234868795902,-0.6841423458248278,1.942768273812611,-0.6826680894736445,-0.6525136639846563,2.411962303051831,-0.6505684099646967,0.0,0.0,0.0,0.0,-0.5100338184029966,0.0,0.22226470038527923,0.9811223246574435,-0.6829968743182837,-0.651087827846492,-0.8660254037844386,0.5000000000000001,-0.25881904510252157,0.9659258262890681,-0.433883739117558,-0.9009688679024191
0.4045706682438015,-1.3781595737863004,1.7038218396971327,-0.3471220784547151,0.44251882341185933,-2.4162331667714207,-2.5781339713034583,-0.6841423458248278,2.105198720757001,-0.6826680894736445,-0.6525136639846563,2.4529439104959994,-0.6505684099646967,0.0,0.0,0.0,0.0,-0.3521669230772707,0.0,0.17780606468314464,0.3338839938111034,-0.6829968743182837,-0.651087827846492,-0.8660254037844386,0.5000000000000001,-2.4492935982947064e-16,1.0,-0.433883739117558,-0.9009688679024191
0.6117727688816025,-1.0886550297950905,1.5458209446114568,-0.6371874703765118,0.01101283229131838,-1.8230186382533096,0.4953877901119818,-0.5141748518124991,1.9853095813456656,-0.6826680894736445,-0.007552340673315959,2.401716901190789,-0.6505684099646967,0.0,0.0,0.0,0.0,-0.9310122059382657,0.0,0.15123039074907563,0.9811223246574435,-0.6829968743182837,-0.651087827846492,-0.8660254037844386,0.5000000000000001,0.25881904510252074,0.9659258262890683,-0.9749279121818236,-0.2225209339563146
0.12063379929164557,-0.6412389163541294,0.8084834342116368,-0.6371874703765118,-0.2586784121590197,-0.3130180202072086,0.3336234868795902,0.10775166036897639,1.5985704219542605,-0.6826680894736445,1.4052200818181915,2.2275450695530736,-0.6505684099646967,0.0,0.0,0.0,0.0,-1.088879101263992,0.0,0.14162689076697677,1.1429319073690285,-0.6829968743182837,-0.651087827846492,-0.8660254037844386,0.5000000000000001,0.49999999999999994,0.8660254037844387,-0.9749279121818236,-0.2225209339563146
0.1195411821279037,0.22727471561950033,0.5188151265545653,-0.7954049568793099,-1.1756286432901693,-0.20516083320391562,0.3336234868795902,0.8687424858332662,1.0223290744610671,-0.6826680894736445,1.9853440234209843,2.002146228610148,-0.6505684099646967,0.0,0.0,0.0,0.0,-1.088879101263992,0.0,0.1665242709177337,1.1429319073690285,-0.6829968743182837,-0.651087827846492,-0.8660254037844386,0.5000000000000001,0.7071067811865476,0.7071067811865476,-0.9749279121818236,-0.2225209339563146
0.13113091308048166,0.8062838036019201,0.5188151265545653,-0.7954049568793099,-1.7150111321908454,-0.582660987715441,0.010094880414807005,1.5061205883794988,0.2991268463991398,-0.6826680894736445,2.261756019125844,1.513782073233809,-0.6505684099646967,0.0,0.8787878787878787,0.0,0.0,-1.3783017426944895,0.0,0.1393207260262458,0.9811223246574435,-0.6829968743182837,-0.651087827846492,-0.8660254037844386,0.5000000000000001,0.8660254037844386,0.5000000000000001,-0.9749279121818236,-0.2225209339563146
0.13372801974027007,1.4116114864926321,0.22914681889749292,-1.2173182542201055,-2.3083318699815893,-0.366946613708855,0.279702052468793,1.938765118592699,-0.42794277325670166,-0.6826680894736445,2.4084932514136095,0.33556085921396966,-0.6505684099646967,0.0,0.8787878787878787,0.0,0.0,-1.3783017426944895,0.0,0.15346769579236208,0.6035666316637451,-0.6829968743182837,-0.651087827846492,-0.8660254037844386,0.5000000000000001,0.9659258262890683,0.25881904510252074,-0.9749279121818236,-0.2225209339563146
0.2134831897345895,1.7011160304838424,0.09747940632609654,-1.5073836461419021,-2.4162083677617243,0.33412510181254906,0.6032306589335762,2.101006817422649,-0.6754558352672009,-0.6826680894736445,2.4494431767032183,-0.6445825854923893,-0.6505684099646967,0.0,0.8787878787878787,0.0,0.0,-1.3783017426944895,0.0,0.18020568479724464,0.44175704895216006,-0.6829968743182837,-0.651087827846492,-0.8660254037844386,0.5000000000000001,1.0,6.123233995736766e-17,-0.9749279121818236,-0.2225209339563146
0.2401006575897388,1.5432044610340911,0.09747940632609654,-1.2173182542201055,-1.8228876299709806,-0.2590894267055621,0.279702052468793,1.981256992095781,-0.6831906184550289,-0.5393650906614903,2.3982557700912075,-0.6514128533997506,-0.363593540476271,0.0,0.8787878787878787,0.0,0.0,-1.088879101263992,0.02064993265715884,0.18536698648728311,0.010264828387933323,-0.5126400709128975,-0.00499835900971449,-0.8660254037844386,0.5000000000000001,0.9659258262890683,-0.25881904510252063,-0.9749279121818236,-0.2225209339563146
0.1034608658182079,0.8062838036019201,0.09747940632609654,-0.05705668653291797,-0.3126166610490873,-0.09730364620062269,-1.1761766766227313,1.5949672329768525,-0.6831906184550289,0.02997385056517685,2.2242185876103693,-0.6514128533997506,0.9072951672581853,0.0,0.8787878787878787,0.0,0.0,-0.6415895645077683,0.07379094214838032,0.24855333940081303,-0.2594178094647084,0.11071095972953805,1.4102452393946552,-0.8660254037844386,0.5000000000000001,0.8660254037844387,-0.4999999999999998,-0.9749279121818236,-0.2225209339563146
0.14693664554710903,0.5167792596107107,-0.1921889013309754,0.681291583813473,-0.20474016326895209,0.6576966628224279,-2.36244823366027,1.0193954918896484,-0.6831906184550289,0.7929654928893498,1.9989939985175205,-0.6514128533997506,1.6144832384975198,0.0,0.0,0.0,0.0,0.22667835978372425,0.13233142363638997,0.2490262504291566,-1.1763387781636903,0.8734448295218351,1.991383915067947,-0.8660254037844386,0.5000000000000001,0.7071067811865476,-0.7071067811865475,-0.9749279121818236,-0.2225209339563146
0.10454204656488597,0.5167792596107107,-0.350189796416651,1.419639854159865,-0.5823079054994255,0.4959108823174885,-2.793819708946647,0.29703364233725155,-0.6831906184550289,1.4436385685769693,1.5110073888163478,-0.6514128533997506,1.9561199878885027,0.8787878787878787,0.0,0.0,0.0,0.8055236426447192,0.22025302686220466,0.2331003709992907,-1.7157040538689736,1.5122828422920331,2.2682794017122805,-0.8660254037844386,0.5000000000000001,0.49999999999999994,-0.8660254037844387,-0.9749279121818236,-0.2225209339563146
0.10598360487639923,0.22727471561950033,-0.350189796416651,1.8415531515006607,-0.36655490993915496,0.33412510181254906,-3.0634268810006335,-0.4291911048063347,-0.6831906184550289,1.8812936730573324,0.3336970367400916,-0.6514128533997506,2.133771097571814,0.8787878787878787,0.0,0.0,0.0,1.410680074726669,0.14553629360840123,0.24959980806972748,-2.3090058571447853,1.9459183418693795,2.4152733020296426,-0.8660254037844386,0.5000000000000001,0.258819045102521,-0.9659258262890682,-0.9749279121818236,-0.2225209339563146
0.1049195993491051,0.09568174107804124,-0.350189796416651,2.2898360299252554,0.3346423256317241,-2.57801894727636,-3.1712697498222275,-0.6764165506424492,-0.6831906184550289,2.0555811040450873,-0.645688676436388,-0.6514128533997506,2.188432977474371,0.8787878787878787,0.0,0.0,0.0,1.700102716157167,0.25304345310928716,0.22954111752159168,-2.416878912285842,2.1085316542108847,2.456294855606581,-0.8660254037844386,0.5000000000000001,1.2246467991473532e-16,-1.0,-0.9749279121818236,-0.2225209339563146
0.10744805661582832,0.09568174107804124,-0.6398581040737229,2.2898360299252554,-0.2586784121590197,0.4959108823174885,-3.1712697498222275,-0.6841423458248278,-0.6831906184550289,1.9510086454524345,-0.6525136639846563,-0.6514128533997506,2.154269302535273,0.8787878787878787,0.0,0.0,0.0,1.5422358208314406,0.13741490608829524,0.20486031453884612,-1.8235771090100303,1.9885075427207262,2.4050179136354077,-0.8660254037844386,0.5000000000000001,-0.2588190451025208,-0.9659258262890683,-0.9749279121818236,-0.2225209339563146
0.10459353103546132,0.09568174107804124,-0.6398581040737229,2.448053516428054,-0.09686366548881685,0.33412510181254906,-3.3330340530546194,-0.6841423458248278,-0.6831906184550289,1.5908146214110737,-0.6525136639846563,-0.6514128533997506,2.0346964402484287,0.8787878787878787,0.0,0.0,0.0,0.8055236426447192,0.18425283931978942,0.2032942430086585,-0.31335433703523674,1.6013329895266668,2.2306763109334202,-0.8660254037844386,0.5000000000000001,-0.4999999999999997,-0.8660254037844388,-0.9749279121818236,-0.2225209339563146
0.11000511865440323,-0.19382280291316867,-0.7978589991593985,2.448053516428054,0.6582718189721298,0.33412510181254906,-3.1712697498222275,-0.6841423458248278,-0.6831906184550289,0.9788720859429554,-0.6525136639846563,-0.6514128533997506,1.7374724682782736,0.0,0.0,0.0,0.0,0.5161010012142222,0.20468658064834755,0.22959305424667997,-0.20548128189418005,1.0244429052675181,2.00505776626026,-0.8660254037844386,0.5000000000000001,-0.7071067811865471,-0.7071067811865479,-0.9749279121818236,-0.2225209339563146
0.18688859471356775,-0.3517343723629195,-0.7978589991593985,1.8415531515006607,0.4964570723019269,0.010553540802670241,-2.73989827453585,-0.6841423458248278,-0.6831906184550289,0.1887690654651316,-0.6525136639846563,-0.6514128533997506,1.0166189270632997,0.0,0.0,0.8787878787878787,0.8787878787878787,0.5161010012142222,0.2345278039613386,0.28000194839548553,-0.5830369748878784,0.30042649079462713,1.516217586135079,-0.8660254037844386,0.5000000000000001,-0.8660254037844385,-0.5000000000000004,-0.9749279121818236,-0.2225209339563146
0.18572161338052687,-0.3517343723629195,-1.2191947193878672,1.419639854159865,0.3346423256317241,0.2801965083109026,-2.632055405714256,-0.6841423458248278,-0.6831906184550289,-0.4928884423980888,-0.6525136639846563,-0.6514128533997506,-0.20302426826250902,0.0,0.0,0.8787878787878787,0.8787878787878787,0.22667835978372425,0.046932170102034994,0.33716558754547077,-0.3672908646057651,-0.4274616692102045,0.33684792079810427,-0.8660254037844386,0.5000000000000001,-0.9659258262890683,-0.25881904510252063,-0.9749279121818236,-0.2225209339563146
0.2231165005084107,-0.3517343723629195,-1.5088630270449392,0.8131394892324716,-2.5780231144319274,0.6037680693207814,-2.5781339713034583,-0.6841423458248278,-0.6831906184550289,-0.6826680894736445,-0.6525136639846563,-0.6514128533997506,-0.6505684099646967,0.0,0.0,0.8787878787878787,0.8787878787878787,0.09512261367895261,0.0,0.4429745258558584,0.3338839938111034,-0.6752533832544025,-0.6442509022503355,-0.8660254037844386,0.5000000000000001,-1.0,-1.8369701987210297e-16,-0.9749279121818236,-0.2225209339563146
0.2674446296737728,-0.6412389163541294,-1.2191947193878672,0.9713569757352701,0.4964570723019269,0.2801965083109026,-2.685976840125053,-0.6841423458248278,-0.540097129480209,-0.6826680894736445,-0.6525136639846563,-0.36454160129057245,-0.6505684099646967,0.0,0.0,0.8787878787878787,0.8787878787878787,0.09512261367895261,0.0,0.4309279202768196,-0.2594178094647084,-0.6829968743182837,-0.651087827846492,-0.8660254037844386,0.5000000000000001,-0.9659258262890684,0.2588190451025203,-0.9749279121818236,-0.2225209339563146
0.3265488018942555,-0.6412389163541294,-0.06052148875957856,0.681291583813473,0.3346423256317241,-1.1758755162335521,-3.009505446589836,-0.6841423458248278,0.02840943482515628,-0.6826680894736445,-0.6525136639846563,0.9058882294786454,-0.6505684099646967,0.0,0.0,0.8787878787878787,0.8787878787878787,0.09512261367895261,0.0,0.3846398518481866,-0.09760822675312336,-0.6829968743182837,-0.651087827846492,-0.8660254037844386,0.5000000000000001,-0.8660254037844386,0.5000000000000001,-0.9749279121818236,-0.2225209339563146
0.33279558432406264,-0.7991504858038802,0.6768160216402405,0.5230740973106753,0.3346423256317241,-2.3623045732697743,-3.1173483154114305,-0.6841423458248278,0.7902855788262242,-0.6826680894736445,-0.6525136639846563,1.612820957890549,-0.6505684099646967,0.0,0.0,0.0,0.0,-0.19430002775154487,0.0,0.3025658944638574,0.6575031592342735,-0.6829968743182837,-0.651087827846492,-0.8660254037844386,0.5000000000000001,-0.7071067811865477,0.7071067811865474,-0.9749279121818236,-0.2225209339563146
0.3044905756538852,-0.7991504858038802,1.4141535320400604,0.1011607999698797,0.01101283229131838,-2.793733321282946,-2.5781339713034583,-0.6841423458248278,1.4400073666037845,-0.6826680894736445,-0.6525136639846563,1.9543343532586184,-0.6505684099646967,0.0,0.0,0.0,0.0,-0.3521669230772707,0.0,0.2439654929120455,0.4956935765226884,-0.6829968743182837,-0.651087827846492,-0.8660254037844386,0.5000000000000001,-0.5000000000000004,0.8660254037844384,-0.9749279121818236,-0.2225209339563146
0.3408900757568577,-1.2202480043365496,1.835489252268529,0.39122619189167684,0.2807040767416565,-3.0633762887911784,-2.8477411433574447,-0.6841423458248278,1.8770226167160722,-0.6826680894736445,-0.6525136639846563,2.1319213188500146,-0.6505684099646967,0.0,0.0,0.0,0.0,-0.3521669230772707,0.0,0.21317116372632583,0.3338839938111034,-0.6829968743182837,-0.651087827846492,-0.8660254037844386,0.5000000000000001,-0.25881904510252157,0.9659258262890681,-0.9749279121818236,-0.2225209339563146
0.4716663629559286,-1.5097525483277596,2.2831584550112765,0.1011607999698797,0.6043335700820621,-3.1712334757944713,-2.0389196271954866,-0.6841423458248278,2.0510552384422045,-0.6826680894736445,-0.6525136639846563,2.1865634621089054,-0.6505684099646967,0.0,0.0,0.0,0.0,-0.3521669230772707,0.0,0.20439595719205061,-2.578688494997427,-0.6829968743182837,-0.651087827846492,-0.8660254037844386,0.5000000000000001,-2.4492935982947064e-16,1.0,-0.9749279121818236,-0.2225209339563146
0.13666835963619203,-1.2202480043365496,2.2831584550112765,-0.18890459195191697,0.2807040767416565,-3.1712334757944713,-2.793819708946647,-0.5412151349508241,1.946635665406525,-0.6826680894736445,-0.36586418695739387,2.1524121225720987,-0.6505684099646967,0.0,0.0,0.0,0.0,-0.6415895645077683,0.0,0.23366793594081292,0.4956935765226884,-0.6829968743182837,-0.651087827846492,-0.8660254037844386,0.5000000000000001,0.25881904510252074,0.9659258262890683,-0.7818314824680299,0.6234898018587334
0.13728044477767,-0.06222982837170911,2.4411593500969526,-0.3471220784547151,-1.1756286432901693,-3.3330192562994108,-2.8477411433574447,0.02663081095400133,1.5869682471725184,-0.6826680894736445,0.9035834970204822,2.032882434193274,-0.6505684099646967,0.0,0.0,0.0,0.0,-0.6415895645077683,0.0,0.3139529446099949,0.3338839938111034,-0.6829968743182837,-0.651087827846492,-0.8660254037844386,0.5000000000000001,0.49999999999999994,0.8660254037844387,-0.7818314824680299,0.6234898018587334
0.1391453290000419,0.6746908290604611,2.4411593500969526,-0.6371874703765118,-2.3622701188716566,-3.1712334757944713,-2.685976840125053,0.7876216364182912,0.9759203753340986,-0.6826680894736445,1.6099697082662359,1.735765780223054,-0.6505684099646967,0.0,0.0,0.0,0.0,-0.7994564598334941,0.0,0.306126940629306,0.3338839938111034,-0.6829968743182837,-0.651087827846492,-0.8660254037844386,0.5000000000000001,0.7071067811865476,0.7071067811865476,-0.7818314824680299,0.6234898018587334
0.1384703058094346,1.4116114864926321,1.835489252268529,-0.6371874703765118,-2.793776109992198,-2.7398047277812996,-2.632055405714256,1.4365884317380917,0.18697249017563233,-0.6826680894736445,1.9512190856796434,1.0151725159964275,-0.6505684099646967,0.0,0.8787878787878787,0.0,0.0,-0.7994564598334941,0.0,0.20381528002013138,0.010264828387933323,-0.6829968743182837,-0.651087827846492,-0.8660254037844386,0.5000000000000001,0.8660254037844386,0.5000000000000001,-0.7818314824680299,0.6234898018587334
0.13666835963619203,1.8327090050253017,1.4141535320400604,-1.085470348801107,-3.063467354442536,-2.6319475407780066,-2.4702911024818643,1.8730958595424811,-0.4936884303532405,-0.6826680894736445,2.128668761934615,-0.20403030546757986,-0.6505684099646967,0.0,0.8787878787878787,0.0,0.0,-1.2204348473687636,0.0,0.19015371887695587,0.27994746624057504,-0.6829968743182837,-0.651087827846492,-0.8660254037844386,0.5000000000000001,0.9659258262890683,0.25881904510252074,-0.7818314824680299,0.6234898018587334
0.2105600216257534,2.2801251184662625,0.8084834342116368,-1.085470348801107,-3.171343852222671,-2.57801894727636,-2.4702911024818643,2.046926251145999,-0.6831906184550289,-0.6826680894736445,2.1832686623207604,-0.6514128533997506,-0.6505684099646967,0.0,0.8787878787878787,0.0,0.0,-1.509857488799261,0.0,0.2107603316308433,0.6035666316637451,-0.6829968743182837,-0.651087827846492,-0.8660254037844386,0.5000000000000001,1.0,6.123233995736766e-17,-0.7818314824680299,0.6234898018587334
0.22678905940945113,2.2801251184662625,0.9664843292973129,-0.6371874703765118,-3.171343852222671,-2.685876134279653,-2.632055405714256,1.9426280161838885,-0.6831906184550289,-0.5277459285956398,2.1491437245794196,-0.6514128533997506,-0.37384264295800046,0.0,0.8787878787878787,0.0,0.0,-1.2204348473687636,0.01644787959989816,0.22290509966908512,0.27994746624057504,-0.5397422896364817,-0.3639369528079242,-0.8660254037844386,0.5000000000000001,0.9659258262890683,-0.25881904510252063,-0.7818314824680299,0.6234898018587334
0.13621643925037588,2.438036687916014,0.6768160216402405,0.39122619189167684,-3.333158598892874,-3.009447695289532,-2.9016625777682417,1.5833785402032845,-0.6831906184550289,-0.03586806780797513,2.029706442484727,-0.6514128533997506,0.4631673930499076,0.0,0.8787878787878787,0.0,0.0,-0.06274428164677277,0.1092035029985499,0.27319185544052804,-1.1763387781636903,0.02940430355878558,0.9077312080771617,-0.8660254037844386,0.5000000000000001,0.8660254037844387,-0.4999999999999998,-0.7818314824680299,0.6234898018587334
0.13412845565551088,2.438036687916014,0.5188151265545653,1.2614223676570673,-3.171343852222671,-3.117304882292825,-3.1712697498222275,0.9730407207953771,-0.6831906184550289,0.6186780619015946,1.7328194841350626,-0.6514128533997506,1.1293590543623242,0.0,0.0,0.0,0.0,0.6739678965399476,0.2205856432342956,0.35084533166439213,-2.3629423847153137,0.7921381733510826,1.6153530072793465,-0.8660254037844386,0.5000000000000001,0.7071067811865476,-0.7071067811865475,-0.7818314824680299,0.6234898018587334
0.18332473669140203,1.8327090050253017,0.09747940632609654,1.7097052460816622,-2.73983786110213,-2.57801894727636,-3.225191184233025,0.18500961219276216,-0.6831906184550289,1.3042086237867652,1.0127832977927727,-0.6514128533997506,1.3514229414664631,0.8787878787878787,0.0,0.0,0.0,1.410680074726669,0.3666430269558694,0.31553993424523763,-2.7944346052795406,1.4425914227171024,1.9571992870871653,-0.8660254037844386,0.5000000000000001,0.49999999999999994,-0.8660254037844387,-0.7818314824680299,0.6234898018587334
0.4303472265118517,1.4116114864926321,0.38714771398316894,2.131618543422457,-2.6319613633219947,-2.8476619147845925,-3.279112618643822,-0.49486036385655263,-0.6831906184550289,1.7418637282671283,-0.20547697957309233,-0.6514128533997506,1.7238069983026345,0.8787878787878787,0.0,0.0,0.0,1.8316584622619385,0.45557911011656155,0.3358835084866093,-3.0641172431321824,1.8800986678263896,2.1349593525872312,-0.8660254037844386,0.5000000000000001,0.258819045102521,-0.9659258262890682,-0.7818314824680299,0.6234898018587334
0.39786052557881635,0.8062838036019201,0.09747940632609654,2.5799014218470524,-2.5780231144319274,-2.0387330122598954,-3.279112618643822,-0.6841423458248278,-0.6831906184550289,1.633418215652525,-0.6525136639846563,-0.6514128533997506,1.2250173441917993,0.8787878787878787,0.0,0.0,0.0,2.278947999018162,0.6081557747311183,0.39145483115775304,-3.171990298273239,2.054327216763716,2.189654757356482,-0.8660254037844386,0.5000000000000001,1.2246467991473532e-16,-1.0,-0.7818314824680299,0.6234898018587334
0.2538126951175654,0.9641953730516715,-0.1921889013309754,2.73811890834985,-2.6858996122120624,-2.793733321282946,-3.3330340530546194,-0.6841423458248278,-0.6831906184550289,1.6489104317403254,-0.6525136639846563,-0.6514128533997506,1.3821702489116514,0.8787878787878787,0.0,0.0,0.0,2.278947999018162,0.48055858635593807,0.42611696099270235,-3.171990298273239,1.94979008740132,2.1554701293757,-0.8660254037844386,0.5000000000000001,-0.2588190451025208,-0.9659258262890683,-0.7818314824680299,0.6234898018587334
0.20246549586997795,0.6746908290604611,-0.350189796416651,2.2898360299252554,-3.009529105552468,-2.8476619147845925,-3.1712697498222275,-0.6841423458248278,-0.6831906184550289,0.6612816561430458,-0.6525136639846563,-0.6514128533997506,-0.15861149084168125,0.8787878787878787,0.0,0.0,0.0,2.4368148943438883,0.4189913091865555,0.4114449898142042,-3.333799880984824,1.5897177529308448,2.035823931442964,-0.8660254037844386,0.5000000000000001,-0.4999999999999997,-0.8660254037844388,-0.7818314824680299,0.6234898018587334
0.2559292697550899,0.5167792596107107,-0.6398581040737229,1.5514877595788634,-3.117405603332603,-2.685876134279653,-2.3085267992494725,-0.6841423458248278,-0.6831906184550289,0.6845199802747465,-0.6525136639846563,-0.6514128533997506,0.08736696871982644,0.0,0.0,0.0,0.0,2.4368148943438883,0.2877686023555838,0.4164924302223183,-3.171990298273239,0.9779819588842311,1.7384176680101613,-0.8660254037844386,0.5000000000000001,-0.7071067811865471,-0.7071067811865479,-0.7818314824680299,0.6234898018587334
0.24955092734147255,0.09568174107804124,-0.6398581040737229,1.1295744622380688,-2.5780231144319274,-2.6319475407780066,-1.9310767583738921,-0.6841423458248278,-0.6831906184550289,0.03384690458712697,-0.6525136639846563,-0.6514128533997506,-0.2474370456833368,0.0,0.0,0.8787878787878787,0.8787878787878787,1.8316584622619385,0.14189969237509165,0.4087251751801664,-2.740498077709012,0.18814587036834993,1.0171220176156637,-0.8660254037844386,0.5000000000000001,-0.8660254037844385,-0.5000000000000004,-0.7818314824680299,0.6234898018587334
0.45754818846581957,0.3851862850692516,-1.0875273068164708,0.8131394892324716,-2.847714358882265,-2.470161760273067,-1.877155323963095,-0.6841423458248278,-0.6831906184550289,-0.5161267665297895,-0.6525136639846563,-0.6514128533997506,-0.48658277025702484,0.0,0.0,0.8787878787878787,0.8787878787878787,1.410680074726669,0.02283411394404467,0.4243701660494954,-2.6326250225679555,-0.4932813432531946,-0.20326920129824938,-0.8660254037844386,0.5000000000000001,-0.9659258262890683,-0.25881904510252063,-0.7818314824680299,0.6234898018587334
0.7345632312037728,0.09568174107804124,-1.0875273068164708,0.681291583813473,-2.0386406255312512,-2.470161760273067,-1.877155323963095,-0.6841423458248278,-0.6831906184550289,-0.6826680894736445,-0.6525136639846563,-0.6514128533997506,-0.6505684099646967,0.0,0.0,0.8787878787878787,0.8787878787878787,0.8055236426447192,0.0,0.44022065015457823,-2.578688494997427,-0.6829968743182837,-0.651087827846492,-0.8660254037844386,0.5000000000000001,-1.0,-1.8369701987210297e-16,-0.7818314824680299,0.6234898018587334
0.29084717035763363,-0.19382280291316867,-0.6398581040737229,0.5230740973106753,-2.793776109992198,-2.6319475407780066,-1.337940979855123,-0.6841423458248278,-0.528494954698467,-0.6826680894736445,-0.6525136639846563,-0.3747870031516145,-0.6505684099646967,0.0,0.0,0.8787878787878787,0.8787878787878787,0.9633905379704456,0.0,0.4077294139647404,-2.686561550138484,-0.6829968743182837,-0.651087827846492,-0.8660254037844386,0.5000000000000001,-0.9659258262890684,0.2588190451025203,-0.7818314824680299,0.6234898018587334
0.32050795734674975,-0.3517343723629195,0.38714771398316894,0.23300870538887822,-2.847714358882265,-2.901590508286239,-1.1761766766227313,-0.6841423458248278,-0.03733622227138257,-0.6826680894736445,-0.6525136639846563,0.46192081550015535,-0.6505684099646967,0.0,0.0,0.8787878787878787,0.8787878787878787,0.6739678965399476,0.0,0.43423563405342525,-3.010180715561654,-0.6829968743182837,-0.651087827846492,-0.8660254037844386,0.5000000000000001,-0.8660254037844386,0.5000000000000001,-0.7818314824680299,0.6234898018587334
0.3353297529347217,-0.6412389163541294,1.2561526369543852,0.23300870538887822,-2.6858996122120624,-3.1712334757944713,-0.9604909389795426,-0.6841423458248278,0.6162529571000919,-0.6826680894736445,-0.6525136639846563,1.1278719364678906,-0.6505684099646967,0.0,0.0,0.0,0.0,0.5161010012142222,0.0,0.39875419469726037,-3.1180537707027107,-0.6829968743182837,-0.651087827846492,-0.8660254037844386,0.5000000000000001,-0.7071067811865477,0.7071067811865474,-0.7818314824680299,0.6234898018587334
0.3292889083872159,-0.6412389163541294,1.7038218396971327,0.39122619189167684,-2.6319613633219947,-3.225162069296118,-1.068333807801137,-0.6841423458248278,1.3007812692228786,-0.6826680894736445,-0.6525136639846563,1.3498556434571356,-0.6505684099646967,0.0,0.0,0.0,0.0,0.09512261367895261,0.0,0.28848351267637673,-2.578688494997427,-0.6829968743182837,-0.651087827846492,-0.8660254037844386,0.5000000000000001,-0.5000000000000004,0.8660254037844384,-0.7818314824680299,0.6234898018587334
0.3243750245776238,-1.0886550297950905,2.1251575599256007,0.23300870538887822,-2.470146616651792,-3.2790906627977643,-1.877155323963095,-0.6841423458248278,1.7377965193351663,-0.6826680894736445,-0.6525136639846563,1.7221052444083311,-0.6505684099646967,0.0,0.0,0.0,0.0,0.3845452551094506,0.0,0.2419382703851517,-2.848371132850069,-0.6829968743182837,-0.651087827846492,-0.8660254037844386,0.5000000000000001,-0.25881904510252157,0.9659258262890681,-0.7818314824680299,0.6234898018587334
0.4287311633034724,-1.0886550297950905,2.572826762668349,0.07479121888608056,-2.470146616651792,-3.2790906627977643,0.3336234868795902,-0.6841423458248278,1.629509554705573,-0.6826680894736445,-0.6525136639846563,1.22349568717095,-0.6505684099646967,0.0,0.0,0.0,0.0,0.09512261367895261,0.0,0.2068768321588923,-2.0393232192921436,-0.6829968743182837,-0.651087827846492,-0.8660254037844386,0.5000000000000001,-2.4492935982947064e-16,1.0,-0.7818314824680299,0.6234898018587334
0.46429838604891227,-0.6412389163541294,2.7308276577540243,-0.18890459195191697,-2.6319613633219947,-3.3330192562994108,-1.6614695863199063,-0.5296264421772562,1.644979121081229,-0.6826680894736445,-0.37610166827979613,1.3805918490402618,-0.6505684099646967,0.0,0.0,0.0,0.0,-0.19430002775154487,0.0,0.1860536883346786,-2.7944346052795406,-0.6829968743182837,-0.651087827846492,-0.8660254037844386,0.5000000000000001,0.25881904510252074,0.9659258262890683,-2.4492935982947064e-16,1.0
0.17859388017470523,0.3851862850692516,2.2831584550112765,-0.05705668653291797,-2.901652607772333,-3.1712334757944713,-1.877155323963095,-0.03903844809621657,0.6587942646331465,-0.6826680894736445,0.4599593063830524,-0.15963356406973084,-0.6505684099646967,0.0,0.0,0.0,0.0,-0.3521669230772707,0.0,0.18487789004954314,-2.848371132850069,-0.6829968743182837,-0.651087827846492,-0.8660254037844386,0.5000000000000001,0.49999999999999994,0.8660254037844387,-2.4492935982947064e-16,1.0
0.1771522978371057,1.2536999170428818,1.5458209446114568,-0.18890459195191697,-3.171343852222671,-2.308375979768128,-2.2546053648386755,0.6137912448147732,0.6819986141966308,-0.6826680894736445,1.1253955923391972,0.08625608059527907,-0.6505684099646967,0.0,0.0,0.0,0.0,-0.6415895645077683,0.0,0.18631129756429554,-2.686561550138484,-0.6829968743182837,-0.651087827846492,-0.8660254037844386,0.5000000000000001,0.7071067811865476,0.7071067811865476,-2.4492935982947064e-16,1.0
0.17486410486536538,1.7011160304838424,1.1244852243829888,-0.5053395649575132,-3.2252821011127386,-1.9308758252566025,-1.9310767583738921,1.2975241184552773,0.032276826419070336,-0.6826680894736445,1.347207687657912,-0.24842704686542888,-0.6505684099646967,0.0,0.8787878787878787,0.0,0.0,-0.6415895645077683,0.0,0.19256006925306424,-2.6326250225679555,-0.6829968743182837,-0.651087827846492,-0.8660254037844386,0.5000000000000001,0.8660254037844386,0.5000000000000001,-2.4492935982947064e-16,1.0
0.17434354538337818,2.122213549016511,0.8084834342116368,-0.6371874703765118,-3.2792203500028063,-1.876947231754956,-2.146762496017081,1.734031546259667,-0.5168927799167248,-0.6826680894736445,1.7191695090385264,-0.48748642362307737,-0.6505684099646967,0.0,0.8787878787878787,0.0,0.0,-1.088879101263992,0.0,0.22022974369123727,-2.4708154398563704,-0.6829968743182837,-0.651087827846492,-0.8660254037844386,0.5000000000000001,0.9659258262890683,0.25881904510252074,-2.4492935982947064e-16,1.0
0.1738801851482002,2.569629662457473,0.6768160216402405,-0.7954049568793099,-3.2792203500028063,-1.876947231754956,-2.2546053648386755,1.6258704137063669,-0.6831906184550289,-0.6826680894736445,1.2209454180149513,-0.6514128533997506,-0.6505684099646967,0.0,0.8787878787878787,0.0,0.0,-1.088879101263992,0.0,0.2665121267387214,-2.4708154398563704,-0.6829968743182837,-0.651087827846492,-0.8660254037844386,0.5000000000000001,1.0,6.123233995736766e-17,-2.4492935982947064e-16,1.0
0.17391450812858375,2.727541231907223,0.5188151265545653,-0.6371874703765118,-3.333158598892874,-1.3376612967384915,-2.36244823366027,1.6413220040711238,-0.6831906184550289,-0.5354920366395401,1.3779201316251188,-0.6514128533997506,-0.2816007206224351,0.0,0.8787878787878787,0.0,0.0,-0.6415895645077683,0.0,0.3292278222885072,-2.6326250225679555,-0.52812705304066,-0.3741923412021588,-0.8660254037844386,0.5000000000000001,0.9659258262890683,-0.25881904510252063,-2.4492935982947064e-16,1.0
0.17403463855992618,2.2801251184662625,0.22914681889749292,0.5230740973106753,-3.171343852222671,-1.1758755162335521,-2.73989827453585,0.6562831183178554,-0.6831906184550289,0.014481634477376385,-0.16111456050934936,-0.6514128533997506,0.8458005523678085,0.0,0.8787878787878787,0.0,0.0,0.3845452551094506,0.042203473568653296,0.30753266392323975,-2.9023076604205973,-0.03641537048420452,0.46333104432699723,-0.8660254037844386,0.5000000000000001,0.8660254037844387,-0.4999999999999998,-2.4492935982947064e-16,1.0
0.1900691920398766,1.5432044610340911,0.22914681889749292,1.419639854159865,-2.3083318699815893,-0.9601611422269661,-2.955584012179039,0.6794605038649911,-0.6831906184550289,0.5412169814625922,0.08458499122830408,-0.6514128533997506,0.7979714074530708,0.0,0.0,0.0,0.0,1.2528131794009436,0.08242787972336536,0.3021427689353028,-3.171990298273239,0.6179096244137559,1.129931289952244,-0.8660254037844386,0.5000000000000001,0.7071067811865476,-0.7071067811865475,-2.4492935982947064e-16,1.0
0.3319146163865579,1.1221069425014227,0.38714771398316894,1.9997706380034583,-1.9307641277511158,-1.0680183292302592,-3.1712697498222275,0.03049370854519062,-0.6831906184550289,1.1144289767112094,-0.24983939863683532,-0.6514128533997506,1.3172592665273648,0.8787878787878787,0.0,0.0,0.0,1.700102716157167,0.12146040832730898,0.2778253693692253,-3.2259268258437674,1.303208583567241,1.352131371827326,-0.8660254037844386,0.5000000000000001,0.49999999999999994,-0.8660254037844387,-2.4492935982947064e-16,1.0
0.4154052661695569,0.8062838036019201,0.22914681889749292,1.8415531515006607,-1.8768258788610481,-1.876947231754956,-2.5242125368926613,-0.5180377494036883,-0.6831906184550289,1.9238972672987837,-0.4887139628262206,-0.6514128533997506,2.3250876772307643,0.8787878787878787,0.0,0.0,0.0,2.1210811036924357,0.32040935123522546,0.2625148428143209,-3.279863353414296,1.740715828676528,1.7247438168178486,-0.8660254037844386,0.5000000000000001,0.258819045102521,-0.9659258262890682,-2.4492935982947064e-16,1.0
0.4451919155277395,0.6746908290604611,0.07114592381181782,1.419639854159865,-1.8768258788610481,0.33412510181254906,-2.3085267992494725,-0.6841423458248278,-0.6831906184550289,1.6876409719598267,-0.6525136639846563,-0.6514128533997506,1.61106687100361,0.8787878787878787,0.0,0.0,0.0,2.5683706404486597,0.23667871429775691,0.2630731882188453,-3.279863353414296,1.6323069537821915,1.2256482482984332,-0.8660254037844386,0.5000000000000001,1.2246467991473532e-16,-1.0,-2.4492935982947064e-16,1.0
0.31971279686020393,0.5167792596107107,-0.1921889013309754,1.419639854159865,-1.3374433899603722,-1.6612328577483704,-2.3085267992494725,-0.6841423458248278,-0.6831906184550289,1.834817024793931,-0.6525136639846563,-0.6514128533997506,2.1816002424865517,0.8787878787878787,0.0,0.0,0.0,2.726237535774385,0.12487526886046588,0.25358098341420654,-3.333799880984824,1.6477939359099538,1.3828975370100298,-0.8660254037844386,0.5000000000000001,-0.2588190451025208,-0.9659258262890683,-2.4492935982947064e-16,1.0
0.3162461758414648,0.22727471561950033,-0.06052148875957856,1.419639854159865,-1.1756286432901693,-1.876947231754956,-2.2546053648386755,-0.6841423458248278,-0.6831906184550289,1.5869415673891236,-0.6525136639846563,-0.6514128533997506,2.3660840871576823,0.8787878787878787,0.0,0.0,0.0,2.278947999018162,0.07123534146343541,0.24280198734290737,-3.171990298273239,0.6604988252651024,-0.15882918492323295,-0.8660254037844386,0.5000000000000001,-0.4999999999999997,-0.8660254037844388,-2.4492935982947064e-16,1.0
0.2808248806794236,0.22727471561950033,-0.1921889013309754,1.2614223676570673,-0.9598756477298988,-2.2544473862664813,-2.3085267992494725,-0.6841423458248278,-0.6831906184550289,1.0176026261624564,-0.6525136639846563,-0.6514128533997506,2.1611020375230927,0.0,0.0,0.0,0.0,1.5422358208314406,0.02309466432249291,0.26610810613961233,-2.3090058571447853,0.6837292984567459,0.08730013653839658,-0.8660254037844386,0.5000000000000001,-0.7071067811865471,-0.7071067811865479,-2.4492935982947064e-16,1.0
0.2848406625197036,0.3851862850692516,-0.5081906915023265,1.2614223676570673,-1.067752145510034,-1.9308758252566025,-2.200683930427878,-0.6841423458248278,-0.6831906184550289,0.2778493079699843,-0.6525136639846563,-0.6514128533997506,1.6896433233635362,0.0,0.0,0.8787878787878787,0.8787878787878787,1.121257433296172,0.0013249218910321092,0.3014779890981022,-1.931450164151087,0.03327604909072617,-0.2477092176732658,-0.8660254037844386,0.5000000000000001,-0.8660254037844385,-0.5000000000000004,-2.4492935982947064e-16,1.0
0.3698300801579191,0.22727471561950033,-0.6398581040737229,0.5230740973106753,-1.8768258788610481,-2.1465901992631884,-1.7153910207307033,-0.6841423458248278,-0.6831906184550289,-0.4347926320688371,-0.6525136639846563,-0.6514128533997506,0.5417438454098337,0.0,0.0,0.8787878787878787,0.8787878787878787,0.8055236426447192,0.0,0.35109779331918545,-1.8775136365805587,-0.5165118164448381,-0.48700161353873894,-0.8660254037844386,0.5000000000000001,-0.9659258262890683,-0.25881904510252063,-2.4492935982947064e-16,1.0
0.49475429920159386,0.06936314616974998,-0.7978589991593985,0.1011607999698797,0.3346423256317241,-2.2544473862664813,-0.47519802928236776,-0.6841423458248278,-0.6831906184550289,-0.6826680894736445,-0.6525136639846563,-0.6514128533997506,-0.6505684099646967,0.0,0.0,0.8787878787878787,0.8787878787878787,0.6739678965399476,0.0,0.37921246407645814,-1.8775136365805587,-0.6829968743182837,-0.651087827846492,-0.8660254037844386,0.5000000000000001,-1.0,-1.8369701987210297e-16,-2.4492935982947064e-16,1.0
0.5312510569017811,-0.19382280291316867,-0.6398581040737229,-0.05705668653291797,-1.6610728833007777,-2.3623045732697743,-0.09774798840678739,-0.6841423458248278,-0.536229737886295,-0.6826680894736445,-0.6525136639846563,-0.2825783864022358,-0.6505684099646967,0.0,0.0,0.8787878787878787,0.8787878787878787,0.5161010012142222,0.0,0.38483853287049197,-1.3381483608752753,-0.6829968743182837,-0.651087827846492,-0.8660254037844386,0.5000000000000001,-0.9659258262890684,0.2588190451025203,-2.4492935982947064e-16,1.0
0.9221497828753522,-0.06222982837170911,0.5188151265545653,0.1011607999698797,-1.8768258788610481,-2.7398047277812996,-0.3673551604607734,-0.6841423458248278,0.012939868449500081,-0.6826680894736445,-0.6525136639846563,0.844415818312393,-0.6505684099646967,0.0,0.0,0.8787878787878787,0.8787878787878787,0.22667835978372425,0.0,0.38364086379481155,-1.1763387781636903,-0.6829968743182837,-0.651087827846492,-0.8660254037844386,0.5000000000000001,-0.8660254037844386,0.5000000000000001,-2.4492935982947064e-16,1.0
0.34358442971696684,-0.19382280291316867,1.4141535320400604,-0.05705668653291797,-2.2543936210915216,-2.9555191017878855,0.010094880414807005,-0.6841423458248278,0.5389051252218109,-0.6826680894736445,-0.6525136639846563,0.7966039429608632,-0.6505684099646967,0.0,0.0,0.0,0.0,0.22667835978372425,0.0,0.31895623367981873,-0.9605926678815769,-0.6829968743182837,-0.651087827846492,-0.8660254037844386,0.5000000000000001,-0.7071067811865477,0.7071067811865474,-2.4492935982947064e-16,1.0
0.2559063969209623,-0.5096459418126703,1.9934901473542042,-0.004317524365318744,-1.9307641277511158,-3.1712334757944713,0.010094880414807005,-0.6841423458248278,1.1112790811210902,-0.6826680894736445,-0.6525136639846563,1.3157043039203287,-0.6505684099646967,0.0,0.0,0.0,0.0,0.3845452551094506,0.0,0.23507393582085656,-1.0684657230226335,-0.6829968743182837,-0.651087827846492,-0.8660254037844386,0.5000000000000001,-0.5000000000000004,0.8660254037844384,-2.4492935982947064e-16,1.0
0.16804527848299572,-0.6412389163541294,1.835489252268529,0.0220520567184804,-2.146517123311386,-2.5240903537747137,0.1718591836471986,-0.6841423458248278,1.9195639242491267,-0.6826680894736445,-0.6525136639846563,2.323168820256133,-0.6505684099646967,0.0,0.0,0.0,0.0,0.22667835978372425,0.0,0.18092688307890736,-1.8775136365805587,-0.6829968743182837,-0.651087827846492,-0.8660254037844386,0.5000000000000001,-0.25881904510252157,0.9659258262890681,-2.4492935982947064e-16,1.0
0.1378410557454668,-0.7991504858038802,1.4141535320400604,0.23300870538887822,-2.2543936210915216,-2.308375979768128,0.9806806998091566,-0.6841423458248278,1.6836530370203697,-0.6826680894736445,-0.6525136639846563,1.6094058239368683,-0.6505684099646967,0.0,0.0,0.0,0.0,0.06881146445799885,0.0,0.1832338417242132,0.3338839938111034,-0.6829968743182837,-0.651087827846492,-0.8660254037844386,0.5000000000000001,-2.4492935982947064e-16,1.0,-2.4492935982947064e-16,1.0
0.13738913879194867,-0.6412389163541294,1.4141535320400604,0.1011607999698797,-2.3622701188716566,-2.308375979768128,1.5198950439171286,-0.5373522373596348,1.8306139175891036,-0.6826680894736445,-0.2839643363781761,2.179733194201544,-0.6505684099646967,0.0,0.0,0.0,0.0,-0.19430002775154487,0.0,0.1483584844863618,-1.6617675262984453,-0.6829968743182837,-0.651087827846492,-0.8660254037844386,0.5000000000000001,0.25881904510252074,0.9659258262890683,0.7818314824680298,0.6234898018587336
0.13737197386945885,0.5167792596107107,1.4141535320400604,0.15389996213747892,-2.73983786110213,-2.2544473862664813,1.358130740684737,0.011179220589244178,1.5831008555786044,-0.6826680894736445,0.8421586090860689,2.3641504277003014,-0.6505684099646967,0.0,0.0,0.0,0.0,-0.06274428164677277,0.0,0.13620564935324686,-1.8775136365805587,-0.6829968743182837,-0.651087827846492,-0.8660254037844386,0.5000000000000001,0.49999999999999994,0.8660254037844387,0.7818314824680298,0.6234898018587336
0.1365482292048496,1.4116114864926321,1.2561526369543852,0.180269543221279,-2.9555908566624005,-2.308375979768128,1.1424450030415483,0.5365332929909874,1.0145942912732389,-0.6826680894736445,0.7943836962481917,2.1592423904794598,-0.6505684099646967,0.0,0.0,0.0,0.0,-0.19430002775154487,0.0,0.13517221608525448,-2.255069329574257,-0.6829968743182837,-0.651087827846492,-0.8660254037844386,0.5000000000000001,0.7071067811865476,0.7071067811865476,0.7818314824680298,0.6234898018587336
0.13605054598928806,1.990620574475052,1.2561526369543852,0.23300870538887822,-3.171343852222671,-2.200518792764835,1.5198950439171286,1.108242136487002,0.2759224968356555,-0.6826680894736445,1.3130827499165714,1.6879539048715242,-0.6505684099646967,0.0,0.8787878787878787,0.0,0.0,-0.5100338184029966,0.0,0.14873031353545318,-1.931450164151087,-0.6829968743182837,-0.651087827846492,-0.8660254037844386,0.5000000000000001,0.8660254037844386,0.5000000000000001,0.7818314824680298,0.6234898018587336
0.13537551936638267,1.8327090050253017,0.5188151265545653,0.23300870538887822,-2.5240848655418597,-1.7151614512500166,1.358130740684737,1.9155877330455635,-0.4356775564445297,-0.6826680894736445,2.3197684132861234,0.5404688964348113,-0.6505684099646967,0.0,0.8787878787878787,0.0,0.0,-0.6415895645077683,0.0,0.2337811313672875,-2.1471962744332003,-0.6829968743182837,-0.651087827846492,-0.8660254037844386,0.5000000000000001,0.9659258262890683,0.25881904510252074,0.7818314824680298,0.6234898018587336
0.14460268288102726,1.4116114864926321,0.09747940632609654,0.23300870538887822,-2.3083318699815893,-0.47480380071214795,1.1424450030415483,1.6799509799830168,-0.6831906184550289,-0.6826680894736445,1.6065572144921019,-0.6514128533997506,-0.6505684099646967,0.0,0.8787878787878787,0.0,0.0,-0.7994564598334941,0.0,0.3150935549955881,-2.255069329574257,-0.6829968743182837,-0.651087827846492,-0.8660254037844386,0.5000000000000001,1.0,6.123233995736766e-17,0.7818314824680298,0.6234898018587336
0.1599736633166263,1.4116114864926321,-0.06052148875957856,0.39122619189167684,-2.3083318699815893,-0.09730364620062269,0.818916396576765,1.8267410884482098,-0.6831906184550289,-0.5858417389248917,2.1764436747724925,-0.6514128533997506,-0.6505684099646967,0.0,0.8787878787878787,0.0,0.0,-0.6415895645077683,0.012611704551937542,0.35802048755267746,-2.3629423847153137,-0.5358705441045412,-0.2818938456540477,-0.8660254037844386,0.5000000000000001,0.9659258262890683,-0.25881904510252063,0.7818314824680298,0.6234898018587336
0.15478516477328338,1.4116114864926321,0.09747940632609654,0.5230740973106753,-2.2543936210915216,-0.366946613708855,0.6571520933443734,1.5795156426120953,-0.6831906184550289,-0.3186010114103336,2.3607183385757327,-0.6514128533997506,-0.4353372578483774,0.0,0.8787878787878787,0.0,0.0,0.5161010012142222,0.07261015402745741,0.4063111418565596,-2.740498077709012,0.013917321431023203,0.8461988777117543,-0.8660254037844386,0.5000000000000001,0.8660254037844387,-0.4999999999999998,0.7818314824680298,0.6234898018587336
0.2709398588966616,1.2536999170428818,-0.06052148875957856,0.681291583813473,-2.3083318699815893,0.010553540802670241,0.4953877901119818,1.0116696967072698,-0.6831906184550289,0.2274996056846328,2.155968712127688,-0.6514128533997506,-0.2474370456833368,0.0,0.0,0.0,0.0,1.410680074726669,0.2265006666164283,0.4201925889571356,-2.9562441879911256,0.5404747137749439,0.7983403985386596,-0.8660254037844386,0.5000000000000001,0.7071067811865476,-0.7071067811865475,0.7818314824680298,0.6234898018587336
0.10644125376764141,1.2536999170428818,-0.007854523731020191,0.8131394892324716,-2.200455372201454,0.010553540802670241,0.3336234868795902,0.27385625679011577,-0.6831906184550289,0.45213673895773954,1.6850445712971855,-0.6514128533997506,-0.3704262754640906,0.8787878787878787,0.0,0.0,0.0,1.989525357587664,0.311983074243806,0.3803323305038061,-3.171990298273239,1.1134930525021518,1.3179467438465442,-0.8660254037844386,0.5000000000000001,0.49999999999999994,-0.8660254037844387,0.7818314824680298,0.6234898018587336
0.10806587026273233,0.5167792596107107,0.018478958783258524,0.5230740973106753,-1.7150111321908454,0.17233932130760965,0.6571520933443734,-0.4369168999887133,-0.6831906184550289,0.4211523067821386,0.538446663188136,-0.6514128533997506,0.005374148865990536,0.8787878787878787,0.0,0.0,0.0,1.8316584622619385,0.43392578429343986,0.36051544792326584,-2.524751967426899,1.922687868677736,2.3263932692796097,-0.8660254037844386,0.5000000000000001,0.258819045102521,-0.9659258262890682,0.7818314824680298,0.6234898018587336
0.11016529027466113,0.09568174107804124,0.22914681889749292,0.8131394892324716,-0.47443140771929015,0.9812682238323067,0.818916396576765,-0.6841423458248278,-0.6831906184550289,0.8549343572405517,-0.6525136639846563,-0.6514128533997506,0.03953782380508883,0.8787878787878787,0.0,0.0,0.0,1.410680074726669,0.5828104071777869,0.3700994639505091,-2.3090058571447853,1.68651139122936,1.6119345444812683,-0.8660254037844386,0.5000000000000001,1.2246467991473532e-16,-1.0,0.7818314824680298,0.6234898018587336
0.10621814753055223,-0.06222982837170911,0.09747940632609654,0.9713569757352701,-0.09686366548881685,1.5205541588487714,0.2257806180579958,-0.6841423458248278,-0.6831906184550289,0.7464888446259483,-0.6525136639846563,-0.6514128533997506,-0.2679352506467958,0.8787878787878787,0.0,0.0,0.0,1.410680074726669,0.3077089405577822,0.36499419655755805,-2.3090058571447853,1.8336377214431023,2.1828178317603255,-0.8660254037844386,0.5000000000000001,-0.2588190451025208,-0.9659258262890683,0.7818314824680298,0.6234898018587336
0.10702473756956579,0.09568174107804124,0.15014637135465492,0.8131394892324716,-0.36655490993915496,1.358768378343832,0.4953877901119818,-0.6841423458248278,-0.6831906184550289,0.7852193848454495,-0.6525136639846563,-0.6514128533997506,0.14544521611629352,0.8787878787878787,0.0,0.0,0.0,1.410680074726669,0.33843161056146925,0.34234901612430435,-2.255069329574257,1.5858460073989042,2.367414822856548,-0.8660254037844386,0.5000000000000001,-0.4999999999999997,-0.8660254037844388,0.7818314824680298,0.6234898018587336
0.10709910517116283,-0.06222982837170911,0.17647985386893456,1.1295744622380688,0.01101283229131838,1.1430540043372461,0.4953877901119818,-0.6841423458248278,-0.6831906184550289,0.7155044124503475,-0.6525136639846563,-0.6514128533997506,0.7467258950444234,0.0,0.0,0.0,0.0,1.2528131794009436,0.3280041006010724,0.3377131256038476,-2.3090058571447853,1.016699414203637,2.1623070549718566,-0.8660254037844386,0.5000000000000001,-0.7071067811865471,-0.7071067811865479,0.7818314824680298,0.6234898018587336
0.12599390930460821,-0.00959263855512566,0.22914681889749292,0.681291583813473,0.01101283229131838,1.5205541588487714,0.818916396576765,-0.6841423458248278,-0.6831906184550289,-0.08621777009332664,-0.6525136639846563,-0.6514128533997506,-0.3294298655371727,0.0,0.0,0.8787878787878787,0.8787878787878787,1.2528131794009436,0.07617469192805523,0.38417078229359236,-2.2011328020037286,0.27719601760298357,1.6905591888370666,-0.8660254037844386,0.5000000000000001,-0.8660254037844385,-0.5000000000000004,0.7818314824680298,0.6234898018587336
0.2185801351600573,0.016725956353165598,0.22914681889749292,0.681291583813473,0.17282757896152123,1.358768378343832,0.9806806998091566,-0.6841423458248278,-0.6831906184550289,-0.5780956308809914,-0.6525136639846563,-0.6514128533997506,-0.6164047350255983,0.0,0.0,0.8787878787878787,0.8787878787878787,0.5161010012142222,0.012434309596977522,0.4223225581019062,-1.7157040538689736,-0.4352051602740857,0.5419556886827955,-0.8660254037844386,0.5000000000000001,-0.9659258262890683,-0.25881904510252063,0.7818314824680298,0.6234898018587336
0.2990332149083038,0.22727471561950033,0.22914681889749292,0.5230740973106753,0.9819013123125355,1.1430540043372461,1.1424450030415483,-0.6841423458248278,-0.6831906184550289,-0.6826680894736445,-0.6525136639846563,-0.6514128533997506,-0.6505684099646967,0.0,0.0,0.8787878787878787,0.8787878787878787,0.09512261367895261,0.0,0.4162880638188642,-0.47516391974682176,-0.6829968743182837,-0.651087827846492,-0.8660254037844386,0.5000000000000001,-1.0,-1.8369701987210297e-16,0.7818314824680298,0.6234898018587336
0.3315084725596793,0.09568174107804124,0.38714771398316894,0.5230740973106753,1.5212838012132117,0.8194824433273673,1.1424450030415483,-0.6841423458248278,-0.5865058286071777,-0.6826680894736445,-0.6525136639846563,-0.6514128533997506,-0.6505684099646967,0.0,0.0,0.8787878787878787,0.8787878787878787,-0.06274428164677277,0.0,0.42640307395753796,-0.09760822675312336,-0.6829968743182837,-0.651087827846492,-0.8660254037844386,0.5000000000000001,-0.9659258262890684,0.2588190451025203,0.7818314824680298,0.6234898018587336
0.30536579105987766,0.1483189308946247,0.5188151265545653,0.39122619189167684,1.3594690545430088,0.6576966628224279,1.358130740684737,-0.6841423458248278,-0.31965580862710824,-0.6826680894736445,-0.6525136639846563,-0.436259414317867,-0.6505684099646967,0.0,0.0,0.8787878787878787,0.8787878787878787,0.09512261367895261,0.0,0.42306657473763887,-0.3672908646057651,-0.6829968743182837,-0.651087827846492,-0.8660254037844386,0.5000000000000001,-0.8660254037844386,0.5000000000000001,0.7818314824680298,0.6234898018587336
0.36127792610468973,0.1746375258029169,0.6768160216402405,0.39122619189167684,1.1437160589827384,0.4959108823174885,1.1424450030415483,-0.6841423458248278,0.22564640611477285,-0.6826680894736445,-0.6525136639846563,-0.24842704686542888,-0.6505684099646967,0.0,0.0,0.0,0.0,-0.06274428164677277,0.0,0.3917205074822432,0.010264828387933323,-0.6829968743182837,-0.651087827846492,-0.8660254037844386,0.5000000000000001,-0.7071067811865477,0.7071067811865474,0.7818314824680298,0.6234898018587336
0.36882328417432836,0.22727471561950033,0.8084834342116368,0.23300870538887822,1.5212838012132117,0.33412510181254906,1.1424450030415483,-0.6841423458248278,0.44995511856178777,-0.6826680894736445,-0.6525136639846563,-0.3713718691979338,-0.6505684099646967,0.0,0.0,0.0,0.0,-0.010121983204864312,0.0,0.30522972602045795,0.010264828387933323,-0.6829968743182837,-0.651087827846492,-0.8660254037844386,0.5000000000000001,-0.5000000000000004,0.8660254037844384,0.7818314824680298,0.6234898018587336
0.2838281208691965,0.22727471561950033,0.5188151265545653,0.23300870538887822,1.3594690545430088,0.6576966628224279,0.9806806998091566,-0.6841423458248278,0.41901598581047533,-0.6826680894736445,-0.6525136639846563,0.004292865706942438,-0.6505684099646967,0.0,0.0,0.0,0.0,0.016189166016089454,0.0,0.23792877057422912,0.17207441109951835,-0.6829968743182837,-0.651087827846492,-0.8660254037844386,0.5000000000000001,-0.25881904510252157,0.9659258262890681,0.7818314824680298,0.6234898018587336
0.18543273401612867,0.22727471561950033,0.8084834342116368,-0.18890459195191697,1.1437160589827384,0.8194824433273673,0.1718591836471986,-0.6841423458248278,0.852163844328849,-0.6826680894736445,-0.6525136639846563,0.03844420524374937,-0.6505684099646967,0.0,0.0,0.0,0.0,0.22667835978372425,0.0,0.1774529154404041,0.9811223246574435,-0.6829968743182837,-0.651087827846492,-0.8660254037844386,0.5000000000000001,-2.4492935982947064e-16,1.0,0.7818314824680298,0.6234898018587336
0.13728044477767,0.3851862850692516,0.9664843292973129,0.23300870538887822,0.8200865656423326,0.22626791480925612,0.9806806998091566,-0.5875699060450955,0.7438768796992555,-0.6826680894736445,-0.6525136639846563,-0.26891785058751305,-0.6505684099646967,0.0,0.0,0.0,0.0,0.09512261367895261,0.0,0.1479417101944056,1.520487600362727,-0.6829968743182837,-0.651087827846492,-0.5000000000000004,0.8660254037844384,0.25881904510252074,0.9659258262890683,0.9749279121818236,-0.22252093395631434
0.13663402979121242,0.5167792596107107,0.8084834342116368,0.1011607999698797,0.6582718189721298,0.4959108823174885,0.9806806998091566,-0.32102997225303465,0.782550795638396,-0.6826680894736445,-0.43752655621420944,0.14431335780785087,-0.6505684099646967,0.0,0.0,0.0,0.0,0.14774491212086108,0.0,0.14096270507771635,1.358678017651142,-0.6829968743182837,-0.651087827846492,-0.5000000000000004,0.8660254037844384,0.49999999999999994,0.8660254037844387,0.9749279121818236,-0.22252093395631434
0.13641093385101735,0.6746908290604611,1.1244852243829888,0.1011607999698797,0.4964570723019269,0.4959108823174885,0.6571520933443734,0.22363858810465503,0.7129377469479432,-0.6826680894736445,-0.24983939863683532,0.7453769336556528,-0.6505684099646967,0.0,0.0,0.0,0.0,0.17405606134181578,0.0,0.1431295728583386,1.1429319073690285,-0.6829968743182837,-0.651087827846492,-0.5000000000000004,0.8660254037844384,0.7071067811865476,0.7071067811865476,0.9749279121818236,-0.22252093395631434
0.13653678249089168,0.8062838036019201,0.6768160216402405,0.1011607999698797,0.3346423256317241,0.8194824433273673,0.6571520933443734,0.44768664839363376,-0.08761231299226523,-0.6826680894736445,-0.372689174505662,-0.3303902617537655,-0.6505684099646967,0.0,0.8787878787878787,0.0,0.0,0.22667835978372425,0.0,0.15928798949915224,1.520487600362727,-0.6829968743182837,-0.651087827846492,-0.5000000000000004,0.8660254037844384,0.8660254037844386,0.5000000000000001,0.9749279121818236,-0.22252093395631434
0.1350723307514626,0.5167792596107107,0.6768160216402405,0.1011607999698797,0.6582718189721298,0.9812682238323067,0.6571520933443734,0.41678346766411944,-0.5787710454193495,-0.6826680894736445,0.0026851406490862673,-0.6172615138629437,-0.6505684099646967,0.0,0.8787878787878787,0.0,0.0,0.22667835978372425,0.0,0.22371068232410385,1.358678017651142,-0.6829968743182837,-0.651087827846492,-0.5000000000000004,0.8660254037844384,0.9659258262890683,0.25881904510252074,0.9749279121818236,-0.22252093395631434
0.18289568570741543,0.8062838036019201,0.5188151265545653,0.1011607999698797,0.8200865656423326,1.1430540043372461,0.4953877901119818,0.8494279978773198,-0.6831906184550289,-0.6826680894736445,0.03681007839042702,-0.6514128533997506,-0.6505684099646967,0.0,0.8787878787878787,0.0,0.0,0.22667835978372425,0.0,0.32212888123940486,1.1429319073690285,-0.6829968743182837,-0.651087827846492,-0.5000000000000004,0.8660254037844384,1.0,6.123233995736766e-17,0.9749279121818236,-0.22252093395631434
0.2783250144553599,0.9641953730516715,0.5188151265545653,0.1011607999698797,0.22676582785158886,1.1430540043372461,0.4953877901119818,0.7412668653240198,-0.6831906184550289,-0.5935878469687919,-0.27031436128163977,-0.6514128533997506,-0.643735674976877,0.0,0.8787878787878787,0.0,0.0,0.3845452551094506,0.011990820213879245,0.3897058849892465,0.8193127419458585,-0.5862032360197689,-0.651087827846492,-0.5000000000000004,0.8660254037844384,0.9659258262890683,-0.25881904510252063,0.9749279121818236,-0.22252093395631434
0.16110059659615567,0.8062838036019201,0.38714771398316894,0.23300870538887822,0.4964570723019269,1.358768378343832,0.3336234868795902,0.7798958412359126,-0.6831906184550289,-0.2488860390152315,0.14259738538858335,-0.6514128533997506,-0.5275791801839428,0.0,0.8787878787878787,0.0,0.0,0.5161010012142222,0.06410071629068777,0.4324705536951725,0.6575031592342735,-0.31905279431586786,-0.4357246715675661,-0.5000000000000004,0.8660254037844384,0.8660254037844387,-0.4999999999999998,0.9749279121818236,-0.22252093395631434
0.10635544288438449,1.1221069425014227,0.38714771398316894,0.23300870538887822,0.4964570723019269,1.1430540043372461,0.4953877901119818,0.7103636845945054,-0.6831906184550289,0.11130798502612929,0.7431962896361807,-0.6514128533997506,-0.2337715757076975,0.0,0.0,0.0,0.0,0.6739678965399476,0.09511719964049759,0.4036399858900107,0.4956935765226884,0.22686332568775586,-0.2477092176732658,-0.5000000000000004,0.8660254037844384,0.7071067811865476,-0.7071067811865475,0.9749279121818236,-0.22252093395631434
0.10610373530774168,0.6746908290604611,0.22914681889749292,0.23300870538887822,0.8200865656423326,1.1430540043372461,0.3336234868795902,-0.08925611678167733,-0.6831906184550289,0.6496624940771955,-0.33173924921605313,-0.6514128533997506,0.21718893348839993,0.8787878787878787,0.0,0.0,0.0,0.8055236426447192,0.22483203671488702,0.41788483640725493,0.3338839938111034,0.4514245665403103,-0.37077387840408055,-0.5000000000000004,0.8660254037844384,0.49999999999999994,-0.8660254037844387,0.9749279121818236,-0.22252093395631434
0.10566897984441534,0.6746908290604611,0.22914681889749292,0.5230740973106753,0.9819013123125355,0.9812682238323067,0.0640163148256042,-0.5798441108627169,-0.6831906184550289,1.6876409719598267,-0.6183887262433154,-0.6514128533997506,1.9629527228763224,0.8787878787878787,0.0,0.0,0.0,0.5161010012142222,0.32216112192513463,0.4326008564847431,0.6575031592342735,0.4204506022847856,0.005257029384520073,-0.5000000000000004,0.8660254037844384,0.258819045102521,-0.9659258262890682,0.9749279121818236,-0.22252093395631434
0.10779128641966389,0.5167792596107107,-0.1921889013309754,0.23300870538887822,1.1437160589827384,0.17233932130760965,0.1718591836471986,-0.6841423458248278,-0.6831906184550289,1.6411643236964253,-0.6525136639846563,-0.6514128533997506,1.6418141784487985,0.8787878787878787,0.0,0.0,0.0,0.8055236426447192,0.4011131791866662,0.434556269062353,0.8193127419458585,0.8540861018621321,0.039441657365301946,-0.5000000000000004,0.8660254037844384,1.2246467991473532e-16,-1.0,0.9749279121818236,-0.22252093395631434
0.10572619282041668,0.5167792596107107,0.22914681889749292,0.39122619189167684,1.1437160589827384,0.9812682238323067,-0.09774798840678739,-0.6841423458248278,-0.6831906184550289,1.6063068374988743,-0.6525136639846563,-0.6514128533997506,1.5290740511497742,0.8787878787878787,0.0,0.0,0.0,0.9633905379704456,0.3335476979328185,0.4426751470016759,0.2260109386700467,0.7456772269677955,-0.26821999446173495,-0.5000000000000004,0.8660254037844384,-0.2588190451025208,-0.9659258262890683,0.9749279121818236,-0.22252093395631434
0.1503689435854646,0.3851862850692516,0.09747940632609654,0.5230740973106753,1.3594690545430088,0.9812682238323067,-0.3673551604607734,-0.6841423458248278,-0.6831906184550289,1.2151283812819125,-0.6525136639846563,-0.6514128533997506,1.4163339238507497,0.8787878787878787,0.0,0.0,0.0,0.8055236426447192,0.28636053081528373,0.39780529946157384,0.4956935765226884,0.7843946822872014,0.14541400410572577,-0.5000000000000004,0.8660254037844384,-0.4999999999999997,-0.8660254037844388,0.9749279121818236,-0.22252093395631434
0.2375664752498876,0.3851862850692516,0.09747940632609654,0.39122619189167684,1.1437160589827384,0.6576966628224279,-0.3673551604607734,-0.6841423458248278,-0.6831906184550289,0.730996628538148,-0.6525136639846563,-0.6514128533997506,0.972206149642472,0.0,0.0,0.0,0.0,1.121257433296172,0.1521886210502205,0.4075681232869267,0.4956935765226884,0.7147032627122707,0.7470634565674867,-0.5000000000000004,0.8660254037844384,-0.7071067811865471,-0.7071067811865479,0.9749279121818236,-0.22252093395631434
0.3276299757763375,0.22727471561950033,0.09747940632609654,0.39122619189167684,1.1437160589827384,0.6576966628224279,-0.2055908572283818,-0.6841423458248278,-0.6831906184550289,-0.09396387813722687,-0.6525136639846563,-0.6514128533997506,0.1659434210797525,0.0,0.0,0.8787878787878787,0.8787878787878787,0.6739678965399476,0.3860345614487726,0.46639286690568815,0.8193127419458585,-0.08674806239943224,-0.32975232482714234,-0.5000000000000004,0.8660254037844384,-0.8660254037844385,-0.5000000000000004,0.9749279121818236,-0.22252093395631434
0.3177735621977251,0.22727471561950033,0.09747940632609654,0.23300870538887822,0.9819013123125355,0.6576966628224279,-0.3673551604607734,-0.6841423458248278,-0.6831906184550289,-0.5006345504419891,-0.6525136639846563,-0.6514128533997506,-0.3772590104519103,0.0,0.0,0.8787878787878787,0.8787878787878787,0.6739678965399476,0.08873095997448913,0.4642227927749766,0.9811223246574435,-0.5784597449558877,-0.6169031998657101,-0.5000000000000004,0.8660254037844384,-0.9659258262890683,-0.25881904510252063,0.9749279121818236,-0.22252093395631434
0.3425947952235678,-0.19382280291316867,0.09747940632609654,0.1011607999698797,0.17282757896152123,0.4959108823174885,-0.09774798840678739,-0.6841423458248278,-0.6831906184550289,-0.6826680894736445,-0.6525136639846563,-0.6514128533997506,-0.6505684099646967,0.0,0.0,0.8787878787878787,0.8787878787878787,0.5161010012142222,0.0,0.4675906896403186,1.1429319073690285,-0.6829968743182837,-0.651087827846492,-0.5000000000000004,0.8660254037844384,-1.0,-1.8369701987210297e-16,0.9749279121818236,-0.22252093395631434
0.39996565693468095,0.22727471561950033,0.09747940632609654,0.1011607999698797,0.9819013123125355,0.4959108823174885,-0.259512291639179,-0.6841423458248278,-0.5942406117950058,-0.6826680894736445,-0.6525136639846563,-0.6445825854923893,-0.6505684099646967,0.0,0.0,0.8787878787878787,0.8787878787878787,0.5161010012142222,0.0,0.4896145244995621,1.1429319073690285,-0.6829968743182837,-0.651087827846492,-0.5000000000000004,0.8660254037844384,-0.9659258262890684,0.2588190451025203,0.9749279121818236,-0.22252093395631434
0.4573365186457941,0.09568174107804124,0.22914681889749292,0.1011607999698797,0.9819013123125355,0.33412510181254906,0.0640163148256042,-0.6841423458248278,-0.2500427599366553,-0.6826680894736445,-0.6525136639846563,-0.5284680310672457,-0.6505684099646967,0.0,0.0,0.8787878787878787,0.8787878787878787,0.3845452551094506,0.0,0.46267565202742467,1.358678017651142,-0.6829968743182837,-0.651087827846492,-0.5000000000000004,0.8660254037844384,-0.8660254037844386,0.5000000000000001,0.9749279121818236,-0.22252093395631434
0.42547332897440643,0.09568174107804124,0.22914681889749292,-0.05705668653291797,0.6582718189721298,0.4959108823174885,0.010094880414807005,-0.6841423458248278,0.10962465829735134,-0.6826680894736445,-0.6525136639846563,-0.2347665110507061,-0.6505684099646967,0.0,0.0,0.0,0.0,0.3845452551094506,0.0,0.41126628445539437,1.1429319073690285,-0.6829968743182837,-0.651087827846492,-0.5000000000000004,0.8660254037844384,-0.7071067811865477,0.7071067811865474,0.9749279121818236,-0.22252093395631434
0.2902350886484537,0.09568174107804124,0.22914681889749292,-0.3471220784547151,0.6582718189721298,0.33412510181254906,0.3336234868795902,-0.6841423458248278,0.6471920898514043,-0.6826680894736445,-0.6525136639846563,0.21603117083514542,-0.6505684099646967,0.0,0.0,0.0,0.0,0.22667835978372425,0.0,0.3015971260039756,1.1429319073690285,-0.6829968743182837,-0.651087827846492,-0.5000000000000004,0.8660254037844384,-0.5000000000000004,0.8660254037844384,0.9749279121818236,-0.22252093395631434
0.21312279844056217,0.09568174107804124,0.5188151265545653,-0.18890459195191697,0.6582718189721298,0.06448213430431671,0.1718591836471986,-0.6841423458248278,1.6836530370203697,-0.6826680894736445,-0.6525136639846563,1.9611646211659797,-0.6505684099646967,0.0,0.0,0.0,0.0,0.22667835978372425,0.0,0.23788572045841372,0.9811223246574435,-0.6829968743182837,-0.651087827846492,-0.5000000000000004,0.8660254037844384,-0.25881904510252157,0.9659258262890681,0.9749279121818236,-0.22252093395631434
0.13622787566743969,0.09568174107804124,0.22914681889749292,-0.05705668653291797,0.4964570723019269,0.17233932130760965,0.818916396576765,-0.6841423458248278,1.637244337893401,-0.6826680894736445,-0.6525136639846563,1.6401420295199944,-0.6505684099646967,0.0,0.0,0.0,0.0,-0.19430002775154487,0.0,0.15435686891616196,0.17207441109951835,-0.6829968743182837,-0.651087827846492,-0.5000000000000004,0.8660254037844384,-2.4492935982947064e-16,1.0,0.9749279121818236,-0.22252093395631434
0.13624503715763148,0.09568174107804124,0.38714771398316894,-0.3471220784547151,0.4964570723019269,-0.09730364620062269,0.1718591836471986,-0.5952957012274741,1.6024378135481745,-0.6826680894736445,-0.645688676436388,1.5274426090485316,-0.6505684099646967,0.0,0.0,0.0,0.0,0.22667835978372425,0.0,0.1602446701216369,0.9811223246574435,-0.6829968743182837,-0.651087827846492,-0.5000000000000004,0.8660254037844384,0.25881904510252074,0.9659258262890683,0.43388373911755823,-0.900968867902419
0.13619927432788606,0.22727471561950033,0.5188151265545653,-0.5053395649575132,0.3346423256317241,-0.366946613708855,0.010094880414807005,-0.25149781561162743,1.2118312625628556,-0.6826680894736445,-0.5296638881158295,1.4147431885770687,-0.6505684099646967,0.0,0.0,0.0,0.0,0.09512261367895261,0.0,0.14177898239565256,0.9811223246574435,-0.6829968743182837,-0.651087827846492,-0.5000000000000004,0.8660254037844384,0.49999999999999994,0.8660254037844387,0.43388373911755823,-0.900968867902419
0.1362507587984614,0.22727471561950033,0.38714771398316894,-0.6371874703765118,0.4964570723019269,-0.366946613708855,0.3336234868795902,0.10775166036897639,0.7284073133235993,-0.6826680894736445,-0.236189423540299,0.9707757745985787,-0.6505684099646967,0.0,0.0,0.0,0.0,0.09512261367895261,0.0,0.15102293067876216,0.6575031592342735,-0.6829968743182837,-0.651087827846492,-0.5000000000000004,0.8660254037844384,0.7071067811865476,0.7071067811865476,0.43388373911755823,-0.900968867902419
0.13602193778513835,0.22727471561950033,0.38714771398316894,-0.5053395649575132,0.3346423256317241,-0.20516083320391562,0.3336234868795902,0.6446944255442875,-0.09534709618009332,-0.6826680894736445,0.21425975464539895,0.16480416152993502,-0.6505684099646967,0.0,0.8787878787878787,0.0,0.0,0.09512261367895261,0.0,0.17409728055926932,0.6575031592342735,-0.6829968743182837,-0.651087827846492,-0.5000000000000004,0.8660254037844384,0.8660254037844386,0.5000000000000001,0.43388373911755823,-0.900968867902419
0.13553569441893862,0.5167792596107107,0.22914681889749292,-0.7954049568793099,0.064951081181386,-0.366946613708855,0.4414663557011846,1.6799509799830168,-0.5014232135410686,-0.6826680894736445,1.9580440732279116,-0.3782021371052952,-0.6505684099646967,0.0,0.8787878787878787,0.0,0.0,0.09512261367895261,0.0,0.2088754946089525,0.6575031592342735,-0.6829968743182837,-0.651087827846492,-0.5000000000000004,0.8660254037844384,0.9659258262890683,0.25881904510252074,0.43388373911755823,-0.900968867902419
0.16378351070690295,0.22727471561950033,0.09747940632609654,-0.7954049568793099,0.17282757896152123,-0.09730364620062269,0.4414663557011846,1.6335962088887455,-0.6831906184550289,-0.6826680894736445,1.6372696584593085,-0.6514128533997506,-0.6505684099646967,0.0,0.8787878787878787,0.0,0.0,0.09512261367895261,0.0,0.2640392932569279,0.4956935765226884,-0.6829968743182837,-0.651087827846492,-0.5000000000000004,0.8660254037844384,1.0,6.123233995736766e-17,0.43388373911755823,-0.900968867902419
0.14713114701234659,0.3851862850692516,0.09747940632609654,-0.7954049568793099,-0.09686366548881685,-0.2590894267055621,0.6032306589335762,1.5988301305680417,-0.6831906184550289,-0.5509842527273406,1.524657363912884,-0.6514128533997506,-0.3157643955615334,0.0,0.8787878787878787,0.0,0.0,0.09512261367895261,0.0014413377010918757,0.3137020707643513,0.4956935765226884,-0.59394672708365,-0.6442509022503355,-0.5000000000000004,0.8660254037844384,0.9659258262890683,-0.25881904510252063,0.43388373911755823,-0.900968867902419
0.1116068588830685,0.5167792596107107,0.09747940632609654,-0.3471220784547151,-0.36655490993915496,0.06448213430431671,0.1718591836471986,1.2086774738579236,-0.6831906184550289,-0.008756689654324313,1.4120450693664595,-0.6514128533997506,1.050782602002398,0.0,0.8787878787878787,0.0,0.0,0.22667835978372425,0.03042885266616769,0.32821664395843486,0.3338839938111034,-0.2493613747409372,-0.5280231671156772,-0.5000000000000004,0.8660254037844384,0.8660254037844387,-0.4999999999999998,0.43388373911755823,-0.900968867902419
0.24674787250248872,0.3851862850692516,-0.06052148875957856,0.23300870538887822,-0.36655490993915496,0.010553540802670241,-0.5830408981039622,0.7258152749592626,-0.6831906184550289,0.7155044124503475,0.9684208787290297,-0.6514128533997506,1.6964760583513558,0.0,0.0,0.0,0.0,0.22667835978372425,0.16253299022224946,0.3446849907013285,0.4956935765226884,0.11071095972953805,-0.23403536648095305,-0.5000000000000004,0.8660254037844384,0.7071067811865476,-0.7071067811865475,0.43388373911755823,-0.900968867902419
0.16914933206380142,0.3851862850692516,-0.350189796416651,0.681291583813473,-0.20474016326895209,0.33412510181254906,-0.798726635747151,-0.0969819119640559,-0.6831906184550289,1.3468122180282165,0.16307234803338783,-0.6514128533997506,2.031280072754519,0.8787878787878787,0.0,0.0,0.0,0.22667835978372425,0.3927589469014417,0.3283967322477943,0.3338839938111034,0.6488835886692806,0.2172017228653677,-0.5000000000000004,0.8660254037844384,0.49999999999999994,-0.8660254037844387,0.43388373911755823,-0.900968867902419
0.10943306440494657,0.22727471561950033,-0.1921889013309754,0.8131394892324716,-0.36655490993915496,0.17233932130760965,-1.0144123733903398,-0.5025861590389312,-0.6831906184550289,1.7534828903329787,-0.3795141620539302,-0.6514128533997506,2.1781838749926417,0.8787878787878787,0.0,0.0,0.0,0.5161010012142222,0.579578467022763,0.35629879023796485,0.06420135595846167,1.68651139122936,1.9640362126833217,-0.5000000000000004,0.8660254037844384,0.258819045102521,-0.9659258262890682,0.43388373911755823,-0.900968867902419
0.1104398775500276,0.09568174107804124,-0.06052148875957856,0.5230740973106753,-0.09686366548881685,0.8194824433273673,-0.9604909389795426,-0.6841423458248278,-0.6831906184550289,1.768975106420779,-0.6525136639846563,-0.6514128533997506,1.6759778533878968,0.8787878787878787,0.0,0.0,0.0,0.22667835978372425,0.6996862123755003,0.3858306574907687,0.17207441109951835,1.6400504448460727,1.642700709663972,-0.5000000000000004,0.8660254037844384,1.2246467991473532e-16,-1.0,0.43388373911755823,-0.900968867902419
0.11303126600128408,0.09568174107804124,-0.350189796416651,1.1295744622380688,-0.2586784121590197,0.17233932130760965,-1.0144123733903398,-0.6841423458248278,-0.6831906184550289,1.7108792960915273,-0.6525136639846563,-0.6514128533997506,2.0039491328032404,0.8787878787878787,0.0,0.0,0.0,0.3845452551094506,0.7518072777100837,0.3798004656583258,-0.09760822675312336,1.6052047350586074,1.529891437327392,-0.5000000000000004,0.8660254037844384,-0.2588190451025208,-0.9659258262890683,0.43388373911755823,-0.900968867902419
0.10827752978586361,0.09568174107804124,-0.5081906915023265,0.681291583813473,0.064951081181386,0.010553540802670241,-0.47519802928236776,-0.6841423458248278,-0.6831906184550289,1.46300383868672,-0.6525136639846563,-0.6514128533997506,2.072276482681437,0.8787878787878787,0.0,0.0,0.0,0.5161010012142222,0.7362740133055063,0.38206007173721734,-0.3672908646057651,1.2141584363326072,1.4170821649908116,-0.5000000000000004,0.8660254037844384,-0.4999999999999997,-0.8660254037844388,0.43388373911755823,-0.900968867902419
0.10769976419247114,-0.06222982837170911,-0.6398581040737229,0.5230740973106753,0.01101283229131838,0.33412510181254906,-0.2055908572283818,-0.6841423458248278,-0.6831906184550289,0.8316960331088509,-0.6525136639846563,-0.6514128533997506,1.6657287509061673,0.0,0.0,0.0,0.0,0.3845452551094506,0.6412677345727738,0.39524590477129984,-0.3672908646057651,0.730190244840033,0.9726820012406473,-0.5000000000000004,0.8660254037844384,-0.7071067811865471,-0.7071067811865479,0.43388373911755823,-0.900968867902419
0.1628167421830354,-0.3517343723629195,-0.5081906915023265,0.5230740973106753,0.3346423256317241,0.33412510181254906,-0.2055908572283818,-0.6841423458248278,-0.6831906184550289,0.1616576873114808,-0.6525136639846563,-0.6514128533997506,1.2455155491552583,0.0,0.0,0.8787878787878787,0.8787878787878787,0.3845452551094506,0.46143314496070764,0.42685800688873543,-0.20548128189418005,-0.09449155346331342,0.16592478089419488,-0.5000000000000004,0.8660254037844384,-0.8660254037844385,-0.5000000000000004,0.43388373911755823,-0.900968867902419
0.1948858491429362,-0.19382280291316867,-0.7978589991593985,0.1011607999698797,0.17282757896152123,0.441982288815842,0.1718591836471986,-0.6841423458248278,-0.6831906184550289,-0.48514233435418863,-0.6525136639846563,-0.6514128533997506,-0.0014585861218291217,0.0,0.0,0.8787878787878787,0.8787878787878787,0.22667835978372425,0.13529725206722407,0.4061517975254455,-0.3672908646057651,-0.5010248343170758,-0.37761080400023694,-0.5000000000000004,0.8660254037844384,-0.9659258262890683,-0.25881904510252063,0.43388373911755823,-0.900968867902419
0.21660656378800286,-0.06222982837170911,-0.7978589991593985,-0.05705668653291797,0.8200865656423326,0.441982288815842,0.3336234868795902,-0.6841423458248278,-0.6831906184550289,-0.6826680894736445,-0.6525136639846563,-0.6514128533997506,-0.6505684099646967,0.0,0.0,0.8787878787878787,0.8787878787878787,0.09512261367895261,0.0,0.40907562002538744,-0.09760822675312336,-0.6829968743182837,-0.651087827846492,-0.5000000000000004,0.8660254037844384,-1.0,-1.8369701987210297e-16,0.43388373911755823,-0.900968867902419
0.2756306604952508,-0.3517343723629195,-0.7978589991593985,-0.05705668653291797,0.17282757896152123,0.6037680693207814,0.3336234868795902,-0.6841423458248278,-0.5516993042619512,-0.6826680894736445,-0.6525136639846563,-0.31672972593904275,-0.6505684099646967,0.0,0.0,0.8787878787878787,0.8787878787878787,0.09512261367895261,0.0,0.3989660391696126,-0.2594178094647084,-0.6829968743182837,-0.651087827846492,-0.5000000000000004,0.8660254037844384,-0.9659258262890684,0.2588190451025203,0.43388373911755823,-0.900968867902419
0.2522395493638576,-0.5096459418126703,-0.350189796416651,-0.05705668653291797,0.01101283229131838,0.17233932130760965,0.3336234868795902,-0.6841423458248278,-0.010264481113984219,-0.6826680894736445,-0.6525136639846563,1.0493238555332345,-0.6505684099646967,0.0,0.0,0.8787878787878787,0.8787878787878787,0.09512261367895261,0.0,0.3585808305235513,0.06420135595846167,-0.6829968743182837,-0.651087827846492,-0.5000000000000004,0.8660254037844384,-0.8660254037844386,0.5000000000000001,0.43388373911755823,-0.900968867902419
0.8361821122440326,-0.6412389163541294,0.22914681889749292,-0.18890459195191697,0.3346423256317241,-0.582660987715441,0.6571520933443734,-0.6841423458248278,0.7129377469479432,-0.6826680894736445,-0.6525136639846563,1.6947841727788857,-0.6505684099646967,0.0,0.0,0.0,0.0,-0.06274428164677277,0.0,0.3052928286292438,0.010264828387933323,-0.6829968743182837,-0.651087827846492,-0.5000000000000004,0.8660254037844384,-0.7071067811865477,0.7071067811865474,0.43388373911755823,-0.900968867902419
0.3752016265879456,-0.5096459418126703,0.6768160216402405,-0.05705668653291797,0.3346423256317241,-0.7983753617220268,0.6571520933443734,-0.6841423458248278,1.3433225767559331,-0.6826680894736445,-0.6525136639846563,2.0294673002395935,-0.6505684099646967,0.0,0.0,0.0,0.0,-0.3521669230772707,0.0,0.2032511467951582,0.3338839938111034,-0.6829968743182837,-0.651087827846492,-0.5000000000000004,0.8660254037844384,-0.5000000000000004,0.8660254037844384,0.43388373911755823,-0.900968867902419
0.19521763223281385,-0.7991504858038802,0.8084834342116368,-0.05705668653291797,0.44251882341185933,-1.0140897357286127,0.6571520933443734,-0.6841423458248278,1.7493986941169084,-0.6826680894736445,-0.6525136639846563,2.1763180602478633,-0.6505684099646967,0.0,0.0,0.0,0.0,-0.19430002775154487,0.0,0.15934717892667882,0.17207441109951835,-0.6829968743182837,-0.651087827846492,-0.5000000000000004,0.8660254037844384,-0.25881904510252157,0.9659258262890681,0.43388373911755823,-0.900968867902419
0.13947139731368569,-0.7991504858038802,0.5188151265545653,-0.5053395649575132,0.44251882341185933,-0.9601611422269661,0.6571520933443734,-0.6841423458248278,1.7648682604925647,-0.6826680894736445,-0.6525136639846563,1.6742933690568014,-0.6505684099646967,0.0,0.0,0.0,0.0,-0.06274428164677277,0.0,0.12017231109770521,0.8193127419458585,-0.6829968743182837,-0.651087827846492,-0.5000000000000004,0.8660254037844384,-2.4492935982947064e-16,1.0,0.43388373911755823,-0.900968867902419
0.13785821723565858,-0.7991504858038802,1.1244852243829888,-0.18890459195191697,0.6043335700820621,-1.0140897357286127,0.9806806998091566,-0.552803827724392,1.7068573865838539,-0.6826680894736445,-0.3180892741195168,2.002146228610148,-0.6505684099646967,0.0,0.0,0.0,0.0,-0.3521669230772707,0.0,0.1085246553724265,0.17207441109951835,-0.6829968743182837,-0.651087827846492,-0.5000000000000004,0.8660254037844384,0.25881904510252074,0.9659258262890683,-0.433883739117558,-0.9009688679024191
0.13856755310975533,-0.3517343723629195,0.6768160216402405,-0.3471220784547151,0.17282757896152123,-0.47480380071214795,0.9806806998091566,-0.011998164957891553,1.4593443245733546,-0.6826680894736445,1.0469082355341135,2.0704489076837618,-0.6505684099646967,0.0,0.0,0.0,0.0,-0.5100338184029966,0.0,0.10435724538058938,0.010264828387933323,-0.6829968743182837,-0.651087827846492,-0.5000000000000004,0.8660254037844384,0.49999999999999994,0.8660254037844387,-0.433883739117558,-0.9009688679024191
0.13789254021604214,0.22727471561950033,0.5188151265545653,-0.3471220784547151,-0.5823079054994255,-0.20516083320391562,1.1424450030415483,0.7103636845945054,0.8289594947653647,-0.6826680894736445,1.6918695588454538,1.6640479671957593,-0.6505684099646967,0.0,0.0,0.0,0.0,-0.6415895645077683,0.0,0.1123755740250198,0.3338839938111034,-0.6829968743182837,-0.651087827846492,-0.5000000000000004,0.8660254037844384,0.7071067811865476,0.7071067811865476,-0.433883739117558,-0.9009688679024191
0.13764083263939933,0.6746908290604611,0.5188151265545653,-0.5053395649575132,-0.7980609010596958,-0.20516083320391562,1.1424450030415483,1.3400159919583594,0.15990074901823398,-0.6826680894736445,2.026293948710593,1.243986490893034,-0.6505684099646967,0.0,0.8787878787878787,0.0,0.0,-0.5100338184029966,0.0,0.14153226758558812,0.3338839938111034,-0.6829968743182837,-0.651087827846492,-0.5000000000000004,0.8660254037844384,0.8660254037844386,0.5000000000000001,-0.433883739117558,-0.9009688679024191
0.13740630028214046,0.8062838036019201,0.09747940632609654,-0.5053395649575132,-1.0138138966199663,0.17233932130760965,1.358130740684737,1.7456202390332347,-0.4859536471654124,-0.6826680894736445,2.1730311809983585,-0.002537402200418949,-0.6505684099646967,0.0,0.8787878787878787,0.0,0.0,-0.7994564598334941,0.0,0.20872304444272682,0.44175704895216006,-0.6829968743182837,-0.651087827846492,-0.5000000000000004,0.8660254037844384,0.9659258262890683,0.25881904510252074,-0.433883739117558,-0.9009688679024191
0.1600537456944572,0.5167792596107107,-0.06052148875957856,-0.5053395649575132,-0.9598756477298988,0.33412510181254906,1.358130740684737,1.761071829397992,-0.6831906184550289,-0.6826680894736445,1.6713945962006493,-0.6514128533997506,-0.6505684099646967,0.0,0.8787878787878787,0.0,0.0,-0.7994564598334941,0.0,0.29568555888090586,0.44175704895216006,-0.6829968743182837,-0.651087827846492,-0.5000000000000004,0.8660254037844384,1.0,6.123233995736766e-17,-0.433883739117558,-0.9009688679024191
0.27537895978320404,1.1221069425014227,-0.06052148875957856,-0.5053395649575132,-1.0138138966199663,0.33412510181254906,1.358130740684737,1.7031283655301526,-0.6831906184550289,-0.566476468815141,1.9989939985175205,-0.6514128533997506,-0.6300702050012377,0.0,0.8787878787878787,0.0,0.0,-0.7994564598334941,0.004185422637795778,0.3687611457159602,0.6035666316637451,-0.5513575262323035,-0.31607847363482955,-0.5000000000000004,0.8660254037844384,0.9659258262890683,-0.25881904510252063,-0.433883739117558,-0.9009688679024191
0.25139290440673645,0.6746908290604611,-0.06052148875957856,-0.18890459195191697,-0.47443140771929015,0.33412510181254906,0.818916396576765,1.455902919694038,-0.6831906184550289,-0.330220173476184,2.067243874000202,-0.6514128533997506,-0.602739265049959,0.0,0.8787878787878787,0.0,0.0,-0.3521669230772707,0.03182584408988071,0.3600515003336704,0.17207441109951835,-0.00931315176062036,1.0513066455964455,-0.5000000000000004,0.8660254037844384,0.8660254037844387,-0.4999999999999998,-0.433883739117558,-0.9009688679024191
0.10959324288980055,0.5167792596107107,-0.1921889013309754,-0.05705668653291797,-0.20474016326895209,0.6576966628224279,0.818916396576765,0.826250612330184,-0.6831906184550289,-0.004883635632374196,1.6611571148782471,-0.6514128533997506,-0.6471520424707868,0.0,0.0,0.0,0.0,0.22667835978372425,0.15493825416105744,0.39213907446194896,-0.5830369748878784,0.7147032627122707,1.697396114433223,-0.5000000000000004,0.8660254037844384,0.7071067811865476,-0.7071067811865475,-0.433883739117558,-0.9009688679024191
0.10693321191007499,0.5167792596107107,-0.06052148875957856,0.1011607999698797,-0.20474016326895209,0.6576966628224279,0.6571520933443734,0.15796932905443714,-0.6831906184550289,0.03384690458712697,1.2414203806597557,-0.6514128533997506,-0.6300702050012377,0.8787878787878787,0.0,0.0,0.0,0.6739678965399476,0.37537974145968883,0.3837744446419814,-0.7987830851699919,1.3457977844185876,2.0324054686448854,-0.5000000000000004,0.8660254037844384,0.49999999999999994,-0.8660254037844387,-0.433883739117558,-0.9009688679024191
0.10957608139960877,0.09568174107804124,-0.06052148875957856,0.39122619189167684,0.17282757896152123,0.6576966628224279,0.1718591836471986,-0.48713456867417404,-0.6831906184550289,1.0137295721405064,-0.0041398468991818834,-0.6514128533997506,-0.10736597843303382,0.8787878787878787,0.0,0.0,0.0,0.8055236426447192,0.5538616867237,0.37250258748866827,-1.0145291954521052,1.7523310652723498,2.1793993689622475,-0.5000000000000004,0.8660254037844384,0.258819045102521,-0.9659258262890682,-0.433883739117558,-0.9009688679024191
0.11032260622295112,-0.06222982837170911,-0.5081906915023265,0.681291583813473,0.3346423256317241,0.6576966628224279,-0.2055908572283818,-0.6841423458248278,-0.6831906184550289,1.2422397594355632,-0.6525136639846563,-0.6514128533997506,0.2855162833665965,0.8787878787878787,0.0,0.0,0.0,0.5161010012142222,0.6717991501625085,0.37037328419934745,-0.9605926678815769,1.7678180474001122,1.676885337644754,-0.5000000000000004,0.8660254037844384,1.2246467991473532e-16,-1.0,-0.433883739117558,-0.9009688679024191
0.10843197976529156,-0.06222982837170911,-0.1921889013309754,0.8131394892324716,0.3346423256317241,0.9812682238323067,-0.3134337260499762,-0.6841423458248278,-0.6831906184550289,0.335945118299236,-0.6525136639846563,-0.6514128533997506,-0.33626260052499235,0.8787878787878787,0.0,0.0,0.0,1.121257433296172,0.7252201068885329,0.37615393389704654,-1.0145291954521052,1.7097418644210034,2.00505776626026,-0.5000000000000004,0.8660254037844384,-0.2588190451025208,-0.9659258262890683,-0.433883739117558,-0.9009688679024191
0.10610373530774168,-0.06222982837170911,-0.350189796416651,0.681291583813473,0.3346423256317241,0.9812682238323067,0.0640163148256042,-0.6841423458248278,-0.6831906184550289,0.6883930342966966,-0.6525136639846563,-0.6514128533997506,0.16935978857366232,0.8787878787878787,0.0,0.0,0.0,0.6739678965399476,0.7068707792312847,0.3843925633780424,-0.47516391974682176,1.4619501503768053,2.0734270222218236,-0.5000000000000004,0.8660254037844384,-0.4999999999999997,-0.8660254037844388,-0.433883739117558,-0.9009688679024191
0.10351235028878324,-0.19382280291316867,-0.350189796416651,0.5230740973106753,0.6582718189721298,1.1430540043372461,0.2257806180579958,-0.6841423458248278,-0.6831906184550289,0.12680020111392976,-0.6525136639846563,-0.6514128533997506,-0.42850452286055773,0.0,0.0,0.0,0.0,0.5161010012142222,0.6127126190287644,0.333952322803444,-0.20548128189418005,0.8308556286704886,1.6666299492505194,-0.5000000000000004,0.8660254037844384,-0.7071067811865471,-0.7071067811865479,-0.433883739117558,-0.9009688679024191
0.16194150618325473,-0.06222982837170911,-0.5081906915023265,0.39122619189167684,0.6582718189721298,1.1430540043372461,0.3336234868795902,-0.6841423458248278,-0.6831906184550289,-0.2411399309713313,-0.6525136639846563,-0.6514128533997506,-0.462668197799656,0.0,0.0,0.8787878787878787,0.8787878787878787,0.5161010012142222,0.43429166230273986,0.32749260298619776,-0.20548128189418005,0.16104365164476578,1.2461590250869023,-0.5000000000000004,0.8660254037844384,-0.8660254037844385,-0.5000000000000004,-0.433883739117558,-0.9009688679024191
0.4827012011492417,-0.06222982837170911,-0.5081906915023265,0.23300870538887822,0.6582718189721298,1.358768378343832,0.4953877901119818,-0.6841423458248278,-0.6831906184550289,-0.5858417389248917,-0.6525136639846563,-0.6514128533997506,-0.6471520424707868,0.0,0.0,0.8787878787878787,0.8787878787878787,0.09512261367895261,0.11292880104410674,0.3349570474576179,0.17207441109951835,-0.4855378521893134,-0.0015798962116363021,-0.5000000000000004,0.8660254037844384,-0.9659258262890683,-0.25881904510252063,-0.433883739117558,-0.9009688679024191
0.12398600808757416,-0.5096459418126703,-0.5081906915023265,0.23300870538887822,0.6582718189721298,1.358768378343832,0.6571520933443734,-0.6841423458248278,-0.6831906184550289,-0.6826680894736445,-0.6525136639846563,-0.6514128533997506,-0.6505684099646967,0.0,0.0,0.8787878787878787,0.8787878787878787,-0.06274428164677277,0.0,0.37384423500046626,0.3338839938111034,-0.6829968743182837,-0.651087827846492,-0.5000000000000004,0.8660254037844384,-1.0,-1.8369701987210297e-16,-0.433883739117558,-0.9009688679024191
0.2609747478714725,-0.19382280291316867,-0.5081906915023265,0.1011607999698797,0.9819013123125355,1.358768378343832,0.6571520933443734,-0.6841423458248278,-0.5671688706376075,-0.6826680894736445,-0.6525136639846563,-0.6309220496776665,-0.6505684099646967,0.0,0.0,0.8787878787878787,0.8787878787878787,-0.06274428164677277,0.0,0.3902388766670267,0.3338839938111034,-0.6829968743182837,-0.651087827846492,-0.5000000000000004,0.8660254037844384,-0.9659258262890684,0.2588190451025203,-0.433883739117558,-0.9009688679024191
0.8414220643672686,-0.3517343723629195,-0.1921889013309754,-0.3471220784547151,0.9819013123125355,0.8194824433273673,1.1424450030415483,-0.6841423458248278,-0.3312579834088504,-0.6826680894736445,-0.6525136639846563,-0.603600978048221,-0.6505684099646967,0.0,0.0,0.8787878787878787,0.8787878787878787,-0.06274428164677277,0.0,0.4192762694188418,0.3338839938111034,-0.6829968743182837,-0.651087827846492,-0.5000000000000004,0.8660254037844384,-0.8660254037844386,0.5000000000000001,-0.433883739117558,-0.9009688679024191
0.39995419305923285,-0.3517343723629195,-0.06052148875957856,-0.5053395649575132,1.1437160589827384,0.8194824433273673,1.1424450030415483,-0.6841423458248278,-0.006397089520070169,-0.6826680894736445,-0.6525136639846563,-0.64799771944607,-0.6505684099646967,0.0,0.0,0.0,0.0,-0.19430002775154487,0.0,0.4366377331985847,0.6575031592342735,-0.6829968743182837,-0.651087827846492,-0.5000000000000004,0.8660254037844384,-0.7071067811865477,0.7071067811865474,-0.433883739117558,-0.9009688679024191
0.9320576603307515,-0.5096459418126703,0.09747940632609654,-0.5053395649575132,1.1437160589827384,0.6576966628224279,0.818916396576765,-0.6841423458248278,0.032276826419070336,-0.6826680894736445,-0.6525136639846563,-0.6309220496776665,-0.6505684099646967,0.0,0.0,0.0,0.0,-0.06274428164677277,0.0,0.3187233891509712,0.6575031592342735,-0.6829968743182837,-0.651087827846492,-0.5000000000000004,0.8660254037844384,-0.5000000000000004,0.8660254037844384,-0.433883739117558,-0.9009688679024191
0.09330126705697347,-0.5096459418126703,0.38714771398316894,-0.5053395649575132,1.3594690545430088,0.17233932130760965,0.6571520933443734,-0.6841423458248278,1.0107268996793248,-0.6826680894736445,-0.6525136639846563,-0.10840655476452044,-0.6505684099646967,0.0,0.0,0.0,0.0,-0.06274428164677277,0.0,0.2610680618489566,0.6575031592342735,-0.6829968743182837,-0.651087827846492,-0.5000000000000004,0.8660254037844384,-0.25881904510252157,0.9659258262890681,-0.433883739117558,-0.9009688679024191
0.09417650648905218,-0.5096459418126703,0.6768160216402405,-0.7954049568793099,1.3594690545430088,-0.20516083320391562,0.818916396576765,-0.6841423458248278,1.2389030037202537,-0.6826680894736445,-0.6525136639846563,0.28433384990875926,-0.6505684099646967,0.0,0.0,0.0,0.0,-0.5100338184029966,0.0,0.15026334326943325,0.6575031592342735,-0.6829968743182837,-0.651087827846492,-0.5000000000000004,0.8660254037844384,-2.4492935982947064e-16,1.0,-0.433883739117558,-0.9009688679024191
0.0944053240700772,-0.5096459418126703,0.8084834342116368,-0.5053395649575132,1.3594690545430088,-0.3130180202072086,0.6571520933443734,-0.5682554180891491,0.33393337074436624,-0.6826680894736445,-0.6320387013398517,-0.33722052966112687,-0.6505684099646967,0.0,0.0,0.0,0.0,-0.19430002775154487,0.0,0.14226954371538214,0.9811223246574435,-0.6829968743182837,-0.651087827846492,-0.5000000000000004,0.8660254037844384,0.25881904510252074,0.9659258262890683,-0.9749279121818236,-0.2225209339563146
0.09225441615527503,-0.19382280291316867,0.6768160216402405,-0.5053395649575132,0.8200865656423326,0.06448213430431671,0.4953877901119818,-0.3326186650266025,0.6858660057905448,-0.6826680894736445,-0.6047387511467791,0.16821929548361572,-0.6505684099646967,0.0,0.0,0.0,0.0,-0.3521669230772707,0.0,0.15229066823562698,0.9811223246574435,-0.6829968743182837,-0.651087827846492,-0.5000000000000004,0.8660254037844384,0.49999999999999994,0.8660254037844387,-0.9749279121818236,-0.2225209339563146
0.09257476969268495,-0.06222982837170911,0.5188151265545653,-0.6371874703765118,0.8200865656423326,0.22626791480925612,0.9806806998091566,-0.008135267366702266,0.12509422467300754,-0.6826680894736445,-0.6491011702105222,-0.4294291464105056,-0.6505684099646967,0.0,0.0,0.0,0.0,-0.3521669230772707,0.0,0.1531682144988794,1.1429319073690285,-0.6829968743182837,-0.651087827846492,-0.5000000000000004,0.8660254037844384,0.7071067811865476,0.7071067811865476,-0.9749279121818236,-0.2225209339563146
0.09222581481572141,0.09568174107804124,0.38714771398316894,-0.6371874703765118,0.6582718189721298,0.33412510181254906,0.818916396576765,0.03049370854519062,-0.24230797674882723,-0.6826680894736445,-0.6320387013398517,-0.46358048594731255,-0.6505684099646967,0.0,0.8787878787878787,0.0,0.0,-0.5100338184029966,0.0,0.16956219030998998,1.1429319073690285,-0.6829968743182837,-0.651087827846492,-0.5000000000000004,0.8660254037844384,0.8660254037844386,0.5000000000000001,-0.9749279121818236,-0.2225209339563146
0.09183682561443851,0.3851862850692516,0.22914681889749292,-0.6371874703765118,0.17282757896152123,0.4959108823174885,0.9806806998091566,1.0078067991160806,-0.5865058286071777,-0.6826680894736445,-0.10992715389733822,-0.64799771944607,-0.6505684099646967,0.0,0.8787878787878787,0.0,0.0,-0.5100338184029966,0.0,0.17752988833040684,1.358678017651142,-0.6829968743182837,-0.651087827846492,-0.5000000000000004,0.8660254037844384,0.9659258262890683,0.25881904510252074,-0.9749279121818236,-0.2225209339563146
0.13710882987575224,0.6746908290604611,0.22914681889749292,-0.6371874703765118,-0.20474016326895209,0.6576966628224279,1.358130740684737,1.2357177569962485,-0.6831906184550289,-0.6826680894736445,0.28250963012808045,-0.6514128533997506,-0.6505684099646967,0.0,0.8787878787878787,0.0,0.0,-0.5100338184029966,0.0,0.20499696856501537,1.358678017651142,-0.6829968743182837,-0.651087827846492,-0.5000000000000004,0.8660254037844384,1.0,6.123233995736766e-17,-0.9749279121818236,-0.2225209339563146
0.17188945228595395,0.8062838036019201,0.09747940632609654,-0.6371874703765118,-0.3126166610490873,0.6576966628224279,0.818916396576765,0.3317997206579551,-0.6831906184550289,-0.597460900990742,-0.3385642367643213,-0.6514128533997506,-0.643735674976877,0.0,0.8787878787878787,0.0,0.0,-0.5100338184029966,0.0017628667720821082,0.25220811752574057,1.358678017651142,-0.5668445083600658,-0.6305770510580229,-0.5000000000000004,0.8660254037844384,0.9659258262890683,-0.25881904510252063,-0.9749279121818236,-0.2225209339563146
0.1958983770642511,0.6746908290604611,-0.350189796416651,-0.3471220784547151,0.064951081181386,1.1430540043372461,0.3336234868795902,0.6833234014561804,-0.6831906184550289,-0.4928884423980888,0.16648484180752188,-0.6514128533997506,-0.6505684099646967,0.0,0.8787878787878787,0.0,0.0,-0.19430002775154487,0.029891125082063114,0.26685519595434426,0.8193127419458585,-0.33066803091168967,-0.6032293486733973,-0.5000000000000004,0.8660254037844384,0.8660254037844387,-0.4999999999999998,-0.9749279121818236,-0.2225209339563146
0.10517129662885379,0.5167792596107107,-0.5081906915023265,-0.18890459195191697,0.22676582785158886,1.1430540043372461,0.1718591836471986,0.12320325073373355,-0.6831906184550289,-0.25275909303718164,-0.43070156866594134,-0.6514128533997506,-0.6334865724951475,0.0,0.0,0.0,0.0,-0.06274428164677277,0.14750981830311793,0.36012720297635326,0.8193127419458585,-0.005441406228679766,-0.6476693650484138,-0.5000000000000004,0.8660254037844384,0.7071067811865476,-0.7071067811865475,-0.9749279121818236,-0.2225209339563146
0.09166520384792465,0.3851862850692516,-0.5081906915023265,-0.18890459195191697,0.3346423256317241,0.8194824433273673,0.1718591836471986,-0.24377202042924886,-0.6831906184550289,-0.1714249585762292,-0.46482650640728207,-0.6514128533997506,-0.6300702050012377,0.8787878787878787,0.0,0.0,0.0,0.09512261367895261,0.3590704564497135,0.31742317833601386,0.6575031592342735,0.03327604909072617,-0.6305770510580229,-0.5000000000000004,0.8660254037844384,0.49999999999999994,-0.8660254037844387,-0.9749279121818236,-0.2225209339563146
0.09367881984119258,0.22727471561950033,-0.5081906915023265,-0.05705668653291797,0.4964570723019269,0.6576966628224279,0.1718591836471986,-0.5875699060450955,-0.6831906184550289,0.8936648974600527,-0.6491011702105222,-0.6514128533997506,-0.0014585861218291217,0.8787878787878787,0.0,0.0,0.0,0.3845452551094506,0.5295585260060235,0.32048590852672465,0.17207441109951835,1.0128276686716964,-0.10755224295206012,-0.5000000000000004,0.8660254037844384,0.258819045102521,-0.9659258262890682,-0.9749279121818236,-0.2225209339563146
0.09512610665813187,0.22727471561950033,-0.7978589991593985,0.39122619189167684,0.6582718189721298,0.8194824433273673,-0.2055908572283818,-0.6841423458248278,-0.6831906184550289,0.5722014136381931,-0.6525136639846563,-0.6514128533997506,-0.4899991377509347,0.8787878787878787,0.0,0.0,0.0,0.6739678965399476,0.6423432030456377,0.3171586288438234,-0.20548128189418005,1.2412606550561915,0.28557097882693144,-0.5000000000000004,0.8660254037844384,1.2246467991473532e-16,-1.0,-0.9749279121818236,-0.2225209339563146
0.09519475261889897,0.09568174107804124,-0.5081906915023265,0.5230740973106753,0.6582718189721298,0.6576966628224279,-0.3673551604607734,-0.6841423458248278,-0.6831906184550289,0.16940379535538103,-0.6525136639846563,-0.6514128533997506,-0.4934155052448445,0.8787878787878787,0.0,0.0,0.0,0.8055236426447192,0.69908198147396,0.31031706653591307,-0.31335433703523674,0.3352722005820925,-0.3365892504232987,-0.5000000000000004,0.8660254037844384,-0.2588190451025208,-0.9659258262890683,-0.9749279121818236,-0.2225209339563146
0.09318113662563104,-0.3517343723629195,-0.5081906915023265,-0.5053395649575132,1.1437160589827384,0.4959108823174885,0.818916396576765,-0.6841423458248278,-0.6831906184550289,-0.264378255103032,-0.6525136639846563,-0.6514128533997506,-0.6505684099646967,0.8787878787878787,0.0,0.0,0.0,0.6739678965399476,0.6774563958562706,0.3085427154210123,0.06420135595846167,0.6876010439886866,0.16934324369227308,-0.5000000000000004,0.8660254037844384,-0.4999999999999997,-0.8660254037844388,-0.9749279121818236,-0.2225209339563146
0.8052685707938972,-0.5096459418126703,-0.6398581040737229,-0.05705668653291797,1.1437160589827384,0.9812682238323067,0.6571520933443734,-0.6841423458248278,-0.6831906184550289,-0.047487229873825476,-0.6525136639846563,-0.6514128533997506,-0.322597130549353,0.0,0.0,0.0,0.0,0.5161010012142222,0.5831153099537552,0.2892478122935046,0.2260109386700467,0.12619794185730043,-0.4288877459714098,-0.5000000000000004,0.8660254037844384,-0.7071067811865471,-0.7071067811865479,-0.9749279121818236,-0.2225209339563146
0.6997196741767396,-0.5096459418126703,-0.6398581040737229,-0.18890459195191697,0.8200865656423326,0.8194824433273673,0.4953877901119818,-0.6841423458248278,-0.6831906184550289,-0.35345849760788467,-0.6525136639846563,-0.6514128533997506,-0.5890737950743197,0.0,0.0,0.8787878787878787,0.8787878787878787,0.3845452551094506,0.36408742893185553,0.2942807063210221,0.3338839938111034,-0.241617883677056,-0.46307237395219164,-0.5000000000000004,0.8660254037844384,-0.8660254037844385,-0.5000000000000004,-0.9749279121818236,-0.2225209339563146
0.36072875841855284,-0.5096459418126703,-0.6398581040737229,-0.3471220784547151,0.6582718189721298,0.9812682238323067,0.6571520933443734,-0.6841423458248278,-0.6831906184550289,-0.5548573067492907,-0.6525136639846563,-0.6514128533997506,-0.6266538375073278,0.0,0.0,0.8787878787878787,0.8787878787878787,0.22667835978372425,0.10421425741718544,0.32255979215475783,0.4956935765226884,-0.5862032360197689,-0.6476693650484138,-0.5000000000000004,0.8660254037844384,-0.9659258262890683,-0.25881904510252063,-0.9749279121818236,-0.2225209339563146
0.3432183408081958,-0.7991504858038802,-0.6398581040737229,-0.6371874703765118,0.8200865656423326,1.358768378343832,0.9806806998091566,-0.6841423458248278,-0.6831906184550289,-0.6826680894736445,-0.6525136639846563,-0.6514128533997506,-0.6505684099646967,0.0,0.0,0.8787878787878787,0.8787878787878787,0.22667835978372425,0.0,0.35001352454857937,0.6575031592342735,-0.6829968743182837,-0.651087827846492,-0.5000000000000004,0.8660254037844384,-1.0,-1.8369701987210297e-16,-0.9749279121818236,-0.2225209339563146
0.4250614875327841,-0.5096459418126703,-0.6398581040737229,-0.6371874703765118,0.6582718189721298,0.8194824433273673,0.818916396576765,-0.6841423458248278,-0.5981080033889198,-0.6826680894736445,-0.6525136639846563,-0.6445825854923893,-0.6505684099646967,0.0,0.0,0.8787878787878787,0.8787878787878787,0.09512261367895261,0.0,0.36042586475543614,0.6575031592342735,-0.6829968743182837,-0.651087827846492,-0.5000000000000004,0.8660254037844384,-0.9659258262890684,0.2588190451025203,-0.9749279121818236,-0.2225209339563146
0.5657227587593386,-0.5096459418126703,-0.350189796416651,-0.7954049568793099,0.4964570723019269,0.33412510181254906,0.9806806998091566,-0.6841423458248278,-0.4936884303532405,-0.6826680894736445,-0.6525136639846563,-0.6514128533997506,-0.6505684099646967,0.0,0.0,0.8787878787878787,0.8787878787878787,-0.3521669230772707,0.0,0.29332064520163814,1.1429319073690285,-0.6829968743182837,-0.651087827846492,-0.5000000000000004,0.8660254037844384,-0.8660254037844386,0.5000000000000001,-0.9749279121818236,-0.2225209339563146
0.3425719189571421,-0.6412389163541294,-0.1921889013309754,-0.7954049568793099,0.9819013123125355,0.17233932130760965,0.9806806998091566,-0.6841423458248278,-0.2539101515305694,-0.6826680894736445,-0.6525136639846563,-0.6343371836313472,-0.6505684099646967,0.0,0.0,0.0,0.0,-0.5100338184029966,0.0,0.2506960417505708,1.1429319073690285,-0.6829968743182837,-0.651087827846492,-0.5000000000000004,0.8660254037844384,-0.7071067811865477,0.7071067811865474,-0.9749279121818236,-0.2225209339563146
0.33518103146071976,-0.6412389163541294,-0.1921889013309754,-0.7954049568793099,0.8200865656423326,0.17233932130760965,0.9806806998091566,-0.6841423458248278,-0.17269492805837433,-0.6826680894736445,-0.6525136639846563,-0.6309220496776665,-0.6505684099646967,0.0,0.0,0.0,0.0,-0.5100338184029966,0.0,0.20271631120997868,0.8193127419458585,-0.6829968743182837,-0.651087827846492,-0.5000000000000004,0.8660254037844384,-0.5000000000000004,0.8660254037844384,-0.9749279121818236,-0.2225209339563146
0.7861048838644251,-0.6412389163541294,-0.06052148875957856,-0.7954049568793099,0.9819013123125355,0.17233932130760965,0.818916396576765,-0.6841423458248278,0.8908377602679894,-0.6826680894736445,-0.6525136639846563,-0.002537402200418949,-0.6505684099646967,0.0,0.0,0.0,0.0,-0.5100338184029966,0.0,0.12686636081364866,0.6575031592342735,-0.6829968743182837,-0.651087827846492,-0.5000000000000004,0.8660254037844384,-0.25881904510252157,0.9659258262890681,-0.9749279121818236,-0.2225209339563146
0.3623791102843354,-0.6412389163541294,0.38714771398316894,-0.5053395649575132,1.3594690545430088,-0.20516083320391562,0.6571520933443734,-0.6841423458248278,0.5698442579731233,-0.6826680894736445,-0.6525136639846563,-0.4909015575767581,-0.6505684099646967,0.0,0.0,0.0,0.0,-0.7994564598334941,0.0,0.1346095221324461,0.8193127419458585,-0.6829968743182837,-0.651087827846492,-0.5000000000000004,0.8660254037844384,-2.4492935982947064e-16,1.0,-0.9749279121818236,-0.2225209339563146
0.39727130297457186,-0.6412389163541294,0.5188151265545653,-0.7954049568793099,0.8200865656423326,-0.366946613708855,0.6032306589335762,-0.5991585988186634,0.1676355322060621,-0.6826680894736445,-0.645688676436388,-0.4943166915304388,-0.6505684099646967,0.0,0.0,0.0,0.0,-0.5100338184029966,0.0,0.20449038061680436,0.6575031592342735,-0.6829968743182837,-0.651087827846492,-0.5000000000000004,0.8660254037844384,0.25881904510252074,0.9659258262890683,-0.7818314824680299,0.6234898018587334
0.20404435296762152,-0.3517343723629195,-0.5081906915023265,-0.7954049568793099,0.3346423256317241,0.8194824433273673,0.4414663557011846,-0.49486036385655263,-0.26551232631231153,-0.6826680894736445,-0.6525136639846563,-0.6514128533997506,-0.6505684099646967,0.0,0.0,0.0,0.0,-0.5100338184029966,0.0,0.11679314590936563,0.4956935765226884,-0.6829968743182837,-0.651087827846492,-0.5000000000000004,0.8660254037844384,0.49999999999999994,0.8660254037844387,-0.7818314824680299,0.6234898018587334
0.1890166194973482,-0.19382280291316867,-0.06052148875957856,-0.7954049568793099,0.17282757896152123,0.6576966628224279,0.6032306589335762,-0.2553607132028167,-0.04893839705312472,-0.6826680894736445,-0.6354511951139858,-0.3235599938464041,-0.6505684099646967,0.0,0.0,0.0,0.0,-0.6415895645077683,0.0,0.04366531503132309,0.9811223246574435,-0.6829968743182837,-0.651087827846492,-0.5000000000000004,0.8660254037844384,0.7071067811865476,0.7071067811865476,-0.7818314824680299,0.6234898018587334
0.15230819197713547,-0.19382280291316867,-0.1921889013309754,-0.7954049568793099,0.17282757896152123,0.4959108823174885,0.818916396576765,-0.17423986378784168,-0.3544623329723347,-0.6826680894736445,-0.6320387013398517,-0.5899404422334982,-0.6505684099646967,0.0,0.8787878787878787,0.0,0.0,-0.6415895645077683,0.0,0.04035583417679289,0.8193127419458585,-0.6829968743182837,-0.651087827846492,-0.5000000000000004,0.8660254037844384,0.8660254037844386,0.5000000000000001,-0.7818314824680299,0.6234898018587334
0.10933009889609395,-0.06222982837170911,-0.350189796416651,-0.9272528622983084,0.17282757896152123,0.6576966628224279,0.9806806998091566,0.8880569737892127,-0.5555666958558653,-0.6826680894736445,-0.0041398468991818834,-0.6275069157239859,-0.6505684099646967,0.0,0.8787878787878787,0.0,0.0,-0.6415895645077683,0.0,0.0644535782738947,0.9811223246574435,-0.6829968743182837,-0.651087827846492,-0.5000000000000004,0.8660254037844384,0.9659258262890683,0.25881904510252074,-0.7818314824680299,0.6234898018587334
0.10848918930899487,0.3851862850692516,-0.6398581040737229,-0.9272528622983084,-0.20474016326895209,0.9812682238323067,0.818916396576765,0.5674364737205018,-0.6831906184550289,-0.6826680894736445,-0.49212645660035464,-0.6514128533997506,-0.6505684099646967,0.0,0.8787878787878787,0.0,0.0,-0.6415895645077683,0.0,0.08214154171248905,1.358678017651142,-0.6829968743182837,-0.651087827846492,-0.5000000000000004,0.8660254037844384,1.0,6.123233995736766e-17,-0.7818314824680299,0.6234898018587334
0.10552025150581731,0.5167792596107107,-0.6398581040737229,-0.9272528622983084,-0.36655490993915496,0.8194824433273673,0.9806806998091566,0.1656951242368157,-0.6831906184550289,-0.562603414793191,-0.49553895037448875,-0.6514128533997506,-0.3055152930798039,0.0,0.8787878787878787,0.0,0.0,-0.6415895645077683,0.0025001664412325946,0.09502274587826504,0.8193127419458585,-0.5978184726155906,-0.6442509022503355,-0.5000000000000004,0.8660254037844384,0.9659258262890683,-0.25881904510252063,-0.7818314824680299,0.6234898018587334
0.10689317415345757,-0.5096459418126703,-0.7978589991593985,-0.3471220784547151,0.8200865656423326,0.9812682238323067,0.3336234868795902,-0.2669494059763846,-0.6831906184550289,-0.03586806780797513,-0.6525136639846563,-0.6514128533997506,1.1156935843866849,0.0,0.8787878787878787,0.0,0.0,-0.3521669230772707,0.030378962871285022,0.1246689353898432,0.3338839938111034,-0.4932813432531946,-0.651087827846492,-0.5000000000000004,0.8660254037844384,0.8660254037844387,-0.4999999999999998,-0.7818314824680299,0.6234898018587334
0.10664718478534667,-0.06222982837170911,-0.7978589991593985,0.1011607999698797,0.6582718189721298,0.9812682238323067,0.0640163148256042,-0.05062714086978444,-0.6831906184550289,0.6845199802747465,-0.324914261667785,-0.6514128533997506,1.7682197757234621,0.0,0.0,0.0,0.0,-0.19430002775154487,0.14458833694794196,0.1439138993586121,0.17207441109951835,-0.25323312027287775,-0.633995513856101,-0.5000000000000004,0.8660254037844384,0.7071067811865476,-0.7071067811865475,-0.7818314824680299,0.6234898018587334
0.14860703516883944,-0.19382280291316867,-0.7978589991593985,0.39122619189167684,0.4964570723019269,0.9812682238323067,-0.09774798840678739,-0.35579605057373825,-0.6831906184550289,1.1802708950843614,-0.5910887760502429,-0.6514128533997506,1.6178996059914297,0.8787878787878787,0.0,0.0,0.0,-0.19430002775154487,0.3541311166288176,0.16836006512476054,0.17207441109951835,-0.1719264641021253,-0.6305770510580229,-0.5000000000000004,0.8660254037844384,0.49999999999999994,-0.8660254037844387,-0.7818314824680299,0.6234898018587334
0.3764200923915618,-0.3517343723629195,-0.7978589991593985,0.5230740973106753,0.6582718189721298,0.8194824433273673,-0.2055908572283818,-0.5566667253155813,-0.6831906184550289,1.5482110271696223,-0.6286262075657176,-0.6514128533997506,1.6828105883757165,0.8787878787878787,0.0,0.0,0.0,-0.06274428164677277,0.5274796736804549,0.1824493615649897,0.17207441109951835,0.892803557181538,-0.0015798962116363021,-0.5000000000000004,0.8660254037844384,0.258819045102521,-0.9659258262890682,-0.7818314824680299,0.6234898018587334
0.4827069330869658,-0.6412389163541294,-0.5081906915023265,0.681291583813473,0.9819013123125355,0.6576966628224279,-0.3673551604607734,-0.6841423458248278,-0.6831906184550289,1.7922134305524797,-0.6525136639846563,-0.6514128533997506,2.0005327653093308,0.8787878787878787,0.0,0.0,0.0,0.3845452551094506,0.6438122498192695,0.18220181699659543,-0.20548128189418005,0.5714486780304687,-0.4904200763368171,-0.5000000000000004,0.8660254037844384,1.2246467991473532e-16,-1.0,-0.7818314824680299,0.6234898018587334
0.2773239298157049,-0.6412389163541294,-0.7978589991593985,0.681291583813473,0.8200865656423326,0.6037680693207814,-0.3673551604607734,-0.6841423458248278,-0.6831906184550289,1.4126541364013683,-0.6525136639846563,-0.6514128533997506,1.470995803753307,0.8787878787878787,0.0,0.0,0.0,0.5161010012142222,0.6953456485476427,0.1815421079047439,-0.3672908646057651,0.16878714270864695,-0.49383853913489534,-0.5000000000000004,0.8660254037844384,-0.2588190451025208,-0.9659258262890683,-0.7818314824680299,0.6234898018587334
0.24020934473942138,-0.7991504858038802,-0.7978589991593985,0.681291583813473,0.9819013123125355,0.441982288815842,-0.3673551604607734,-0.6841423458248278,-0.6831906184550289,1.3932888662916179,-0.6525136639846563,-0.6514128533997506,1.6793942208818067,0.8787878787878787,0.0,0.0,0.0,-0.5100338184029966,0.6773676804175064,0.19004682346742996,0.8193127419458585,-0.26484835686869956,-0.651087827846492,-0.5000000000000004,0.8660254037844384,-0.4999999999999997,-0.8660254037844388,-0.7818314824680299,0.6234898018587334
0.1161374888613998,-0.7991504858038802,-0.7978589991593985,0.39122619189167684,0.9819013123125355,0.6037680693207814,0.0640163148256042,-0.6841423458248278,-0.6831906184550289,0.700012196362547,-0.6525136639846563,-0.6514128533997506,1.1464408918318734,0.0,0.0,0.0,0.0,-0.06274428164677277,0.5901335154048745,0.2238019557403833,0.6575031592342735,-0.0480306070800263,-0.32291539923098594,-0.5000000000000004,0.8660254037844384,-0.7071067811865471,-0.7071067811865479,-0.7818314824680299,0.6234898018587334
0.4904753562061171,-0.7991504858038802,-0.7978589991593985,0.23300870538887822,0.9819013123125355,0.8194824433273673,0.0640163148256042,-0.6841423458248278,-0.6831906184550289,-0.07072555400552617,-0.6525136639846563,-0.6514128533997506,0.21035619850058027,0.0,0.0,0.8787878787878787,0.8787878787878787,-0.19430002775154487,0.4084085605129764,0.29043472524268765,0.4956935765226884,-0.35389850410333323,-0.5895554974810846,-0.5000000000000004,0.8660254037844384,-0.8660254037844385,-0.5000000000000004,-0.7818314824680299,0.6234898018587334
0.09080712933833576,-0.7991504858038802,-0.9295264117307949,0.1011607999698797,0.8200865656423326,0.9812682238323067,0.1718591836471986,-0.6841423458248278,-0.6831906184550289,-0.5122537125078395,-0.6525136639846563,-0.6514128533997506,-0.40458995040318896,0.0,0.0,0.8787878787878787,0.8787878787878787,-0.3521669230772707,0.09788345026528418,0.3371909924918651,0.6575031592342735,-0.5552292717642441,-0.6271585882599446,-0.5000000000000004,0.8660254037844384,-0.9659258262890683,-0.25881904510252063,-0.7818314824680299,0.6234898018587334
0.09198555395303654,-0.5096459418126703,-0.9295264117307949,-0.05705668653291797,0.6582718189721298,0.8194824433273673,1.358130740684737,-0.6841423458248278,-0.6831906184550289,-0.6826680894736445,-0.6525136639846563,-0.6514128533997506,-0.6505684099646967,0.0,0.0,0.8787878787878787,0.8787878787878787,-0.6415895645077683,0.0,0.3069873795294624,0.9811223246574435,-0.6829968743182837,-0.651087827846492,-0.5000000000000004,0.8660254037844384,-1.0,-1.8369701987210297e-16,-0.7818314824680299,0.6234898018587334
0.08962298308280506,-0.7991504858038802,-0.9295264117307949,-0.05705668653291797,0.6043335700820621,0.9812682238323067,0.3336234868795902,-0.6841423458248278,-0.5633014790436934,-0.6826680894736445,-0.6525136639846563,-0.30648432407800064,-0.6505684099646967,0.0,0.0,0.8787878787878787,0.8787878787878787,-0.6415895645077683,0.0,0.2777481608688327,0.8193127419458585,-0.6829968743182837,-0.651087827846492,-0.5000000000000004,0.8660254037844384,-0.9659258262890684,0.2588190451025203,-0.7818314824680299,0.6234898018587334
0.6047537193931654,-0.7991504858038802,-0.350189796416651,0.1011607999698797,0.44251882341185933,0.33412510181254906,0.3336234868795902,-0.6841423458248278,-0.03733622227138257,-0.6826680894736445,-0.6525136639846563,1.1142114006531678,-0.6505684099646967,0.0,0.0,0.8787878787878787,0.8787878787878787,-0.7994564598334941,0.0,0.24484342332267295,0.9811223246574435,-0.6829968743182837,-0.651087827846492,-0.5000000000000004,0.8660254037844384,-0.8660254037844386,0.5000000000000001,-0.7818314824680299,0.6234898018587334
0.2409530035939017,-0.7991504858038802,0.09747940632609654,-0.18890459195191697,0.6043335700820621,0.06448213430431671,0.4953877901119818,-0.6841423458248278,0.6819986141966308,-0.6826680894736445,-0.6525136639846563,1.7665019858061801,-0.6505684099646967,0.0,0.0,0.0,0.0,-0.7994564598334941,0.0,0.20798276684144346,0.9811223246574435,-0.6829968743182837,-0.651087827846492,-0.5000000000000004,0.8660254037844384,-0.7071067811865477,0.7071067811865474,-0.7818314824680299,0.6234898018587334
0.24174244930421365,-0.7991504858038802,0.38714771398316894,-0.18890459195191697,0.8200865656423326,-0.09730364620062269,0.6571520933443734,-0.6841423458248278,1.177024738217629,-0.6826680894736445,-0.6525136639846563,1.6162360918442298,-0.6505684099646967,0.0,0.0,0.0,0.0,-0.7994564598334941,0.0,0.1293190137533467,0.9811223246574435,-0.6829968743182837,-0.651087827846492,-0.5000000000000004,0.8660254037844384,-0.5000000000000004,0.8660254037844384,-0.7818314824680299,0.6234898018587334
0.24287510765687098,-0.9307434603453393,0.5188151265545653,-0.18890459195191697,0.9819013123125355,-0.20516083320391562,0.4953877901119818,-0.6841423458248278,1.5444269396394639,-0.6826680894736445,-0.6525136639846563,1.681123636964163,-0.6505684099646967,0.0,0.0,0.0,0.0,-0.7994564598334941,0.0,0.10950090190120682,0.8193127419458585,-0.6829968743182837,-0.651087827846492,-0.5000000000000004,0.8660254037844384,-0.25881904510252157,0.9659258262890681,-0.7818314824680299,0.6234898018587334
0.25651560922898214,-0.9307434603453393,0.6768160216402405,-0.18890459195191697,0.8200865656423326,-0.366946613708855,1.1424450030415483,-0.6841423458248278,1.788072610056049,-0.6826680894736445,-0.6525136639846563,1.9987310946564674,-0.6505684099646967,0.0,0.0,0.0,0.0,-0.5100338184029966,0.0,0.02252404596103097,0.6575031592342735,-0.6829968743182837,-0.651087827846492,-0.5000000000000004,0.8660254037844384,-2.4492935982947064e-16,1.0,-0.7818314824680299,0.6234898018587334
0.13966017370579523,-0.9307434603453393,0.6768160216402405,-0.6371874703765118,0.9819013123125355,-0.366946613708855,0.9806806998091566,-0.5643925204979598,1.409068233852472,-0.6826680894736445,-0.3078517927971146,1.4693853318359598,-0.6505684099646967,0.0,0.0,0.0,0.0,-0.7994564598334941,0.0,0.0,0.6035666316637451,-0.6829968743182837,-0.651087827846492,-0.5000000000000004,0.8660254037844384,0.25881904510252074,0.9659258262890683,-2.4492935982947064e-16,1.0
0.14023221765835778,-0.3517343723629195,0.6768160216402405,-0.6371874703765118,0.3346423256317241,-0.366946613708855,0.818916396576765,-0.03903844809621657,1.389731275882902,-0.6826680894736445,1.111745617242661,1.6777085030104821,-0.6505684099646967,0.0,0.0,0.0,0.0,-0.7994564598334941,0.0,0.04788509711527339,0.44175704895216006,-0.6829968743182837,-0.651087827846492,-0.5000000000000004,0.8660254037844384,0.49999999999999994,0.8660254037844387,-2.4492935982947064e-16,1.0
0.13761795637297367,0.09568174107804124,0.38714771398316894,-0.7954049568793099,0.064951081181386,0.06448213430431671,0.9806806998091566,0.6794605038649911,0.697468180572287,-0.6826680894736445,1.7635319281022692,1.144947606236294,-0.6505684099646967,0.0,0.0,0.0,0.0,-0.7994564598334941,0.0,0.05687353105245058,0.6035666316637451,-0.6829968743182837,-0.651087827846492,-0.5000000000000004,0.8660254037844384,0.7071067811865476,0.7071067811865476,-2.4492935982947064e-16,1.0
0.1400034035096308,0.3851862850692516,0.22914681889749292,-0.7954049568793099,-0.09686366548881685,0.06448213430431671,0.9806806998091566,1.17391139553722,-0.07214274661660902,-0.6826680894736445,1.6133822020403699,0.20920090292778404,-0.6505684099646967,0.0,0.8787878787878787,0.0,0.0,-0.7994564598334941,0.0,0.0604231040163018,0.8193127419458585,-0.6829968743182837,-0.651087827846492,-0.5000000000000004,0.8660254037844384,0.8660254037844386,0.5000000000000001,-2.4492935982947064e-16,1.0
0.14016930020301668,0.5167792596107107,0.09747940632609654,-1.085470348801107,-0.20474016326895209,0.17233932130760965,1.1424450030415483,1.5408866667002024,-0.5130253883228107,-0.6826680894736445,1.6782195837489173,-0.40552320873474074,-0.6505684099646967,0.0,0.8787878787878787,0.0,0.0,-0.9310122059382657,0.0,0.1675851118204349,0.9811223246574435,-0.6829968743182837,-0.651087827846492,-0.5000000000000004,0.8660254037844384,0.9659258262890683,0.25881904510252074,-2.4492935982947064e-16,1.0
0.12514155300355123,0.6746908290604611,-0.06052148875957856,-1.085470348801107,-0.36655490993915496,1.358768378343832,1.3042093062739397,1.7842492149451277,-0.6831906184550289,-0.6826680894736445,1.9955815047433865,-0.6514128533997506,-0.6505684099646967,0.0,0.8787878787878787,0.0,0.0,-0.9310122059382657,0.0,0.29920562932636374,0.8193127419458585,-0.6829968743182837,-0.651087827846492,-0.5000000000000004,0.8660254037844384,1.0,6.123233995736766e-17,-2.4492935982947064e-16,1.0
0.137669440843549,0.6746908290604611,-0.06052148875957856,-1.2173182542201055,-0.36655490993915496,0.33412510181254906,1.3042093062739397,1.4056852510085773,-0.6831906184550289,-0.597460900990742,1.4666449697526047,-0.6514128533997506,-0.6129883675316885,0.0,0.8787878787878787,0.0,0.0,-0.9310122059382657,0.03408763275916829,0.4075042011637411,0.9811223246574435,-0.5629727628281253,-0.305823085240595,-0.5000000000000004,0.8660254037844384,0.9659258262890683,-0.25881904510252063,-2.4492935982947064e-16,1.0
0.15134714852639594,0.6746908290604611,0.09747940632609654,-0.5053395649575132,-0.36655490993915496,0.33412510181254906,0.818916396576765,1.386370763052631,-0.6831906184550289,-0.17529801259817931,1.6748070899747833,-0.6514128533997506,0.09761607120155592,0.0,0.8787878787878787,0.0,0.0,-0.3521669230772707,0.14402288911538733,0.4234039073524629,0.3338839938111034,-0.03641537048420452,1.116257438759931,-0.5000000000000004,0.8660254037844384,0.8660254037844387,-0.4999999999999998,-2.4492935982947064e-16,1.0
0.38749498550298256,0.3851862850692516,-0.1921889013309754,-0.05705668653291797,0.064951081181386,0.4959108823174885,0.3336234868795902,0.6949120942297482,-0.6831906184550289,0.5295978193967419,1.1424580612098676,-0.6514128533997506,1.0644480719780374,0.0,0.0,0.0,0.0,0.09512261367895261,0.3547519916536174,0.4604411435770276,0.06420135595846167,0.6837292984567459,1.769183833192865,-0.5000000000000004,0.8660254037844384,0.7071067811865476,-0.7071067811865475,-2.4492935982947064e-16,1.0
0.21483894745973994,0.22727471561950033,-0.1921889013309754,0.39122619189167684,0.064951081181386,0.6576966628224279,0.1718591836471986,-0.07380452641692017,-0.6831906184550289,1.102809814645359,0.2074347670971308,-0.6514128533997506,1.3992520863812006,0.8787878787878787,0.0,0.0,0.0,0.3845452551094506,0.5243087220634178,0.46444662264542613,-0.09760822675312336,1.179312726545142,1.6187714700774247,-0.5000000000000004,0.8660254037844384,0.49999999999999994,-0.8660254037844387,-2.4492935982947064e-16,1.0
0.19153935855553955,0.09568174107804124,-0.1921889013309754,0.681291583813473,0.17282757896152123,0.4959108823174885,-0.2055908572283818,-0.5141748518124991,-0.6831906184550289,1.168651733018511,-0.40681411224700276,-0.6514128533997506,0.5383274779159238,0.8787878787878787,0.0,0.0,0.0,0.5161010012142222,0.633772770118554,0.45743588183360395,-0.20548128189418005,1.5471285520794984,1.6837222632409103,-0.5000000000000004,0.8660254037844384,0.258819045102521,-0.9659258262890682,-2.4492935982947064e-16,1.0
0.2964189398937276,-0.06222982837170911,-0.1921889013309754,0.681291583813473,1.3594690545430088,1.1430540043372461,0.0640163148256042,-0.6841423458248278,-0.6831906184550289,1.2732241916111642,-0.6525136639846563,-0.6514128533997506,1.0063698245815704,0.8787878787878787,0.0,0.0,0.0,0.6739678965399476,0.6852617579089254,0.46560920626086455,-0.3672908646057651,1.791048520591756,2.0016393034621816,-0.5000000000000004,0.8660254037844384,1.2246467991473532e-16,-1.0,-2.4492935982947064e-16,1.0
0.6128596747014086,-0.06222982837170911,-0.6398581040737229,0.681291583813473,0.3346423256317241,0.9812682238323067,-0.09774798840678739,-0.6841423458248278,-0.6831906184550289,1.629545161630575,-0.6525136639846563,-0.6514128533997506,1.693059690857446,0.8787878787878787,0.0,0.0,0.0,0.6739678965399476,0.6560580670486487,0.4707692786793033,-0.3672908646057651,1.4116174584615777,1.4717775697600626,-0.5000000000000004,0.8660254037844384,-0.2588190451025208,-0.9659258262890683,-2.4492935982947064e-16,1.0
0.5378753921158073,0.09568174107804124,-0.6398581040737229,0.681291583813473,0.3346423256317241,0.8194824433273673,-0.09774798840678739,-0.6841423458248278,-0.6831906184550289,1.2616050295453138,-0.6525136639846563,-0.6514128533997506,1.515408581174135,0.8787878787878787,0.0,0.0,0.0,0.6739678965399476,0.5552642235275685,0.4894290581469538,-0.3672908646057651,1.3922587308018746,1.6803038004428321,-0.5000000000000004,0.8660254037844384,-0.4999999999999997,-0.8660254037844388,-2.4492935982947064e-16,1.0
0.2621588906947052,-0.19382280291316867,-0.7978589991593985,0.681291583813473,0.4964570723019269,0.9812682238323067,0.0640163148256042,-0.6841423458248278,-0.6831906184550289,0.6922660883186468,-0.6525136639846563,-0.6514128533997506,1.1908536692527012,0.0,0.0,0.0,0.0,0.3845452551094506,0.26174137123946595,0.46533671772292584,0.06420135595846167,0.6992162805845084,1.147023603942635,-0.5000000000000004,0.8660254037844384,-0.7071067811865471,-0.7071067811865479,-2.4492935982947064e-16,1.0
0.4196155632042665,-0.19382280291316867,-0.7978589991593985,0.5230740973106753,0.6582718189721298,0.9812682238323067,0.3336234868795902,-0.6841423458248278,-0.6831906184550289,0.010608580455426269,-0.6525136639846563,-0.6514128533997506,0.555409315385473,0.0,0.0,0.8787878787878787,0.8787878787878787,0.22667835978372425,0.037086725488142465,0.5193808240903632,0.06420135595846167,-0.07126108027166986,0.21036479726921134,-0.5000000000000004,0.8660254037844384,-0.8660254037844385,-0.5000000000000004,-2.4492935982947064e-16,1.0
0.5802871663174143,-0.19382280291316867,-1.0875273068164708,0.1011607999698797,0.4964570723019269,1.1430540043372461,0.6571520933443734,-0.6841423458248278,-0.6831906184550289,-0.53161898261759,-0.6525136639846563,-0.6514128533997506,-0.46608456529356584,0.0,0.0,0.8787878787878787,0.8787878787878787,0.09512261367895261,0.0,0.5480109694051201,0.17207441109951835,-0.5126400709128975,-0.40495850638486247,-0.5000000000000004,0.8660254037844384,-0.9659258262890683,-0.25881904510252063,-2.4492935982947064e-16,1.0
0.330455903449449,-0.19382280291316867,-1.0875273068164708,0.1011607999698797,1.1437160589827384,1.3048397848421855,0.818916396576765,-0.6841423458248278,-0.6831906184550289,-0.6826680894736445,-0.6525136639846563,-0.6514128533997506,-0.6505684099646967,0.0,0.0,0.8787878787878787,0.8787878787878787,-0.06274428164677277,0.0,0.5351505860270642,1.358678017651142,-0.6829968743182837,-0.651087827846492,-0.5000000000000004,0.8660254037844384,-1.0,-1.8369701987210297e-16,-2.4492935982947064e-16,1.0
0.2179737853886014,-0.6412389163541294,-1.2191947193878672,-0.05705668653291797,0.9819013123125355,1.3048397848421855,0.9806806998091566,-0.6841423458248278,-0.5981080033889198,-0.6826680894736445,-0.6525136639846563,-0.613846379909263,-0.6505684099646967,0.0,0.0,0.8787878787878787,0.8787878787878787,-0.06274428164677277,0.0,0.5134831887120904,0.3338839938111034,-0.6829968743182837,-0.651087827846492,-0.5000000000000004,0.8660254037844384,-0.9659258262890684,0.2588190451025203,-2.4492935982947064e-16,1.0
0.36717004917819357,-0.6412389163541294,-0.5081906915023265,0.1011607999698797,0.8200865656423326,0.8194824433273673,0.818916396576765,-0.6841423458248278,-0.17656231965228839,-0.6826680894736445,-0.6525136639846563,0.09650148245632116,-0.6505684099646967,0.0,0.0,0.8787878787878787,0.8787878787878787,0.09512261367895261,0.0,0.45461475473188884,0.3338839938111034,-0.6829968743182837,-0.651087827846492,-0.5000000000000004,0.8660254037844384,-0.8660254037844386,0.5000000000000001,-2.4492935982947064e-16,1.0
0.7540301273419532,-0.7991504858038802,-0.06052148875957856,0.1011607999698797,0.9819013123125355,0.33412510181254906,0.9806806998091566,-0.6841423458248278,0.5273029504400687,-0.6826680894736445,-0.6525136639846563,1.0629843913479573,-0.6505684099646967,0.0,0.0,0.0,0.0,-0.19430002775154487,0.0,0.3793379009992799,0.4956935765226884,-0.6829968743182837,-0.651087827846492,-0.5000000000000004,0.8660254037844384,-0.7071067811865477,0.7071067811865474,-2.4492935982947064e-16,1.0
0.5219095086227102,-0.7991504858038802,0.38714771398316894,-0.05705668653291797,0.9819013123125355,0.17233932130760965,0.9806806998091566,-0.6841423458248278,1.0996769063393481,-0.6826680894736445,-0.6525136639846563,1.3976675188086654,-0.6505684099646967,0.0,0.0,0.0,0.0,-0.19430002775154487,0.0,0.2746862194607318,0.6575031592342735,-0.6829968743182837,-0.651087827846492,-0.5000000000000004,0.8660254037844384,-0.5000000000000004,0.8660254037844384,-2.4492935982947064e-16,1.0
0.7003660788663032,-1.0886550297950905,0.6768160216402405,-0.18890459195191697,1.1437160589827384,-0.20516083320391562,1.1424450030415483,-0.6841423458248278,1.165422563435887,-0.6826680894736445,-0.6525136639846563,0.5370537624811306,-0.6505684099646967,0.0,0.0,0.0,0.0,-0.19430002775154487,0.0,0.2249573686048233,0.4956935765226884,-0.6829968743182837,-0.651087827846492,-0.5000000000000004,0.8660254037844384,-0.25881904510252157,0.9659258262890681,-2.4492935982947064e-16,1.0
0.13366508855573683,-1.0886550297950905,0.6768160216402405,-0.18890459195191697,1.305530805652941,0.06448213430431671,1.1424450030415483,-0.6841423458248278,1.2698421364715662,-0.6826680894736445,-0.6525136639846563,1.0049271141353855,-0.6505684099646967,0.0,0.0,0.0,0.0,-0.19430002775154487,0.0,0.24910226038973948,1.1429319073690285,-0.6829968743182837,-0.651087827846492,-0.5000000000000004,0.8660254037844384,-2.4492935982947064e-16,1.0,-2.4492935982947064e-16,1.0
0.1393913080712587,-1.2202480043365496,0.6768160216402405,-0.5053395649575132,1.305530805652941,-0.09730364620062269,1.358130740684737,-0.5991585988186634,1.6256421631116589,-0.6826680894736445,-0.6149762324691814,1.691369038825205,-0.6505684099646967,0.0,0.0,0.0,0.0,-0.6415895645077683,0.0,0.25097531177016796,0.9811223246574435,-0.6829968743182837,-0.651087827846492,-0.5000000000000004,0.8660254037844384,0.25881904510252074,0.9659258262890683,0.7818314824680298,0.6234898018587336
0.13775524829450791,-0.5096459418126703,0.6768160216402405,-0.6371874703765118,0.8200865656423326,-0.09730364620062269,1.5198950439171286,-0.17810276137903097,1.258239961689824,-0.6826680894736445,0.0948224725507063,1.513782073233809,-0.6505684099646967,0.0,0.0,0.0,0.0,-0.6415895645077683,0.0,0.22131928808579204,0.8193127419458585,-0.6829968743182837,-0.651087827846492,-0.5000000000000004,0.8660254037844384,0.49999999999999994,0.8660254037844387,0.7818314824680298,0.6234898018587336
0.1373090495495217,-0.06222982837170911,0.6768160216402405,-0.7954049568793099,0.3346423256317241,0.06448213430431671,1.358130740684737,0.5249446002174195,0.6897333973844588,-0.6826680894736445,1.0605582106306497,1.189344347634143,-0.6505684099646967,0.0,0.0,0.0,0.0,-0.7994564598334941,0.0,0.20399905612428992,0.9811223246574435,-0.6829968743182837,-0.651087827846492,-0.5000000000000004,0.8660254037844384,0.7071067811865476,0.7071067811865476,0.7818314824680298,0.6234898018587336
0.13737197386945885,0.3851862850692516,0.5188151265545653,-0.7954049568793099,0.17282757896152123,0.33412510181254906,1.358130740684737,1.0966534437134343,0.009072476855586032,-0.6826680894736445,1.394982600495789,0.554129432249534,-0.6505684099646967,0.0,0.8787878787878787,0.0,0.0,-0.7994564598334941,0.0,0.2443788867071024,0.9811223246574435,-0.6829968743182837,-0.651087827846492,-0.5000000000000004,0.8660254037844384,0.8660254037844386,0.5000000000000001,0.7818314824680298,0.6234898018587336
0.1362107141772479,0.6746908290604611,0.09747940632609654,-0.9272528622983084,-0.20474016326895209,0.6576966628224279,1.5198950439171286,1.1623227027636522,-0.532362346292381,-0.6826680894736445,0.5350341694140021,-0.46699561990099325,-0.6505684099646967,0.0,0.8787878787878787,0.0,0.0,-1.088879101263992,0.0,0.33185687570276556,1.1429319073690285,-0.6829968743182837,-0.651087827846492,-0.5000000000000004,0.8660254037844384,0.9659258262890683,0.25881904510252074,0.7818314824680298,0.6234898018587336
0.25294317046172055,0.6746908290604611,0.09747940632609654,-1.085470348801107,0.064951081181386,0.8194824433273673,1.5198950439171286,1.266620937725763,-0.6831906184550289,-0.6826680894736445,1.0025458164703704,-0.6514128533997506,-0.6505684099646967,0.0,0.8787878787878787,0.0,0.0,-1.088879101263992,0.0,0.4240047138468277,1.3047414900806136,-0.6829968743182837,-0.651087827846492,-0.5000000000000004,0.8660254037844384,1.0,6.123233995736766e-17,0.7818314824680298,0.6234898018587336
0.27279901461360745,0.6746908290604611,-0.06052148875957856,-1.2173182542201055,-0.09686366548881685,0.9812682238323067,1.5198950439171286,1.6220075161151775,-0.6831906184550289,-0.5819686849029415,1.6884570650713195,-0.6514128533997506,-0.483166402763115,0.0,0.8787878787878787,0.0,0.0,-1.2204348473687636,0.02941991811144575,0.5031307754957204,1.3047414900806136,-0.5978184726155906,-0.6134847370676318,-0.5000000000000004,0.8660254037844384,0.9659258262890683,-0.25881904510252063,0.7818314824680298,0.6234898018587336
0.1335564048383523,0.6746908290604611,0.09747940632609654,-0.6371874703765118,-0.09686366548881685,0.8194824433273673,1.1424450030415483,1.2550322449521951,-0.6831906184550289,-0.09396387813722687,1.5110073888163478,-0.6514128533997506,0.6818149126601367,0.0,0.8787878787878787,0.0,0.0,-0.5100338184029966,0.1380025327805409,0.5077628245424279,0.8193127419458585,-0.1757982096340659,0.09755552493263114,-0.5000000000000004,0.8660254037844384,0.8660254037844387,-0.4999999999999998,0.7818314824680298,0.6234898018587336
0.15014012257214154,0.6746908290604611,0.09747940632609654,0.23300870538887822,0.064951081181386,0.9812682238323067,0.4953877901119818,0.6871862990473697,-0.6831906184550289,0.6225511159235446,1.1868204802736106,-0.6514128533997506,1.751137938253913,0.0,0.0,0.0,0.0,-0.06274428164677277,0.3448067621280977,0.5128244015739387,0.3338839938111034,0.5288594771791222,1.0649804967887584,-0.5000000000000004,0.8660254037844384,0.7071067811865476,-0.7071067811865475,0.7818314824680298,0.6234898018587336
0.11021105653670456,0.5167792596107107,-0.06052148875957856,0.5230740973106753,0.3346423256317241,0.9812682238323067,0.3336234868795902,0.007316322998054889,-0.6831906184550289,1.2732241916111642,0.5520966382846724,-0.6514128533997506,2.1235219950900843,0.8787878787878787,0.0,0.0,0.0,0.3845452551094506,0.5134598935968209,0.5043037567001064,0.17207441109951835,1.10187781590633,1.3999898510004207,-0.5000000000000004,0.8660254037844384,0.49999999999999994,-0.8660254037844387,0.7818314824680298,0.6234898018587336
0.10997651388255157,0.09568174107804124,-0.1921889013309754,1.1295744622380688,0.6582718189721298,1.1430540043372461,-0.2055908572283818,-0.5334893397684455,-0.6831906184550289,1.6798948639159264,-0.4682390001814161,-0.6514128533997506,2.2670094298342973,0.8787878787878787,0.0,0.0,0.0,0.6739678965399476,0.6169368469543197,0.5488641863346281,-0.20548128189418005,1.1676974899493202,0.5385372258847173,-0.5000000000000004,0.8660254037844384,0.258819045102521,-0.9659258262890682,0.7818314824680298,0.6234898018587336
0.09430235512892653,0.09568174107804124,-0.1921889013309754,0.9713569757352701,0.8200865656423326,1.1430540043372461,0.0640163148256042,-0.6841423458248278,-0.6831906184550289,1.8270709167500307,-0.6525136639846563,-0.6514128533997506,2.2977567372794856,0.8787878787878787,0.0,0.0,0.0,0.6739678965399476,0.6636140067362,0.5508675917242771,0.06420135595846167,1.2722346193117162,1.0068666292214292,-0.5000000000000004,0.8660254037844384,1.2246467991473532e-16,-1.0,0.7818314824680298,0.6234898018587336
0.09348432524055113,-0.06222982837170911,-0.5081906915023265,0.8131394892324716,0.9819013123125355,1.358768378343832,0.2257806180579958,-0.6841423458248278,-0.6831906184550289,1.7147523501134774,-0.6525136639846563,-0.6514128533997506,2.2465112248708383,0.8787878787878787,0.0,0.0,0.0,0.6739678965399476,0.6490509576797022,0.5861832330734295,-0.09760822675312336,1.628435208250251,1.6939776516351448,-0.5000000000000004,0.8660254037844384,-0.2588190451025208,-0.9659258262890683,0.7818314824680298,0.6234898018587336
0.0934786035997212,0.09568174107804124,-0.6398581040737229,0.8131394892324716,0.8200865656423326,1.5205541588487714,0.3336234868795902,-0.6841423458248278,-0.6831906184550289,1.3777966502038173,-0.6525136639846563,-0.6514128533997506,2.1406038325596337,0.8787878787878787,0.0,0.0,0.0,0.6739678965399476,0.554948251278737,0.5551919643335039,-0.09760822675312336,1.2606193827158945,1.516217586135079,-0.5000000000000004,0.8660254037844384,-0.4999999999999997,-0.8660254037844388,0.7818314824680298,0.6234898018587336
0.10965045243350387,0.09568174107804124,-0.7978589991593985,0.681291583813473,0.9819013123125355,1.358768378343832,0.4953877901119818,-0.6841423458248278,-0.6831906184550289,0.8239499250649507,-0.6525136639846563,-0.6514128533997506,1.9014581079859456,0.0,0.0,0.0,0.0,0.6739678965399476,0.32062001714065297,0.5612411074364426,0.06420135595846167,0.6914727895206272,1.1914636203176512,-0.5000000000000004,0.8660254037844384,-0.7071067811865471,-0.7071067811865479,0.7818314824680298,0.6234898018587336
0.14544359590042438,-0.06222982837170911,-0.7978589991593985,0.5230740973106753,0.9819013123125355,1.358768378343832,0.6571520933443734,-0.6841423458248278,-0.6831906184550289,0.11905409307002952,-0.6525136639846563,-0.6514128533997506,1.3616720439481926,0.0,0.0,0.8787878787878787,0.8787878787878787,0.5161010012142222,0.014047497671153208,0.5822765054902086,0.3338839938111034,0.01004557589908261,0.5556295398751083,-0.5000000000000004,0.8660254037844384,-0.8660254037844385,-0.5000000000000004,0.7818314824680298,0.6234898018587336
0.25954461224783093,-0.19382280291316867,-0.9295264117307949,0.39122619189167684,1.1437160589827384,1.5205541588487714,0.818916396576765,-0.6841423458248278,-0.6831906184550289,-0.5238728745736898,-0.6525136639846563,-0.6514128533997506,-0.25426978067115646,0.0,0.0,0.8787878787878787,0.8787878787878787,0.09512261367895261,0.0,0.6229933613699452,0.6575031592342735,-0.5319987985726006,-0.4664908367502698,-0.5000000000000004,0.8660254037844384,-0.9659258262890683,-0.25881904510252063,0.7818314824680298,0.6234898018587336
0.33151990211214705,-0.19382280291316867,-1.0875273068164708,0.23300870538887822,1.1437160589827384,1.5205541588487714,0.818916396576765,-0.6841423458248278,-0.6831906184550289,-0.6826680894736445,-0.6525136639846563,-0.6514128533997506,-0.6505684099646967,0.0,0.0,0.8787878787878787,0.8787878787878787,0.09512261367895261,0.0,0.6366596859405697,0.8193127419458585,-0.6829968743182837,-0.651087827846492,-0.5000000000000004,0.8660254037844384,-1.0,-1.8369701987210297e-16,0.7818314824680298,0.6234898018587336
0.1749327679876227,-0.5096459418126703,-1.2191947193878672,0.23300870538887822,1.3594690545430088,1.5205541588487714,1.1424450030415483,-0.6841423458248278,-0.5826384370132637,-0.6826680894736445,-0.6525136639846563,-0.4840712896693967,-0.6505684099646967,0.0,0.0,0.8787878787878787,0.8787878787878787,-0.06274428164677277,0.0,0.6444695557315121,0.9811223246574435,-0.6829968743182837,-0.651087827846492,-0.5000000000000004,0.8660254037844384,-0.9659258262890684,0.2588190451025203,0.7818314824680298,0.6234898018587336
0.23761795972046293,-0.6412389163541294,-0.6398581040737229,0.23300870538887822,1.5212838012132117,1.1430540043372461,0.9806806998091566,-0.6841423458248278,-0.09534709618009332,-0.6826680894736445,-0.6525136639846563,0.6804893885357197,-0.6505684099646967,0.0,0.0,0.8787878787878787,0.8787878787878787,0.09512261367895261,0.0,0.586064966901606,0.8193127419458585,-0.6829968743182837,-0.651087827846492,-0.5000000000000004,0.8660254037844384,-0.8660254037844386,0.5000000000000001,0.7818314824680298,0.6234898018587336
0.3340426548995305,-0.7991504858038802,0.22914681889749292,0.23300870538887822,1.3594690545430088,0.4959108823174885,0.9806806998091566,-0.6841423458248278,0.6201203486940059,-0.6826680894736445,-0.6525136639846563,1.7494263160377768,-0.6505684099646967,0.0,0.0,0.0,0.0,0.09512261367895261,0.0,0.5222888197184589,0.9811223246574435,-0.6829968743182837,-0.651087827846492,-0.5000000000000004,0.8660254037844384,-0.7071067811865477,0.7071067811865474,0.7818314824680298,0.6234898018587336
0.3906641292507374,-0.7991504858038802,0.5188151265545653,0.1011607999698797,1.3594690545430088,0.33412510181254906,1.1424450030415483,-0.6841423458248278,1.2698421364715662,-0.6826680894736445,-0.6525136639846563,2.121675916988972,-0.6505684099646967,0.0,0.0,0.0,0.0,-0.06274428164677277,0.0,0.39961289212931705,0.9811223246574435,-0.6829968743182837,-0.651087827846492,-0.5000000000000004,0.8660254037844384,-0.5000000000000004,0.8660254037844384,0.7818314824680298,0.6234898018587336
0.9149019020766979,-0.9307434603453393,1.1244852243829888,-0.05705668653291797,1.5212838012132117,-0.20516083320391562,1.1424450030415483,-0.6841423458248278,1.6759182538325414,-0.6826680894736445,-0.6525136639846563,2.2651115430435613,-0.6505684099646967,0.0,0.0,0.0,0.0,-0.19430002775154487,0.0,0.3100732097823179,1.1429319073690285,-0.6829968743182837,-0.651087827846492,-0.5000000000000004,0.8660254037844384,-0.25881904510252157,0.9659258262890681,0.7818314824680298,0.6234898018587336
0.78388247088459,-1.0886550297950905,0.9664843292973129,0.39122619189167684,1.5212838012132117,0.06448213430431671,-0.3673551604607734,-0.6841423458248278,1.8228791344012754,-0.6826680894736445,-0.6525136639846563,2.2958477486266875,-0.6505684099646967,0.0,0.0,0.0,0.0,-0.19430002775154487,0.0,0.25134752496663415,1.1429319073690285,-0.6829968743182837,-0.651087827846492,-0.5000000000000004,0.8660254037844384,-2.4492935982947064e-16,1.0,0.7818314824680298,0.6234898018587336
0.12495277661144168,-1.2202480043365496,0.8084834342116368,-0.3471220784547151,1.5212838012132117,0.22626791480925612,1.358130740684737,-0.5837070084539062,1.710724778177768,-0.6826680894736445,-0.48530146905208654,2.244620739321477,-0.6505684099646967,0.0,0.0,0.0,0.0,-0.5100338184029966,0.0,0.27785753530941804,1.358678017651142,-0.6829968743182837,-0.651087827846492,-0.5000000000000004,0.8660254037844384,0.25881904510252074,0.9659258262890683,0.9749279121818236,-0.22252093395631434
0.12371714931763368,-0.6412389163541294,0.8084834342116368,-0.6371874703765118,1.1437160589827384,0.33412510181254906,1.358130740684737,-0.0969819119640559,1.3742617095072456,-0.6826680894736445,0.6783589079276332,2.1387515867573756,-0.6505684099646967,0.0,0.0,0.0,0.0,-0.6415895645077683,0.0,0.20062560192692414,1.520487600362727,-0.6829968743182837,-0.651087827846492,-0.5000000000000004,0.8660254037844384,0.49999999999999994,0.8660254037844387,0.9749279121818236,-0.22252093395631434
0.12263025036242371,0.22727471561950033,0.6768160216402405,-0.5053395649575132,0.4964570723019269,0.4959108823174885,1.358130740684737,0.6176541424059625,0.8212247115775365,-0.6826680894736445,1.7464694592315988,1.8996922099997273,-0.6505684099646967,0.0,0.0,0.0,0.0,-0.7994564598334941,0.0,0.21937514383117962,1.358678017651142,-0.6829968743182837,-0.651087827846492,-0.5000000000000004,0.8660254037844384,0.7071067811865476,0.7071067811865476,0.9749279121818236,-0.22252093395631434
0.12275038079376614,0.5167792596107107,0.5188151265545653,-0.7954049568793099,0.3346423256317241,0.6576966628224279,1.5198950439171286,1.266620937725763,0.11735944148517943,-0.6826680894736445,2.118431280612213,1.3601010453181777,-0.6505684099646967,0.0,0.8787878787878787,0.0,0.0,-0.7994564598334941,0.0,0.2593386610988858,1.358678017651142,-0.6829968743182837,-0.651087827846492,-0.5000000000000004,0.8660254037844384,0.8660254037844386,0.5000000000000001,0.9749279121818236,-0.22252093395631434
0.12203532327883945,1.1221069425014227,0.38714771398316894,-0.9272528622983084,-0.20474016326895209,0.8194824433273673,1.5198950439171286,1.6722251848006382,-0.5246275631045528,-0.6826680894736445,2.261756019125844,-0.25525731477279023,-0.6505684099646967,0.0,0.8787878787878787,0.0,0.0,-0.9310122059382657,0.0,0.3558700817675614,1.520487600362727,-0.6829968743182837,-0.651087827846492,-0.5000000000000004,0.8660254037844384,0.9659258262890683,0.25881904510252074,0.9749279121818236,-0.22252093395631434
0.16754187705890228,0.9641953730516715,0.22914681889749292,-0.9272528622983084,0.064951081181386,0.8194824433273673,1.358130740684737,1.8190152932658312,-0.6831906184550289,-0.6826680894736445,2.292468463093051,-0.6514128533997506,-0.6505684099646967,0.0,0.8787878787878787,0.0,0.0,-1.088879101263992,0.0,0.4659740950473824,1.520487600362727,-0.6829968743182837,-0.651087827846492,-0.5000000000000004,0.8660254037844384,1.0,6.123233995736766e-17,0.9749279121818236,-0.22252093395631434
0.23090208511775376,0.8062838036019201,0.22914681889749292,-0.6371874703765118,0.22676582785158886,1.1430540043372461,0.818916396576765,1.7069912631213418,-0.6831906184550289,-0.5858417389248917,2.2412810564810397,-0.6514128533997506,-0.5173300777022133,0.0,0.8787878787878787,0.0,0.0,-1.2204348473687636,0.02381533224171301,0.5454116746075051,1.520487600362727,-0.5823314904878283,-0.48358315074066077,-0.5000000000000004,0.8660254037844384,0.9659258262890683,-0.25881904510252063,0.9749279121818236,-0.22252093395631434
0.0933699130177406,0.8062838036019201,0.22914681889749292,-0.18890459195191697,0.3346423256317241,0.9812682238323067,0.3336234868795902,1.3709191726878738,-0.6831906184550289,-0.12107525629087769,2.1354937494828836,-0.6514128533997506,0.6613167076966777,0.0,0.8787878787878787,0.0,0.0,-0.6415895645077683,0.13138900969515524,0.5823406837116442,1.1429319073690285,-0.09449155346331342,0.6821126634040012,-0.5000000000000004,0.8660254037844384,0.8660254037844387,-0.4999999999999998,0.9749279121818236,-0.22252093395631434
0.09325550422722809,0.6746908290604611,0.22914681889749292,0.8131394892324716,0.4964570723019269,0.9812682238323067,-0.5830408981039622,0.8185248171478055,-0.6831906184550289,0.4482636849357894,1.8966191852934982,-0.6514128533997506,0.7125622201053251,0.0,0.0,0.0,0.0,0.22667835978372425,0.33927424757386954,0.6096662133215445,0.4956935765226884,0.6217813699456964,1.752091519202474,-0.5000000000000004,0.8660254037844384,0.7071067811865476,-0.7071067811865475,0.9749279121818236,-0.22252093395631434
0.09551509929171281,0.5167792596107107,0.09747940632609654,1.419639854159865,0.6582718189721298,1.1430540043372461,-1.1222552422119343,0.11547745555135497,-0.6831906184550289,0.9749990319210052,1.3574451689803142,-0.6514128533997506,0.7740568349957021,0.8787878787878787,0.0,0.0,0.0,0.5161010012142222,0.5164090832262574,0.6213019348683759,0.3338839938111034,1.2722346193117162,2.1247039641929963,-0.5000000000000004,0.8660254037844384,0.49999999999999994,-0.8660254037844387,0.9749279121818236,-0.22252093395631434
0.09715688070929356,0.3851862850692516,-0.06052148875957856,1.9997706380034583,0.8200865656423326,1.1430540043372461,-1.7693124551415005,-0.5257635445860669,-0.6831906184550289,1.0795714905136584,-0.25666438618510345,-0.6514128533997506,0.5861566228306615,0.8787878787878787,0.0,0.0,0.0,1.121257433296172,0.6351863896999407,0.6095874887195122,-0.20548128189418005,1.6787679001654785,2.2682794017122805,-0.5000000000000004,0.8660254037844384,0.258819045102521,-0.9659258262890682,0.9749279121818236,-0.22252093395631434
0.09812936744169298,0.22727471561950033,0.38714771398316894,1.2614223676570673,0.8200865656423326,-0.366946613708855,-0.4212765948715706,-0.6841423458248278,-0.6831906184550289,1.4939882708623209,-0.6525136639846563,-0.6514128533997506,0.7330604250687841,0.8787878787878787,0.0,0.0,0.0,0.9633905379704456,0.6781881518748707,0.5763844018341346,0.06420135595846167,1.8258942303792212,2.2990455668949843,-0.5000000000000004,0.8660254037844384,1.2246467991473532e-16,-1.0,0.9749279121818236,-0.22252093395631434
0.09476571536410454,0.22727471561950033,-0.350189796416651,1.1295744622380688,1.1437160589827384,1.358768378343832,-0.04382655399599019,-0.6841423458248278,-0.6831906184550289,1.5482110271696223,-0.6525136639846563,-0.6514128533997506,1.1601063618075127,0.8787878787878787,0.0,0.0,0.0,0.8055236426447192,0.6655819913726232,0.5494450683851473,0.2260109386700467,1.713613609952944,2.247768624923811,-0.5000000000000004,0.8660254037844384,-0.2588190451025208,-0.9659258262890683,0.9749279121818236,-0.22252093395631434
0.0940277712858581,0.22727471561950033,-0.6398581040737229,1.1295744622380688,0.9819013123125355,1.358768378343832,-0.3134337260499762,-0.6841423458248278,-0.6831906184550289,1.0098565181185564,-0.6525136639846563,-0.6514128533997506,0.654483972708858,0.8787878787878787,0.0,0.0,0.0,0.8055236426447192,0.5731645323871489,0.5384652656760683,0.3338839938111034,1.3767717486741122,2.1417962781833872,-0.5000000000000004,0.8660254037844384,-0.4999999999999997,-0.8660254037844388,0.9749279121818236,-0.22252093395631434
0.6632858304995953,0.22727471561950033,-0.5081906915023265,1.2614223676570673,0.9819013123125355,1.358768378343832,-0.5830408981039622,-0.6841423458248278,-0.6831906184550289,0.5876936297259936,-0.6525136639846563,-0.6514128533997506,0.5793238878428418,0.0,0.0,0.0,0.0,0.6739678965399476,0.39446085174484696,0.5362499133747669,0.4956935765226884,0.8231121376066073,1.9025038823179143,-0.5000000000000004,0.8660254037844384,-0.7071067811865471,-0.7071067811865479,0.9749279121818236,-0.22252093395631434
0.13631940475922852,0.09568174107804124,-0.7978589991593985,0.8131394892324716,1.1437160589827384,1.5205541588487714,0.3336234868795902,-0.6841423458248278,-0.6831906184550289,-0.016502797698224544,-0.6525136639846563,-0.6514128533997506,0.40850551314735034,0.0,0.0,0.8787878787878787,0.8787878787878787,0.5161010012142222,0.09266692126454253,0.5730457513889359,0.6575031592342735,0.11845445079341924,1.3623867602215607,-0.5000000000000004,0.8660254037844384,-0.8660254037844385,-0.5000000000000004,0.9749279121818236,-0.22252093395631434
0.5485784300577526,-0.06222982837170911,-0.9295264117307949,0.681291583813473,1.1437160589827384,1.5205541588487714,0.2257806180579958,-0.6841423458248278,-0.6831906184550289,-0.53161898261759,-0.6525136639846563,-0.6514128533997506,-0.4592518303057462,0.0,0.0,0.8787878787878787,0.8787878787878787,0.3845452551094506,0.0,0.6337312536721287,0.8193127419458585,-0.5242553075087194,-0.2545461432694222,-0.5000000000000004,0.8660254037844384,-0.9659258262890683,-0.25881904510252063,0.9749279121818236,-0.22252093395631434
0.22776726435038247,0.3851862850692516,-0.9295264117307949,0.39122619189167684,-0.36655490993915496,1.358768378343832,0.818916396576765,-0.6841423458248278,-0.6831906184550289,-0.6826680894736445,-0.6525136639846563,-0.6514128533997506,-0.6505684099646967,0.0,0.0,0.8787878787878787,0.8787878787878787,0.22667835978372425,0.0,0.6443232211914949,0.8193127419458585,-0.6829968743182837,-0.651087827846492,-0.5000000000000004,0.8660254037844384,-1.0,-1.8369701987210297e-16,0.9749279121818236,-0.22252093395631434
0.8507465198021084,-0.3517343723629195,-0.6398581040737229,0.39122619189167684,1.3594690545430088,0.8194824433273673,0.818916396576765,-0.6841423458248278,-0.5865058286071777,-0.6826680894736445,-0.6525136639846563,-0.5182226292062037,-0.6505684099646967,0.0,0.0,0.8787878787878787,0.8787878787878787,0.22667835978372425,0.0,0.6342840673544543,1.1429319073690285,-0.6829968743182837,-0.651087827846492,-0.5000000000000004,0.8660254037844384,-0.9659258262890684,0.2588190451025203,0.9749279121818236,-0.22252093395631434
0.6390309129208893,-0.6412389163541294,-0.1921889013309754,0.5230740973106753,1.3594690545430088,0.33412510181254906,0.818916396576765,-0.6841423458248278,-0.12241883733749168,-0.6826680894736445,-0.6525136639846563,0.6599985848136356,-0.6505684099646967,0.0,0.0,0.8787878787878787,0.8787878787878787,0.22667835978372425,0.0,0.625980593796573,0.9811223246574435,-0.6829968743182837,-0.651087827846492,-0.5000000000000004,0.8660254037844384,-0.8660254037844386,0.5000000000000001,0.9749279121818236,-0.22252093395631434
0.640930140717433,-0.5096459418126703,0.8084834342116368,0.39122619189167684,1.3594690545430088,-0.582660987715441,0.818916396576765,-0.6841423458248278,0.4460877269678737,-0.6826680894736445,-0.6525136639846563,0.711225594118846,-0.6505684099646967,0.0,0.0,0.0,0.0,0.22667835978372425,0.0,0.558524161102804,0.9811223246574435,-0.6829968743182837,-0.651087827846492,-0.5000000000000004,0.8660254037844384,-0.7071067811865477,0.7071067811865474,0.9749279121818236,-0.22252093395631434
0.47050511356061175,-0.7991504858038802,1.4141535320400604,0.23300870538887822,1.5212838012132117,-1.1219469227319057,0.818916396576765,-0.6841423458248278,0.9720529837401846,-0.6826680894736445,-0.6525136639846563,0.7726980052850985,-0.6505684099646967,0.0,0.0,0.0,0.0,0.09512261367895261,0.0,0.4617053981976931,1.1429319073690285,-0.6829968743182837,-0.651087827846492,-0.5000000000000004,0.8660254037844384,-0.5000000000000004,0.8660254037844384,0.9749279121818236,-0.22252093395631434
0.8770894072464873,-0.9307434603453393,1.9934901473542042,0.23300870538887822,1.5212838012132117,-1.769090044751663,0.6571520933443734,-0.6841423458248278,1.0764725567758637,-0.6826680894736445,-0.6525136639846563,0.5848656378326603,-0.6505684099646967,0.0,0.0,0.0,0.0,-0.06274428164677277,0.0,0.3609871296800098,1.1429319073690285,-0.6829968743182837,-0.651087827846492,-0.5000000000000004,0.8660254037844384,-0.25881904510252157,0.9659258262890681,0.9749279121818236,-0.22252093395631434
0.5480121008814239,-0.9307434603453393,1.2561526369543852,0.681291583813473,1.3594690545430088,-0.4208752072105015,-1.0144123733903398,-0.6841423458248278,1.490283457324667,-0.6826680894736445,-0.6525136639846563,0.7317163978409301,-0.6505684099646967,0.0,0.0,0.0,0.0,0.3845452551094506,0.0,0.3118152412980759,-0.3672908646057651,-0.6829968743182837,-0.651087827846492,-0.5000000000000004,0.8660254037844384,-2.4492935982947064e-16,1.0,0.9749279121818236,-0.22252093395631434
0.15861217708604985,-0.6412389163541294,1.1244852243829888,0.23300870538887822,0.8200865656423326,-0.04337505269897623,-0.3673551604607734,-0.5875699060450955,1.5444269396394639,-0.6826680894736445,-0.5194264067934272,1.1586081420510168,-0.6505684099646967,0.0,0.0,0.0,0.0,-0.3521669230772707,0.0,0.28955180091618626,1.358678017651142,-0.6829968743182837,-0.651087827846492,-0.5000000000000004,0.8660254037844384,0.25881904510252074,0.9659258262890683,0.43388373911755823,-0.900968867902419
0.15720493489032406,-0.19382280291316867,1.1244852243829888,-0.05705668653291797,0.3346423256317241,-0.3130180202072086,-0.259512291639179,-0.12402219510238092,1.0068595080854108,-0.6826680894736445,0.6578839452828288,0.6531683169062742,-0.6505684099646967,0.0,0.0,0.0,0.0,-0.6415895645077683,0.0,0.2772751166693992,1.358678017651142,-0.6829968743182837,-0.651087827846492,-0.5000000000000004,0.8660254037844384,0.49999999999999994,0.8660254037844387,0.43388373911755823,-0.900968867902419
0.1569875571586609,0.8062838036019201,1.2561526369543852,-0.05705668653291797,-0.5823079054994255,-0.582660987715441,-0.3673551604607734,0.4438237508024445,0.5853138243487795,-0.6826680894736445,0.7090713518948398,0.5780353699252989,-0.6505684099646967,0.0,0.0,0.0,0.0,-0.5100338184029966,0.0,0.2967689569174621,1.358678017651142,-0.6829968743182837,-0.651087827846492,-0.5000000000000004,0.8660254037844384,0.7071067811865476,0.7071067811865476,0.43388373911755823,-0.900968867902419
0.15808589253093466,1.4116114864926321,0.8084834342116368,-0.5053395649575132,-1.1216903944001015,0.33412510181254906,-0.09774798840678739,0.9691778232041878,-0.01799926430181232,-0.6826680894736445,0.7704962398292532,0.40727867224126424,-0.6505684099646967,0.0,0.8787878787878787,0.0,0.0,-0.7994564598334941,0.0,0.3039194249344529,1.520487600362727,-0.6829968743182837,-0.651087827846492,-0.5000000000000004,0.8660254037844384,0.8660254037844386,0.5000000000000001,0.43388373911755823,-0.900968867902419
0.15745091396154084,1.990620574475052,0.6768160216402405,-0.3471220784547151,-1.768949381080913,0.22626791480925612,-0.259512291639179,1.0734760581662985,-0.532362346292381,-0.6826680894736445,0.5828090822518791,-0.46016535199363184,-0.6505684099646967,0.0,0.8787878787878787,0.0,0.0,-0.9310122059382657,0.0,0.3981886273220876,1.520487600362727,-0.6829968743182837,-0.651087827846492,-0.5000000000000004,0.8660254037844384,0.9659258262890683,0.25881904510252074,0.43388373911755823,-0.900968867902419
0.18186601002510092,1.2536999170428818,0.38714771398316894,0.23300870538887822,-0.42049315882922256,0.8194824433273673,-0.8526480701579482,1.4868061004235524,-0.6831906184550289,-0.6826680894736445,0.7295463145396444,-0.6514128533997506,-0.6505684099646967,0.0,0.8787878787878787,0.0,0.0,-0.9310122059382657,0.0,0.5021081751837004,1.358678017651142,-0.6829968743182837,-0.651087827846492,-0.5000000000000004,0.8660254037844384,1.0,6.123233995736766e-17,0.43388373911755823,-0.900968867902419
0.1378467739539987,1.1221069425014227,0.38714771398316894,-0.05705668653291797,-0.04292541659874924,0.8194824433273673,-0.6369623325147594,1.5408866667002024,-0.6831906184550289,-0.5935878469687919,1.1561080363064038,-0.6514128533997506,-0.5309955476778526,0.0,0.8787878787878787,0.0,0.0,-0.6415895645077683,0.02736878337339631,0.5481518234425883,0.8193127419458585,-0.5862032360197689,-0.5177677787214426,-0.5000000000000004,0.8660254037844384,0.9659258262890683,-0.25881904510252063,0.43388373911755823,-0.900968867902419
0.12783018532283041,1.1221069425014227,0.5188151265545653,0.5230740973106753,-0.3126166610490873,0.8194824433273673,-0.8526480701579482,1.0039439015248914,-0.6831906184550289,-0.13656747237867814,0.6510589577345606,-0.6514128533997506,0.6579003402027679,0.0,0.8787878787878787,0.0,0.0,-0.19430002775154487,0.1407299870316868,0.5653593209544658,0.3338839938111034,-0.12159377218689758,0.6616018866155321,-0.5000000000000004,0.8660254037844384,0.8660254037844387,-0.4999999999999998,0.43388373911755823,-0.900968867902419
0.3467192504843381,1.2536999170428818,0.38714771398316894,1.5514877595788634,-0.5823079054994255,0.8194824433273673,-1.5536267174983118,0.5828880640852588,-0.6831906184550289,0.5644553055942929,0.5759840947036109,-0.6514128533997506,1.4231666588385694,0.0,0.0,0.0,0.0,0.8055236426447192,0.33915228380255125,0.5262635669968643,-0.5830369748878784,0.44755282100836974,0.7128788285867049,-0.5000000000000004,0.8660254037844384,0.7071067811865476,-0.7071067811865475,0.43388373911755823,-0.900968867902419
0.1916709357008399,0.8062838036019201,0.22914681889749292,1.9997706380034583,0.3346423256317241,0.8194824433273673,-2.0389196271954866,-0.01972396014027013,-0.6831906184550289,1.0756984364917082,0.4053594059969072,-0.6514128533997506,1.313842899033455,0.8787878787878787,0.0,0.0,0.0,1.410680074726669,0.4901157856217766,0.4754801547673432,-1.122402250593162,0.9741102133522905,0.7744111589521123,-0.5000000000000004,0.8660254037844384,0.49999999999999994,-0.8660254037844387,0.43388373911755823,-0.900968867902419
0.12936900466385653,0.6746908290604611,0.22914681889749292,2.73811890834985,0.22676582785158886,0.6576966628224279,-2.3085267992494725,-0.5334893397684455,-0.6831906184550289,1.5249727030379217,-0.461414012633148,-0.6514128533997506,1.1635227293014225,0.8787878787878787,0.0,0.0,0.0,1.989525357587664,0.6015755186048036,0.45345340038805015,-1.769640581439502,1.0786473427146865,0.586395705057812,-0.5000000000000004,0.8660254037844384,0.258819045102521,-0.9659258262890682,0.43388373911755823,-0.900968867902419
0.1308334461063915,0.3851862850692516,0.6768160216402405,3.160032205690646,0.8200865656423326,-1.0140897357286127,-2.632055405714256,-0.6841423458248278,-0.6831906184550289,1.2228744893258128,-0.6525136639846563,-0.6514128533997506,0.5246620079402845,0.8787878787878787,0.0,0.0,0.0,1.2528131794009436,0.6712087561020469,0.4280170051286746,-0.42122739217629346,1.49292411463233,0.7333896053751741,-0.5000000000000004,0.8660254037844384,1.2246467991473532e-16,-1.0,0.43388373911755823,-0.900968867902419
0.12906581604893644,0.3851862850692516,0.22914681889749292,3.3182496921934437,0.8200865656423326,-0.366946613708855,-2.73989827453585,-0.6841423458248278,-0.6831906184550289,1.168651733018511,-0.6525136639846563,-0.6514128533997506,0.6886476476479564,0.8787878787878787,0.0,0.0,0.0,1.121257433296172,0.6642293337199133,0.43241211207453556,-0.043671699182595024,1.5471285520794984,1.1606974551349476,-0.5000000000000004,0.8660254037844384,-0.2588190451025208,-0.9659258262890683,0.43388373911755823,-0.900968867902419
0.6413877690148869,0.5167792596107107,-0.06052148875957856,2.8699668137688485,0.8200865656423326,-0.2590894267055621,-2.0928410616062836,-0.6841423458248278,-0.6831906184550289,1.0911906525795088,-0.6525136639846563,-0.6514128533997506,1.0439498670145784,0.8787878787878787,0.0,0.0,0.0,1.121257433296172,0.5795064356212231,0.4319183546486467,-0.31335433703523674,1.0089559231397558,0.6547649610193758,-0.5000000000000004,0.8660254037844384,-0.4999999999999997,-0.8660254037844388,0.43388373911755823,-0.900968867902419
0.3286081807172689,0.3851862850692516,-0.06052148875957856,2.448053516428054,0.8200865656423326,-0.366946613708855,-1.9849981927846894,-0.6841423458248278,-0.6831906184550289,0.5489630895064924,-0.6525136639846563,-0.6514128533997506,0.33676179577524396,0.0,0.0,0.0,0.0,1.2528131794009436,0.40430076162230794,0.48659778955454114,-0.5830369748878784,0.5869356601582311,0.5795587794616556,-0.5000000000000004,0.8660254037844384,-0.7071067811865471,-0.7071067811865479,0.43388373911755823,-0.900968867902419
0.3571763299488549,0.22727471561950033,-0.5081906915023265,1.8415531515006607,0.8200865656423326,-0.09730364620062269,-1.8232338895522977,-0.6841423458248278,-0.6831906184550289,-0.12107525629087769,-0.6525136639846563,-0.6514128533997506,-0.08345140597566501,0.0,0.0,0.8787878787878787,0.8787878787878787,0.8055236426447192,0.08939619271867105,0.541261448808239,0.3338839938111034,-0.017056642824501547,0.40863563955774623,-0.5000000000000004,0.8660254037844384,-0.8660254037844385,-0.5000000000000004,0.43388373911755823,-0.900968867902419
0.4863165436419828,0.22727471561950033,-0.350189796416651,1.2614223676570673,0.6582718189721298,-0.2590894267055621,-1.0144123733903398,-0.6841423458248278,-0.6831906184550289,-0.5432381446834403,-0.6525136639846563,-0.6514128533997506,-0.48658277025702484,0.0,0.0,0.8787878787878787,0.8787878787878787,0.6739678965399476,0.0,0.6004185055161256,0.2260109386700467,-0.5319987985726006,-0.45965391115411347,-0.5000000000000004,0.8660254037844384,-0.9659258262890683,-0.25881904510252063,0.43388373911755823,-0.900968867902419
0.24185684779783204,0.6746908290604611,0.22914681889749292,1.1295744622380688,-1.0138138966199663,-0.8523039552236732,-0.47519802928236776,-0.6841423458248278,-0.6831906184550289,-0.6826680894736445,-0.6525136639846563,-0.6514128533997506,-0.6505684099646967,0.0,0.0,0.8787878787878787,0.8787878787878787,0.3845452551094506,0.0,0.5512659269422375,0.8193127419458585,-0.6829968743182837,-0.651087827846492,-0.5000000000000004,0.8660254037844384,-1.0,-1.8369701987210297e-16,0.43388373911755823,-0.900968867902419
0.7854871388634819,0.22727471561950033,-0.06052148875957856,1.1295744622380688,-0.36655490993915496,-0.6365895812170874,-0.3134337260499762,-0.6841423458248278,-0.5942406117950058,-0.6826680894736445,-0.6525136639846563,-0.5318831650209264,-0.6505684099646967,0.0,0.0,0.8787878787878787,0.8787878787878787,0.3845452551094506,0.0,0.4639979897311771,0.8193127419458585,-0.6829968743182837,-0.651087827846492,-0.5000000000000004,0.8660254037844384,-0.9659258262890684,0.2588190451025203,0.43388373911755823,-0.900968867902419
0.8454664784377844,-0.06222982837170911,0.5188151265545653,1.2614223676570673,-0.2586784121590197,-0.8523039552236732,-0.6908837669255565,-0.6841423458248278,-0.13788840371314787,-0.6826680894736445,-0.6525136639846563,0.6565834508599548,-0.6505684099646967,0.0,0.0,0.8787878787878787,0.8787878787878787,0.5161010012142222,0.0,0.39912113226977763,0.8193127419458585,-0.6829968743182837,-0.651087827846492,-0.5000000000000004,0.8660254037844384,-0.8660254037844386,0.5000000000000001,0.43388373911755823,-0.900968867902419
0.5030776219446059,-0.06222982837170911,1.5458209446114568,1.419639854159865,-0.36655490993915496,-1.5533756707450774,-1.3918624142659202,-0.6841423458248278,0.5621094747852952,-0.6826680894736445,-0.6525136639846563,1.4215734564844302,-0.6505684099646967,0.0,0.0,0.0,0.0,0.3845452551094506,0.0,0.3478578943591645,0.8193127419458585,-0.6829968743182837,-0.651087827846492,-0.5000000000000004,0.8660254037844384,-0.7071067811865477,0.7071067811865474,0.43388373911755823,-0.900968867902419
0.35504833948805475,-0.5096459418126703,1.9934901473542042,1.1295744622380688,-0.09686366548881685,-2.0387330122598954,-1.1222552422119343,-0.6841423458248278,1.0726051651819497,-0.6826680894736445,-0.6525136639846563,1.312289169966648,-0.6505684099646967,0.0,0.0,0.0,0.0,0.22667835978372425,0.0,0.2914756109697534,0.8193127419458585,-0.6829968743182837,-0.651087827846492,-0.5000000000000004,0.8660254037844384,-0.5000000000000004,0.8660254037844384,0.43388373911755823,-0.900968867902419
0.6013099574793617,-0.3517343723629195,2.7308276577540243,0.9713569757352701,-0.2586784121590197,-2.308375979768128,-1.2300981110335285,-0.6841423458248278,1.5212225900759795,-0.6826680894736445,-0.6525136639846563,1.1620232760046976,-0.6505684099646967,0.0,0.0,0.0,0.0,0.22667835978372425,0.0,0.2514471984055118,0.6575031592342735,-0.6829968743182837,-0.651087827846492,-0.5000000000000004,0.8660254037844384,-0.25881904510252157,0.9659258262890681,0.43388373911755823,-0.900968867902419
0.27097416471555497,0.22727471561950033,3.152163377982493,0.1011607999698797,-0.8519991499497634,-2.6319475407780066,0.0640163148256042,-0.6841423458248278,1.2195660457506836,-0.6826680894736445,-0.6525136639846563,0.5233932266664079,-0.6505684099646967,0.0,0.0,0.0,0.0,0.6739678965399476,0.0,0.24275327745576836,-1.0145291954521052,-0.6829968743182837,-0.651087827846492,-0.5000000000000004,0.8660254037844384,-2.4492935982947064e-16,1.0,0.43388373911755823,-0.900968867902419
0.1269206297749642,-0.06222982837170911,3.310164273068168,0.8131394892324716,-0.6362461543894931,-2.7398047277812996,-1.2300981110335285,-0.5952957012274741,1.165422563435887,-0.6826680894736445,-0.5330763818899635,0.6873196564430811,-0.6505684099646967,0.0,0.0,0.0,0.0,0.22667835978372425,0.0,0.2313315516065887,-0.3672908646057651,-0.6829968743182837,-0.651087827846492,-0.5000000000000004,0.8660254037844384,0.25881904510252074,0.9659258262890683,-0.433883739117558,-0.9009688679024191
0.12305928761721814,0.5167792596107107,2.8624950703254206,0.5230740973106753,-0.8519991499497634,-2.092661605761542,-1.2300981110335285,-0.13947378546713807,1.0880747315576058,-0.6826680894736445,0.6544714515086947,1.0424935876258732,-0.6505684099646967,0.0,0.0,0.0,0.0,-0.06274428164677277,0.0,0.2361012278528154,-0.2594178094647084,-0.6829968743182837,-0.651087827846492,-0.5000000000000004,0.8660254037844384,0.49999999999999994,0.8660254037844387,-0.433883739117558,-0.9009688679024191
0.12228702742318423,1.5432044610340911,2.4411593500969526,0.39122619189167684,-1.5531963855206425,-1.984804418758249,-1.1761766766227313,0.5597106785381232,0.546639908409639,-0.6826680894736445,1.4188700569147277,0.33556085921396966,-0.6505684099646967,0.0,0.0,0.0,0.0,-0.06274428164677277,0.0,0.21544162837101477,-0.3672908646057651,-0.6829968743182837,-0.651087827846492,-0.5000000000000004,0.8660254037844384,0.7071067811865476,0.7071067811865476,-0.433883739117558,-0.9009688679024191
0.12269318154695695,1.990620574475052,1.835489252268529,0.1011607999698797,-2.0386406255312512,-1.8230186382533096,-0.9604909389795426,1.0696131605751091,-0.12241883733749168,-0.6826680894736445,1.3096702561424372,-0.08450061708875559,-0.6505684099646967,0.0,0.8787878787878787,0.0,0.0,-0.5100338184029966,0.0,0.2408304917952011,-0.09760822675312336,-0.6829968743182837,-0.651087827846492,-0.5000000000000004,0.8660254037844384,0.8660254037844386,0.5000000000000001,-0.433883739117558,-0.9009688679024191
0.122378553082675,2.727541231907223,1.2561526369543852,0.1011607999698797,-2.3083318699815893,-1.0140897357286127,-1.068333807801137,1.5177092811530668,-0.5439645210741232,-0.6826680894736445,1.159520530080538,-0.48748642362307737,-0.6505684099646967,0.0,0.8787878787878787,0.0,0.0,-0.3521669230772707,0.0,0.33256232394205687,-0.2594178094647084,-0.6829968743182837,-0.651087827846492,-0.5000000000000004,0.8660254037844384,0.9659258262890683,0.25881904510252074,-0.433883739117558,-0.9009688679024191
0.13254387348473937,3.1486387504398925,1.1244852243829888,0.1011607999698797,-2.6319613633219947,-0.47480380071214795,-1.2840195454443257,1.2164032690403022,-0.6831906184550289,-0.6826680894736445,0.5213841943174657,-0.6514128533997506,-0.6505684099646967,0.0,0.8787878787878787,0.0,0.0,0.22667835978372425,0.0,0.4762156689411776,-0.8527196127405202,-0.6829968743182837,-0.651087827846492,-0.5000000000000004,0.8660254037844384,1.0,6.123233995736766e-17,-0.433883739117558,-0.9009688679024191
0.14371028539105482,3.306550319889643,1.1244852243829888,0.1011607999698797,-2.73983786110213,-0.3130180202072086,-1.068333807801137,1.1623227027636522,-0.6831906184550289,-0.5780956308809914,0.6851838954759013,-0.6514128533997506,-0.3601771729823612,0.0,0.8787878787878787,0.0,0.0,-0.06274428164677277,0.025689069363871456,0.5221793633264334,-0.6369735024584068,-0.59394672708365,-0.5314416299137554,-0.5000000000000004,0.8660254037844384,0.9659258262890683,-0.25881904510252063,-0.433883739117558,-0.9009688679024191
0.192437487983236,2.859134206448682,1.2561526369543852,0.681291583813473,-2.0925788744213185,-0.6905181747187339,-1.337940979855123,1.0850647509398663,-0.6831906184550289,-0.07072555400552617,1.0400832479858453,-0.6514128533997506,1.2489319166491681,0.0,0.8787878787878787,0.0,0.0,0.5161010012142222,0.12767479442711646,0.49851183867940985,-0.8527196127405202,-0.13708075431465996,0.6581834238174539,-0.5000000000000004,0.8660254037844384,0.8660254037844387,-0.4999999999999998,-0.433883739117558,-0.9009688679024191
0.2240146299361072,2.438036687916014,1.4141535320400604,1.419639854159865,-1.9847023766411835,-1.391589890240138,-1.7153910207307033,0.544259088173366,-0.6831906184550289,0.6380433320113451,0.3336970367400916,-0.6514128533997506,1.8912090055042161,0.0,0.0,0.0,0.0,1.5422358208314406,0.3355101345281552,0.5063390719316982,-1.5538944711573888,0.5637051869665876,1.423919090586968,-0.5000000000000004,0.8660254037844384,0.7071067811865476,-0.7071067811865475,-0.433883739117558,-0.9009688679024191
0.0954864979521592,1.8327090050253017,1.1244852243829888,2.2898360299252554,-1.8228876299709806,-1.1219469227319057,-2.200683930427878,-0.12402219510238092,-0.6831906184550289,1.2538589215014135,-0.0860396974783997,-0.6514128533997506,2.20893118243783,0.8787878787878787,0.0,0.0,0.0,1.989525357587664,0.5077111650960787,0.4210694181452882,-2.0393232192921436,1.074775597182746,1.314528281048466,-0.5000000000000004,0.8660254037844384,0.49999999999999994,-0.8660254037844387,-0.433883739117558,-0.9009688679024191
0.09737998694638274,1.2536999170428818,0.9664843292973129,2.8699668137688485,-1.0138138966199663,-1.2298041097351986,-2.5242125368926613,-0.5450780325420134,-0.6831906184550289,1.6798948639159264,-0.4887139628262206,-0.6514128533997506,2.369500454651592,0.8787878787878787,0.0,0.0,0.0,2.726237535774385,0.6216045722457662,0.3725133948348158,-2.3090058571447853,1.523898078887855,1.1641159179330258,-0.5000000000000004,0.8660254037844384,0.258819045102521,-0.9659258262890682,-0.433883739117558,-0.9009688679024191
0.0982723775717591,1.1221069425014227,0.09747940632609654,3.0281843002716475,-0.47443140771929015,0.06448213430431671,-1.9310767583738921,-0.6841423458248278,-0.6831906184550289,1.8077056466402803,-0.6525136639846563,-0.6514128533997506,2.369500454651592,0.8787878787878787,0.0,0.0,0.0,3.1472159233096546,0.6675222491082687,0.3752044240255602,-2.6326250225679555,1.2219019273964886,0.5248633746924046,-0.5000000000000004,0.8660254037844384,1.2246467991473532e-16,-1.0,-0.433883739117558,-0.9009688679024191
0.09562951151452337,1.1221069425014227,0.8084834342116368,2.73811890834985,-0.3126166610490873,-1.2298041097351986,-2.0389196271954866,-0.6841423458248278,-0.6831906184550289,1.5753224053232733,-0.6525136639846563,-0.6514128533997506,2.092774687644896,0.8787878787878787,0.0,0.0,0.0,3.30508281863538,0.6416502434006783,0.3743127411389109,-2.740498077709012,1.1676974899493202,0.6889495890001576,-0.5000000000000004,0.8660254037844384,-0.2588190451025208,-0.9659258262890683,-0.433883739117558,-0.9009688679024191
0.1764887316573504,1.2536999170428818,0.5188151265545653,2.131618543422457,-0.6901844032795607,-1.2298041097351986,-1.7693124551415005,-0.6841423458248278,-0.6831906184550289,1.2422397594355632,-0.6525136639846563,-0.6514128533997506,1.9868672953336912,0.8787878787878787,0.0,0.0,0.0,2.857793281879157,0.5494988775128767,0.37343232657525904,-2.093259746862672,1.0902625793105083,1.0444697200002893,-0.5000000000000004,0.8660254037844384,-0.4999999999999997,-0.8660254037844388,-0.433883739117558,-0.9009688679024191
0.49472570815893435,1.4116114864926321,0.38714771398316894,1.9997706380034583,-1.3913816388504396,-1.1758755162335521,-1.607548151909109,-0.6841423458248278,-0.6831906184550289,0.80071160093325,-0.6525136639846563,-0.6514128533997506,1.949287252900683,0.0,0.0,0.0,0.0,2.4368148943438883,0.37631661534262995,0.37521041672460875,-1.9853866917216154,0.5482182048388252,0.33684792079810427,-0.5000000000000004,0.8660254037844384,-0.7071067811865471,-0.7071067811865479,-0.433883739117558,-0.9009688679024191
0.582981485954543,1.1221069425014227,0.09747940632609654,1.5514877595788634,-1.1216903944001015,-0.9601611422269661,-0.9065695045687454,-0.6841423458248278,-0.6831906184550289,0.10743493100417918,-0.6525136639846563,-0.6514128533997506,1.450497598789848,0.0,0.0,0.8787878787878787,0.8787878787878787,1.8316584622619385,0.08053196773291235,0.4370690538711376,-1.8235771090100303,-0.12159377218689758,-0.0836230033655128,-0.5000000000000004,0.8660254037844384,-0.8660254037844385,-0.5000000000000004,-0.433883739117558,-0.9009688679024191
0.39688228631490463,0.9641953730516715,0.09747940632609654,0.9713569757352701,-1.2295668921802367,-1.0680183292302592,-0.2055908572283818,-0.6841423458248278,-0.6831906184550289,-0.5045076044639392,-0.6525136639846563,-0.6514128533997506,0.10786517368328541,0.0,0.0,0.8787878787878787,0.8787878787878787,1.2528131794009436,0.0,0.4841177853217491,-1.0145291954521052,-0.5436140351684223,-0.48700161353873894,-0.5000000000000004,0.8660254037844384,-0.9659258262890683,-0.25881904510252063,-0.433883739117558,-0.9009688679024191
0.6938561764688758,0.09568174107804124,0.09747940632609654,0.8131394892324716,0.064951081181386,-1.283732703236845,-0.47519802928236776,-0.6841423458248278,-0.6831906184550289,-0.6826680894736445,-0.6525136639846563,-0.6514128533997506,-0.6505684099646967,0.0,0.0,0.8787878787878787,0.8787878787878787,1.121257433296172,0.0,0.5021852095372832,-0.47516391974682176,-0.6829968743182837,-0.651087827846492,-0.5000000000000004,0.8660254037844384,-1.0,-1.8369701987210297e-16,-0.433883739117558,-0.9009688679024191
0.43180595317815285,0.8062838036019201,0.09747940632609654,0.8131394892324716,-1.2295668921802367,-1.0680183292302592,-0.3134337260499762,-0.6841423458248278,-0.5787710454193495,-0.6826680894736445,-0.6525136639846563,-0.36112646733689174,-0.6505684099646967,0.0,0.0,0.8787878787878787,0.8787878787878787,1.121257433296172,0.0,0.5053615449116683,-0.31335433703523674,-0.6829968743182837,-0.651087827846492,-0.5000000000000004,0.8660254037844384,-0.9659258262890684,0.2588190451025203,-0.433883739117558,-0.9009688679024191
0.659773456948005,0.5167792596107107,0.6768160216402405,0.5230740973106753,-1.2295668921802367,-1.3376612967384915,0.0640163148256042,-0.6841423458248278,-0.07214274661660902,-0.6826680894736445,-0.6525136639846563,1.2474016248467148,-0.6505684099646967,0.0,0.0,0.8787878787878787,0.8787878787878787,1.2528131794009436,0.0,0.47303011402979456,-0.6909100300289351,-0.6829968743182837,-0.651087827846492,-0.5000000000000004,0.8660254037844384,-0.8660254037844386,0.5000000000000001,-0.433883739117558,-0.9009688679024191
0.36104339717972894,0.3851862850692516,1.4141535320400604,0.8131394892324716,-1.1756286432901693,-1.7151614512500166,0.0640163148256042,-0.6841423458248278,0.6355899150696621,-0.6826680894736445,-0.6525136639846563,1.889446808138685,-0.6505684099646967,0.0,0.0,0.0,0.0,1.410680074726669,0.0,0.4126517759875826,-1.3920848884458037,-0.6829968743182837,-0.651087827846492,-0.5000000000000004,0.8660254037844384,-0.7071067811865477,0.7071067811865474,-0.433883739117558,-0.9009688679024191
0.5394714107036427,0.09568174107804124,2.2831584550112765,0.5230740973106753,-0.9598756477298988,-2.200518792764835,-0.09774798840678739,-0.6841423458248278,1.250505178501996,-0.6826680894736445,-0.6525136639846563,2.2070542658309895,-0.6505684099646967,0.0,0.0,0.0,0.0,1.121257433296172,0.0,0.3859516895236915,-1.122402250593162,-0.6829968743182837,-0.651087827846492,-0.5000000000000004,0.8660254037844384,-0.5000000000000004,0.8660254037844384,-0.433883739117558,-0.9009688679024191
0.3700960832558917,0.09568174107804124,2.8624950703254206,0.39122619189167684,-1.067752145510034,-2.5240903537747137,-0.2055908572283818,-0.6841423458248278,1.6759182538325414,-0.6826680894736445,-0.6525136639846563,2.3675655616539824,-0.6505684099646967,0.0,0.0,0.0,0.0,0.9633905379704456,0.0,0.34820096357478725,-1.2302753057342186,-0.6829968743182837,-0.651087827846492,-0.5000000000000004,0.8660254037844384,-0.25881904510252157,0.9659258262890681,-0.433883739117558,-0.9009688679024191
0.20072075580814067,0.09568174107804124,3.0204959654110963,0.1011607999698797,-1.2835051410703044,-1.9308758252566025,1.5198950439171286,-0.6841423458248278,1.8035421764317052,-0.6826680894736445,-0.6525136639846563,2.3675655616539824,-0.6505684099646967,0.0,0.0,0.0,0.0,0.09512261367895261,0.0,0.30314657163577674,0.06420135595846167,-0.6829968743182837,-0.651087827846492,-0.5000000000000004,0.8660254037844384,-2.4492935982947064e-16,1.0,-0.433883739117558,-0.9009688679024191
0.15988785243336937,0.09568174107804124,2.7308276577540243,0.1011607999698797,-1.067752145510034,-2.0387330122598954,-0.3673551604607734,-0.5798441108627169,1.5714986807968623,-0.6826680894736445,-0.3624516931832598,2.090939711405846,-0.6505684099646967,0.0,0.0,0.0,0.0,0.8055236426447192,0.0,0.2760523499652243,-1.2302753057342186,-0.6829968743182837,-0.651087827846492,-0.5000000000000004,0.8660254037844384,0.25881904510252074,0.9659258262890683,-0.9749279121818236,-0.2225209339563146
0.15934440295576438,0.6746908290604611,2.1251575599256007,0.1011607999698797,-1.3374433899603722,-1.769090044751663,-0.7448052013363538,-0.07380452641692017,1.2389030037202537,-0.6826680894736445,1.24483287443389,1.9850705588417445,-0.6505684099646967,0.0,0.0,0.0,0.0,0.5161010012142222,0.0,0.27065282568308957,-1.2302753057342186,-0.6829968743182837,-0.651087827846492,-0.5000000000000004,0.8660254037844384,0.49999999999999994,0.8660254037844387,-0.9749279121818236,-0.2225209339563146
0.15771406138754548,1.4116114864926321,1.9934901473542042,-0.3471220784547151,-1.7150111321908454,-1.607304264246724,-0.259512291639179,0.6331057327707196,0.7980203620140522,-0.6826680894736445,1.886381703971096,1.9475040853512569,-0.6505684099646967,0.0,0.0,0.0,0.0,0.3845452551094506,0.0,0.2817389091658946,-1.1763387781636903,-0.6829968743182837,-0.651087827846492,-0.5000000000000004,0.8660254037844384,0.7071067811865476,0.7071067811865476,-0.9749279121818236,-0.2225209339563146
0.15712485251249314,2.2801251184662625,1.5458209446114568,-0.18890459195191697,-2.200455372201454,-0.9062325487253197,-0.529119463693165,1.2473064497698165,0.10575726670343728,-0.6826680894736445,2.203743624965565,1.4488945281138756,-0.6505684099646967,0.0,0.8787878787878787,0.0,0.0,0.09512261367895261,0.0,0.31199343446038585,-0.9605926678815769,-0.6829968743182837,-0.651087827846492,-0.5000000000000004,0.8660254037844384,0.8660254037844386,0.5000000000000001,-0.9749279121818236,-0.2225209339563146
0.15826322907368237,2.859134206448682,0.9664843292973129,-0.3471220784547151,-2.5240848655418597,-0.20516083320391562,-0.3673551604607734,1.6722251848006382,-0.5052906051349826,-0.6826680894736445,2.3641308323498667,0.10674688431736323,-0.6505684099646967,0.0,0.8787878787878787,0.0,0.0,0.09512261367895261,0.0,0.34934428860183,-1.0684657230226335,-0.6829968743182837,-0.651087827846492,-0.5000000000000004,0.8660254037844384,0.9659258262890683,0.25881904510252074,-0.9749279121818236,-0.2225209339563146
0.16805671490005952,3.0170457758984335,0.8084834342116368,-0.3471220784547151,-1.9307641277511158,-0.47480380071214795,-0.529119463693165,1.7997008053098849,-0.6831906184550289,-0.6826680894736445,2.3641308323498667,-0.6514128533997506,-0.6505684099646967,0.0,0.8787878787878787,0.0,0.0,0.09512261367895261,0.0,0.35002187335152746,-1.284211833304747,-0.6829968743182837,-0.651087827846492,-0.5000000000000004,0.8660254037844384,1.0,6.123233995736766e-17,-0.9749279121818236,-0.2225209339563146
0.1515416465593354,2.727541231907223,0.8084834342116368,-0.5053395649575132,-2.0386406255312512,-0.3130180202072086,-0.3673551604607734,1.5679269498385275,-0.6831906184550289,-0.5703495228370912,2.0877188366450063,-0.6514128533997506,-0.24402067818942696,0.0,0.8787878787878787,0.0,0.0,0.09512261367895261,0.025356452991780493,0.4012595014371464,-1.0684657230226335,-0.5784597449558877,-0.360518490009846,-0.5000000000000004,0.8660254037844384,0.9659258262890683,-0.25881904510252063,-0.9749279121818236,-0.2225209339563146
0.13749782594163124,2.122213549016511,0.5188151265545653,0.23300870538887822,-1.768949381080913,0.06448213430431671,-0.8526480701579482,1.2357177569962485,-0.6831906184550289,-0.14044052640062826,1.98193152964685,-0.6514128533997506,1.0234516620511194,0.0,0.8787878787878787,0.0,0.0,0.6739678965399476,0.12484201520604973,0.4062934710773136,-1.3381483608752753,-0.07126108027166986,1.2495774878849806,-0.5000000000000004,0.8660254037844384,0.8660254037844387,-0.4999999999999998,-0.9749279121818236,-0.2225209339563146
0.11908926174208753,1.990620574475052,0.8084834342116368,1.1295744622380688,-1.60713463441071,0.06448213430431671,-1.607548151909109,0.7953474316006698,-0.6831906184550289,0.6225511159235446,1.9443940981313752,-0.6514128533997506,1.6213159734853395,0.0,0.0,0.0,0.0,1.410680074726669,0.33272723978010915,0.4104737628111228,-1.7157040538689736,0.6372683520734588,1.8922484939236797,-0.5000000000000004,0.8660254037844384,0.7071067811865476,-0.7071067811865475,-0.9749279121818236,-0.2225209339563146
0.10500540336776594,1.5432044610340911,0.5188151265545653,1.5514877595788634,-0.9059373988398312,-0.09730364620062269,-1.7153910207307033,0.10388876277778711,-0.6831906184550289,1.2461128134575135,1.4461700071078003,-0.6514128533997506,2.3011731047733957,0.8787878787878787,0.0,0.0,0.0,2.278947999018162,0.5048728431557875,0.4085572771675041,-2.2011328020037286,1.2528758916520133,2.2101655341449513,-0.5000000000000004,0.8660254037844384,0.49999999999999994,-0.8660254037844387,-0.9749279121818236,-0.2225209339563146
0.09752871528498076,0.9641953730516715,0.38714771398316894,1.9997706380034583,-0.20474016326895209,-0.20516083320391562,-1.7693124551415005,-0.5064490566301205,-0.6831906184550289,1.5791954593452233,0.10505995387310853,-0.6514128533997506,2.3216713097368546,0.8787878787878787,0.0,0.0,0.0,2.857793281879157,0.6183948242550883,0.37599059443323324,-2.524751967426899,1.6787679001654785,2.370833285654626,-0.5000000000000004,0.8660254037844384,0.258819045102521,-0.9659258262890682,-0.9749279121818236,-0.2225209339563146
0.2283679165070947,0.8062838036019201,0.09747940632609654,1.419639854159865,-0.47443140771929015,1.5205541588487714,-0.4212765948715706,-0.6841423458248278,-0.6831906184550289,1.7805942684866294,-0.6525136639846563,-0.6514128533997506,2.4275787020480593,0.8787878787878787,0.0,0.0,0.0,3.015660177204883,0.6634255196904635,0.3707639876894594,-1.931450164151087,1.8065355027195182,2.370833285654626,-0.5000000000000004,0.8660254037844384,1.2246467991473532e-16,-1.0,-0.9749279121818236,-0.2225209339563146
0.23478631383881962,0.8062838036019201,0.09747940632609654,1.419639854159865,-0.3126166610490873,-0.366946613708855,-0.6908837669255565,-0.6841423458248278,-0.6831906184550289,1.7186254041354276,-0.6525136639846563,-0.6514128533997506,2.444660539517608,0.8787878787878787,0.0,0.0,0.0,2.726237535774385,0.6415005660332375,0.36486932305088615,-2.0393232192921436,1.5742307708030825,2.093937799010293,-0.5000000000000004,0.8660254037844384,-0.2588190451025208,-0.9659258262890683,-0.9749279121818236,-0.2225209339563146
0.1781476642682288,0.5167792596107107,0.09747940632609654,1.419639854159865,0.064951081181386,-0.7444467682203804,-0.6908837669255565,-0.6841423458248278,-0.6831906184550289,1.2654780835672639,-0.6525136639846563,-0.6514128533997506,2.154269302535273,0.8787878787878787,0.0,0.0,0.0,2.1210811036924357,0.5500975869826404,0.35714673154352405,-1.769640581439502,1.2412606550561915,1.987965452269869,-0.5000000000000004,0.8660254037844384,-0.4999999999999997,-0.8660254037844388,-0.9749279121818236,-0.2225209339563146
0.6276872022271046,0.8062838036019201,-0.350189796416651,1.1295744622380688,0.064951081181386,-0.2590894267055621,0.0640163148256042,-0.6841423458248278,-0.6831906184550289,0.730996628538148,-0.6525136639846563,-0.6514128533997506,1.8057998181564703,0.0,0.0,0.0,0.0,1.989525357587664,0.37853406225812136,0.3751433702027739,-1.607830998727917,0.7998816644149638,1.9503623614910088,-0.5000000000000004,0.8660254037844384,-0.7071067811865471,-0.7071067811865479,-0.9749279121818236,-0.2225209339563146
0.48262682325075057,0.5167792596107107,-0.1921889013309754,0.9713569757352701,-0.09686366548881685,-0.5287323942137945,-0.3134337260499762,-0.6841423458248278,-0.6831906184550289,0.06095828274077778,-0.6525136639846563,-0.6514128533997506,1.2489319166491681,0.0,0.0,0.8787878787878787,0.8787878787878787,1.5422358208314406,0.07877464234958928,0.42824083499912424,-0.9066561403110486,0.10683921419759745,1.4512667929715934,-0.5000000000000004,0.8660254037844384,-0.8660254037844385,-0.5000000000000004,-0.9749279121818236,-0.2225209339563146
0.8193581542413468,0.3851862850692516,-0.350189796416651,0.5230740973106753,-0.20474016326895209,-0.366946613708855,0.6571520933443734,-0.6841423458248278,-0.6831906184550289,-0.496761496420039,-0.6525136639846563,-0.6514128533997506,-0.08345140597566501,0.0,0.0,0.8787878787878787,0.8787878787878787,0.9633905379704456,0.0,0.496302735175407,-0.20548128189418005,-0.5048965798490164,0.1078109133268657,-0.5000000000000004,0.8660254037844384,-0.9659258262890683,-0.25881904510252063,-0.9749279121818236,-0.2225209339563146
0.49373603934255483,0.09568174107804124,-0.350189796416651,0.23300870538887822,1.5212838012132117,-0.5287323942137945,1.358130740684737,-0.6841423458248278,-0.6831906184550289,-0.6826680894736445,-0.6525136639846563,-0.6514128533997506,-0.6505684099646967,0.0,0.0,0.8787878787878787,0.8787878787878787,0.8055236426447192,0.0,0.531281607325885,-0.47516391974682176,-0.6829968743182837,-0.651087827846492,-0.5000000000000004,0.8660254037844384,-1.0,-1.8369701987210297e-16,-0.9749279121818236,-0.2225209339563146
0.4725816538738169,0.09568174107804124,-0.5081906915023265,0.1011607999698797,-0.36655490993915496,-0.366946613708855,1.5198950439171286,-0.6841423458248278,-0.5710362622315215,-0.6826680894736445,-0.6525136639846563,-0.24501191291174818,-0.6505684099646967,0.0,0.0,0.8787878787878787,0.8787878787878787,0.8055236426447192,0.0,0.4812190604503016,-0.31335433703523674,-0.6829968743182837,-0.651087827846492,-0.5000000000000004,0.8660254037844384,-0.9659258262890684,0.2588190451025203,-0.9749279121818236,-0.2225209339563146
0.19799781080537202,0.09568174107804124,0.22914681889749292,0.23300870538887822,-0.7441226521696283,-0.8523039552236732,1.358130740684737,-0.6841423458248278,-0.14175579530706192,-0.6826680894736445,-0.6525136639846563,1.022002783903789,-0.6505684099646967,0.0,0.0,0.8787878787878787,0.8787878787878787,0.5161010012142222,0.0,0.46556689882997404,0.06420135595846167,-0.6829968743182837,-0.651087827846492,-0.5000000000000004,0.8660254037844384,-0.8660254037844386,0.5000000000000001,-0.9749279121818236,-0.2225209339563146
0.2287054143732062,-0.3517343723629195,1.1244852243829888,0.1011607999698797,-0.2586784121590197,-1.607304264246724,1.5198950439171286,-0.6841423458248278,0.6201203486940059,-0.6826680894736445,-0.6525136639846563,1.6196512257979103,-0.6505684099646967,0.0,0.0,0.0,0.0,0.8055236426447192,0.0,0.4151953438060103,0.06420135595846167,-0.6829968743182837,-0.651087827846492,-0.5000000000000004,0.8660254037844384,-0.7071067811865477,0.7071067811865474,-0.9749279121818236,-0.2225209339563146
0.24522623181314454,-0.19382280291316867,1.5458209446114568,0.1011607999698797,-0.5283696566093578,-1.7151614512500166,1.5198950439171286,-0.6841423458248278,1.242770395314168,-0.6826680894736445,-0.6525136639846563,2.2992628825803685,-0.6505684099646967,0.0,0.0,0.0,0.0,0.5161010012142222,0.0,0.33920761255121135,-0.09760822675312336,-0.6829968743182837,-0.651087827846492,-0.5000000000000004,0.8660254037844384,-0.5000000000000004,0.8660254037844384,-0.9749279121818236,-0.2225209339563146
0.3253589271332988,-0.3517343723629195,1.9934901473542042,0.1011607999698797,-0.36655490993915496,-1.769090044751663,1.5198950439171286,-0.6841423458248278,1.5753660723907763,-0.6826680894736445,-0.6525136639846563,2.3197536863024526,-0.6505684099646967,0.0,0.0,0.0,0.0,0.3845452551094506,0.0,0.2672933800599956,-0.20548128189418005,-0.6829968743182837,-0.651087827846492,-0.5000000000000004,0.8660254037844384,-0.25881904510252157,0.9659258262890681,-0.9749279121818236,-0.2225209339563146
0.16775639225400146,-0.3517343723629195,1.4141535320400604,0.1011607999698797,-0.5283696566093578,-0.4208752072105015,0.818916396576765,-0.6841423458248278,1.7764704352743068,-0.6826680894736445,-0.6525136639846563,2.425622838866554,-0.6505684099646967,0.0,0.0,0.0,0.0,0.09512261367895261,0.0,0.25230236168171927,1.520487600362727,-0.6829968743182837,-0.651087827846492,-0.5000000000000004,0.8660254037844384,-2.4492935982947064e-16,1.0,-0.9749279121818236,-0.2225209339563146
0.13863048429428856,-0.5096459418126703,1.4141535320400604,0.1011607999698797,-0.36655490993915496,-0.6905181747187339,1.358130740684737,-0.5721183156803384,1.714592169771682,-0.6826680894736445,-0.24642690486270125,2.4426985086349573,-0.6505684099646967,0.0,0.0,0.0,0.0,0.09512261367895261,0.0,0.24418276666729655,-0.3672908646057651,-0.6829968743182837,-0.651087827846492,-0.5000000000000004,0.8660254037844384,0.25881904510252074,0.9659258262890683,-0.7818314824680299,0.6234898018587334
0.1259710261735865,0.22727471561950033,1.4141535320400604,-0.05705668653291797,-0.8519991499497634,-0.6905181747187339,1.358130740684737,-0.14333668305832736,1.2621073532837381,-0.6826680894736445,1.0196082853410409,2.1524121225720987,-0.6505684099646967,0.0,0.0,0.0,0.0,0.09512261367895261,0.0,0.21993676729330325,-0.7448465575994635,-0.6829968743182837,-0.651087827846492,-0.5000000000000004,0.8660254037844384,0.49999999999999994,0.8660254037844387,-0.7818314824680299,0.6234898018587334
0.12741258448509976,1.1221069425014227,1.1244852243829888,-0.18890459195191697,-1.60713463441071,0.06448213430431671,1.5198950439171286,0.6176541424059625,0.7284073133235993,-0.6826680894736445,1.616794695814504,1.8040684592966678,-0.6505684099646967,0.0,0.0,0.0,0.0,-0.3521669230772707,0.0,0.23482990492045153,-0.2594178094647084,-0.6829968743182837,-0.651087827846492,-0.5000000000000004,0.8660254037844384,0.7071067811865476,0.7071067811865476,-0.7818314824680299,0.6234898018587334
0.13790398693000006,1.5432044610340911,0.9664843292973129,-0.05705668653291797,-1.7150111321908454,-0.3130180202072086,0.9806806998091566,1.239580654587438,0.05934856757646868,-0.6826680894736445,2.295880956867185,1.2474016248467148,-0.6505684099646967,0.0,0.8787878787878787,0.0,0.0,-0.19430002775154487,0.0,0.25248826340135244,-0.5291004473173502,-0.6829968743182837,-0.651087827846492,-0.5000000000000004,0.8660254037844384,0.8660254037844386,0.5000000000000001,-0.7818314824680299,0.6234898018587334
0.13789254021604214,1.990620574475052,0.5188151265545653,-0.05705668653291797,-1.768949381080913,0.6576966628224279,0.9806806998091566,1.5717898474297167,-0.49755582194715453,-0.6826680894736445,2.3163559195119894,-0.08450061708875559,-0.6505684099646967,0.0,0.8787878787878787,0.0,0.0,-0.3521669230772707,0.0,0.2611011292549892,-0.3672908646057651,-0.6829968743182837,-0.651087827846492,-0.5000000000000004,0.8660254037844384,0.9659258262890683,0.25881904510252074,-0.7818314824680299,0.6234898018587334
0.13007833710565525,1.4116114864926321,0.22914681889749292,-0.05705668653291797,-0.42049315882922256,1.358768378343832,0.818916396576765,1.7726605221715597,-0.6831906184550289,-0.6826680894736445,2.422143226510146,-0.6514128533997506,-0.6505684099646967,0.0,0.8787878787878787,0.0,0.0,-0.3521669230772707,0.0,0.2691017717542785,-0.5291004473173502,-0.6829968743182837,-0.651087827846492,-0.5000000000000004,0.8660254037844384,1.0,6.123233995736766e-17,-0.7818314824680299,0.6234898018587334
0.14003772649001434,1.4116114864926321,0.09747940632609654,-0.05705668653291797,-0.6901844032795607,1.5205541588487714,0.818916396576765,1.7108541607125312,-0.6831906184550289,-0.6206992251224427,2.4392056953808163,-0.6514128533997506,-0.6505684099646967,0.0,0.8787878787878787,0.0,0.0,-0.5100338184029966,0.06329689560891041,0.3103078469989152,-0.3672908646057651,-0.5707162538920065,-0.24429075487518762,-0.5000000000000004,0.8660254037844384,0.9659258262890683,-0.25881904510252063,-0.7818314824680299,0.6234898018587334
0.149568075187281,1.4116114864926321,0.22914681889749292,0.1011607999698797,-0.6901844032795607,1.358768378343832,0.6571520933443734,1.2588951425433843,-0.6831906184550289,-0.4890153883761387,2.1491437245794196,-0.6514128533997506,-0.6403193074829672,0.0,0.8787878787878787,0.0,0.0,0.22667835978372425,0.16776615004159567,0.35467615172633016,-0.8527196127405202,-0.14095249984660055,1.0239589432118201,-0.5000000000000004,0.8660254037844384,0.8660254037844387,-0.4999999999999998,-0.7818314824680299,0.6234898018587334
0.18839880585044422,1.1221069425014227,0.09747940632609654,0.23300870538887822,0.064951081181386,1.5205541588487714,0.3336234868795902,0.7258152749592626,-0.6831906184550289,-0.17917106662012944,1.801069359617744,-0.6514128533997506,-0.6471520424707868,0.0,0.0,0.0,0.0,1.121257433296172,0.23714439052333913,0.40490675027352563,-1.607830998727917,0.6217813699456964,1.622189932875503,-0.5000000000000004,0.8660254037844384,0.7071067811865476,-0.7071067811865475,-0.7818314824680299,0.6234898018587334
0.19046961422592523,0.9641953730516715,0.09747940632609654,0.23300870538887822,-0.3126166610490873,1.5205541588487714,0.3336234868795902,0.05753399168351564,-0.6831906184550289,0.03384690458712697,1.24483287443389,-0.6514128533997506,-0.6334865724951475,0.8787878787878787,0.0,0.0,0.0,1.5422358208314406,0.37392732550466157,0.36159787278647226,-1.7157040538689736,1.2451324005881321,2.3024640296930623,-0.5000000000000004,0.8660254037844384,0.49999999999999994,-0.8660254037844387,-0.7818314824680299,0.6234898018587334
0.2567816329207429,0.5167792596107107,0.09747940632609654,0.39122619189167684,0.6582718189721298,1.5205541588487714,0.3336234868795902,-0.49872326144774193,-0.6831906184550289,0.46762895504554,-0.0860396974783997,-0.6514128533997506,-0.6266538375073278,0.8787878787878787,0.0,0.0,0.0,1.989525357587664,0.370312903131043,0.3517002388423498,-1.769640581439502,1.578102516335023,2.322974806481531,-0.5000000000000004,0.8660254037844384,0.258819045102521,-0.9659258262890682,-0.7818314824680299,0.6234898018587334
0.28225499570927703,0.22727471561950033,0.09747940632609654,0.5230740973106753,1.3594690545430088,0.8194824433273673,0.0640163148256042,-0.6841423458248278,-0.6831906184550289,0.4405175768918892,-0.6525136639846563,-0.6514128533997506,-0.6505684099646967,0.8787878787878787,0.0,0.0,0.0,1.410680074726669,0.46901125020329515,0.340395140136194,-0.42122739217629346,1.7794332839959341,2.428947153221955,-0.5000000000000004,0.8660254037844384,1.2246467991473532e-16,-1.0,-0.7818314824680299,0.6234898018587334
0.5347520009009038,0.09568174107804124,0.09747940632609654,0.5230740973106753,1.5212838012132117,1.358768378343832,0.0640163148256042,-0.6841423458248278,-0.6831906184550289,0.19264211948708174,-0.6525136639846563,-0.6514128533997506,-0.6403193074829672,0.8787878787878787,0.0,0.0,0.0,1.410680074726669,0.5486396229865268,0.33307236921664196,-0.6909100300289351,1.7174853554848846,2.446039467212346,-0.5000000000000004,0.8660254037844384,-0.2588190451025208,-0.9659258262890683,-0.7818314824680299,0.6234898018587334
0.5786053402786201,0.22727471561950033,-0.06052148875957856,0.5230740973106753,1.3594690545430088,1.358768378343832,0.2257806180579958,-0.6841423458248278,-0.6831906184550289,0.6806469262527964,-0.6525136639846563,-0.6514128533997506,-0.13811328587822227,0.8787878787878787,0.0,0.0,0.0,1.410680074726669,0.3298889178398179,0.3430126691292049,-0.6909100300289351,1.264491128247835,2.1554701293757,-0.5000000000000004,0.8660254037844384,-0.4999999999999997,-0.8660254037844388,-0.7818314824680299,0.6234898018587334
0.41331156436616,0.09568174107804124,-0.1921889013309754,0.39122619189167684,1.5212838012132117,1.5205541588487714,0.3336234868795902,-0.6841423458248278,-0.6831906184550289,-0.0745986080274763,-0.6525136639846563,-0.6514128533997506,-0.5993228975560492,0.0,0.0,0.0,0.0,1.121257433296172,0.18508438025001683,0.3646939981889755,0.06420135595846167,0.730190244840033,1.8067869239717251,-0.5000000000000004,0.8660254037844384,-0.7071067811865471,-0.7071067811865479,-0.7818314824680299,0.6234898018587334
0.22178933382591975,0.09568174107804124,-0.06052148875957856,0.23300870538887822,1.5212838012132117,0.9812682238323067,0.6571520933443734,-0.6841423458248278,-0.6831906184550289,-0.19853633672988,-0.6525136639846563,-0.6514128533997506,-0.19277516578077955,0.0,0.0,0.8787878787878787,0.8787878787878787,0.9633905379704456,0.029358940217183056,0.4581287812586481,-0.31335433703523674,0.060378267814310334,1.2495774878849806,-0.5000000000000004,0.8660254037844384,-0.8660254037844385,-0.5000000000000004,-0.7818314824680299,0.6234898018587334
0.2426348467941861,0.09568174107804124,-0.06052148875957856,0.23300870538887822,1.5212838012132117,0.9812682238323067,0.6571520933443734,-0.6841423458248278,-0.6831906184550289,-0.5897147929468417,-0.6525136639846563,-0.6514128533997506,-0.6471520424707868,0.0,0.0,0.8787878787878787,0.8787878787878787,0.5161010012142222,0.0,0.5529493119587587,0.6575031592342735,-0.4971530887851352,-0.0836230033655128,-0.5000000000000004,0.8660254037844384,-0.9659258262890683,-0.25881904510252063,-0.7818314824680299,0.6234898018587334
0.08667121020211731,0.09568174107804124,-0.06052148875957856,0.23300870538887822,0.8200865656423326,0.8194824433273673,0.4953877901119818,-0.6841423458248278,-0.6831906184550289,-0.6826680894736445,-0.6525136639846563,-0.6514128533997506,-0.6505684099646967,0.0,0.0,0.8787878787878787,0.8787878787878787,0.22667835978372425,0.0,0.5399903819741251,1.358678017651142,-0.6829968743182837,-0.651087827846492,-0.5000000000000004,0.8660254037844384,-1.0,-1.8369701987210297e-16,-0.7818314824680299,0.6234898018587334
0.08855898098780894,0.09568174107804124,-0.06052148875957856,0.23300870538887822,1.3594690545430088,0.8194824433273673,0.818916396576765,-0.6841423458248278,-0.6213123529524042,-0.6826680894736445,-0.6525136639846563,-0.6514128533997506,-0.6505684099646967,0.0,0.0,0.8787878787878787,0.8787878787878787,0.09512261367895261,0.0,0.5228620188214798,1.520487600362727,-0.6829968743182837,-0.651087827846492,-0.5000000000000004,0.8660254037844384,-0.9659258262890684,0.2588190451025203,-0.7818314824680299,0.6234898018587334
0.09181393905111876,-0.06222982837170911,0.09747940632609654,0.23300870538887822,1.3594690545430088,0.6576966628224279,0.9806806998091566,-0.6841423458248278,-0.4898210387593264,-0.6826680894736445,-0.6525136639846563,-0.6411674515387086,-0.6505684099646967,0.0,0.0,0.8787878787878787,0.8787878787878787,0.22667835978372425,0.0,0.5014018049907094,1.358678017651142,-0.6829968743182837,-0.651087827846492,-0.5000000000000004,0.8660254037844384,-0.8660254037844386,0.5000000000000001,-0.7818314824680299,0.6234898018587334
0.09683081926024585,-0.19382280291316867,0.22914681889749292,0.23300870538887822,1.5212838012132117,0.33412510181254906,1.1424450030415483,-0.6841423458248278,-0.1804297112462024,-0.6826680894736445,-0.6525136639846563,-0.64799771944607,-0.6505684099646967,0.0,0.0,0.0,0.0,0.09512261367895261,0.0,0.4337846450352767,1.520487600362727,-0.6829968743182837,-0.651087827846492,-0.5000000000000004,0.8660254037844384,-0.7071067811865477,0.7071067811865474,-0.7818314824680299,0.6234898018587334
0.25439617891948973,-0.06222982837170911,0.22914681889749292,0.23300870538887822,0.9819013123125355,0.33412510181254906,1.358130740684737,-0.6841423458248278,0.032276826419070336,-0.6826680894736445,-0.6525136639846563,-0.6343371836313472,-0.6505684099646967,0.0,0.0,0.0,0.0,0.09512261367895261,0.0,0.34062107001229314,1.520487600362727,-0.6829968743182837,-0.651087827846492,-0.5000000000000004,0.8660254037844384,-0.5000000000000004,0.8660254037844384,-0.7818314824680299,0.6234898018587334
0.2426176853039943,-0.06222982837170911,0.38714771398316894,0.23300870538887822,0.9819013123125355,0.33412510181254906,1.1424450030415483,-0.6841423458248278,0.46542468493744393,-0.6826680894736445,-0.6525136639846563,-0.6275069157239859,-0.6505684099646967,0.0,0.0,0.0,0.0,0.09512261367895261,0.0,0.20839508502385062,1.520487600362727,-0.6829968743182837,-0.651087827846492,-0.5000000000000004,0.8660254037844384,-0.25881904510252157,0.9659258262890681,-0.7818314824680299,0.6234898018587334
0.8896144806020937,-0.06222982837170911,0.5188151265545653,-0.18890459195191697,0.8200865656423326,0.06448213430431671,-1.8232338895522977,-0.6841423458248278,0.4383529437800456,-0.6826680894736445,-0.6525136639846563,-0.6514128533997506,-0.6505684099646967,0.0,0.0,0.0,0.0,0.09512261367895261,0.0,0.23318160536417243,0.8193127419458585,-0.6829968743182837,-0.651087827846492,-0.5000000000000004,0.8660254037844384,-2.4492935982947064e-16,1.0,-0.7818314824680299,0.6234898018587334
0.12440932713383669,-0.06222982837170911,0.5188151265545653,0.23300870538887822,0.8200865656423326,0.06448213430431671,0.3336234868795902,-0.6223359843657992,0.1908398817695464,-0.6826680894736445,-0.6525136639846563,-0.6411674515387086,-0.6505684099646967,0.0,0.0,0.0,0.0,0.09512261367895261,0.0,0.1970704716310493,1.358678017651142,-0.6829968743182837,-0.651087827846492,-0.5000000000000004,0.8660254037844384,0.25881904510252074,0.9659258262890683,-2.4492935982947064e-16,1.0
0.12444365697881632,0.09568174107804124,0.5188151265545653,0.1011607999698797,0.6582718189721298,0.22626791480925612,1.1424450030415483,-0.49099746626536334,0.6781312226027167,-0.6826680894736445,-0.642276182662254,-0.1391427603476467,-0.6505684099646967,0.0,0.0,0.0,0.0,-0.06274428164677277,0.0,0.20281618952745617,1.358678017651142,-0.6829968743182837,-0.651087827846492,-0.5000000000000004,0.8660254037844384,0.49999999999999994,0.8660254037844387,-2.4492935982947064e-16,1.0
0.12383156154044422,0.22727471561950033,0.38714771398316894,-0.05705668653291797,0.3346423256317241,0.33412510181254906,0.6571520933443734,-0.18196565897022024,-0.07601013821052308,-0.6826680894736445,-0.6491011702105222,-0.6001858440945402,-0.6505684099646967,0.0,0.0,0.0,0.0,-0.19430002775154487,0.0,0.23859457480442925,1.520487600362727,-0.6829968743182837,-0.651087827846492,-0.5000000000000004,0.8660254037844384,0.7071067811865476,0.7071067811865476,-2.4492935982947064e-16,1.0
0.12361990201731296,0.22727471561950033,0.22914681889749292,-0.18890459195191697,0.3346423256317241,0.6576966628224279,0.6571520933443734,0.03049370854519062,-0.19976666921577269,-0.6826680894736445,-0.6354511951139858,-0.19378490360653777,-0.6505684099646967,0.0,0.8787878787878787,0.0,0.0,-0.06274428164677277,0.0,0.22892148268389112,0.9811223246574435,-0.6829968743182837,-0.651087827846492,-0.5000000000000004,0.8660254037844384,0.8660254037844386,0.5000000000000001,-2.4492935982947064e-16,1.0
0.12372286752616558,0.3851862850692516,0.22914681889749292,-0.05705668653291797,0.3346423256317241,0.6576966628224279,-0.7448052013363538,0.46313823875839094,-0.5903732202010917,-0.6826680894736445,-0.6286262075657176,-0.64799771944607,-0.6505684099646967,0.0,0.8787878787878787,0.0,0.0,-0.06274428164677277,0.0,0.28865868387933724,0.9811223246574435,-0.6829968743182837,-0.651087827846492,-0.5000000000000004,0.8660254037844384,0.9659258262890683,0.25881904510252074,-2.4492935982947064e-16,1.0
0.12121729339046407,0.5167792596107107,0.22914681889749292,-0.18890459195191697,0.064951081181386,0.4959108823174885,-1.068333807801137,0.4360979556200659,-0.6831906184550289,-0.6826680894736445,-0.6525136639846563,-0.6514128533997506,-0.6505684099646967,0.0,0.8787878787878787,0.0,0.0,-0.06274428164677277,0.0,0.42388296473880505,0.8193127419458585,-0.6829968743182837,-0.651087827846492,-0.5000000000000004,0.8660254037844384,1.0,6.123233995736766e-17,-2.4492935982947064e-16,1.0
0.12532461461942693,0.5167792596107107,0.22914681889749292,-0.18890459195191697,0.064951081181386,0.8194824433273673,-1.1761766766227313,0.18887250978395145,-0.6831906184550289,-0.5780956308809914,-0.642276182662254,-0.6514128533997506,-0.23035520821378766,0.0,0.8787878787878787,0.0,0.0,-0.06274428164677277,0.0243641492556631,0.5124188443853301,0.8193127419458585,-0.6210489458072342,-0.651087827846492,-0.5000000000000004,0.8660254037844384,0.9659258262890683,-0.25881904510252063,-2.4492935982947064e-16,1.0
0.12433496296453769,0.5167792596107107,0.22914681889749292,0.23300870538887822,0.22676582785158886,0.9812682238323067,-1.4457838486767174,0.6755976062738018,-0.6831906184550289,-0.11332914824697746,-0.1406395978645449,-0.6514128533997506,1.2830955915882665,0.0,0.8787878787878787,0.0,0.0,0.09512261367895261,0.11821185864112853,0.5459623882841811,0.6575031592342735,-0.48940959772125403,-0.6408324394522574,-0.5000000000000004,0.8660254037844384,0.8660254037844387,-0.4999999999999998,-2.4492935982947064e-16,1.0
0.1472398307297311,0.3851862850692516,0.22914681889749292,0.5230740973106753,0.3346423256317241,1.1430540043372461,-1.7153910207307033,-0.07766742400810946,-0.6831906184550289,0.6225511159235446,-0.6013262573726451,-0.6514128533997506,2.0244473377666994,0.0,0.0,0.0,0.0,0.22667835978372425,0.3247610909731855,0.5256903678938433,0.3338839938111034,-0.1796699551660065,-0.6476693650484138,-0.5000000000000004,0.8660254037844384,0.7071067811865476,-0.7071067811865475,-2.4492935982947064e-16,1.0
0.2917796227657137,0.22727471561950033,0.22914681889749292,1.1295744622380688,0.6582718189721298,1.358768378343832,-1.9849981927846894,-0.2012801469261667,-0.6831906184550289,1.2306205973697129,-0.19523949825069012,-0.6514128533997506,2.3045894722673053,0.8787878787878787,0.0,0.0,0.0,0.22667835978372425,0.5008869947317824,0.5685750442396921,0.3338839938111034,0.03327604909072617,-0.633995513856101,-0.5000000000000004,0.8660254037844384,0.49999999999999994,-0.8660254037844387,-2.4492935982947064e-16,1.0
0.29697384294988655,0.22727471561950033,0.22914681889749292,1.2614223676570673,0.6582718189721298,1.1430540043372461,-2.146762496017081,-0.5914328036362848,-0.6831906184550289,1.633418215652525,-0.6491011702105222,-0.6514128533997506,2.4378278045297885,0.8787878787878787,0.0,0.0,0.0,0.3845452551094506,0.6175300216876519,0.5959794008909247,0.3338839938111034,0.4669115486680727,-0.6271585882599446,-0.5000000000000004,0.8660254037844384,0.258819045102521,-0.9659258262890682,-2.4492935982947064e-16,1.0
0.5432984230164091,0.22727471561950033,-0.1921889013309754,0.8131394892324716,0.4964570723019269,-1.8230186382533096,-1.2300981110335285,-0.6841423458248278,-0.6831906184550289,1.7922134305524797,-0.6525136639846563,-0.6514128533997506,2.475407846962797,0.8787878787878787,0.0,0.0,0.0,0.5161010012142222,0.6656485146470413,0.5987095106746103,0.06420135595846167,0.4398093299444885,-0.651087827846492,-0.5000000000000004,0.8660254037844384,1.2246467991473532e-16,-1.0,-2.4492935982947064e-16,1.0
0.489485721712718,0.22727471561950033,0.22914681889749292,0.681291583813473,0.8200865656423326,0.33412510181254906,-0.6908837669255565,-0.6841423458248278,-0.6831906184550289,1.6915140259817767,-0.6525136639846563,-0.6514128533997506,2.4412441720236986,0.8787878787878787,0.0,0.0,0.0,0.5161010012142222,0.652582239264953,0.5838707170960998,0.06420135595846167,0.1920176159002905,-0.6408324394522574,-0.5000000000000004,0.8660254037844384,-0.2588190451025208,-0.9659258262890683,-2.4492935982947064e-16,1.0
0.5823293493272554,0.22727471561950033,0.09747940632609654,0.5230740973106753,0.9819013123125355,1.1430540043372461,-0.47519802928236776,-0.6841423458248278,-0.6831906184550289,1.3506852720501665,-0.6525136639846563,-0.6514128533997506,2.331920412218584,0.8787878787878787,0.0,0.0,0.0,0.5161010012142222,0.562132751611247,0.5924479596831695,0.2260109386700467,0.6798575529248053,-0.13831840813476382,-0.5000000000000004,0.8660254037844384,-0.4999999999999997,-0.8660254037844388,-2.4492935982947064e-16,1.0
0.36909783369441634,0.22727471561950033,-0.06052148875957856,0.5230740973106753,1.1437160589827384,0.6576966628224279,-0.5830408981039622,-0.6841423458248278,-0.6831906184550289,0.7968385469112998,-0.6525136639846563,-0.6514128533997506,2.1064401576205354,0.0,0.0,0.0,0.0,0.3845452551094506,0.37853406225812136,0.5802852903772567,0.3338839938111034,-0.07513282580361046,-0.5998108858753192,-0.5000000000000004,0.8660254037844384,-0.7071067811865471,-0.7071067811865479,-2.4492935982947064e-16,1.0
0.18844457211248763,0.22727471561950033,-0.1921889013309754,0.39122619189167684,1.3594690545430088,0.6576966628224279,-0.09774798840678739,-0.6841423458248278,-0.6831906184550289,0.09968882296027895,-0.6525136639846563,-0.6514128533997506,1.5871522985462412,0.0,0.0,0.8787878787878787,0.8787878787878787,0.22667835978372425,0.0698882438260015,0.5903858565746336,0.6575031592342735,-0.19902868282570946,-0.19301381290401481,-0.5000000000000004,0.8660254037844384,-0.8660254037844385,-0.5000000000000004,-2.4492935982947064e-16,1.0
0.8254046964035963,0.22727471561950033,-0.06052148875957856,0.23300870538887822,1.1437160589827384,-0.7444467682203804,0.3336234868795902,-0.6841423458248278,-0.6831906184550289,-0.5045076044639392,-0.6525136639846563,-0.6514128533997506,0.2137725659944901,0.0,0.0,0.8787878787878787,0.8787878787878787,0.22667835978372425,0.0,0.6467616862881462,0.6575031592342735,-0.5900749815517095,-0.6476693650484138,-0.5000000000000004,0.8660254037844384,-0.9659258262890683,-0.25881904510252063,-2.4492935982947064e-16,1.0
0.29425087735332967,-0.19382280291316867,-0.1921889013309754,0.23300870538887822,-1.8228876299709806,-1.0680183292302592,-1.5536267174983118,-0.6841423458248278,-0.6831906184550289,-0.6826680894736445,-0.6525136639846563,-0.6514128533997506,-0.6505684099646967,0.0,0.0,0.8787878787878787,0.8787878787878787,0.22667835978372425,0.0,0.6547332052944521,0.4956935765226884,-0.6829968743182837,-0.651087827846492,-0.5000000000000004,0.8660254037844384,-1.0,-1.8369701987210297e-16,-2.4492935982947064e-16,1.0
0.3652708213816499,0.22727471561950033,-0.1921889013309754,0.1011607999698797,0.3346423256317241,-1.1758755162335521,-1.4457838486767174,-0.6841423458248278,-0.5787710454193495,-0.6826680894736445,-0.6525136639846563,-0.2313513770970254,-0.6505684099646967,0.0,0.0,0.8787878787878787,0.8787878787878787,0.22667835978372425,0.0,0.6427932390266893,0.8193127419458585,-0.6829968743182837,-0.651087827846492,-0.5000000000000004,0.8660254037844384,-0.9659258262890684,0.2588190451025203,-2.4492935982947064e-16,1.0
0.40392426355423794,0.09568174107804124,0.22914681889749292,-0.05705668653291797,1.1437160589827384,-1.4455184837417845,-1.6614695863199063,-0.6841423458248278,-0.11468405414966357,-0.6826680894736445,-0.6525136639846563,1.2815529643835217,-0.6505684099646967,0.0,0.0,0.8787878787878787,0.8787878787878787,0.22667835978372425,0.0,0.6167340640431038,0.9811223246574435,-0.6829968743182837,-0.651087827846492,-0.5000000000000004,0.8660254037844384,-0.8660254037844386,0.5000000000000001,-2.4492935982947064e-16,1.0
0.3055259764093277,-0.06222982837170911,0.5188151265545653,0.23300870538887822,0.6582718189721298,-1.7151614512500166,-2.0389196271954866,-0.6841423458248278,0.6201203486940059,-0.6826680894736445,-0.6525136639846563,2.022637032332232,-0.6505684099646967,0.0,0.0,0.0,0.0,0.22667835978372425,0.0,0.5492190872893982,1.1429319073690285,-0.6829968743182837,-0.651087827846492,-0.5000000000000004,0.8660254037844384,-0.7071067811865477,0.7071067811865474,-2.4492935982947064e-16,1.0
0.25052340034467985,-0.19382280291316867,1.1244852243829888,-0.5053395649575132,0.6582718189721298,-1.984804418758249,-1.607548151909109,-0.6841423458248278,1.2273008289385117,-0.6826680894736445,-0.6525136639846563,2.302678016534049,-0.6505684099646967,0.0,0.0,0.0,0.0,0.22667835978372425,0.0,0.4600558181501644,1.358678017651142,-0.6829968743182837,-0.651087827846492,-0.5000000000000004,0.8660254037844384,-0.5000000000000004,0.8660254037844384,-2.4492935982947064e-16,1.0
0.8730049725808442,-0.06222982837170911,1.2561526369543852,-0.18890459195191697,-0.7441226521696283,-2.1465901992631884,-1.8232338895522977,-0.6841423458248278,1.629509554705573,-0.6826680894736445,-0.6525136639846563,2.4358682407275962,-0.6505684099646967,0.0,0.0,0.0,0.0,0.22667835978372425,0.0,0.3390994878700856,1.1429319073690285,-0.6829968743182837,-0.651087827846492,-0.5000000000000004,0.8660254037844384,-0.25881904510252157,0.9659258262890681,-2.4492935982947064e-16,1.0
0.7246296115130856,-0.19382280291316867,0.8084834342116368,-0.6371874703765118,-1.067752145510034,-1.2298041097351986,-0.6369623325147594,-0.6841423458248278,1.788072610056049,-0.6826680894736445,-0.6525136639846563,2.4734347142180835,-0.6505684099646967,0.0,0.0,0.0,0.0,-0.19430002775154487,0.0,0.3147628809352625,-1.8235771090100303,-0.6829968743182837,-0.651087827846492,-0.5000000000000004,0.8660254037844384,-2.4492935982947064e-16,1.0,-2.4492935982947064e-16,1.0
0.13125104351182412,-0.19382280291316867,0.6768160216402405,-0.7954049568793099,-1.1756286432901693,-0.6905181747187339,-1.7693124551415005,-0.5798441108627169,1.6875204286142838,-0.6826680894736445,-0.23277692976616493,2.4392833746812768,-0.6505684099646967,0.0,0.0,0.0,0.0,0.22667835978372425,0.0,0.305838266681971,0.3338839938111034,-0.6829968743182837,-0.651087827846492,-0.5000000000000004,0.8660254037844384,0.25881904510252074,0.9659258262890683,0.7818314824680298,0.6234898018587336
0.1290886957476601,0.22727471561950033,0.5188151265545653,-0.7954049568793099,-1.4453198877405073,-0.47480380071214795,-0.798726635747151,-0.11629639992000235,1.3471899683498472,-0.6826680894736445,1.2789578121752305,2.3299990881634947,-0.6505684099646967,0.0,0.0,0.0,0.0,0.09512261367895261,0.0,0.31263270691189204,1.1429319073690285,-0.6829968743182837,-0.651087827846492,-0.5000000000000004,0.8660254037844384,0.49999999999999994,0.8660254037844387,0.7818314824680298,0.6234898018587336
0.1291058572378519,0.5167792596107107,0.5188151265545653,-1.2173182542201055,-1.7150111321908454,-0.582660987715441,-0.3134337260499762,0.6176541424059625,0.7941529704201382,-0.6826680894736445,2.019468961162325,2.104600247220569,-0.6505684099646967,0.0,0.0,0.0,0.0,-0.06274428164677277,0.0,0.302212478878937,0.6575031592342735,-0.6829968743182837,-0.651087827846492,-0.5000000000000004,0.8660254037844384,0.7071067811865476,0.7071067811865476,0.7818314824680298,0.6234898018587336
0.12832787197069,1.1221069425014227,0.38714771398316894,-1.085470348801107,-1.9847023766411835,-0.09730364620062269,-0.15166942281758458,1.2241290642226808,0.09802248351560919,-0.6826680894736445,2.299293450641319,1.5854998862611034,-0.6505684099646967,0.0,0.8787878787878787,0.0,0.0,-0.19430002775154487,0.0,0.329722348009146,0.6575031592342735,-0.6829968743182837,-0.651087827846492,-0.5000000000000004,0.8660254037844384,0.8660254037844386,0.5000000000000001,0.7818314824680298,0.6234898018587336
0.12784162173989422,1.2536999170428818,0.22914681889749292,-1.2173182542201055,-2.146517123311386,0.33412510181254906,-0.798726635747151,1.6258704137063669,-0.5052906051349826,-0.6826680894736445,2.432380707832548,0.21261603688146472,-0.6505684099646967,0.0,0.8787878787878787,0.0,0.0,-0.06274428164677277,0.0,0.3782034881913352,-0.7448465575994635,-0.6829968743182837,-0.651087827846492,-0.5000000000000004,0.8660254037844384,0.9659258262890683,0.25881904510252074,0.7818314824680298,0.6234898018587336
0.2732108903782101,0.8062838036019201,0.22914681889749292,-1.5073836461419021,-1.2295668921802367,-1.5533756707450774,-0.15166942281758458,1.7842492149451277,-0.6831906184550289,-0.6826680894736445,2.4699181393480227,-0.6514128533997506,-0.6505684099646967,0.0,0.8787878787878787,0.0,0.0,-0.19430002775154487,0.0,0.48773245846073576,-1.0684657230226335,-0.6829968743182837,-0.651087827846492,-0.5000000000000004,0.8660254037844384,1.0,6.123233995736766e-17,0.7818314824680298,0.6234898018587336
0.264492853360787,0.6746908290604611,0.09747940632609654,-1.5073836461419021,-0.6901844032795607,-1.4455184837417845,-0.15166942281758458,1.6838138775742062,-0.6831906184550289,-0.6168261711004925,2.4357932016066823,-0.6514128533997506,-0.623237470013418,0.0,0.8787878787878787,0.0,0.0,-0.19430002775154487,0.024131317795199423,0.552543191354,-1.1763387781636903,-0.5784597449558877,-0.23061690368287488,-0.5000000000000004,0.8660254037844384,0.9659258262890683,-0.25881904510252063,0.7818314824680298,0.6234898018587336
0.18260395410334737,0.5167792596107107,-0.06052148875957856,-0.7954049568793099,-0.47443140771929015,-1.6612328577483704,-0.798726635747151,1.3438788895495488,-0.6831906184550289,-0.24501298499328142,2.326593400834392,-0.6514128533997506,0.1659434210797525,0.0,0.8787878787878787,0.0,0.0,0.22667835978372425,0.11517396155572074,0.5804067833870293,-1.446021416016332,-0.1138502811230164,1.2837621158657624,-0.5000000000000004,0.8660254037844384,0.8660254037844387,-0.4999999999999998,0.7818314824680298,0.6234898018587336
0.22309362424198503,0.5167792596107107,0.22914681889749292,0.23300870538887822,-0.5823079054994255,-2.0387330122598954,-1.7153910207307033,0.7914845340094805,-0.6831906184550289,0.4211523067821386,2.1013688117415428,-0.6514128533997506,0.9995370895937506,0.0,0.0,0.0,0.0,0.5161010012142222,0.316451216407343,0.5933169522648739,-1.7157040538689736,0.6217813699456964,2.025568543048729,-0.5000000000000004,0.8660254037844384,0.7071067811865476,-0.7071067811865475,0.7818314824680298,0.6234898018587336
0.5510668804585408,0.3851862850692516,-0.5081906915023265,0.5230740973106753,-0.09686366548881685,-1.607304264246724,-2.0389196271954866,0.09616296759540853,-0.6831906184550289,1.033094842250257,1.5826697580731632,-0.6514128533997506,1.433415761320299,0.8787878787878787,0.0,0.0,0.0,1.121257433296172,0.48854692732720767,0.5780681966078557,-1.9853866917216154,1.2296454184603698,2.3058824924911403,-0.5000000000000004,0.8660254037844384,0.49999999999999994,-0.8660254037844387,0.7818314824680298,0.6234898018587336
0.13951143850260114,0.22727471561950033,-0.1921889013309754,0.8131394892324716,0.3346423256317241,-1.8230186382533096,-1.877155323963095,-0.5064490566301205,-0.6831906184550289,1.4475116225989193,0.21084726087126487,-0.6514128533997506,1.6383978109548887,0.8787878787878787,0.0,0.0,0.0,1.2528131794009436,0.6007550604520944,0.5674379680099481,-2.1471962744332003,1.6323069537821915,2.43920254161619,-0.5000000000000004,0.8660254037844384,0.258819045102521,-0.9659258262890682,0.7818314824680298,0.6234898018587336
0.7959384177443137,0.22727471561950033,-0.6398581040737229,0.9713569757352701,-1.5531963855206425,-0.6365895812170874,-1.8232338895522977,-0.6841423458248278,-0.6831906184550289,1.4784960547745203,-0.6525136639846563,-0.6514128533997506,1.515408581174135,0.8787878787878787,0.0,0.0,0.0,0.8055236426447192,0.6496441191083795,0.5474891436110375,-1.2302753057342186,1.791048520591756,2.47680563239505,-0.5000000000000004,0.8660254037844384,1.2246467991473532e-16,-1.0,0.7818314824680298,0.6234898018587336
0.5591842309962712,0.09568174107804124,-0.7978589991593985,1.1295744622380688,-1.4453198877405073,-1.769090044751663,-1.8232338895522977,-0.6841423458248278,-0.6831906184550289,1.4242732984672186,-0.6525136639846563,-0.6514128533997506,1.4846612737289464,0.8787878787878787,0.0,0.0,0.0,0.6739678965399476,0.6339113780131318,0.5572511991416405,-0.6909100300289351,1.6903831367613005,2.442621004414268,-0.5000000000000004,0.8660254037844384,-0.2588190451025208,-0.9659258262890683,0.7818314824680298,0.6234898018587336
0.5441279064833384,-0.06222982837170911,-0.7978589991593985,0.9713569757352701,-1.6610728833007777,-0.7983753617220268,-1.7693124551415005,-0.6841423458248278,-0.6831906184550289,1.1609056249746108,-0.6525136639846563,-0.6514128533997506,1.4880776412228562,0.8787878787878787,0.0,0.0,0.0,0.5161010012142222,0.5491163686849722,0.5422737539706113,-0.47516391974682176,1.3496695299505281,2.333230194875766,-0.5000000000000004,0.8660254037844384,-0.4999999999999997,-0.8660254037844388,0.7818314824680298,0.6234898018587336
0.901842008040755,0.22727471561950033,-1.2191947193878672,0.8131394892324716,-2.0386406255312512,-0.3130180202072086,-1.7153910207307033,-0.6841423458248278,-0.6831906184550289,0.5876936297259936,-0.6525136639846563,-0.6514128533997506,1.112277216892775,0.0,0.0,0.0,0.0,0.5161010012142222,0.3789553674596667,0.5560745813421053,-0.5830369748878784,0.7960099188830232,2.1076116502026054,-0.5000000000000004,0.8660254037844384,-0.7071067811865471,-0.7071067811865479,0.7818314824680298,0.6234898018587336
0.19999424128236196,-0.5096459418126703,-1.0875273068164708,0.5230740973106753,-1.60713463441071,-0.15123223970226915,-1.5536267174983118,-0.6841423458248278,-0.6831906184550289,-0.06685249998357606,-0.6525136639846563,-0.6514128533997506,0.4495019230742683,0.0,0.0,0.8787878787878787,0.8787878787878787,0.3845452551094506,0.07659600910378994,0.587073635468829,-0.09760822675312336,0.09909572313371627,1.5880053048947211,-0.5000000000000004,0.8660254037844384,-0.8660254037844385,-0.5000000000000004,0.7818314824680298,0.6234898018587336
0.675516241068609,-0.19382280291316867,-1.2191947193878672,0.23300870538887822,-1.8228876299709806,-0.7983753617220268,-0.8526480701579482,-0.6841423458248278,-0.6831906184550289,-0.5548573067492907,-0.6525136639846563,-0.6514128533997506,-0.5309955476778526,0.0,0.0,0.8787878787878787,0.8787878787878787,0.22667835978372425,0.0,0.6324414404461189,0.3338839938111034,-0.5048965798490164,0.2137832600672895,-0.5000000000000004,0.8660254037844384,-0.9659258262890683,-0.25881904510252063,0.7818314824680298,0.6234898018587336
0.2645786608117459,-0.6412389163541294,-1.5088630270449392,0.1011607999698797,-0.6362461543894931,-0.15123223970226915,-0.259512291639179,-0.6841423458248278,-0.6831906184550289,-0.6826680894736445,-0.6525136639846563,-0.6514128533997506,-0.6505684099646967,0.0,0.0,0.8787878787878787,0.8787878787878787,0.22667835978372425,0.0,0.6243382357196926,-1.5538944711573888,-0.6829968743182837,-0.651087827846492,-0.5000000000000004,0.8660254037844384,-1.0,-1.8369701987210297e-16,0.7818314824680298,0.6234898018587336
0.9020708393509722,-0.7991504858038802,-1.5088630270449392,0.1011607999698797,-1.768949381080913,-0.15123223970226915,0.0640163148256042,-0.6841423458248278,-0.6174449613584901,-0.6826680894736445,-0.6525136639846563,-0.6240917817703051,-0.6505684099646967,0.0,0.0,0.8787878787878787,0.8787878787878787,0.09512261367895261,0.0,0.6060344840391118,-1.446021416016332,-0.6829968743182837,-0.651087827846492,-0.5000000000000004,0.8660254037844384,-0.9659258262890684,0.2588190451025203,0.7818314824680298,0.6234898018587336
0.6392540466163628,-0.7991504858038802,-0.7978589991593985,-0.05705668653291797,-0.7980609010596958,-0.7983753617220268,-0.47519802928236776,-0.6841423458248278,-0.24617536834274129,-0.6826680894736445,-0.6525136639846563,0.16480416152993502,-0.6505684099646967,0.0,0.0,0.8787878787878787,0.8787878787878787,-0.06274428164677277,0.0,0.561483683698788,-1.6617675262984453,-0.6829968743182837,-0.651087827846492,-0.5000000000000004,0.8660254037844384,-0.8660254037844386,0.5000000000000001,0.7818314824680298,0.6234898018587336
0.4261369294771421,-1.2202480043365496,0.22914681889749292,-0.05705668653291797,-0.3126166610490873,-1.7151614512500166,-0.8526480701579482,-0.6841423458248278,0.41901598581047533,-0.6826680894736445,-0.6525136639846563,0.9980968462280242,-0.6505684099646967,0.0,0.0,0.0,0.0,0.22667835978372425,0.0,0.5249652000893065,-2.0393232192921436,-0.6829968743182837,-0.651087827846492,-0.5000000000000004,0.8660254037844384,-0.7071067811865477,0.7071067811865474,0.7818314824680298,0.6234898018587336
0.3021280013513557,-1.0886550297950905,0.5188151265545653,-0.3471220784547151,-0.15080191437888446,-2.0387330122598954,-0.259512291639179,-0.6841423458248278,1.0300638576488952,-0.6826680894736445,-0.6525136639846563,1.4318188583454723,-0.6505684099646967,0.0,0.0,0.0,0.0,-0.5100338184029966,0.0,0.4189790417899587,-1.607830998727917,-0.6829968743182837,-0.651087827846492,-0.5000000000000004,0.8660254037844384,-0.5000000000000004,0.8660254037844384,0.7818314824680298,0.6234898018587336
0.18359358859674643,-1.2202480043365496,0.8084834342116368,-0.6371874703765118,-0.7980609010596958,-1.876947231754956,-0.15166942281758458,-0.6841423458248278,1.4438747581976985,-0.6826680894736445,-0.6525136639846563,1.636726895566314,-0.6505684099646967,0.0,0.0,0.0,0.0,-0.19430002775154487,0.0,0.290703782064077,-1.8235771090100303,-0.6829968743182837,-0.651087827846492,-0.5000000000000004,0.8660254037844384,-0.25881904510252157,0.9659258262890681,0.7818314824680298,0.6234898018587336
0.1359189688439877,-1.5097525483277596,0.9664843292973129,-0.7954049568793099,-0.15080191437888446,-1.8230186382533096,1.358130740684737,-0.6841423458248278,1.474813890949011,-0.6826680894736445,-0.6525136639846563,1.513782073233809,-0.6505684099646967,0.0,0.0,0.0,0.0,-0.6415895645077683,0.0,0.2203869060652619,-0.6369735024584068,-0.6829968743182837,-0.651087827846492,-0.5000000000000004,0.8660254037844384,-2.4492935982947064e-16,1.0,0.7818314824680298,0.6234898018587336
0.13441447934794118,-1.5097525483277596,1.1244852243829888,-0.7954049568793099,-0.15080191437888446,-1.8230186382533096,-0.798726635747151,-0.6184730867746099,1.4206704086342141,-0.6826680894736445,-0.6252137137915836,1.4830458676506826,-0.6505684099646967,0.0,0.0,0.0,0.0,-0.7994564598334941,0.0,0.1950970502245033,-1.769640581439502,-0.6829968743182837,-0.651087827846492,-0.5000000000000004,0.8660254037844384,0.25881904510252074,0.9659258262890683,0.9749279121818236,-0.22252093395631434
0.13395684418589116,-0.7991504858038802,0.9664843292973129,-1.2173182542201055,-0.7980609010596958,-1.769090044751663,-0.4212765948715706,-0.24763491802043816,1.1576877802480587,-0.6826680894736445,0.16307234803338783,1.4864610016043633,-0.6505684099646967,0.0,0.0,0.0,0.0,-0.7994564598334941,0.0,0.18495559025857566,-0.7987830851699919,-0.6829968743182837,-0.651087827846492,-0.5000000000000004,0.8660254037844384,0.49999999999999994,0.8660254037844387,0.9749279121818236,-0.22252093395631434
0.14778899841586798,0.22727471561950033,0.8084834342116368,-1.3755357407229036,-1.7150111321908454,-1.7151614512500166,-0.3134337260499762,0.41678346766411944,0.5853138243487795,-0.6826680894736445,0.9957208289221023,1.110796266699487,-0.6505684099646967,0.0,0.0,0.0,0.0,-1.2204348473687636,0.0,0.18754906650395198,-0.31335433703523674,-0.6829968743182837,-0.651087827846492,-0.5000000000000004,0.8660254037844384,0.7071067811865476,0.7071067811865476,0.9749279121818236,-0.22252093395631434
0.14663918200531692,0.5167792596107107,0.5188151265545653,-1.2173182542201055,-2.0386406255312512,-1.5533756707450774,-0.6908837669255565,1.027121287072027,-0.06827535502269497,-0.6826680894736445,1.4291075382371299,0.4482602796854326,-0.6505684099646967,0.0,0.8787878787878787,0.0,0.0,-1.088879101263992,0.0,0.21617135472440063,-0.15154475432365172,-0.6829968743182837,-0.651087827846492,-0.5000000000000004,0.8660254037844384,0.8660254037844386,0.5000000000000001,0.9749279121818236,-0.22252093395631434
0.1458039871944517,0.8062838036019201,0.22914681889749292,-1.3755357407229036,-1.8768258788610481,-0.8523039552236732,-0.4212765948715706,1.4404513293292809,-0.5555666958558653,-0.6826680894736445,1.6338571646851745,-0.5318831650209264,-0.6505684099646967,0.0,0.8787878787878787,0.0,0.0,-1.2204348473687636,0.0,0.302461201499281,-0.7987830851699919,-0.6829968743182837,-0.651087827846492,-0.5000000000000004,0.8660254037844384,0.9659258262890683,0.25881904510252074,0.9749279121818236,-0.22252093395631434
0.24372171829101177,0.9641953730516715,0.09747940632609654,-1.5073836461419021,-1.8228876299709806,-0.2590894267055621,-0.4212765948715706,1.4713545100587953,-0.6831906184550289,-0.6826680894736445,1.5110073888163478,-0.6514128533997506,-0.6505684099646967,0.0,0.8787878787878787,0.0,0.0,-1.509857488799261,0.0,0.42246085115687515,-0.15154475432365172,-0.6829968743182837,-0.651087827846492,-0.5000000000000004,0.8660254037844384,1.0,6.123233995736766e-17,0.9749279121818236,-0.22252093395631434
0.3299582168015894,1.1221069425014227,0.09747940632609654,-1.2173182542201055,-1.8228876299709806,0.06448213430431671,-0.798726635747151,1.417273943782145,-0.6831906184550289,-0.6129531170785425,1.480294944849141,-0.6514128533997506,-0.6061556325438688,0.0,0.8787878787878787,0.0,0.0,-1.509857488799261,0.029813513708264894,0.478946751898213,-0.15154475432365172,-0.6171772002752937,-0.6237401254618664,-0.5000000000000004,0.8660254037844384,0.9659258262890683,-0.25881904510252063,0.9749279121818236,-0.22252093395631434
0.13013554664935856,0.9641953730516715,-0.06052148875957856,-0.7954049568793099,-1.768949381080913,-0.47480380071214795,-1.2300981110335285,1.1545969075812736,-0.6831906184550289,-0.4580309562005378,1.4837074386232751,-0.6514128533997506,-0.5378282826656723,0.0,0.8787878787878787,0.0,0.0,-0.7994564598334941,0.12099474806731261,0.47992561062914263,-0.7987830851699919,-0.24548962920899658,0.16592478089419488,-0.5000000000000004,0.8660254037844384,0.8660254037844387,-0.4999999999999998,0.9749279121818236,-0.22252093395631434
0.11300265436483635,0.8062838036019201,-0.06052148875957856,-0.3471220784547151,-1.7150111321908454,-0.8523039552236732,-1.3918624142659202,0.5828880640852588,-0.6831906184550289,0.12292714709197965,1.1083331234685267,-0.6514128533997506,-0.4558354628118364,0.0,0.0,0.0,0.0,0.22667835978372425,0.3276603881468085,0.4889336616922654,-1.7157040538689736,0.4204506022847856,1.0000297036252728,-0.5000000000000004,0.8660254037844384,0.7071067811865476,-0.7071067811865475,0.9749279121818236,-0.22252093395631434
0.11357470861429302,0.5167792596107107,-0.350189796416651,0.23300870538887822,-1.5531963855206425,-0.2590894267055621,-1.1761766766227313,-0.06994162882573088,-0.6831906184550289,0.6225511159235446,0.44630933128651606,-0.6514128533997506,0.2820999158726867,0.8787878787878787,0.0,0.0,0.0,0.5161010012142222,0.4360378982562174,0.46202511125292123,-2.0393232192921436,1.0321863963313993,1.4341744789812025,-0.5000000000000004,0.8660254037844384,0.49999999999999994,-0.8660254037844387,0.9749279121818236,-0.22252093395631434
0.11422112703304865,0.22727471561950033,-0.6398581040737229,0.5230740973106753,-0.8519991499497634,-0.15123223970226915,-0.9604909389795426,-0.5566667253155813,-0.6831906184550289,1.2616050295453138,-0.5330763818899635,-0.6514128533997506,0.9551243121729229,0.8787878787878787,0.0,0.0,0.0,0.8055236426447192,0.5703372932243757,0.4368372337352897,-1.8775136365805587,1.446463168249043,1.6392822468658939,-0.5000000000000004,0.8660254037844384,0.258819045102521,-0.9659258262890682,0.9749279121818236,-0.22252093395631434
0.10164747293100744,0.09568174107804124,-0.7978589991593985,0.8131394892324716,-0.2586784121590197,1.358768378343832,-1.4997052830875146,-0.6841423458248278,-0.6831906184550289,0.7193774664722975,-0.6525136639846563,-0.6514128533997506,-0.24402067818942696,0.8787878787878787,0.0,0.0,0.0,0.9633905379704456,0.6343160523960726,0.43542567140125743,-1.8235771090100303,1.4774371325045677,1.516217586135079,-0.5000000000000004,0.8660254037844384,1.2246467991473532e-16,-1.0,0.9749279121818236,-0.22252093395631434
0.09798635387932882,0.09568174107804124,-0.7978589991593985,0.5230740973106753,0.064951081181386,-0.7983753617220268,-0.9604909389795426,-0.6841423458248278,-0.6831906184550289,0.634170277989395,-0.6525136639846563,-0.6514128533997506,0.005374148865990536,0.8787878787878787,0.0,0.0,0.0,1.121257433296172,0.4137137783431724,0.4038134156248717,-1.8235771090100303,1.4232326950573995,1.4854514209523755,-0.5000000000000004,0.8660254037844384,-0.2588190451025208,-0.9659258262890683,0.9749279121818236,-0.22252093395631434
0.09781474240970907,-0.06222982837170911,-1.2191947193878672,0.681291583813473,-0.47443140771929015,-0.4208752072105015,-0.3673551604607734,-0.6841423458248278,-0.6831906184550289,1.0602062204039078,-0.6525136639846563,-0.6514128533997506,1.4231666588385694,0.8787878787878787,0.0,0.0,0.0,0.9633905379704456,0.30422756473300006,0.4019931717035814,-1.769640581439502,1.159953998885439,1.4888698837504537,-0.5000000000000004,0.8660254037844384,-0.4999999999999997,-0.8660254037844388,0.9749279121818236,-0.22252093395631434
0.10257419340136344,-0.06222982837170911,-1.3771956144735429,0.5230740973106753,-0.8519991499497634,-0.3130180202072086,-0.2055908572283818,-0.6841423458248278,-0.6831906184550289,0.5644553055942929,-0.6525136639846563,-0.6514128533997506,0.9380424747033738,0.0,0.0,0.0,0.0,0.8055236426447192,0.08892498707851919,0.47806101049096217,-1.7157040538689736,0.5869356601582311,1.1128389759618529,-0.5000000000000004,0.8660254037844384,-0.7071067811865471,-0.7071067811865479,0.9749279121818236,-0.22252093395631434
0.20217948247444176,-0.3517343723629195,-1.2191947193878672,0.1011607999698797,-0.2586784121590197,-0.6905181747187339,0.1718591836471986,-0.6841423458248278,-0.6831906184550289,-0.028121959764074896,-0.6525136639846563,-0.6514128533997506,0.6783985451662269,0.0,0.0,0.8787878787878787,0.8787878787878787,0.5161010012142222,0.006497106024688331,0.49653225042700533,-1.5538944711573888,-0.06738933473972927,0.44965719313468444,-0.5000000000000004,0.8660254037844384,-0.8660254037844385,-0.5000000000000004,0.9749279121818236,-0.22252093395631434
0.21985581737197288,-0.6412389163541294,-1.3771956144735429,-0.18890459195191697,-0.15080191437888446,-0.4208752072105015,0.4953877901119818,-0.6841423458248278,-0.6831906184550289,-0.566476468815141,-0.6525136639846563,-0.6514128533997506,-0.5207464451961231,0.0,0.0,0.8787878787878787,0.8787878787878787,0.22667835978372425,0.0,0.5279380910139374,-0.8527196127405202,-0.5552292717642441,-0.5314416299137554,-0.5000000000000004,0.8660254037844384,-0.9659258262890683,-0.25881904510252063,0.9749279121818236,-0.22252093395631434
0.4830844858711849,-0.7991504858038802,-1.5088630270449392,-0.18890459195191697,1.3594690545430088,-0.4208752072105015,0.3336234868795902,-0.6841423458248278,-0.6831906184550289,-0.6826680894736445,-0.6525136639846563,-0.6514128533997506,-0.6505684099646967,0.0,0.0,0.8787878787878787,0.8787878787878787,0.09512261367895261,0.0,0.5294923512928377,-0.2594178094647084,-0.6829968743182837,-0.651087827846492,-0.5000000000000004,0.8660254037844384,-1.0,-1.8369701987210297e-16,0.9749279121818236,-0.22252093395631434
0.4190034814950866,-0.7991504858038802,-1.2191947193878672,-0.18890459195191697,-0.7980609010596958,-0.7983753617220268,0.818916396576765,-0.6841423458248278,-0.613577569764576,-0.6826680894736445,-0.6525136639846563,-0.6070161120019016,-0.6505684099646967,0.0,0.0,0.8787878787878787,0.8787878787878787,0.09512261367895261,0.0,0.5170563739345864,0.06420135595846167,-0.6829968743182837,-0.651087827846492,-0.5000000000000004,0.8660254037844384,-0.9659258262890684,0.2588190451025203,0.9749279121818236,-0.22252093395631434
0.465602624980507,-1.2202480043365496,-0.7978589991593985,-0.18890459195191697,-0.42049315882922256,-1.2298041097351986,0.6571520933443734,-0.6841423458248278,-0.45888190600801404,-0.6826680894736445,-0.6525136639846563,-0.5387134329282878,-0.6505684099646967,0.0,0.0,0.8787878787878787,0.8787878787878787,-0.06274428164677277,0.0,0.4771314250633215,-0.47516391974682176,-0.6829968743182837,-0.651087827846492,-0.5000000000000004,0.8660254037844384,-0.8660254037844386,0.5000000000000001,0.9749279121818236,-0.22252093395631434
0.434717674573031,-1.3781595737863004,-0.350189796416651,-0.18890459195191697,-0.3126166610490873,-1.391589890240138,0.6571520933443734,-0.6841423458248278,0.12122683307909349,-0.6826680894736445,-0.6525136639846563,-0.45675021803995114,-0.6505684099646967,0.0,0.0,0.0,0.0,-0.06274428164677277,0.0,0.39299024260545756,-0.8527196127405202,-0.6829968743182837,-0.651087827846492,-0.5000000000000004,0.8660254037844384,-0.7071067811865477,0.7071067811865474,0.9749279121818236,-0.22252093395631434
0.28187172128422794,-1.2202480043365496,0.22914681889749292,-0.18890459195191697,-0.6901844032795607,-1.1758755162335521,0.6571520933443734,-0.6841423458248278,0.6201203486940059,-0.6826680894736445,-0.6525136639846563,0.2809187159550786,-0.6505684099646967,0.0,0.0,0.0,0.0,-0.3521669230772707,0.0,0.28466196337108673,-0.2594178094647084,-0.6829968743182837,-0.651087827846492,-0.5000000000000004,0.8660254037844384,-0.5000000000000004,0.8660254037844384,0.9749279121818236,-0.22252093395631434
0.7294605023561103,-1.3781595737863004,0.5188151265545653,-0.5053395649575132,-0.42049315882922256,-0.9601611422269661,1.1424450030415483,-0.6841423458248278,1.258239961689824,-0.6826680894736445,-0.6525136639846563,0.9537001048301752,-0.6505684099646967,0.0,0.0,0.0,0.0,-0.6415895645077683,0.0,0.22014046784130736,-0.15154475432365172,-0.6829968743182837,-0.651087827846492,-0.5000000000000004,0.8660254037844384,-0.25881904510252157,0.9659258262890681,0.9749279121818236,-0.22252093395631434
0.14858414860551972,-1.5097525483277596,0.8084834342116368,-0.7954049568793099,-0.42049315882922256,-1.499447077243431,0.6032306589335762,-0.6841423458248278,0.7168051385418572,-0.6826680894736445,-0.6525136639846563,-0.24501191291174818,-0.6505684099646967,0.0,0.0,0.0,0.0,-0.7994564598334941,0.0,0.1910309578223084,1.358678017651142,-0.6829968743182837,-0.651087827846492,-0.5000000000000004,0.8660254037844384,-2.4492935982947064e-16,1.0,0.9749279121818236,-0.22252093395631434
0.14797205659944562,-1.2202480043365496,0.5188151265545653,-0.7954049568793099,-0.7980609010596958,-0.9601611422269661,1.358130740684737,-0.6146101891834206,0.6317225234757481,-0.6826680894736445,-0.6081512449209132,0.004292865706942438,-0.6505684099646967,0.0,0.0,0.0,0.0,-0.7994564598334941,0.0,0.18593854656150444,-0.7987830851699919,-0.6829968743182837,-0.651087827846492,-0.5000000000000004,0.8660254037844384,0.25881904510252074,0.9659258262890683,0.43388373911755823,-0.900968867902419
0.1478576443766351,-0.7991504858038802,0.6768160216402405,-0.7954049568793099,-1.2295668921802367,-0.366946613708855,1.1424450030415483,-0.460094285535849,1.0571355988062936,-0.6826680894736445,-0.5399013694382317,1.4215734564844302,-0.6505684099646967,0.0,0.0,0.0,0.0,-1.2204348473687636,0.0,0.21281182714986668,-0.42122739217629346,-0.6829968743182837,-0.651087827846492,-0.5000000000000004,0.8660254037844384,0.49999999999999994,0.8660254037844387,0.43388373911755823,-0.900968867902419
0.14913903793248653,-0.3517343723629195,0.5188151265545653,-0.7954049568793099,-1.3913816388504396,-0.20516083320391562,1.1424450030415483,0.11934035314254425,0.5621094747852952,-0.6826680894736445,-0.4580015188590139,0.9366244350617717,-0.6505684099646967,0.0,0.0,0.0,0.0,-1.3783017426944895,0.0,0.1804480305711651,-0.31335433703523674,-0.6829968743182837,-0.651087827846492,-0.5000000000000004,0.8660254037844384,0.7071067811865476,0.7071067811865476,0.43388373911755823,-0.900968867902419
0.14825808029187593,0.22727471561950033,0.09747940632609654,-0.9272528622983084,-1.1756286432901693,0.17233932130760965,1.1424450030415483,0.6176541424059625,-0.02960143908355447,-0.6826680894736445,0.2790971363539464,0.6770742545820391,-0.6505684099646967,0.0,0.8787878787878787,0.0,0.0,-1.2204348473687636,0.0,0.17653815297947006,-0.6909100300289351,-0.6829968743182837,-0.651087827846492,-0.5000000000000004,0.8660254037844384,0.8660254037844386,0.5000000000000001,0.43388373911755823,-0.900968867902419
0.14787480929912492,0.5167792596107107,-0.1921889013309754,-0.9272528622983084,-0.9598756477298988,0.4959108823174885,0.9806806998091566,1.2550322449521951,-0.5671688706376075,-0.6826680894736445,0.9513584098583593,-0.5216377631598843,-0.6505684099646967,0.0,0.8787878787878787,0.0,0.0,-1.3783017426944895,0.0,0.20183154297607775,-0.42122739217629346,-0.6829968743182837,-0.651087827846492,-0.5000000000000004,0.8660254037844384,0.9659258262890683,0.25881904510252074,0.43388373911755823,-0.900968867902419
0.26722153030127965,0.8062838036019201,-0.1921889013309754,-0.9272528622983084,-1.4992581366305748,0.33412510181254906,0.818916396576765,0.7142265821856947,-0.6831906184550289,-0.6826680894736445,-0.24642690486270125,-0.6514128533997506,-0.6505684099646967,0.0,0.8787878787878787,0.0,0.0,-1.509857488799261,0.0,0.2696952231069051,-0.42122739217629346,-0.6829968743182837,-0.651087827846492,-0.5000000000000004,0.8660254037844384,1.0,6.123233995736766e-17,0.43388373911755823,-0.900968867902419
0.30587493815088734,0.5167792596107107,-0.1921889013309754,-0.9272528622983084,-0.9598756477298988,0.8194824433273673,0.818916396576765,0.6292428351795304,-0.6831906184550289,-0.6168261711004925,0.0026851406490862673,-0.6514128533997506,-0.6471520424707868,0.0,0.8787878787878787,0.0,0.0,-1.2204348473687636,0.03412643977653289,0.3462698291112719,-0.7987830851699919,-0.613305454743353,-0.6066478114714755,-0.5000000000000004,0.8660254037844384,0.9659258262890683,-0.25881904510252063,0.43388373911755823,-0.900968867902419
0.25052340034467985,0.6746908290604611,-0.1921889013309754,-0.5053395649575132,-0.36655490993915496,0.6576966628224279,0.3336234868795902,1.0541615702103522,-0.6831906184550289,-0.3495854435859345,1.4188700569147277,-0.6514128533997506,-0.5993228975560492,0.0,0.8787878787878787,0.0,0.0,-0.7994564598334941,0.1385458017534045,0.3735953587211722,-1.2302753057342186,-0.45843563346572924,-0.5382785555099118,-0.5000000000000004,0.8660254037844384,0.8660254037844387,-0.4999999999999998,0.43388373911755823,-0.900968867902419
0.18423427851007607,0.5167792596107107,-0.1921889013309754,-0.3471220784547151,-0.20474016326895209,0.6576966628224279,0.1718591836471986,0.5597106785381232,-0.6831906184550289,-0.1520596884664786,0.934295940987689,-0.6514128533997506,-0.3123480280676236,0.0,0.0,0.0,0.0,-0.3521669230772707,0.3467525679048298,0.3819202420927488,-1.3920848884458037,0.12232619632535983,-0.45623544835603524,-0.5000000000000004,0.8660254037844384,0.7071067811865476,-0.7071067811865475,0.43388373911755823,-0.900968867902419
0.13314452220915354,0.09568174107804124,-0.1921889013309754,-0.18890459195191697,0.17282757896152123,0.6576966628224279,0.1718591836471986,-0.031312652913837995,-0.6831906184550289,0.05321217469687755,0.6749464141534991,-0.6514128533997506,-0.623237470013418,0.8787878787878787,0.0,0.0,0.0,0.22667835978372425,0.38395017438677254,0.3815715387156272,-1.1763387781636903,0.6217813699456964,0.2821525160288533,-0.5000000000000004,0.8660254037844384,0.49999999999999994,-0.8660254037844387,0.43388373911755823,-0.900968867902419
0.11578281577590435,-0.19382280291316867,-0.5081906915023265,0.1011607999698797,0.4964570723019269,1.1430540043372461,-0.259512291639179,-0.5682554180891491,-0.6831906184550289,0.28946847003583465,-0.5228389005675613,-0.6514128533997506,-0.602739265049959,0.8787878787878787,0.0,0.0,0.0,0.5161010012142222,0.5175843366107488,0.3781254294447528,-0.9605926678815769,1.2606193827158945,0.9555896872502563,-0.5000000000000004,0.8660254037844384,0.258819045102521,-0.9659258262890682,0.43388373911755823,-0.900968867902419
0.1143355392558592,-0.19382280291316867,-0.7978589991593985,0.1011607999698797,0.3346423256317241,0.6037680693207814,-0.47519802928236776,-0.6841423458248278,-0.6831906184550289,0.235245713728533,-0.6525136639846563,-0.6514128533997506,-0.6266538375073278,0.8787878787878787,0.0,0.0,0.0,0.8055236426447192,0.5061423334108197,0.3780231950233758,-1.4999579435868604,0.7185750082442113,-0.24429075487518762,-0.5000000000000004,0.8660254037844384,1.2246467991473532e-16,-1.0,0.43388373911755823,-0.900968867902419
0.11335160924179989,-0.19382280291316867,-0.7978589991593985,0.23300870538887822,0.8200865656423326,1.358768378343832,-0.2055908572283818,-0.6841423458248278,-0.6831906184550289,0.35918344243093675,-0.6525136639846563,-0.6514128533997506,-0.6403193074829672,0.8787878787878787,0.0,0.0,0.0,0.5161010012142222,0.4572255478537569,0.37701304108630307,-0.9605926678815769,0.6333966065415182,0.005257029384520073,-0.5000000000000004,0.8660254037844384,-0.2588190451025208,-0.9659258262890683,0.43388373911755823,-0.900968867902419
0.12130310427372099,-0.19382280291316867,-0.7978589991593985,0.23300870538887822,0.6582718189721298,1.1430540043372461,-0.47519802928236776,-0.6841423458248278,-0.6831906184550289,-0.17529801259817931,-0.6525136639846563,-0.6514128533997506,-0.6471520424707868,0.8787878787878787,0.0,0.0,0.0,0.6739678965399476,0.5048395815185784,0.3719063907628024,-0.3672908646057651,1.0592886150549836,1.423919090586968,-0.5000000000000004,0.8660254037844384,-0.4999999999999997,-0.8660254037844388,0.43388373911755823,-0.900968867902419
0.1579314425515067,-0.19382280291316867,-0.7978589991593985,0.1011607999698797,0.6582718189721298,1.1430540043372461,-0.6369623325147594,-0.6841423458248278,-0.6831906184550289,-0.37669682173958535,-0.6525136639846563,-0.6514128533997506,-0.643735674976877,0.0,0.0,0.0,0.0,0.5161010012142222,0.29322349755322075,0.36672726463456806,-0.20548128189418005,0.5637051869665876,0.9384973732598654,-0.5000000000000004,0.8660254037844384,-0.7071067811865471,-0.7071067811865479,0.43388373911755823,-0.900968867902419
0.23338480358081787,-0.19382280291316867,-0.9295264117307949,0.1011607999698797,0.6582718189721298,1.1430540043372461,-0.7448052013363538,-0.6841423458248278,-0.6831906184550289,-0.5083806584858893,-0.6525136639846563,-0.6514128533997506,-0.6471520424707868,0.0,0.0,0.8787878787878787,0.8787878787878787,0.09512261367895261,0.03560103858264767,0.4167640992458572,0.17207441109951835,-0.02867187942032333,0.678694200605923,-0.5000000000000004,0.8660254037844384,-0.8660254037844385,-0.5000000000000004,0.43388373911755823,-0.900968867902419
0.2609633080221107,-0.5096459418126703,-0.9295264117307949,-0.05705668653291797,1.1437160589827384,0.9812682238323067,-0.7448052013363538,-0.6841423458248278,-0.6831906184550289,-0.6284453331663429,-0.6525136639846563,-0.6514128533997506,-0.6505684099646967,0.0,0.0,0.8787878787878787,0.8787878787878787,-0.19430002775154487,0.0,0.44426771957876743,0.4956935765226884,-0.5668445083600658,-0.5211862415195209,-0.5000000000000004,0.8660254037844384,-0.9659258262890683,-0.25881904510252063,0.43388373911755823,-0.900968867902419
0.41115494853972007,-0.7991504858038802,-0.9295264117307949,-0.5053395649575132,0.6043335700820621,0.8194824433273673,-0.09774798840678739,-0.6841423458248278,-0.6831906184550289,-0.6826680894736445,-0.6525136639846563,-0.6514128533997506,-0.6505684099646967,0.0,0.0,0.8787878787878787,0.8787878787878787,-0.19430002775154487,0.0,0.46088363013327793,0.3338839938111034,-0.6829968743182837,-0.651087827846492,-0.5000000000000004,0.8660254037844384,-1.0,-1.8369701987210297e-16,0.43388373911755823,-0.900968867902419
0.32609117359680156,-0.7991504858038802,-0.9295264117307949,-0.3471220784547151,1.3594690545430088,0.8194824433273673,-0.09774798840678739,-0.6841423458248278,-0.6174449613584901,-0.6826680894736445,-0.6525136639846563,-0.64799771944607,-0.6505684099646967,0.0,0.0,0.8787878787878787,0.8787878787878787,-0.19430002775154487,0.0,0.4100917666615088,0.8193127419458585,-0.6829968743182837,-0.651087827846492,-0.5000000000000004,0.8660254037844384,-0.9659258262890684,0.2588190451025203,0.43388373911755823,-0.900968867902419
0.40840911010903563,-0.7991504858038802,-0.5081906915023265,-0.3471220784547151,1.1437160589827384,0.33412510181254906,-0.09774798840678739,-0.6841423458248278,-0.3505949413784206,-0.6826680894736445,-0.6525136639846563,-0.6001858440945402,-0.6505684099646967,0.0,0.0,0.8787878787878787,0.8787878787878787,-0.19430002775154487,0.0,0.4007515561682108,0.6575031592342735,-0.6829968743182837,-0.651087827846492,-0.5000000000000004,0.8660254037844384,-0.8660254037844386,0.5000000000000001,0.43388373911755823,-0.900968867902419
0.44564384621044983,-0.7991504858038802,-0.350189796416651,-0.3471220784547151,1.1437160589827384,0.17233932130760965,0.010094880414807005,-0.6841423458248278,-0.15335797008880409,-0.6826680894736445,-0.6525136639846563,-0.31331459198536205,-0.6505684099646967,0.0,0.0,0.0,0.0,-0.19430002775154487,0.0,0.3213674499226762,0.6575031592342735,-0.6829968743182837,-0.651087827846492,-0.5000000000000004,0.8660254037844384,-0.7071067811865477,0.7071067811865474,0.43388373911755823,-0.900968867902419
0.33080485146181643,-0.9307434603453393,-0.1921889013309754,-0.3471220784547151,1.1437160589827384,0.17233932130760965,0.3336234868795902,-0.6841423458248278,0.05161378438864058,-0.6826680894736445,-0.6525136639846563,-0.6240917817703051,-0.6505684099646967,0.0,0.0,0.0,0.0,-0.19430002775154487,0.0,0.23665127567404154,0.6575031592342735,-0.6829968743182837,-0.651087827846492,-0.5000000000000004,0.8660254037844384,-0.5000000000000004,0.8660254037844384,0.43388373911755823,-0.900968867902419
0.2355643025382795,-0.9307434603453393,0.09747940632609654,-0.5053395649575132,0.9819013123125355,-0.2590894267055621,0.3336234868795902,-0.6841423458248278,0.28752467161739764,-0.6826680894736445,-0.6525136639846563,-0.603600978048221,-0.6505684099646967,0.0,0.0,0.0,0.0,-0.5100338184029966,0.0,0.18949001465240523,1.1429319073690285,-0.6829968743182837,-0.651087827846492,-0.5000000000000004,0.8660254037844384,-0.25881904510252157,0.9659258262890681,0.43388373911755823,-0.900968867902419
0.14340710020843275,-0.9307434603453393,0.09747940632609654,0.39122619189167684,0.8200865656423326,-0.47480380071214795,-1.4457838486767174,-0.6841423458248278,0.23338118930260093,-0.6826680894736445,-0.6525136639846563,-0.6275069157239859,-0.6505684099646967,0.0,0.0,0.0,0.0,-0.7994564598334941,0.0,0.17414552946955852,0.6035666316637451,-0.6829968743182837,-0.651087827846492,-0.5000000000000004,0.8660254037844384,-2.4492935982947064e-16,1.0,0.43388373911755823,-0.900968867902419
0.14226300200641356,-0.9307434603453393,0.22914681889749292,-0.6371874703765118,0.8200865656423326,-0.20516083320391562,0.4953877901119818,-0.6184730867746099,0.3571377203078505,-0.6826680894736445,-0.6491011702105222,-0.6411674515387086,-0.6505684099646967,0.0,0.0,0.0,0.0,-0.7994564598334941,0.0,0.1594377557557185,1.358678017651142,-0.6829968743182837,-0.651087827846492,-0.5000000000000004,0.8660254037844384,0.25881904510252074,0.9659258262890683,-0.433883739117558,-0.9009688679024191
0.14146213017593193,-0.5096459418126703,0.22914681889749292,-0.6371874703765118,0.3346423256317241,-0.47480380071214795,0.4953877901119818,-0.35193315298254896,-0.17656231965228839,-0.6826680894736445,-0.6013262573726451,-0.64799771944607,-0.6505684099646967,0.0,0.0,0.0,0.0,-0.7994564598334941,0.0,0.1464670452515875,1.1429319073690285,-0.6829968743182837,-0.651087827846492,-0.5000000000000004,0.8660254037844384,0.49999999999999994,0.8660254037844387,-0.433883739117558,-0.9009688679024191
0.14043244076442524,-0.3517343723629195,0.09747940632609654,-0.7954049568793099,0.17282757896152123,-0.6365895812170874,0.6032306589335762,-0.15492537583189522,-0.377666682535819,-0.6826680894736445,-0.31467678034538277,-0.6445825854923893,-0.6505684099646967,0.0,0.0,0.0,0.0,-0.7994564598334941,0.0,0.15822487444399147,1.1429319073690285,-0.6829968743182837,-0.651087827846492,-0.5000000000000004,0.8660254037844384,0.7071067811865476,0.7071067811865476,-0.433883739117558,-0.9009688679024191
0.14069558475813185,-0.19382280291316867,0.09747940632609654,-0.9272528622983084,0.17282757896152123,-0.7444467682203804,0.818916396576765,0.04980819650113706,-0.5091579967288967,-0.6826680894736445,-0.6252137137915836,-0.64799771944607,-0.6505684099646967,0.0,0.8787878787878787,0.0,0.0,-0.9310122059382657,0.0,0.15965651488081922,1.1429319073690285,-0.6829968743182837,-0.651087827846492,-0.5000000000000004,0.8660254037844384,0.8660254037844386,0.5000000000000001,-0.433883739117558,-0.9009688679024191
0.14041527927423347,0.09568174107804124,-0.06052148875957856,-0.7954049568793099,-0.2586784121590197,-0.7444467682203804,0.6032306589335762,0.28544494956368366,-0.6290471361402322,-0.6826680894736445,-0.6047387511467791,-0.6514128533997506,-0.6505684099646967,0.0,0.8787878787878787,0.0,0.0,-0.9310122059382657,0.0,0.22433694498451295,0.9811223246574435,-0.6829968743182837,-0.651087827846492,-0.5000000000000004,0.8660254037844384,0.9659258262890683,0.25881904510252074,-0.433883739117558,-0.9009688679024191
0.18243805740996147,0.09568174107804124,-0.5081906915023265,-0.7954049568793099,-0.47443140771929015,-0.09730364620062269,0.6032306589335762,0.23136438328703363,-0.6831906184550289,-0.6826680894736445,-0.6286262075657176,-0.6514128533997506,-0.6505684099646967,0.0,0.8787878787878787,0.0,0.0,-0.9310122059382657,0.0,0.331339249919982,0.8193127419458585,-0.6829968743182837,-0.651087827846492,-0.5000000000000004,0.8660254037844384,1.0,6.123233995736766e-17,-0.433883739117558,-0.9009688679024191
0.2762084329532393,0.22727471561950033,-0.350189796416651,-0.9272528622983084,-0.20474016326895209,-0.09730364620062269,0.818916396576765,0.3549771062050909,-0.6831906184550289,-0.6245722791443928,-0.642276182662254,-0.6514128533997506,-0.6164047350255983,0.0,0.8787878787878787,0.0,0.0,-0.9310122059382657,0.027623789702154546,0.4333077388742339,0.8193127419458585,-0.6171772002752937,-0.6476693650484138,-0.5000000000000004,0.8660254037844384,0.9659258262890683,-0.25881904510252063,-0.433883739117558,-0.9009688679024191
0.16271949488271467,0.22727471561950033,-0.350189796416651,-0.5053395649575132,-0.47443140771929015,-0.09730364620062269,0.4953877901119818,-0.17810276137903097,-0.6831906184550289,-0.25663214705913173,-0.6491011702105222,-0.6514128533997506,0.3025981208361457,0.0,0.8787878787878787,0.0,0.0,-0.5100338184029966,0.11173137944364829,0.4604258801213311,0.3338839938111034,-0.35002675857139265,-0.5998108858753192,-0.5000000000000004,0.8660254037844384,0.8660254037844387,-0.4999999999999998,-0.433883739117558,-0.9009688679024191
0.11486754201950627,0.09568174107804124,-0.350189796416651,0.39122619189167684,-0.6362461543894931,0.010553540802670241,-0.47519802928236776,-0.378973436120874,-0.6831906184550289,0.401787036672388,-0.645688676436388,-0.6514128533997506,1.1430245243379635,0.0,0.0,0.0,0.0,-0.3521669230772707,0.3244062824367486,0.45521586854415363,0.17207441109951835,-0.15256773644242233,-0.3126600108367514,-0.5000000000000004,0.8660254037844384,0.7071067811865476,-0.7071067811865475,-0.433883739117558,-0.9009688679024191
0.11630338555478567,0.09568174107804124,-0.350189796416651,0.9713569757352701,-0.7441226521696283,0.33412510181254906,-0.798726635747151,-0.5103119542213098,-0.6831906184550289,1.002110410074656,-0.6491011702105222,-0.6514128533997506,1.5632377260888723,0.8787878787878787,0.0,0.0,0.0,-0.19430002775154487,0.5124232481069073,0.4385903799150951,0.17207441109951835,0.052634776750429144,-0.6237401254618664,-0.5000000000000004,0.8660254037844384,0.49999999999999994,-0.8660254037844387,-0.433883739117558,-0.9009688679024191
0.11918651590700434,-0.06222982837170911,-0.5081906915023265,1.419639854159865,-0.7441226521696283,0.33412510181254906,-1.5536267174983118,-0.6300617795481778,-0.6831906184550289,1.4281463524891689,-0.6525136639846563,-0.6514128533997506,1.792134348180831,0.8787878787878787,0.0,0.0,0.0,0.09512261367895261,0.6386012688596144,0.4141426775594471,-0.2594178094647084,0.2888112541988054,-0.6032293486733973,-0.5000000000000004,0.8660254037844384,0.258819045102521,-0.9659258262890682,-0.433883739117558,-0.9009688679024191
0.1167553025083038,-0.5096459418126703,0.38714771398316894,1.8415531515006607,-0.09686366548881685,-1.4455184837417845,-1.877155323963095,-0.6841423458248278,-0.6831906184550289,1.5869415673891236,-0.6525136639846563,-0.6514128533997506,1.8467962280833883,0.8787878787878787,0.0,0.0,0.0,0.09512261367895261,0.6958556159693324,0.3818410052942166,-0.47516391974682176,0.23460681675163705,-0.6271585882599446,-0.5000000000000004,0.8660254037844384,1.2246467991473532e-16,-1.0,-0.433883739117558,-0.9009688679024191
0.11457007504541611,-0.3517343723629195,-0.6398581040737229,2.131618543422457,-0.09686366548881685,0.4959108823174885,-2.200683930427878,-0.6841423458248278,-0.6831906184550289,1.5094804869501213,-0.6525136639846563,-0.6514128533997506,1.8297143906138391,0.8787878787878787,0.0,0.0,0.0,0.22667835978372425,0.6806439782919123,0.4033468558331267,-0.20548128189418005,0.35850267377373607,-0.6408324394522574,-0.5000000000000004,0.8660254037844384,-0.2588190451025208,-0.9659258262890683,-0.433883739117558,-0.9009688679024191
0.11426116822196411,-0.3517343723629195,-0.6398581040737229,2.131618543422457,-0.09686366548881685,0.4959108823174885,-2.2546053648386755,-0.6841423458248278,-0.6831906184550289,1.1725247870404611,-0.6525136639846563,-0.6514128533997506,1.6828105883757165,0.8787878787878787,0.0,0.0,0.0,0.22667835978372425,0.5838747795684779,0.40604321186746994,-0.47516391974682176,-0.1757982096340659,-0.6476693650484138,-0.5000000000000004,0.8660254037844384,-0.4999999999999997,-0.8660254037844388,-0.433883739117558,-0.9009688679024191
0.11348318295480221,-0.3517343723629195,-0.7978589991593985,2.2898360299252554,0.01101283229131838,0.6037680693207814,-2.2546053648386755,-0.6841423458248278,-0.6831906184550289,0.6070588998357441,-0.6525136639846563,-0.6514128533997506,1.3275083690090943,0.0,0.0,0.0,0.0,0.09512261367895261,0.39043619364254634,0.40883242912724216,-0.6369735024584068,-0.3771289772949768,-0.6442509022503355,-0.5000000000000004,0.8660254037844384,-0.7071067811865471,-0.7071067811865479,-0.433883739117558,-0.9009688679024191
0.12304213299162244,-0.3517343723629195,-0.9295264117307949,1.2614223676570673,0.3346423256317241,0.8194824433273673,-1.2300981110335285,-0.6841423458248278,-0.6831906184550289,-0.06297944596162594,-0.6525136639846563,-0.6514128533997506,0.6305694002514892,0.0,0.0,0.8787878787878787,0.8787878787878787,0.09512261367895261,0.06508193857975257,0.46102018172014736,-0.7448465575994635,-0.508768325380957,-0.6476693650484138,-0.5000000000000004,0.8660254037844384,-0.8660254037844385,-0.5000000000000004,-0.433883739117558,-0.9009688679024191
0.24476285441647636,-0.5096459418126703,-0.7978589991593985,0.681291583813473,0.3346423256317241,0.6037680693207814,-0.798726635747151,-0.6841423458248278,-0.6831906184550289,-0.5780956308809914,-0.6525136639846563,-0.6514128533997506,-0.5002482402326641,0.0,0.0,0.8787878787878787,0.8787878787878787,-0.06274428164677277,0.0,0.5156040919788132,-0.7448465575994635,-0.6287924368711154,-0.651087827846492,-0.5000000000000004,0.8660254037844384,-0.9659258262890683,-0.25881904510252063,-0.433883739117558,-0.9009688679024191
0.22208108945607408,0.3851862850692516,-0.7978589991593985,0.39122619189167684,-1.4453198877405073,0.6037680693207814,-0.2055908572283818,-0.6841423458248278,-0.6831906184550289,-0.6826680894736445,-0.6525136639846563,-0.6514128533997506,-0.6505684099646967,0.0,0.0,0.8787878787878787,0.8787878787878787,-0.5100338184029966,0.0,0.5035358204878291,-0.09760822675312336,-0.6829968743182837,-0.651087827846492,-0.5000000000000004,0.8660254037844384,-1.0,-1.8369701987210297e-16,-0.433883739117558,-0.9009688679024191
0.2533664757787909,-0.6412389163541294,-0.9295264117307949,0.23300870538887822,0.4964570723019269,0.8194824433273673,0.1718591836471986,-0.6841423458248278,-0.6251797445463182,-0.6826680894736445,-0.6525136639846563,-0.6172615138629437,-0.6505684099646967,0.0,0.0,0.8787878787878787,0.8787878787878787,-0.3521669230772707,0.0,0.46894780548641324,-0.09760822675312336,-0.6829968743182837,-0.651087827846492,-0.5000000000000004,0.8660254037844384,-0.9659258262890684,0.2588190451025203,-0.433883739117558,-0.9009688679024191
0.2792631644781836,-0.6412389163541294,-0.5081906915023265,0.39122619189167684,0.4964570723019269,0.4959108823174885,0.1718591836471986,-0.6841423458248278,-0.2577775431244834,-0.6826680894736445,-0.6525136639846563,0.30140951967716273,-0.6505684099646967,0.0,0.0,0.8787878787878787,0.8787878787878787,-0.3521669230772707,0.0,0.42071477328876805,-0.09760822675312336,-0.6829968743182837,-0.651087827846492,-0.5000000000000004,0.8660254037844384,-0.8660254037844386,0.5000000000000001,-0.433883739117558,-0.9009688679024191
0.3044848574453533,-0.7991504858038802,0.38714771398316894,0.39122619189167684,0.6043335700820621,-0.47480380071214795,-0.7448052013363538,-0.6841423458248278,0.3996790278409051,-0.6826680894736445,-0.6525136639846563,1.1415324722826132,-0.6505684099646967,0.0,0.0,0.0,0.0,-0.3521669230772707,0.0,0.36512004323757974,0.010264828387933323,-0.6829968743182837,-0.651087827846492,-0.5000000000000004,0.8660254037844384,-0.7071067811865477,0.7071067811865474,-0.433883739117558,-0.9009688679024191
0.2782849595372523,-0.9307434603453393,0.9664843292973129,0.5230740973106753,0.8200865656423326,-0.7983753617220268,-1.1761766766227313,-0.6841423458248278,0.9991247248975827,-0.6826680894736445,-0.6525136639846563,1.5615939485853385,-0.6505684099646967,0.0,0.0,0.0,0.0,-0.3521669230772707,0.0,0.2917017457244524,0.3338839938111034,-0.6829968743182837,-0.651087827846492,-0.5000000000000004,0.8660254037844384,-0.5000000000000004,0.8660254037844384,-0.433883739117558,-0.9009688679024191
0.6674160520210702,-0.7991504858038802,1.4141535320400604,0.681291583813473,0.6043335700820621,-1.5533756707450774,-1.607548151909109,-0.6841423458248278,1.4245378002281284,-0.6826680894736445,-0.6525136639846563,1.790407923481945,-0.6505684099646967,0.0,0.0,0.0,0.0,-0.5100338184029966,0.0,0.21961741277562508,0.3338839938111034,-0.6829968743182837,-0.651087827846492,-0.5000000000000004,0.8660254037844384,-0.25881904510252157,0.9659258262890681,-0.433883739117558,-0.9009688679024191
0.4191464710313645,-0.7991504858038802,1.835489252268529,0.5230740973106753,0.6043335700820621,-1.876947231754956,-2.3085267992494725,-0.6841423458248278,1.5831008555786044,-0.6826680894736445,-0.6525136639846563,1.845050066740836,-0.6505684099646967,0.0,0.0,0.0,0.0,0.3845452551094506,0.0,0.10907795051946201,-1.446021416016332,-0.6829968743182837,-0.651087827846492,-0.5000000000000004,0.8660254037844384,-2.4492935982947064e-16,1.0,-0.433883739117558,-0.9009688679024191
0.2867055398774794,-0.9307434603453393,2.1251575599256007,0.39122619189167684,0.8200865656423326,-2.200518792764835,-2.0389196271954866,-0.6261988819569885,1.5057530237003234,-0.6826680894736445,-0.6183887262433154,1.8279743969724327,-0.6505684099646967,0.0,0.0,0.0,0.0,-0.6415895645077683,0.0,0.09915412284633529,0.4956935765226884,-0.6829968743182837,-0.651087827846492,-0.5000000000000004,0.8660254037844384,0.25881904510252074,0.9659258262890683,-0.9749279121818236,-0.2225209339563146
0.14268632105267612,-0.5096459418126703,2.1251575599256007,-0.05705668653291797,0.4964570723019269,-2.2544473862664813,-1.3918624142659202,-0.259223610794006,1.169289955029801,-0.6826680894736445,0.2995720989987508,1.681123636964163,-0.6505684099646967,0.0,0.0,0.0,0.0,-0.6415895645077683,0.0,0.09140781664102865,0.4956935765226884,-0.6829968743182837,-0.651087827846492,-0.5000000000000004,0.8660254037844384,0.49999999999999994,0.8660254037844387,-0.9749279121818236,-0.2225209339563146
0.14191404712945002,0.3851862850692516,2.2831584550112765,0.1011607999698797,-0.47443140771929015,-2.2544473862664813,-1.8232338895522977,0.397468979708173,0.6046507823183498,-0.6826680894736445,1.1390455674357334,1.3259497057813707,-0.6505684099646967,0.0,0.0,0.0,0.0,-0.7994564598334941,0.0,0.09512436566384225,0.6035666316637451,-0.6829968743182837,-0.651087827846492,-0.5000000000000004,0.8660254037844384,0.7071067811865476,0.7071067811865476,-0.9749279121818236,-0.2225209339563146
0.14228016692890338,0.9641953730516715,1.2561526369543852,-0.3471220784547151,-0.7980609010596958,-1.2298041097351986,-1.6614695863199063,0.9962181063425127,-0.06440796342878093,-0.6826680894736445,1.5587823016542248,0.6292623792305093,-0.6505684099646967,0.0,0.8787878787878787,0.0,0.0,-0.9310122059382657,0.0,0.10575946012849874,0.8193127419458585,-0.6829968743182837,-0.651087827846492,-0.5000000000000004,0.8660254037844384,0.8660254037844386,0.5000000000000001,-0.9749279121818236,-0.2225209339563146
0.14266343448935637,1.4116114864926321,0.6768160216402405,-0.3471220784547151,-1.5531963855206425,-0.7983753617220268,-1.607548151909109,1.4211368413733345,-0.5787710454193495,-0.6826680894736445,1.7874193845212079,-0.5011469594378002,-0.6505684099646967,0.0,0.8787878787878787,0.0,0.0,-0.7994564598334941,0.0,0.12816757553374586,0.6035666316637451,-0.6829968743182837,-0.651087827846492,-0.5000000000000004,0.8660254037844384,0.9659258262890683,0.25881904510252074,-0.9749279121818236,-0.2225209339563146
0.2144098930434553,1.8327090050253017,0.38714771398316894,-0.3471220784547151,-1.8768258788610481,-0.20516083320391562,-1.607548151909109,1.5795156426120953,-0.6831906184550289,-0.6826680894736445,1.8420192849073531,-0.6514128533997506,-0.6505684099646967,0.0,0.8787878787878787,0.0,0.0,-0.7994564598334941,0.0,0.1856337384244231,0.6035666316637451,-0.6829968743182837,-0.651087827846492,-0.5000000000000004,0.8660254037844384,1.0,6.123233995736766e-17,-0.9749279121818236,-0.2225209339563146
0.32933467464925936,2.122213549016511,0.22914681889749292,0.1011607999698797,-2.200455372201454,0.17233932130760965,-1.9849981927846894,1.5022576907883096,-0.6831906184550289,-0.6284453331663429,1.8249568160366827,-0.6514128533997506,-0.6095720000377787,0.0,0.8787878787878787,0.0,0.0,-0.9310122059382657,0.02037829684026155,0.22895426325988377,0.8193127419458585,-0.6249206913391748,-0.6169031998657101,-0.5000000000000004,0.8660254037844384,0.9659258262890683,-0.25881904510252063,-0.9749279121818236,-0.2225209339563146
0.1294662485318792,2.122213549016511,0.38714771398316894,0.681291583813473,-2.2543936210915216,0.17233932130760965,-2.200683930427878,1.1661856003548414,-0.6831906184550289,-0.2721243631469322,1.6782195837489173,-0.6514128533997506,0.03270508881726917,0.0,0.8787878787878787,0.0,0.0,-0.5100338184029966,0.10520101045128538,0.26454908243326314,0.4956935765226884,-0.2571048658048184,0.3026632928173224,-0.5000000000000004,0.8660254037844384,0.8660254037844387,-0.4999999999999998,-0.9749279121818236,-0.2225209339563146
0.11485037709701647,2.2801251184662625,0.38714771398316894,1.1295744622380688,-2.2543936210915216,-0.7444467682203804,-2.5242125368926613,0.6022025520412053,-0.6831906184550289,0.3553103884089866,1.3233202312389736,-0.6514128533997506,0.9585406796668328,0.0,0.0,0.0,0.0,0.3845452551094506,0.317149710788734,0.3034528139230579,-0.47516391974682176,0.4010918746250826,1.1436051411445567,-0.5000000000000004,0.8660254037844384,0.7071067811865476,-0.7071067811865475,-0.9749279121818236,-0.2225209339563146
0.11645212419027781,1.2536999170428818,0.5188151265545653,1.5514877595788634,-1.2295668921802367,-1.1758755162335521,-2.632055405714256,-0.0660787312345416,-0.6831906184550289,0.9130301675698034,0.627171501315622,-0.6514128533997506,1.1020281144110455,0.8787878787878787,0.0,0.0,0.0,0.9633905379704456,0.5027607291930098,0.34814805367634916,-0.7987830851699919,1.0012124320758746,1.5640760653081738,-0.5000000000000004,0.8660254037844384,0.49999999999999994,-0.8660254037844387,-0.9749279121818236,-0.2225209339563146
0.11836276437779901,0.6746908290604611,0.6768160216402405,2.131618543422457,-0.7980609010596958,-1.607304264246724,-2.793819708946647,-0.5798441108627169,-0.6831906184550289,1.2151283812819125,-0.5023639379227569,-0.6514128533997506,1.2796792240943566,0.8787878787878787,0.0,0.0,0.0,1.410680074726669,0.6256181342658939,0.34943151566576036,-1.5538944711573888,1.42710444058934,1.7931130727794122,-0.5000000000000004,0.8660254037844384,0.258819045102521,-0.9659258262890682,-0.9749279121818236,-0.2225209339563146
0.11526797793474709,0.3851862850692516,0.5188151265545653,2.5799014218470524,-0.20474016326895209,-2.308375979768128,-2.9016625777682417,-0.6841423458248278,-0.6831906184550289,1.432019406511119,-0.6525136639846563,-0.6514128533997506,1.4026684538751104,0.8787878787878787,0.0,0.0,0.0,1.8316584622619385,0.6799122089686572,0.3799585294981902,-1.8775136365805587,1.5858460073989042,1.8478084775486634,-0.5000000000000004,0.8660254037844384,1.2246467991473532e-16,-1.0,-0.9749279121818236,-0.2225209339563146
0.1134774544493762,0.22727471561950033,0.38714771398316894,3.0281843002716475,0.17282757896152123,-2.0387330122598954,-3.009505446589836,-0.6841423458248278,-0.6831906184550289,1.397161920313568,-0.6525136639846563,-0.6514128533997506,1.693059690857446,0.8787878787878787,0.0,0.0,0.0,2.1210811036924357,0.6510965483680616,0.36468949085977664,-2.2011328020037286,1.5084110967600926,1.8307161635582723,-0.5000000000000004,0.8660254037844384,-0.2588190451025208,-0.9659258262890683,-0.9749279121818236,-0.2225209339563146
0.11330012477122456,0.3851862850692516,-0.06052148875957856,3.0281843002716475,0.17282757896152123,-1.391589890240138,-3.009505446589836,-0.6841423458248278,-0.6831906184550289,0.8510613032186015,-0.6525136639846563,-0.6514128533997506,1.0268680295450292,0.8787878787878787,0.0,0.0,0.0,2.1210811036924357,0.555624566800437,0.3796993068495985,-2.255069329574257,1.1715692354812608,1.6837222632409103,-0.5000000000000004,0.8660254037844384,-0.4999999999999997,-0.8660254037844388,-0.9749279121818236,-0.2225209339563146
0.1368685724453654,0.3851862850692516,0.09747940632609654,2.448053516428054,-0.7441226521696283,-1.8230186382533096,-2.5781339713034583,-0.6841423458248278,-0.6831906184550289,0.5838205757040434,-0.6525136639846563,-0.6514128533997506,1.3035937965517255,0.0,0.0,0.0,0.0,2.278947999018162,0.38489256970149033,0.36091793193287536,-2.255069329574257,0.6062943878179341,1.3282021322407789,-0.5000000000000004,0.8660254037844384,-0.7071067811865471,-0.7071067811865479,-0.9749279121818236,-0.2225209339563146
0.25345230382353806,0.5167792596107107,-0.350189796416651,1.9997706380034583,-1.1756286432901693,-1.6612328577483704,-2.2546053648386755,-0.6841423458248278,-0.6831906184550289,-0.04361417585187536,-0.6525136639846563,-0.6514128533997506,0.435836453098629,0.0,0.0,0.8787878787878787,0.8787878787878787,1.2528131794009436,0.0681198330042294,0.3983492521444514,-1.2302753057342186,-0.06351758920778867,0.6308357214328284,-0.5000000000000004,0.8660254037844384,-0.8660254037844385,-0.5000000000000004,-0.9749279121818236,-0.2225209339563146
0.33958008772604875,0.6746908290604611,-0.350189796416651,1.8415531515006607,-1.60713463441071,-1.607304264246724,-2.5242125368926613,-0.6841423458248278,-0.6831906184550289,-0.5587303607712408,-0.6525136639846563,-0.6514128533997506,-0.4455863603301069,0.0,0.0,0.8787878787878787,0.8787878787878787,0.6739678965399476,0.0,0.39739928129611524,-0.7987830851699919,-0.5784597449558877,-0.5006754647310517,-0.5000000000000004,0.8660254037844384,-0.9659258262890683,-0.25881904510252063,-0.9749279121818236,-0.2225209339563146
0.4538584337516069,0.5167792596107107,-0.350189796416651,1.5514877595788634,-2.3083318699815893,-1.607304264246724,-2.416369668071067,-0.6841423458248278,-0.6831906184550289,-0.6826680894736445,-0.6525136639846563,-0.6514128533997506,-0.6505684099646967,0.0,0.0,0.8787878787878787,0.8787878787878787,0.3845452551094506,0.0,0.4231038114231803,-0.20548128189418005,-0.6829968743182837,-0.651087827846492,-0.5000000000000004,0.8660254037844384,-1.0,-1.8369701987210297e-16,-0.9749279121818236,-0.2225209339563146
0.31073735121909624,0.3851862850692516,0.09747940632609654,1.419639854159865,-2.0386406255312512,-1.984804418758249,-2.4702911024818643,-0.6841423458248278,-0.6290471361402322,-0.6826680894736445,-0.6525136639846563,-0.6104312459555824,-0.6505684099646967,0.0,0.0,0.8787878787878787,0.8787878787878787,0.22667835978372425,0.0,0.36660397893704566,0.17207441109951835,-0.6829968743182837,-0.651087827846492,-0.5000000000000004,0.8660254037844384,-0.9659258262890684,0.2588190451025203,-0.9749279121818236,-0.2225209339563146
0.32291056597359863,-0.06222982837170911,0.6768160216402405,1.1295744622380688,-1.3913816388504396,-2.200518792764835,-2.416369668071067,-0.6841423458248278,-0.27324710950013964,-0.6826680894736445,-0.6525136639846563,0.03161393733638798,-0.6505684099646967,0.0,0.0,0.8787878787878787,0.8787878787878787,0.3845452551094506,0.0,0.2789899761608382,0.17207441109951835,-0.6829968743182837,-0.651087827846492,-0.5000000000000004,0.8660254037844384,-0.8660254037844386,0.5000000000000001,-0.9749279121818236,-0.2225209339563146
0.32043357944825857,0.09568174107804124,1.1244852243829888,0.9713569757352701,-1.8228876299709806,-2.5240903537747137,-2.416369668071067,-0.6841423458248278,0.3532703287139365,-0.6826680894736445,-0.6525136639846563,0.9571152387838558,-0.6505684099646967,0.0,0.0,0.0,0.0,0.3845452551094506,0.0,0.2254672602204586,-0.7448465575994635,-0.6829968743182837,-0.651087827846492,-0.5000000000000004,0.8660254037844384,-0.7071067811865477,0.7071067811865474,-0.9749279121818236,-0.2225209339563146
0.3012298822205533,-0.3517343723629195,1.5458209446114568,0.681291583813473,-1.6610728833007777,-2.6319475407780066,-2.200683930427878,-0.6841423458248278,0.9101747182375597,-0.6826680894736445,-0.6525136639846563,1.100550864838445,-0.6505684099646967,0.0,0.0,0.0,0.0,0.5161010012142222,0.0,0.1830127777148629,-1.1763387781636903,-0.6829968743182837,-0.651087827846492,-0.5000000000000004,0.8660254037844384,-0.5000000000000004,0.8660254037844384,-0.9749279121818236,-0.2225209339563146
0.3881757131729296,-0.3517343723629195,2.1251575599256007,0.5230740973106753,-1.60713463441071,-2.793733321282946,-2.2546053648386755,-0.6841423458248278,1.2118312625628556,-0.6826680894736445,-0.6525136639846563,1.278137830429841,-0.6505684099646967,0.0,0.0,0.0,0.0,0.6739678965399476,0.0,0.16185501591727447,-1.607830998727917,-0.6829968743182837,-0.651087827846492,-0.5000000000000004,0.8660254037844384,-0.25881904510252157,0.9659258262890681,-0.9749279121818236,-0.2225209339563146
0.2794347965415916,-0.3517343723629195,2.572826762668349,-0.3471220784547151,-1.60713463441071,-2.901590508286239,-0.7448052013363538,-0.6841423458248278,1.4284051918220424,-0.6826680894736445,-0.6525136639846563,1.401082652762346,-0.6505684099646967,0.0,0.0,0.0,0.0,0.5161010012142222,0.0,0.126260893331135,-2.3090058571447853,-0.6829968743182837,-0.651087827846492,-0.5000000000000004,0.8660254037844384,-2.4492935982947064e-16,1.0,-0.9749279121818236,-0.2225209339563146
0.15797148374042216,0.09568174107804124,3.0204959654110963,0.5230740973106753,-1.9847023766411835,-3.009447695289532,-2.4702911024818643,-0.6300617795481778,1.393598667476816,-0.6826680894736445,-0.6115637386950473,1.691369038825205,-0.6505684099646967,0.0,0.0,0.0,0.0,0.3845452551094506,0.0,0.1148745602600974,-2.0393232192921436,-0.6829968743182837,-0.651087827846492,-0.5000000000000004,0.8660254037844384,0.25881904510252074,0.9659258262890683,-0.7818314824680299,0.6234898018587334
0.14473997480256148,0.6746908290604611,3.0204959654110963,-0.18890459195191697,-2.200455372201454,-3.009447695289532,-2.146762496017081,-0.27467520115876315,0.8482964527349349,-0.6826680894736445,0.02998509084215887,1.0254179178574698,-0.6505684099646967,0.0,0.0,0.0,0.0,-0.06274428164677277,0.0,0.11387285756527288,-1.3920848884458037,-0.6829968743182837,-0.651087827846492,-0.5000000000000004,0.8660254037844384,0.49999999999999994,0.8660254037844387,-0.7818314824680299,0.6234898018587334
0.14396198610310154,1.1221069425014227,2.4411593500969526,0.1011607999698797,-2.5240848655418597,-2.57801894727636,-2.3085267992494725,0.3511142086139016,0.5814464327548654,-0.6826680894736445,0.9547709036324934,1.3020437681056058,-0.6505684099646967,0.0,0.0,0.0,0.0,0.09512261367895261,0.0,0.09576025761844914,-1.8235771090100303,-0.6829968743182837,-0.651087827846492,-0.5000000000000004,0.8660254037844384,0.7071067811865476,0.7071067811865476,-0.7818314824680299,0.6234898018587334
0.1414907280831875,1.5432044610340911,1.9934901473542042,-0.18890459195191697,-2.6319613633219947,-2.2544473862664813,-2.2546053648386755,0.9073714617451591,-0.04507100545921067,-0.6826680894736445,1.0980956421461245,0.4345997438707098,-0.6505684099646967,0.0,0.8787878787878787,0.0,0.0,-0.3521669230772707,0.0,0.09387926719227241,-1.6617675262984453,-0.6829968743182837,-0.651087827846492,-0.5000000000000004,0.8660254037844384,0.8660254037844386,0.5000000000000001,-0.7818314824680299,0.6234898018587334
0.14100449158158385,2.122213549016511,1.835489252268529,-0.3471220784547151,-2.793776109992198,-2.5240903537747137,-2.200683930427878,1.2086774738579236,-0.5594340874497793,-0.6826680894736445,1.2755453184010965,-0.4465048161789091,-0.6505684099646967,0.0,0.8787878787878787,0.0,0.0,-0.3521669230772707,0.0,0.1230543895829066,-1.607830998727917,-0.6829968743182837,-0.651087827846492,-0.5000000000000004,0.8660254037844384,0.9659258262890683,0.25881904510252074,-0.7818314824680299,0.6234898018587334
0.13798406930783097,2.569629662457473,1.5458209446114568,-0.3471220784547151,-2.901652607772333,-2.4162331667714207,-2.2546053648386755,1.4249997389645237,-0.6831906184550289,-0.6826680894736445,1.3983950942699233,-0.6514128533997506,-0.6505684099646967,0.0,0.8787878787878787,0.0,0.0,-0.3521669230772707,0.0,0.13117106507727988,-1.607830998727917,-0.6829968743182837,-0.651087827846492,-0.5000000000000004,0.8660254037844384,1.0,6.123233995736766e-17,-0.7818314824680299,0.6234898018587334
0.1399404757573956,3.0170457758984335,1.4141535320400604,-0.5053395649575132,-3.009529105552468,-2.470161760273067,-2.0928410616062836,1.3902336606438201,-0.6831906184550289,-0.6478106032760935,1.6884570650713195,-0.6514128533997506,-0.6505684099646967,0.0,0.8787878787878787,0.0,0.0,0.09512261367895261,0.0238818555161312,0.11924600372766364,-1.9853866917216154,-0.6287924368711154,-0.6100662742695537,-0.5000000000000004,0.8660254037844384,0.9659258262890683,-0.25881904510252063,-0.7818314824680299,0.6234898018587334
0.14108457739171282,3.0170457758984335,1.1244852243829888,0.23300870538887822,-3.009529105552468,-2.4162331667714207,-2.3085267992494725,0.8455651002861305,-0.6831906184550289,-0.4735231722883383,1.0230207791151749,-0.6514128533997506,-0.5617428551230411,0.0,0.8787878787878787,0.0,0.0,0.6739678965399476,0.10384283136679891,0.14250855509008842,-2.2011328020037286,-0.27259184793258073,0.03260473176914557,-0.5000000000000004,0.8660254037844384,0.8660254037844387,-0.4999999999999998,-0.7818314824680299,0.6234898018587334
0.34436812632806457,2.438036687916014,0.9664843292973129,0.8131394892324716,-2.5780231144319274,-2.4162331667714207,-2.5242125368926613,0.5790251664940695,-0.6831906184550289,0.07645049882857824,1.299432774820035,-0.6514128533997506,-0.03903862855483724,0.0,0.0,0.0,0.0,1.121257433296172,0.2910448736206798,0.1450559182845801,-2.524751967426899,0.3546309282417955,0.9590081500483345,-0.5000000000000004,0.8660254037844384,0.7071067811865476,-0.7071067811865475,-0.7818314824680299,0.6234898018587334
0.26451573305951065,1.990620574475052,0.6768160216402405,1.419639854159865,-2.2543936210915216,-2.200518792764835,-2.8477411433574447,-0.04676424327859515,-0.6831906184550289,0.866553519306402,0.43265935618997975,-0.6514128533997506,0.992704354605931,0.8787878787878787,0.0,0.0,0.0,1.5422358208314406,0.3767878263046438,0.1479688053892496,-2.6326250225679555,0.912162284841241,1.1025835875676184,-0.5000000000000004,0.8660254037844384,0.49999999999999994,-0.8660254037844387,-0.7818314824680299,0.6234898018587334
0.24840110749862343,1.8327090050253017,0.5188151265545653,1.8415531515006607,-2.5240848655418597,-2.2544473862664813,-2.955584012179039,-0.5605296229067706,-0.6831906184550289,1.2925894617209148,-0.4477640375366117,-0.6514128533997506,1.392419351393381,0.8787878787878787,0.0,0.0,0.0,2.1210811036924357,0.32223319324063926,0.15371131693556728,-2.7944346052795406,1.2141584363326072,1.2803436530676842,-0.5000000000000004,0.8660254037844384,0.258819045102521,-0.9659258262890682,-0.7818314824680299,0.6234898018587334
0.10787709387062278,1.5432044610340911,-0.350189796416651,2.131618543422457,-2.4162083677617243,-0.7444467682203804,-3.009505446589836,-0.6841423458248278,-0.6831906184550289,1.5056074329281712,-0.6525136639846563,-0.6514128533997506,1.5461558886193234,0.8787878787878787,0.0,0.0,0.0,2.5683706404486597,0.30096792428650865,0.1621806704519012,-2.9023076604205973,1.4309761861212806,1.403408313798499,-0.5000000000000004,0.8660254037844384,1.2246467991473532e-16,-1.0,-0.7818314824680299,0.6234898018587334
0.17140320891975425,1.4116114864926321,0.5188151265545653,1.2614223676570673,-2.470146616651792,-2.470161760273067,-1.607548151909109,-0.6841423458248278,-0.6831906184550289,1.3777966502038173,-0.6525136639846563,-0.6514128533997506,1.450497598789848,0.8787878787878787,0.0,0.0,0.0,3.015660177204883,0.27736325795022315,0.16620722128430498,-3.010180715561654,1.3961304763338152,1.6939776516351448,-0.5000000000000004,0.8660254037844384,-0.2588190451025208,-0.9659258262890683,-0.7818314824680299,0.6234898018587334
0.18949140928499394,1.1221069425014227,-0.1921889013309754,0.9713569757352701,-2.4162083677617243,-2.1465901992631884,-0.798726635747151,-0.6841423458248278,-0.6831906184550289,1.0447140043161074,-0.6525136639846563,-0.6514128533997506,1.2796792240943566,0.8787878787878787,0.0,0.0,0.0,3.015660177204883,0.5354735493881562,0.1875152410470996,-3.010180715561654,0.8502143563301915,1.0273774060098984,-0.5000000000000004,0.8660254037844384,-0.4999999999999997,-0.8660254037844388,-0.7818314824680299,0.6234898018587334
0.18779815369373198,0.9641953730516715,0.09747940632609654,0.9713569757352701,-2.4162083677617243,-2.308375979768128,-1.1222552422119343,-0.6841423458248278,-0.6831906184550289,0.502486441243091,-0.6525136639846563,-0.6514128533997506,0.9175442697399148,0.0,0.0,0.0,0.0,2.4368148943438883,0.18105417410662966,0.20447990619838174,-2.578688494997427,0.5830639146262905,1.3042728926542315,-0.5000000000000004,0.8660254037844384,-0.7071067811865471,-0.7071067811865479,-0.7818314824680299,0.6234898018587334
0.28847318709642467,0.6746908290604611,-0.1921889013309754,0.681291583813473,-2.200455372201454,-2.2544473862664813,-0.47519802928236776,-0.6841423458248278,-0.6831906184550289,-0.13656747237867814,-0.6525136639846563,-0.6514128533997506,0.21718893348839993,0.0,0.0,0.8787878787878787,0.8787878787878787,1.989525357587664,0.013271393246429456,0.2586294226054954,-2.255069329574257,-0.0441588615480857,0.4359833419423717,-0.5000000000000004,0.8660254037844384,-0.8660254037844385,-0.5000000000000004,-0.7818314824680299,0.6234898018587334
0.3436874329810979,0.5167792596107107,-0.350189796416651,0.39122619189167684,-2.2543936210915216,-2.200518792764835,0.0640163148256042,-0.6841423458248278,-0.6831906184550289,-0.6013339550126922,-0.6525136639846563,-0.6514128533997506,-0.5993228975560492,0.0,0.0,0.8787878787878787,0.8787878787878787,1.8316584622619385,0.0,0.3142518624873275,-2.524751967426899,-0.5591010172961847,-0.4459800599618007,-0.5000000000000004,0.8660254037844384,-0.9659258262890683,-0.25881904510252063,-0.7818314824680299,0.6234898018587334
0.3422229743770727,-0.3517343723629195,-0.350189796416651,0.1011607999698797,-0.7441226521696283,-2.2544473862664813,-0.6369623325147594,-0.6841423458248278,-0.6831906184550289,-0.6826680894736445,-0.6525136639846563,-0.6514128533997506,-0.6505684099646967,0.0,0.0,0.8787878787878787,0.8787878787878787,1.5422358208314406,0.0,0.34044871589008197,-2.416878912285842,-0.6829968743182837,-0.651087827846492,-0.5000000000000004,0.8660254037844384,-1.0,-1.8369701987210297e-16,-0.7818314824680299,0.6234898018587334
0.3427034961024425,0.5167792596107107,-0.5081906915023265,0.1011607999698797,-2.470146616651792,-2.092661605761542,0.818916396576765,-0.6841423458248278,-0.6483840941098025,-0.6826680894736445,-0.6525136639846563,-0.6514128533997506,-0.6505684099646967,0.0,0.0,0.8787878787878787,0.8787878787878787,1.410680074726669,0.0,0.3252088212325116,-2.4708154398563704,-0.6829968743182837,-0.651087827846492,-0.5000000000000004,0.8660254037844384,-0.9659258262890684,0.2588190451025203,-0.7818314824680299,0.6234898018587334
0.3446941946417083,-0.19382280291316867,0.22914681889749292,-0.05705668653291797,-2.146517123311386,-2.308375979768128,0.6571520933443734,-0.6841423458248278,-0.47435147238367026,-0.6826680894736445,-0.6525136639846563,-0.5626193706040526,-0.6505684099646967,0.0,0.0,0.8787878787878787,0.8787878787878787,1.121257433296172,0.0,0.276800341245796,-2.416878912285842,-0.6829968743182837,-0.651087827846492,-0.5000000000000004,0.8660254037844384,-0.8660254037844386,0.5000000000000001,-0.7818314824680299,0.6234898018587334
0.3894285019569294,0.09568174107804124,0.8084834342116368,-0.05705668653291797,-2.3083318699815893,-2.5240903537747137,0.818916396576765,-0.6841423458248278,0.07481813395212489,-0.6826680894736445,-0.6525136639846563,-0.04010387569090657,-0.6505684099646967,0.0,0.0,0.0,0.0,0.9633905379704456,0.0,0.23591714443075684,-2.416878912285842,-0.6829968743182837,-0.651087827846492,-0.5000000000000004,0.8660254037844384,-0.7071067811865477,0.7071067811865474,-0.7818314824680299,0.6234898018587334
0.3752817021011804,-0.19382280291316867,1.4141535320400604,-0.05705668653291797,-2.2543936210915216,-2.8476619147845925,0.818916396576765,-0.6841423458248278,0.8637660191105911,-0.6826680894736445,-0.6525136639846563,0.9912665783206628,-0.6505684099646967,0.0,0.0,0.0,0.0,0.6739678965399476,0.0,0.18379193103048763,-2.2011328020037286,-0.6829968743182837,-0.651087827846492,-0.5000000000000004,0.8660254037844384,-0.5000000000000004,0.8660254037844384,-0.7818314824680299,0.6234898018587334
0.3509066540911319,-0.3517343723629195,1.835489252268529,-0.3471220784547151,-2.200455372201454,-2.9555191017878855,-2.4702911024818643,-0.6841423458248278,1.2891790944411365,-0.6826680894736445,-0.6525136639846563,1.3908372509013038,-0.6505684099646967,0.0,0.0,0.0,0.0,0.5161010012142222,0.0,0.15590139746156428,-2.255069329574257,-0.6829968743182837,-0.651087827846492,-0.5000000000000004,0.8660254037844384,-0.25881904510252157,0.9659258262890681,-0.7818314824680299,0.6234898018587334
0.3542646085539766,-0.3517343723629195,2.1251575599256007,-0.6371874703765118,-2.2543936210915216,-3.009447695289532,0.3336234868795902,-0.6841423458248278,1.5018856321064094,-0.6826680894736445,-0.6525136639846563,1.5445182788169352,-0.6505684099646967,0.0,0.0,0.0,0.0,-0.3521669230772707,0.0,0.14174746182304965,-0.7448465575994635,-0.6829968743182837,-0.651087827846492,-0.5000000000000004,0.8660254037844384,-2.4492935982947064e-16,1.0,-0.7818314824680299,0.6234898018587334
0.327057935256073,-0.5096459418126703,1.2561526369543852,-0.3471220784547151,-2.0925788744213185,-1.607304264246724,0.3336234868795902,-0.6493762675041241,1.3742617095072456,-0.6826680894736445,-0.6525136639846563,1.4488945281138756,-0.6505684099646967,0.0,0.0,0.0,0.0,0.5161010012142222,0.0,0.12927857583968078,-2.4708154398563704,-0.6829968743182837,-0.651087827846492,-0.5000000000000004,0.8660254037844384,0.25881904510252074,0.9659258262890683,-2.4492935982947064e-16,1.0
0.13036437109497967,0.22727471561950033,0.9664843292973129,-0.3471220784547151,-2.3083318699815893,-0.7983753617220268,-0.529119463693165,-0.47554587590060615,1.0416660324306373,-0.6826680894736445,-0.5637888258571703,1.278137830429841,-0.6505684099646967,0.0,0.0,0.0,0.0,-0.19430002775154487,0.0,0.12587736059202126,-2.1471962744332003,-0.6829968743182837,-0.651087827846492,-0.5000000000000004,0.8660254037844384,0.49999999999999994,0.8660254037844387,-2.4492935982947064e-16,1.0
0.10776268164781223,0.8062838036019201,0.9664843292973129,-0.3471220784547151,-2.5240848655418597,-1.1219469227319057,-1.1761766766227313,0.0729855820482728,0.5002312092826704,-0.6826680894736445,-0.04167727841465671,0.9161336313396875,-0.6505684099646967,0.0,0.0,0.0,0.0,0.09512261367895261,0.0,0.12778363303743223,-2.3090058571447853,-0.6829968743182837,-0.651087827846492,-0.5000000000000004,0.8660254037844384,0.7071067811865476,0.7071067811865476,-2.4492935982947064e-16,1.0
0.10735080931550761,1.4116114864926321,0.6768160216402405,-0.6371874703765118,-2.847714358882265,-0.47480380071214795,0.010094880414807005,0.8610166906508876,-0.13788840371314787,-0.6826680894736445,0.9888958413738341,0.21603117083514542,-0.6505684099646967,0.0,0.8787878787878787,0.0,0.0,-0.19430002775154487,0.0,0.14867333167484098,-2.255069329574257,-0.6829968743182837,-0.651087827846492,-0.5000000000000004,0.8660254037844384,0.8660254037844386,0.5000000000000001,-2.4492935982947064e-16,1.0
0.10660141852330324,1.8327090050253017,0.38714771398316894,-1.085470348801107,-2.9555908566624005,0.06448213430431671,0.4414663557011846,1.2859354256817095,-0.6019753949828339,-0.6826680894736445,1.388157612947521,-0.6001858440945402,-0.6505684099646967,0.0,0.8787878787878787,0.0,0.0,-0.3521669230772707,0.0,0.22115256812507955,-2.2011328020037286,-0.6829968743182837,-0.651087827846492,-0.5000000000000004,0.8660254037844384,0.9659258262890683,0.25881904510252074,-2.4492935982947064e-16,1.0
0.10598932994952721,2.122213549016511,0.09747940632609654,-0.7954049568793099,-3.009529105552468,-0.6365895812170874,-0.9065695045687454,1.4983947931971202,-0.6831906184550289,-0.6826680894736445,1.5417198327835544,-0.6514128533997506,-0.6505684099646967,0.0,0.8787878787878787,0.0,0.0,-0.3521669230772707,0.0,0.3043962798758455,-2.255069329574257,-0.6829968743182837,-0.651087827846492,-0.5000000000000004,0.8660254037844384,1.0,6.123233995736766e-17,-2.4492935982947064e-16,1.0
0.16627191992011464,1.2536999170428818,0.09747940632609654,-0.6371874703765118,-1.60713463441071,0.8194824433273673,-0.259512291639179,1.3709191726878738,-0.6831906184550289,-0.6361914412102432,1.4461700071078003,-0.6514128533997506,-0.643735674976877,0.0,0.8787878787878787,0.0,0.0,-0.5100338184029966,0.029697097978033056,0.3664968274292698,-2.093259746862672,-0.6481511645308183,-0.651087827846492,-0.5000000000000004,0.8660254037844384,0.9659258262890683,-0.25881904510252063,-2.4492935982947064e-16,1.0
0.1895085707751857,0.9641953730516715,-0.06052148875957856,-0.18890459195191697,-0.7980609010596958,0.6576966628224279,-0.7448052013363538,1.038709979845595,-0.6831906184550289,-0.32247406543228374,1.2755453184010965,-0.6514128533997506,-0.06636956850611588,0.0,0.8787878787878787,0.0,0.0,0.22667835978372425,0.12945429201780312,0.4040247479007242,-2.3090058571447853,-0.47392261559349164,-0.5622077950964591,-0.5000000000000004,0.8660254037844384,0.8660254037844387,-0.4999999999999998,-2.4492935982947064e-16,1.0
0.11749897509197625,0.9641953730516715,-0.06052148875957856,0.39122619189167684,-1.1216903944001015,0.8194824433273673,-0.8526480701579482,0.49790431707909455,-0.6831906184550289,0.29334152405778474,0.9138209783428844,-0.6514128533997506,0.7672241000078824,0.0,0.0,0.0,0.0,0.8055236426447192,0.2756613664114727,0.4330149161352499,-2.524751967426899,0.07586524994207271,-0.03918298699049637,-0.5000000000000004,0.8660254037844384,0.7071067811865476,-0.7071067811865475,-2.4492935982947064e-16,1.0
0.19589123788433133,0.6746908290604611,-0.06052148875957856,0.5230740973106753,-0.47443140771929015,0.8194824433273673,-1.7153910207307033,-0.13947378546713807,-0.6831906184550289,0.901411005503953,0.21425975464539895,-0.6514128533997506,1.252348284143078,0.8787878787878787,0.0,0.0,0.0,1.410680074726669,0.45568999111036185,0.4337205180334912,-2.848371132850069,0.8657013384579538,0.9931927780291164,-0.5000000000000004,0.8660254037844384,0.49999999999999994,-0.8660254037844387,-2.4492935982947064e-16,1.0
0.33710883313843276,0.3851862850692516,-0.350189796416651,1.1295744622380688,0.064951081181386,-2.470161760273067,-1.9310767583738921,-0.6030214964098527,-0.6831906184550289,1.3197008398745655,-0.6013262573726451,-0.6514128533997506,1.4846612737289464,0.8787878787878787,0.0,0.0,0.0,1.8316584622619385,0.4522196847584429,0.3903743014215961,-2.9562441879911256,1.2915933469714191,1.3931529254042643,-0.5000000000000004,0.8660254037844384,0.258819045102521,-0.9659258262890682,-2.4492935982947064e-16,1.0
0.2982723808344396,0.09568174107804124,-0.6398581040737229,0.9713569757352701,-0.6362461543894931,0.33412510181254906,-1.7693124551415005,-0.6841423458248278,-0.6831906184550289,1.4862421628184206,-0.6525136639846563,-0.6514128533997506,1.5564049911010527,0.8787878787878787,0.0,0.0,0.0,2.1210811036924357,0.5065248422387242,0.36423117743167976,-3.010180715561654,1.504539351228152,1.5469837513177829,-0.5000000000000004,0.8660254037844384,1.2246467991473532e-16,-1.0,-2.4492935982947064e-16,1.0
0.24913331963914584,0.09568174107804124,-0.350189796416651,0.681291583813473,0.8200865656423326,0.33412510181254906,-1.1222552422119343,-0.6841423458248278,-0.6831906184550289,1.3932888662916179,-0.6525136639846563,-0.6514128533997506,1.511992213680225,0.8787878787878787,0.0,0.0,0.0,1.2528131794009436,0.35854936633654094,0.35671971332157015,-1.607830998727917,1.3767717486741122,1.4512667929715934,-0.5000000000000004,0.8660254037844384,-0.2588190451025208,-0.9659258262890683,-2.4492935982947064e-16,1.0
0.2307018791731765,-0.06222982837170911,-0.350189796416651,0.5230740973106753,0.6582718189721298,-0.5287323942137945,-2.36244823366027,-0.6841423458248278,-0.6831906184550289,1.0756984364917082,-0.6525136639846563,-0.6514128533997506,1.3685047789360123,0.8787878787878787,0.0,0.0,0.0,0.9633905379704456,0.1616515568362084,0.3745885589540988,-0.7987830851699919,1.0438016329272213,1.2803436530676842,-0.5000000000000004,0.8660254037844384,-0.4999999999999997,-0.8660254037844388,-2.4492935982947064e-16,1.0
0.09995992525138327,-0.06222982837170911,-0.350189796416651,0.39122619189167684,0.8200865656423326,-1.1758755162335521,-0.3673551604607734,-0.6841423458248278,-0.6831906184550289,0.4986133872211409,-0.6525136639846563,-0.6514128533997506,0.9448752096911934,0.0,0.0,0.0,0.0,0.9633905379704456,0.03278488618878901,0.3974081422955632,-1.122402250593162,0.5017572584555381,0.9179865964713962,-0.5000000000000004,0.8660254037844384,-0.7071067811865471,-0.7071067811865479,-2.4492935982947064e-16,1.0
0.10295174618558255,-0.06222982837170911,-0.6398581040737229,0.23300870538887822,0.8200865656423326,0.010553540802670241,-0.5830408981039622,-0.6841423458248278,-0.6831906184550289,-0.13269441835672804,-0.6525136639846563,-0.6514128533997506,0.2581853434153179,0.0,0.0,0.8787878787878787,0.8787878787878787,0.6739678965399476,0.0,0.4648777384393792,-0.47516391974682176,-0.13708075431465996,0.2172017228653677,-0.5000000000000004,0.8660254037844384,-0.8660254037844385,-0.5000000000000004,-2.4492935982947064e-16,1.0
0.0999942550963629,-0.3517343723629195,-1.0875273068164708,-0.18890459195191697,-2.470146616651792,0.441982288815842,-0.259512291639179,-0.6841423458248278,-0.6831906184550289,-0.5742225768590413,-0.6525136639846563,-0.6514128533997506,-0.5890737950743197,0.0,0.0,0.8787878787878787,0.8787878787878787,0.3845452551094506,0.0,0.5437129749156372,0.06420135595846167,-0.6016902181475312,-0.5998108858753192,-0.5000000000000004,0.8660254037844384,-0.9659258262890683,-0.25881904510252063,-2.4492935982947064e-16,1.0
0.09862133244872263,-0.6412389163541294,-0.7978589991593985,-0.18890459195191697,0.3346423256317241,-0.9062325487253197,-0.09774798840678739,-0.6841423458248278,-0.6831906184550289,-0.6826680894736445,-0.6525136639846563,-0.6514128533997506,-0.6505684099646967,0.0,0.0,0.8787878787878787,0.8787878787878787,0.09512261367895261,0.0,0.5200767966944067,-0.6369735024584068,-0.6829968743182837,-0.651087827846492,-0.5000000000000004,0.8660254037844384,-1.0,-1.8369701987210297e-16,-2.4492935982947064e-16,1.0
0.0978833883704762,-0.3517343723629195,-0.6398581040737229,-0.3471220784547151,0.3346423256317241,-0.2590894267055621,0.010094880414807005,-0.6841423458248278,-0.6367819193280604,-0.6826680894736445,-0.6525136639846563,-0.6445825854923893,-0.6505684099646967,0.0,0.0,0.8787878787878787,0.8787878787878787,0.09512261367895261,0.0,0.5007675520649022,0.8193127419458585,-0.6829968743182837,-0.651087827846492,-0.5000000000000004,0.8660254037844384,-0.9659258262890684,0.2588190451025203,-2.4492935982947064e-16,1.0
0.13195466460968702,-0.3517343723629195,-0.1921889013309754,-0.18890459195191697,-0.5283696566093578,-0.7444467682203804,-1.8232338895522977,-0.6841423458248278,-0.32352320022102227,-0.6826680894736445,-0.6525136639846563,-0.06742494732035212,-0.6505684099646967,0.0,0.0,0.8787878787878787,0.8787878787878787,-0.06274428164677277,0.0,0.4334416270393039,0.6575031592342735,-0.6829968743182837,-0.651087827846492,-0.5000000000000004,0.8660254037844384,-0.8660254037844386,0.5000000000000001,-2.4492935982947064e-16,1.0
0.24018645131150554,-0.3517343723629195,0.38714771398316894,-0.3471220784547151,-1.1756286432901693,-0.8523039552236732,-1.8232338895522977,-0.6841423458248278,0.29139206321131167,-0.6826680894736445,-0.6525136639846563,0.7658677373777371,-0.6505684099646967,0.0,0.0,0.0,0.0,-0.06274428164677277,0.0,0.3585649524320549,0.8193127419458585,-0.6829968743182837,-0.651087827846492,-0.5000000000000004,0.8660254037844384,-0.7071067811865477,0.7071067811865474,-2.4492935982947064e-16,1.0
0.27048221343771744,-0.6412389163541294,0.5188151265545653,-0.5053395649575132,0.01101283229131838,-1.7151614512500166,-1.9310767583738921,-0.6841423458248278,0.8985725434558176,-0.6826680894736445,-0.6525136639846563,1.2508167588003956,-0.6505684099646967,0.0,0.0,0.0,0.0,-0.06274428164677277,0.0,0.2692407511525573,0.8193127419458585,-0.6829968743182837,-0.651087827846492,-0.5000000000000004,0.8660254037844384,-0.5000000000000004,0.8660254037844384,-2.4492935982947064e-16,1.0
0.12773293802250968,-1.0886550297950905,1.1244852243829888,-0.6371874703765118,0.44251882341185933,-1.9308758252566025,-1.877155323963095,-0.6841423458248278,1.316250835598535,-0.6826680894736445,-0.6525136639846563,1.4830458676506826,-0.6505684099646967,0.0,0.0,0.0,0.0,-0.3521669230772707,0.0,0.23860338970619221,-2.4708154398563704,-0.6829968743182837,-0.651087827846492,-0.5000000000000004,0.8660254037844384,-0.25881904510252157,0.9659258262890681,-2.4492935982947064e-16,1.0
0.10727357917734656,-0.7991504858038802,0.9664843292973129,-0.9272528622983084,-0.9059373988398312,-1.769090044751663,0.818916396576765,-0.6841423458248278,1.482548674136839,-0.6826680894736445,-0.6525136639846563,1.5547636806779772,-0.6505684099646967,0.0,0.0,0.0,0.0,-0.6415895645077683,0.0,0.14928089916300435,0.3338839938111034,-0.6829968743182837,-0.651087827846492,-0.5000000000000004,0.8660254037844384,-2.4492935982947064e-16,1.0,-2.4492935982947064e-16,1.0
0.10788853028768658,-0.6412389163541294,0.6768160216402405,-0.7954049568793099,-0.2586784121590197,-1.1219469227319057,-0.15166942281758458,-0.6377875747305563,1.389731275882902,-0.6826680894736445,-0.645688676436388,1.5103669392801282,-0.6505684099646967,0.0,0.0,0.0,0.0,-0.3521669230772707,0.0,0.13833321117446812,0.3338839938111034,-0.6829968743182837,-0.651087827846492,-0.5000000000000004,0.8660254037844384,0.25881904510252074,0.9659258262890683,0.7818314824680298,0.6234898018587336
0.10820316218426654,-0.19382280291316867,0.5188151265545653,-0.9272528622983084,-0.7441226521696283,-2.3623045732697743,-0.259512291639179,-0.32489286984422394,1.0726051651819497,-0.6826680894736445,-0.06897722860772931,1.366931313225539,-0.6505684099646967,0.0,0.0,0.0,0.0,-0.3521669230772707,0.0,0.13395295792710382,-0.5291004473173502,-0.6829968743182837,-0.651087827846492,-0.5000000000000004,0.8660254037844384,0.49999999999999994,0.8660254037844387,0.7818314824680298,0.6234898018587336
0.18119097996989753,0.3851862850692516,0.38714771398316894,-1.2173182542201055,-0.8519991499497634,-0.366946613708855,-0.15166942281758458,0.28930784715487295,0.49636381768875637,-0.6826680894736445,0.7636712522809851,0.9434547029691331,-0.6505684099646967,0.0,0.0,0.0,0.0,-0.3521669230772707,0.0,0.1423173828684714,-1.1763387781636903,-0.6829968743182837,-0.651087827846492,-0.5000000000000004,0.8660254037844384,0.7071067811865476,0.7071067811865476,0.7818314824680298,0.6234898018587336
0.20244263676504248,0.5167792596107107,0.22914681889749292,-1.2173182542201055,-1.7150111321908454,-0.582660987715441,-0.15166942281758458,0.8957827689715913,-0.1340210121192338,-0.6826680894736445,1.248245368208024,0.25701277827931374,-0.6505684099646967,0.0,0.8787878787878787,0.0,0.0,-0.6415895645077683,0.0,0.1318975645927164,0.010264828387933323,-0.6829968743182837,-0.651087827846492,-0.5000000000000004,0.8660254037844384,0.8660254037844386,0.5000000000000001,0.7818314824680298,0.6234898018587336
0.10425601944015767,1.1221069425014227,-0.1921889013309754,-1.3755357407229036,-1.9307641277511158,-0.2590894267055621,-0.15166942281758458,1.3129757088200344,-0.5749036538254355,-0.6826680894736445,1.480294944849141,-0.5899404422334982,-0.6505684099646967,0.0,0.8787878787878787,0.0,0.0,-1.088879101263992,0.0,0.16939782645317703,0.44175704895216006,-0.6829968743182837,-0.651087827846492,-0.5000000000000004,0.8660254037844384,0.9659258262890683,0.25881904510252074,0.7818314824680298,0.6234898018587336
0.10451344179303432,0.9641953730516715,-0.1921889013309754,-1.5073836461419021,-1.768949381080913,-0.09730364620062269,0.279702052468793,1.4790803052411738,-0.6831906184550289,-0.6826680894736445,1.5519573141059566,-0.6514128533997506,-0.6505684099646967,0.0,0.8787878787878787,0.0,0.0,-0.7994564598334941,0.0,0.21648602776606973,-0.9066561403110486,-0.6829968743182837,-0.651087827846492,-0.5000000000000004,0.8660254037844384,1.0,6.123233995736766e-17,0.7818314824680298,0.6234898018587336
0.164933327117454,0.6746908290604611,-0.350189796416651,-1.5073836461419021,-1.1216903944001015,0.010553540802670241,0.1179377492364014,1.386370763052631,-0.6831906184550289,-0.6245722791443928,1.5075948950422136,-0.6514128533997506,-0.5173300777022133,0.0,0.8787878787878787,0.0,0.0,-0.6415895645077683,0.042081516449662425,0.27490636151638226,-0.2594178094647084,-0.6365359279349966,-0.6442509022503355,-0.5000000000000004,0.8660254037844384,0.9659258262890683,-0.25881904510252063,0.7818314824680298,0.6234898018587336
0.12796175217123665,0.5167792596107107,-0.1921889013309754,-0.7954049568793099,-2.3622701188716566,-1.8230186382533096,-0.4212765948715706,1.0696131605751091,-0.6831906184550289,-0.23339382292743105,1.3642701565285824,-0.6514128533997506,0.8458005523678085,0.0,0.8787878787878787,0.0,0.0,-0.19430002775154487,0.0920903906544698,0.2877366277402448,-0.7448465575994635,-0.32292453984780845,-0.06653068937512187,-0.5000000000000004,0.8660254037844384,0.8660254037844387,-0.4999999999999998,0.7818314824680298,0.6234898018587336
0.13014698306642236,0.3851862850692516,-0.350189796416651,-0.18890459195191697,-0.36655490993915496,-1.8230186382533096,-0.7448052013363538,0.49404141948790525,-0.6831906184550289,0.45600979297968963,0.9411209285359571,-0.6514128533997506,1.6828105883757165,0.0,0.0,0.0,0.0,0.3845452551094506,0.2243830046125642,0.28372500231384756,-0.8527196127405202,0.29268299973074596,0.7675742333559559,-0.5000000000000004,0.8660254037844384,0.7071067811865476,-0.7071067811865475,0.7818314824680298,0.6234898018587336
0.24228015311490245,0.22727471561950033,-0.5081906915023265,0.1011607999698797,-0.5823079054994255,-1.9308758252566025,-0.3673551604607734,-0.1356108878759488,-0.6831906184550289,1.0485870583380574,0.25520967993500787,-0.6514128533997506,2.027863705260609,0.8787878787878787,0.0,0.0,0.0,0.5161010012142222,0.24549304815816744,0.2931973082844658,-1.7157040538689736,0.9005470482454192,1.2529959506830586,-0.5000000000000004,0.8660254037844384,0.49999999999999994,-0.8660254037844387,0.7818314824680298,0.6234898018587336
0.24416793076519017,-0.19382280291316867,-0.6398581040737229,0.5230740973106753,-0.2586784121590197,-1.876947231754956,-0.8526480701579482,-0.5759812132715276,-0.6831906184550289,1.46687689270867,-0.5910887760502429,-0.6514128533997506,2.20893118243783,0.8787878787878787,0.0,0.0,0.0,1.121257433296172,0.13939952154332294,0.3085324202713646,-1.931450164151087,1.3186955656950035,1.4854514209523755,-0.5000000000000004,0.8660254037844384,0.258819045102521,-0.9659258262890682,0.7818314824680298,0.6234898018587336
0.26354897140023925,-0.19382280291316867,-0.9295264117307949,0.681291583813473,-0.09686366548881685,0.8194824433273673,-1.0144123733903398,-0.6841423458248278,-0.6831906184550289,1.629545161630575,-0.6525136639846563,-0.6514128533997506,2.229429387401289,0.8787878787878787,0.0,0.0,0.0,0.9633905379704456,0.025677983925422407,0.31700578940825785,-1.769640581439502,1.4851806235684488,1.5572391397120173,-0.5000000000000004,0.8660254037844384,1.2246467991473532e-16,-1.0,0.7818314824680298,0.6234898018587336
0.31303697717560236,-0.3517343723629195,-0.7978589991593985,0.5230740973106753,0.01101283229131838,-0.15123223970226915,-0.9604909389795426,-0.6841423458248278,-0.6831906184550289,1.432019406511119,-0.6525136639846563,-0.6514128533997506,1.9390381504189536,0.8787878787878787,0.0,0.0,0.0,0.6739678965399476,0.060408677221409045,0.3075121760632443,-1.122402250593162,1.3922587308018746,1.5127991233370008,-0.5000000000000004,0.8660254037844384,-0.2588190451025208,-0.9659258262890683,0.7818314824680298,0.6234898018587336
0.3645443411788516,-0.19382280291316867,-0.9295264117307949,0.5230740973106753,-1.8228876299709806,-0.2590894267055621,-0.9604909389795426,-0.6841423458248278,-0.6831906184550289,1.0834445445356085,-0.6525136639846563,-0.6514128533997506,1.693059690857446,0.8787878787878787,0.0,0.0,0.0,0.5161010012142222,0.06677273669726098,0.29213506396335487,-2.3629423847153137,1.074775597182746,1.3692236858177171,-0.5000000000000004,0.8660254037844384,-0.4999999999999997,-0.8660254037844388,0.7818314824680298,0.6234898018587336
0.3353412168101698,-0.3517343723629195,-1.2191947193878672,0.23300870538887822,-1.8228876299709806,-0.15123223970226915,-0.3673551604607734,-0.6841423458248278,-0.6831906184550289,0.6535355480991456,-0.6525136639846563,-0.6514128533997506,1.7579706732417326,0.0,0.0,0.0,0.0,0.3845452551094506,0.018975764027789485,0.32292903461152467,-0.3672908646057651,0.49788551292359745,0.9453342988560218,-0.5000000000000004,0.8660254037844384,-0.7071067811865471,-0.7071067811865479,0.7818314824680298,0.6234898018587336
0.3692637509815905,-0.5096459418126703,-1.2191947193878672,0.1011607999698797,-1.9307641277511158,-0.15123223970226915,0.0640163148256042,-0.6841423458248278,-0.6831906184550289,-0.01262974367627443,-0.6525136639846563,-0.6514128533997506,1.1840209342648815,0.0,0.0,0.8787878787878787,0.8787878787878787,0.22667835978372425,0.0,0.35927444702369526,-0.5830369748878784,-0.13320900878271938,0.25822327644230597,-0.5000000000000004,0.8660254037844384,-0.8660254037844385,-0.5000000000000004,0.7818314824680298,0.6234898018587336
0.3467707349549134,-0.6412389163541294,-1.3771956144735429,-0.18890459195191697,-1.8768258788610481,-0.15123223970226915,0.6571520933443734,-0.6841423458248278,-0.6831906184550289,-0.5354920366395401,-0.6525136639846563,-0.6514128533997506,-0.18252606329905005,0.0,0.0,0.8787878787878787,0.8787878787878787,-0.19430002775154487,0.0,0.3929624303355138,-0.2594178094647084,-0.5745879994239471,-0.5895554974810846,-0.5000000000000004,0.8660254037844384,-0.9659258262890683,-0.25881904510252063,0.7818314824680298,0.6234898018587336
0.18964014448818803,-0.9307434603453393,-1.5088630270449392,-0.3471220784547151,0.8200865656423326,0.2801965083109026,0.4953877901119818,-0.6841423458248278,-0.6831906184550289,-0.6826680894736445,-0.6525136639846563,-0.6514128533997506,-0.6505684099646967,0.0,0.0,0.8787878787878787,0.8787878787878787,-0.19430002775154487,0.0,0.3963048198151615,-0.09760822675312336,-0.6829968743182837,-0.651087827846492,-0.5000000000000004,0.8660254037844384,-1.0,-1.8369701987210297e-16,0.7818314824680298,0.6234898018587336
0.36534519928014103,-0.7991504858038802,-1.5088630270449392,-0.5053395649575132,-0.15080191437888446,0.11841072780596318,0.818916396576765,-0.6841423458248278,-0.6251797445463182,-0.6826680894736445,-0.6525136639846563,-0.5182226292062037,-0.6505684099646967,0.0,0.0,0.8787878787878787,0.8787878787878787,-0.3521669230772707,0.0,0.3788565387286883,0.010264828387933323,-0.6829968743182837,-0.651087827846492,-0.5000000000000004,0.8660254037844384,-0.9659258262890684,0.2588190451025203,0.7818314824680298,0.6234898018587336
0.41261940714374523,-0.9307434603453393,-0.7978589991593985,-0.3471220784547151,-0.2586784121590197,-0.4208752072105015,0.6571520933443734,-0.6841423458248278,-0.23457319356099912,-0.6826680894736445,-0.6525136639846563,0.844415818312393,-0.6505684099646967,0.0,0.0,0.8787878787878787,0.8787878787878787,-0.19430002775154487,0.0,0.3365476224683599,-1.8235771090100303,-0.6829968743182837,-0.651087827846492,-0.5000000000000004,0.8660254037844384,-0.8660254037844386,0.5000000000000001,0.7818314824680298,0.6234898018587336
0.39151647182260224,-1.2202480043365496,-0.1921889013309754,-0.5053395649575132,-0.15080191437888446,-0.7444467682203804,0.6571520933443734,-0.6841423458248278,0.4538225101557018,-0.6826680894736445,-0.6525136639846563,1.681123636964163,-0.6505684099646967,0.0,0.0,0.0,0.0,-0.3521669230772707,0.0,0.29223304715378284,-1.8235771090100303,-0.6829968743182837,-0.651087827846492,-0.5000000000000004,0.8660254037844384,-0.7071067811865477,0.7071067811865474,0.7818314824680298,0.6234898018587336
0.39629882997136456,-1.2202480043365496,0.09747940632609654,-0.5053395649575132,-0.15080191437888446,-0.366946613708855,0.6571520933443734,-0.6841423458248278,1.0455334240245513,-0.6826680894736445,-0.6525136639846563,2.026052166285913,-0.6505684099646967,0.0,0.0,0.0,0.0,-0.5100338184029966,0.0,0.19217648529430065,-1.931450164151087,-0.6829968743182837,-0.651087827846492,-0.5000000000000004,0.8660254037844384,-0.5000000000000004,0.8660254037844384,0.7818314824680298,0.6234898018587336
0.3768148066659727,-1.3781595737863004,0.5188151265545653,-0.5053395649575132,-0.15080191437888446,-0.8523039552236732,0.6571520933443734,-0.6841423458248278,1.4632117161672689,-0.6826680894736445,-0.6525136639846563,2.2070542658309895,-0.6505684099646967,0.0,0.0,0.0,0.0,-0.6415895645077683,0.0,0.16005702181193915,-1.8775136365805587,-0.6829968743182837,-0.651087827846492,-0.5000000000000004,0.8660254037844384,-0.25881904510252157,0.9659258262890681,0.7818314824680298,0.6234898018587336
0.37198384717698724,-1.5097525483277596,0.6768160216402405,-0.9272528622983084,0.2807040767416565,-1.0140897357286127,0.9806806998091566,-0.6841423458248278,1.6256421631116589,-0.6826680894736445,-0.6525136639846563,2.2275450695530736,-0.6505684099646967,0.0,0.0,0.0,0.0,-0.9310122059382657,0.0,0.11448795434198439,0.8193127419458585,-0.6829968743182837,-0.651087827846492,-0.5000000000000004,0.8660254037844384,-2.4492935982947064e-16,1.0,0.7818314824680298,0.6234898018587336
0.2999656535871917,-1.5097525483277596,0.5188151265545653,-1.2173182542201055,0.11888933007145361,-0.9601611422269661,0.279702052468793,-0.6261988819569885,1.4284051918220424,-0.6826680894736445,-0.5194264067934272,1.9372586834902148,-0.6505684099646967,0.0,0.0,0.0,0.0,-0.7994564598334941,0.0,0.08853546988932504,-0.15154475432365172,-0.6829968743182837,-0.651087827846492,-0.5000000000000004,0.8660254037844384,0.25881904510252074,0.9659258262890683,0.9749279121818236,-0.22252093395631434
0.20181909118041444,-0.7991504858038802,0.5188151265545653,-1.2173182542201055,-0.42049315882922256,-0.9601611422269661,0.010094880414807005,-0.2360462252468703,1.0803399483697778,-0.6826680894736445,0.8421586090860689,1.691369038825205,-0.6505684099646967,0.0,0.0,0.0,0.0,-0.9310122059382657,0.0,0.08920529486204926,-0.2594178094647084,-0.6829968743182837,-0.651087827846492,-0.5000000000000004,0.8660254037844384,0.49999999999999994,0.8660254037844387,0.9749279121818236,-0.22252093395631434
0.15411014844727217,-0.19382280291316867,0.22914681889749292,-1.3755357407229036,-0.7441226521696283,-0.366946613708855,0.1179377492364014,0.45154954598482305,0.6510594814453183,-0.6826680894736445,1.6782195837489173,1.756256583945138,-0.6505684099646967,0.0,0.0,0.0,0.0,-1.2204348473687636,0.0,0.09669516988968874,-0.15154475432365172,-0.6829968743182837,-0.651087827846492,-0.5000000000000004,0.8660254037844384,0.7071067811865476,0.7071067811865476,0.9749279121818236,-0.22252093395631434
0.1306503913551119,0.09568174107804124,0.09747940632609654,-1.3755357407229036,-0.36655490993915496,0.06448213430431671,0.010094880414807005,1.0425728774367842,-0.01413187270789827,-0.6826680894736445,2.022881454936459,1.1825140797267817,-0.6505684099646967,0.0,0.8787878787878787,0.0,0.0,-1.2204348473687636,0.0,0.11174498842615177,-0.15154475432365172,-0.6829968743182837,-0.651087827846492,-0.5000000000000004,0.8660254037844384,0.8660254037844386,0.5000000000000001,0.9749279121818236,-0.22252093395631434
0.12982663982590656,0.5167792596107107,-0.1921889013309754,-1.6656011326447004,-0.8519991499497634,0.6576966628224279,0.4414663557011846,1.4597658172852275,-0.536229737886295,-0.6826680894736445,2.203743624965565,-0.1835395017454957,-0.6505684099646967,0.0,0.8787878787878787,0.0,0.0,-1.3783017426944895,0.0,0.1625230738120742,-0.15154475432365172,-0.6829968743182837,-0.651087827846492,-0.5000000000000004,0.8660254037844384,0.9659258262890683,0.25881904510252074,0.9749279121818236,-0.22252093395631434
0.12862533551248212,0.6746908290604611,-0.350189796416651,-1.6656011326447004,-1.0138138966199663,0.4959108823174885,0.4414663557011846,1.6220075161151775,-0.6831906184550289,-0.6826680894736445,2.2242185876103693,-0.6514128533997506,-0.6505684099646967,0.0,0.8787878787878787,0.0,0.0,-1.509857488799261,0.0,0.2592806497233088,0.27994746624057504,-0.6829968743182837,-0.651087827846492,-0.5000000000000004,0.8660254037844384,1.0,6.123233995736766e-17,0.9749279121818236,-0.22252093395631434
0.14408783817527393,0.5167792596107107,-0.5081906915023265,-1.5073836461419021,-0.9598756477298988,0.8194824433273673,0.4414663557011846,1.4249997389645237,-0.6831906184550289,-0.6245722791443928,1.934156616808973,-0.6514128533997506,-0.5139137102083035,0.0,0.8787878787878787,0.0,0.0,-1.509857488799261,0.026542786492858912,0.2815041182903475,0.11813788352899002,-0.6249206913391748,-0.5177677787214426,-0.5000000000000004,0.8660254037844384,0.9659258262890683,-0.25881904510252063,0.9749279121818236,-0.22252093395631434
0.3211829668081649,0.5167792596107107,-0.350189796416651,-1.085470348801107,-0.9598756477298988,0.6576966628224279,-0.259512291639179,1.0773389557574877,-0.6831906184550289,-0.2488860390152315,1.6884570650713195,-0.6514128533997506,0.8082205099348003,0.0,0.8787878787878787,0.0,0.0,-0.7994564598334941,0.09462381514065468,0.32010329774131063,-0.42122739217629346,-0.2338743926131748,0.8461988777117543,-0.5000000000000004,0.8660254037844384,0.8660254037844387,-0.4999999999999998,0.9749279121818236,-0.22252093395631434
0.45842912208034386,0.22727471561950033,-0.5081906915023265,-0.7954049568793099,-0.36655490993915496,0.6576966628224279,0.3336234868795902,0.6485573231354768,-0.6831906184550289,0.14229241720173022,1.753294446779867,-0.6514128533997506,0.5827402553367517,0.0,0.0,0.0,0.0,-0.19430002775154487,0.3013060753950312,0.3353850388529216,-0.7448465575994635,0.4552963120722509,1.6837222632409103,-0.5000000000000004,0.8660254037844384,0.7071067811865476,-0.7071067811865475,0.9749279121818236,-0.22252093395631434
0.2567473030757633,0.09568174107804124,-0.5081906915023265,-0.18890459195191697,0.064951081181386,0.6576966628224279,0.4953877901119818,-0.015861062549080842,-0.6831906184550289,0.9788720859429554,1.1799954927253424,-0.6514128533997506,1.6383978109548887,0.8787878787878787,0.0,0.0,0.0,0.09512261367895261,0.479721523993934,0.3742406238717272,-0.3672908646057651,1.0476733784591619,2.0289870058468074,-0.5000000000000004,0.8660254037844384,0.49999999999999994,-0.8660254037844387,0.9749279121818236,-0.22252093395631434
0.25754818177084104,-0.19382280291316867,-0.5081906915023265,0.5230740973106753,0.6582718189721298,0.6576966628224279,-0.5830408981039622,-0.5373522373596348,-0.6831906184550289,1.1570325709526608,-0.18500201692828788,-0.6514128533997506,1.713557895820905,0.8787878787878787,0.0,0.0,0.0,0.5161010012142222,0.594984166396316,0.39476679616530763,-0.8527196127405202,1.465821895908746,2.2101655341449513,-0.5000000000000004,0.8660254037844384,0.258819045102521,-0.9659258262890682,0.9749279121818236,-0.22252093395631434
0.20861504129635844,-0.3517343723629195,-0.9295264117307949,0.5230740973106753,0.4964570723019269,0.9812682238323067,-0.47519802928236776,-0.6841423458248278,-0.6831906184550289,1.4901152168403706,-0.6525136639846563,-0.6514128533997506,2.048361910224068,0.8787878787878787,0.0,0.0,0.0,0.6739678965399476,0.6393884520704597,0.3826049463737946,-1.0145291954521052,1.628435208250251,2.2306763109334202,-0.5000000000000004,0.8660254037844384,1.2246467991473532e-16,-1.0,0.9749279121818236,-0.22252093395631434
0.18818142125418494,-0.5096459418126703,-1.2191947193878672,0.5230740973106753,0.8200865656423326,0.2801965083109026,-0.9604909389795426,-0.6841423458248278,-0.6831906184550289,1.4823691087964705,-0.6525136639846563,-0.6514128533997506,2.171351140004822,0.8787878787878787,0.0,0.0,0.0,0.5161010012142222,0.6170920856675021,0.34100204176890736,-0.9605926678815769,1.4309761861212806,1.9401069730967744,-0.5000000000000004,0.8660254037844384,-0.2588190451025208,-0.9659258262890683,0.9749279121818236,-0.22252093395631434
0.3082546533498204,-0.3517343723629195,-1.2191947193878672,0.39122619189167684,0.6582718189721298,0.010553540802670241,-0.3673551604607734,-0.6841423458248278,-0.6831906184550289,1.1841439491063115,-0.6525136639846563,-0.6514128533997506,2.0859419526570764,0.8787878787878787,0.0,0.0,0.0,0.5161010012142222,0.5370035713951197,0.3197763627154343,-0.9605926678815769,1.0825190882466271,1.6939776516351448,-0.5000000000000004,0.8660254037844384,-0.4999999999999997,-0.8660254037844388,0.9749279121818236,-0.22252093395631434
0.22646872303353144,-0.5096459418126703,-1.3771956144735429,0.23300870538887822,0.6582718189721298,0.11841072780596318,0.1718591836471986,-0.6841423458248278,-0.6831906184550289,0.6496624940771955,-0.6525136639846563,-0.6514128533997506,1.81263255314429,0.0,0.0,0.0,0.0,0.22667835978372425,0.3683227396349288,0.3219888979359864,-0.3672908646057651,0.6527553342012212,1.7589284447986304,-0.5000000000000004,0.8660254037844384,-0.7071067811865471,-0.7071067811865479,0.9749279121818236,-0.22252093395631434
0.09705391520044092,-0.5096459418126703,-1.3771956144735429,0.1011607999698797,0.6582718189721298,0.010553540802670241,0.1718591836471986,-0.6841423458248278,-0.6831906184550289,-0.020375851720174663,-0.6525136639846563,-0.6514128533997506,1.2011027717344305,0.0,0.0,0.8787878787878787,0.8787878787878787,0.09512261367895261,0.05585183425422833,0.3766342717746384,0.06420135595846167,-0.013184897292560954,1.184626694721495,-0.5000000000000004,0.8660254037844384,-0.8660254037844385,-0.5000000000000004,0.9749279121818236,-0.22252093395631434
0.10350091387171943,-0.5096459418126703,-1.6668639221306147,-0.3471220784547151,0.6582718189721298,0.441982288815842,0.1718591836471986,-0.6841423458248278,-0.6831906184550289,-0.5393650906614903,-0.6525136639846563,-0.6514128533997506,-0.15861149084168125,0.0,0.0,0.8787878787878787,0.8787878787878787,-0.19430002775154487,0.0,0.4152901001584888,0.6575031592342735,-0.5358705441045412,-0.18275842450978025,-0.5000000000000004,0.8660254037844384,-0.9659258262890683,-0.25881904510252063,0.9749279121818236,-0.22252093395631434
0.24186257973555608,-0.9307434603453393,-1.6668639221306147,-0.5053395649575132,0.9819013123125355,0.441982288815842,0.010094880414807005,-0.6841423458248278,-0.6831906184550289,-0.6826680894736445,-0.6525136639846563,-0.6514128533997506,-0.6505684099646967,0.0,0.0,0.8787878787878787,0.8787878787878787,-0.3521669230772707,0.0,0.4329110426850733,0.4956935765226884,-0.6829968743182837,-0.651087827846492,-0.5000000000000004,0.8660254037844384,-1.0,-1.8369701987210297e-16,0.9749279121818236,-0.22252093395631434
0.16394368232716083,-1.2202480043365496,-1.5088630270449392,-0.5053395649575132,0.2807040767416565,0.441982288815842,0.1718591836471986,-0.6841423458248278,-0.6251797445463182,-0.6826680894736445,-0.6525136639846563,-0.5148074952525229,-0.6505684099646967,0.0,0.0,0.8787878787878787,0.8787878787878787,-0.5100338184029966,0.0,0.39431299006640974,0.8193127419458585,-0.6829968743182837,-0.651087827846492,-0.5000000000000004,0.8660254037844384,-0.9659258262890684,0.2588190451025203,0.9749279121818236,-0.22252093395631434
0.20609802387899703,-1.2202480043365496,-1.0875273068164708,-0.5053395649575132,0.01101283229131838,-0.2590894267055621,0.4953877901119818,-0.6841423458248278,-0.2500427599366553,-0.6826680894736445,-0.6525136639846563,0.8068493448219054,-0.6505684099646967,0.0,0.0,0.8787878787878787,0.8787878787878787,-0.3521669230772707,0.0,0.3620822570164133,0.6575031592342735,-0.6829968743182837,-0.651087827846492,-0.5000000000000004,0.8660254037844384,-0.8660254037844386,0.5000000000000001,0.9749279121818236,-0.22252093395631434
0.44809790498489366,-1.3781595737863004,-0.7978589991593985,-0.5053395649575132,0.11888933007145361,0.33412510181254906,0.818916396576765,-0.6841423458248278,0.14056379104866373,-0.6826680894736445,-0.6525136639846563,0.5814505038789796,-0.6505684099646967,0.0,0.0,0.0,0.0,-0.5100338184029966,0.0,0.32934911041967996,0.6575031592342735,-0.6829968743182837,-0.651087827846492,-0.5000000000000004,0.8660254037844384,-0.7071067811865477,0.7071067811865474,0.9749279121818236,-0.22252093395631434
0.7344087777920466,-1.3781595737863004,-0.1921889013309754,-0.5053395649575132,0.01101283229131838,0.4959108823174885,0.6571520933443734,-0.6841423458248278,0.9759203753340986,-0.6826680894736445,-0.6525136639846563,1.636726895566314,-0.6505684099646967,0.0,0.0,0.0,0.0,-0.5100338184029966,0.0,0.2398204915170784,0.6575031592342735,-0.6829968743182837,-0.651087827846492,-0.5000000000000004,0.8660254037844384,-0.5000000000000004,0.8660254037844384,0.9749279121818236,-0.22252093395631434
0.4021451661890368,-1.6676641177775104,0.5188151265545653,-0.7954049568793099,0.44251882341185933,-0.582660987715441,0.9806806998091566,-0.6841423458248278,1.1538203886541447,-0.6826680894736445,-0.6525136639846563,1.711859842547289,-0.6505684099646967,0.0,0.0,0.0,0.0,-0.5100338184029966,0.0,0.16017616383977729,0.6575031592342735,-0.6829968743182837,-0.651087827846492,-0.5000000000000004,0.8660254037844384,-0.25881904510252157,0.9659258262890681,0.9749279121818236,-0.22252093395631434
0.4470367757233556,-1.6676641177775104,0.5188151265545653,-0.7954049568793099,0.44251882341185933,-0.47480380071214795,0.818916396576765,-0.6841423458248278,1.486416065730753,-0.6826680894736445,-0.6525136639846563,2.046542970007997,-0.6505684099646967,0.0,0.0,0.0,0.0,-0.9310122059382657,0.0,0.0669911533932736,0.9811223246574435,-0.6829968743182837,-0.651087827846492,-0.5000000000000004,0.8660254037844384,-2.4492935982947064e-16,1.0,0.9749279121818236,-0.22252093395631434
0.28181452890201486,-1.5097525483277596,0.5188151265545653,-0.9272528622983084,0.44251882341185933,-0.9601611422269661,0.6032306589335762,-0.6261988819569885,1.478681282542925,-0.6826680894736445,-0.5160139130192932,2.169487792340502,-0.6505684099646967,0.0,0.0,0.0,0.0,-1.2204348473687636,0.0,0.04757024992679432,0.27994746624057504,-0.6829968743182837,-0.651087827846492,-0.5000000000000004,0.8660254037844384,0.25881904510252074,0.9659258262890683,0.43388373911755823,-0.900968867902419
0.2718665622055274,-1.0886550297950905,0.38714771398316894,-1.3755357407229036,-0.2586784121590197,-0.366946613708855,0.7649949621659677,-0.25149781561162743,1.1808921298115431,-0.6826680894736445,0.804621177570594,2.084109443498485,-0.6505684099646967,0.0,0.0,0.0,0.0,-1.2204348473687636,0.0,0.057396893436032825,0.010264828387933323,-0.6829968743182837,-0.651087827846492,-0.5000000000000004,0.8660254037844384,0.49999999999999994,0.8660254037844387,0.43388373911755823,-0.900968867902419
0.1432011588938334,-0.7991504858038802,0.22914681889749292,-1.5073836461419021,0.3346423256317241,0.17233932130760965,0.9806806998091566,0.1386548410984907,0.6471920898514043,-0.6826680894736445,0.579396588477745,1.8108987272040291,-0.6505684099646967,0.0,0.0,0.0,0.0,-1.3783017426944895,0.0,0.0628130641044139,0.11813788352899002,-0.6829968743182837,-0.651087827846492,-0.5000000000000004,0.8660254037844384,0.7071067811865476,0.7071067811865476,0.43388373911755823,-0.900968867902419
0.12815052856334622,-0.19382280291316867,0.09747940632609654,-1.5073836461419021,0.4964570723019269,0.17233932130760965,0.7649949621659677,0.9730407207953771,-0.02186665589572637,-0.6826680894736445,1.6338571646851745,1.199589749495185,-0.6505684099646967,0.0,0.8787878787878787,0.0,0.0,-1.3783017426944895,0.0,0.07237785227505134,0.010264828387933323,-0.6829968743182837,-0.651087827846492,-0.5000000000000004,0.8660254037844384,0.8660254037844386,0.5000000000000001,0.43388373911755823,-0.900968867902419
0.12755559804746391,0.5167792596107107,-0.350189796416651,-1.8238186191474985,-0.5823079054994255,0.17233932130760965,0.9806806998091566,1.1507340099900842,-0.540097129480209,-0.6826680894736445,1.7089320277161242,-0.15963356406973084,-0.6505684099646967,0.0,0.8787878787878787,0.0,0.0,-1.6677243841249871,0.0,0.09694281689738293,0.44175704895216006,-0.6829968743182837,-0.651087827846492,-0.5000000000000004,0.8660254037844384,0.9659258262890683,0.25881904510252074,0.43388373911755823,-0.900968867902419
0.12641722835087077,0.5167792596107107,-0.5081906915023265,-1.8238186191474985,-0.47443140771929015,0.010553540802670241,0.7649949621659677,1.482943202832363,-0.6831906184550289,-0.6826680894736445,2.0433564175812635,-0.6514128533997506,-0.6505684099646967,0.0,0.8787878787878787,0.0,0.0,-1.6677243841249871,0.0,0.15102042091591283,0.44175704895216006,-0.6829968743182837,-0.651087827846492,-0.5000000000000004,0.8660254037844384,1.0,6.123233995736766e-17,0.43388373911755823,-0.900968867902419
0.1270693615458603,0.5167792596107107,-0.5081906915023265,-1.5073836461419021,-0.9598756477298988,0.17233932130760965,0.279702052468793,1.4752174076499844,-0.6831906184550289,-0.6245722791443928,2.16620619345009,-0.6514128533997506,-0.47633366777529534,0.0,0.8787878787878787,0.0,0.0,-1.509857488799261,0.024541544210623118,0.15520173704272178,0.44175704895216006,-0.6249206913391748,-0.5143493159233644,-0.5000000000000004,0.8660254037844384,0.9659258262890683,-0.25881904510252063,0.43388373911755823,-0.900968867902419
0.12733822374809878,0.3851862850692516,-0.5081906915023265,-0.6371874703765118,-0.36655490993915496,0.4959108823174885,-0.7448052013363538,1.1777742931284092,-0.6831906184550289,-0.23339382292743105,2.0808938490967384,-0.6514128533997506,1.0029534570876606,0.0,0.8787878787878787,0.0,0.0,-1.088879101263992,0.10518992767376731,0.18825871987650733,-0.2594178094647084,-0.2493613747409372,0.8085957869328941,-0.5000000000000004,0.8660254037844384,0.8660254037844387,-0.4999999999999998,0.43388373911755823,-0.900968867902419
0.14586118987355892,0.22727471561950033,-0.5081906915023265,0.1011607999698797,0.17282757896152123,0.8194824433273673,-1.4457838486767174,0.6446944255442875,-0.6831906184550289,0.45600979297968963,1.8078943471660123,-0.6514128533997506,1.8262980231199293,0.0,0.0,0.0,0.0,-0.7994564598334941,0.2812548561990325,0.22529769756917173,0.3338839938111034,0.1416849239850628,0.5829772422597338,-0.5000000000000004,0.8660254037844384,0.7071067811865476,-0.7071067811865475,0.43388373911755823,-0.900968867902419
0.2221096907956277,0.09568174107804124,-0.5081906915023265,0.5230740973106753,0.17282757896152123,0.6576966628224279,-1.5536267174983118,-0.02358685773145942,-0.6831906184550289,1.0524601123600075,1.1970579615960129,-0.6514128533997506,2.1611020375230927,0.8787878787878787,0.0,0.0,0.0,-0.19430002775154487,0.45113312020340585,0.231970311861595,0.4956935765226884,0.9779819588842311,1.6392822468658939,-0.5000000000000004,0.8660254037844384,0.49999999999999994,-0.8660254037844387,0.43388373911755823,-0.900968867902419
0.31308275030224186,-0.3517343723629195,-0.7978589991593985,0.8131394892324716,0.17282757896152123,0.9812682238323067,-1.7153910207307033,-0.5412151349508241,-0.6831906184550289,1.4707499467306202,-0.16111456050934936,-0.6514128533997506,2.335336779712494,0.8787878787878787,0.0,0.0,0.0,0.5161010012142222,0.5899006972490657,0.24067686357702556,-0.5830369748878784,1.1560822533534985,1.714488428423614,-0.5000000000000004,0.8660254037844384,0.258819045102521,-0.9659258262890682,0.43388373911755823,-0.900968867902419
0.3747211048625758,-0.5096459418126703,-0.7978589991593985,1.1295744622380688,0.01101283229131838,0.8194824433273673,-1.8232338895522977,-0.6841423458248278,-0.6831906184550289,1.6450373777183753,-0.6525136639846563,-0.6514128533997506,2.393415027108961,0.8787878787878787,0.0,0.0,0.0,0.5161010012142222,0.6481695242936613,0.22568366324165978,-0.47516391974682176,1.4890523691003894,2.0494977826352763,-0.5000000000000004,0.8660254037844384,1.2246467991473532e-16,-1.0,0.43388373911755823,-0.900968867902419
0.34432240811819365,-0.5096459418126703,-0.9295264117307949,1.2614223676570673,0.17282757896152123,0.6037680693207814,-1.7693124551415005,-0.6841423458248278,-0.6831906184550289,1.5520840811915726,-0.6525136639846563,-0.6514128533997506,2.352418617182043,0.8787878787878787,0.0,0.0,0.0,0.5161010012142222,0.5930605527839299,0.18256939481473777,-0.9605926678815769,1.4813088780365082,2.172562443366091,-0.5000000000000004,0.8660254037844384,-0.2588190451025208,-0.9659258262890683,0.43388373911755823,-0.900968867902419
0.2779989461417161,-0.5096459418126703,-1.3771956144735429,0.8131394892324716,0.4964570723019269,0.7655538498257208,-0.798726635747151,-0.6841423458248278,-0.6831906184550289,1.2112553272599622,-0.6525136639846563,-0.6514128533997506,2.20893118243783,0.8787878787878787,0.0,0.0,0.0,0.3845452551094506,0.48356877782801616,0.16907473290104968,-0.3672908646057651,1.1831844720770825,2.0871008734141365,-0.5000000000000004,0.8660254037844384,-0.4999999999999997,-0.8660254037844388,0.43388373911755823,-0.900968867902419
0.25239971411951945,-0.5096459418126703,-1.5088630270449392,0.681291583813473,0.8200865656423326,0.9812682238323067,-0.6908837669255565,-0.6841423458248278,-0.6831906184550289,0.669027764186946,-0.6525136639846563,-0.6514128533997506,1.9390381504189536,0.0,0.0,0.0,0.0,0.22667835978372425,0.2912111818067253,0.19872256144142741,0.17207441109951835,0.6488835886692806,1.8136238495678814,-0.5000000000000004,0.8660254037844384,-0.7071067811865471,-0.7071067811865479,0.43388373911755823,-0.900968867902419
0.2732909864852332,-0.5096459418126703,-1.5088630270449392,0.681291583813473,0.6582718189721298,0.7655538498257208,-1.1222552422119343,-0.6841423458248278,-0.6831906184550289,-0.03586806780797513,-0.6525136639846563,-0.6514128533997506,0.9585406796668328,0.0,0.0,0.8787878787878787,0.8787878787878787,0.09512261367895261,0.028887731916100206,0.22440972810714654,0.17207441109951835,-0.020928388356442142,1.2017190087118859,-0.5000000000000004,0.8660254037844384,-0.8660254037844385,-0.5000000000000004,0.43388373911755823,-0.900968867902419
0.38220351458619095,-0.7991504858038802,-1.8248648172162902,0.1011607999698797,0.9819013123125355,0.9812682238323067,0.3336234868795902,-0.6841423458248278,-0.6831906184550289,-0.5587303607712408,-0.6525136639846563,-0.6514128533997506,-0.4250881553666479,0.0,0.0,0.8787878787878787,0.8787878787878787,-0.3521669230772707,0.0,0.2426919675347321,0.17207441109951835,-0.5397422896364817,-0.15882918492323295,-0.5000000000000004,0.8660254037844384,-0.9659258262890683,-0.25881904510252063,0.43388373911755823,-0.900968867902419
0.4296607325812002,-0.7991504858038802,-1.8248648172162902,0.1011607999698797,0.8200865656423326,0.7655538498257208,0.3336234868795902,-0.6841423458248278,-0.6831906184550289,-0.6826680894736445,-0.6525136639846563,-0.6514128533997506,-0.6505684099646967,0.0,0.0,0.8787878787878787,0.8787878787878787,-0.5100338184029966,0.0,0.24852311980731978,0.010264828387933323,-0.6829968743182837,-0.651087827846492,-0.5000000000000004,0.8660254037844384,-1.0,-1.8369701987210297e-16,0.43388373911755823,-0.900968867902419
0.4377552583369757,-0.9307434603453393,-1.5088630270449392,-0.05705668653291797,0.6043335700820621,0.2801965083109026,0.4953877901119818,-0.6841423458248278,-0.6251797445463182,-0.6826680894736445,-0.6525136639846563,-0.4772410217620353,-0.6505684099646967,0.0,0.0,0.8787878787878787,0.8787878787878787,-0.5100338184029966,0.0,0.22791767998341705,0.17207441109951835,-0.6829968743182837,-0.651087827846492,-0.5000000000000004,0.8660254037844384,-0.9659258262890684,0.2588190451025203,0.43388373911755823,-0.900968867902419
0.3900062606857258,-1.3781595737863004,-0.6398581040737229,0.1011607999698797,0.766148316752265,-0.7444467682203804,0.1718591836471986,-0.6841423458248278,-0.23457319356099912,-0.6826680894736445,-0.6525136639846563,1.001511980181705,-0.6505684099646967,0.0,0.0,0.8787878787878787,0.8787878787878787,-0.5100338184029966,0.0,0.21044294906968974,0.4956935765226884,-0.6829968743182837,-0.651087827846492,-0.5000000000000004,0.8660254037844384,-0.8660254037844386,0.5000000000000001,0.43388373911755823,-0.900968867902419
0.4574852744427765,-1.5097525483277596,0.09747940632609654,-0.05705668653291797,0.9819013123125355,-1.4455184837417845,0.3336234868795902,-0.6841423458248278,0.4538225101557018,-0.6826680894736445,-0.6525136639846563,1.824559263018752,-0.6505684099646967,0.0,0.0,0.0,0.0,-0.5100338184029966,0.0,0.16267670203024953,0.8193127419458585,-0.6829968743182837,-0.651087827846492,-0.5000000000000004,0.8660254037844384,-0.7071067811865477,0.7071067811865474,0.43388373911755823,-0.900968867902419
0.4709169893252145,-1.5097525483277596,0.5188151265545653,-0.18890459195191697,0.766148316752265,-1.5533756707450774,0.010094880414807005,-0.6841423458248278,1.0494008156184653,-0.6826680894736445,-0.6525136639846563,2.1592423904794598,-0.6505684099646967,0.0,0.0,0.0,0.0,-0.5100338184029966,0.0,0.136600552854658,0.6575031592342735,-0.6829968743182837,-0.651087827846492,-0.5000000000000004,0.8660254037844384,-0.5000000000000004,0.8660254037844384,0.43388373911755823,-0.900968867902419
0.49371887785236307,-1.8255756872272613,0.8084834342116368,-0.5053395649575132,0.9819013123125355,-1.7151614512500166,0.6571520933443734,-0.6841423458248278,1.4670791077611829,-0.6826680894736445,-0.6525136639846563,2.333414222117175,-0.6505684099646967,0.0,0.0,0.0,0.0,-0.7994564598334941,0.0,0.10049605718817334,0.9811223246574435,-0.6829968743182837,-0.651087827846492,-0.5000000000000004,0.8660254037844384,-0.25881904510252157,0.9659258262890681,0.43388373911755823,-0.900968867902419
0.6004404534173051,-1.8255756872272613,1.1244852243829888,-0.5053395649575132,0.766148316752265,-1.8230186382533096,-2.0928410616062836,-0.6841423458248278,1.641111729487315,-0.6826680894736445,-0.6525136639846563,2.391471499329747,-0.6505684099646967,0.0,0.0,0.0,0.0,-0.7994564598334941,0.0,0.1041202264502677,0.8193127419458585,-0.6829968743182837,-0.651087827846492,-0.5000000000000004,0.8660254037844384,-2.4492935982947064e-16,1.0,0.43388373911755823,-0.900968867902419
0.3942108257827113,-1.5097525483277596,1.2561526369543852,-1.085470348801107,0.2807040767416565,-1.769090044751663,0.279702052468793,-0.6261988819569885,1.548294331233378,-0.6826680894736445,-0.4784764815038184,2.3504898918855788,-0.6505684099646967,0.0,0.0,0.0,0.0,-0.9310122059382657,0.0,0.12376726467144611,0.6035666316637451,-0.6829968743182837,-0.651087827846492,-0.5000000000000004,0.8660254037844384,0.25881904510252074,0.9659258262890683,-0.433883739117558,-0.9009688679024191
0.22312795065466665,-0.6412389163541294,0.8084834342116368,-1.2173182542201055,-0.7441226521696283,-0.7983753617220268,0.7649949621659677,-0.2360462252468703,1.2079638709689415,-0.6826680894736445,0.9991333226962363,2.2070542658309895,-0.6505684099646967,0.0,0.0,0.0,0.0,-1.3783017426944895,0.0,0.11602669506693813,0.7653762143753301,-0.6829968743182837,-0.651087827846492,-0.5000000000000004,0.8660254037844384,0.49999999999999994,0.8660254037844387,-0.433883739117558,-0.9009688679024191
0.19181967433633204,0.09568174107804124,0.6768160216402405,-1.2173182542201055,-1.4453198877405073,-0.6905181747187339,0.1179377492364014,0.45154954598482305,0.6665290478209746,-0.6826680894736445,1.8215443222625485,1.9372586834902148,-0.6505684099646967,0.0,0.0,0.0,0.0,-1.509857488799261,0.0,0.12014285979896183,0.9811223246574435,-0.6829968743182837,-0.651087827846492,-0.5000000000000004,0.8660254037844384,0.7071067811865476,0.7071067811865476,-0.433883739117558,-0.9009688679024191
0.13620499253641796,0.5167792596107107,0.6768160216402405,-1.2173182542201055,-1.5531963855206425,-1.1219469227319057,0.4414663557011846,1.0464357750279736,-0.03733622227138257,-0.6826680894736445,2.155968712127688,0.9571152387838558,-0.6505684099646967,0.0,0.8787878787878787,0.0,0.0,-1.509857488799261,0.0,0.12170321521621064,0.7653762143753301,-0.6829968743182837,-0.651087827846492,-0.5000000000000004,0.8660254037844384,0.8660254037844386,0.5000000000000001,-0.433883739117558,-0.9009688679024191
0.1319832728138367,0.8062838036019201,0.09747940632609654,-1.3755357407229036,-1.7150111321908454,0.33412510181254906,0.279702052468793,1.4636287148764167,-0.5594340874497793,-0.6826680894736445,2.330005894608526,-0.4260140124568249,-0.6505684099646967,0.0,0.8787878787878787,0.0,0.0,-1.825591279450713,0.0,0.11744737449866843,0.9811223246574435,-0.6829968743182837,-0.651087827846492,-0.5000000000000004,0.8660254037844384,0.9659258262890683,0.25881904510252074,-0.433883739117558,-0.9009688679024191
0.1405354097055759,1.1221069425014227,0.09747940632609654,-1.5073836461419021,-1.8228876299709806,0.33412510181254906,0.279702052468793,1.6374591064799346,-0.6831906184550289,-0.6826680894736445,2.388018288768805,-0.6514128533997506,-0.6505684099646967,0.0,0.8787878787878787,0.0,0.0,-1.825591279450713,0.0,0.11801970286763963,0.7653762143753301,-0.6829968743182837,-0.651087827846492,-0.5000000000000004,0.8660254037844384,1.0,6.123233995736766e-17,-0.433883739117558,-0.9009688679024191
0.1712258792416026,1.2536999170428818,-0.06052148875957856,-1.085470348801107,-1.768949381080913,0.4959108823174885,-0.4212765948715706,1.5447495642913918,-0.6831906184550289,-0.6555567113199937,2.3470683634791962,-0.6514128533997506,-0.6471520424707868,0.0,0.8787878787878787,0.0,0.0,-1.509857488799261,0.026958556957972616,0.1287519097886743,0.27994746624057504,-0.6249206913391748,-0.4767462251445044,-0.5000000000000004,0.8660254037844384,0.9659258262890683,-0.25881904510252063,-0.433883739117558,-0.9009688679024191
0.26131797767530807,0.8062838036019201,0.09747940632609654,-0.5053395649575132,-0.7980609010596958,0.17233932130760965,-1.3918624142659202,1.2048145762667344,-0.6831906184550289,-0.3844429297834856,2.203743624965565,-0.6514128533997506,-0.24060431069551716,0.0,0.8787878787878787,0.0,0.0,-0.6415895645077683,0.09888129938155707,0.14086376920179855,-0.7448465575994635,-0.2338743926131748,1.003448166423351,-0.5000000000000004,0.8660254037844384,0.8660254037844387,-0.4999999999999998,-0.433883739117558,-0.9009688679024191
0.31757907446167977,0.6746908290604611,-0.06052148875957856,-0.18890459195191697,-0.6901844032795607,0.33412510181254906,-0.8526480701579482,0.6640089135002339,-0.6831906184550289,0.2081343355748822,1.934156616808973,-0.6514128533997506,0.5861566228306615,0.0,0.0,0.0,0.0,0.09512261367895261,0.3052087830306684,0.13809775444347105,-1.446021416016332,0.4552963120722509,1.8272977007601943,-0.5000000000000004,0.8660254037844384,0.7071067811865476,-0.7071067811865475,-0.433883739117558,-0.9009688679024191
0.3091871057579004,0.6746908290604611,-0.1921889013309754,0.5230740973106753,-1.1216903944001015,0.010553540802670241,-1.877155323963095,-0.03903844809621657,-0.6831906184550289,0.8471882491966514,0.9547709036324934,-0.6514128533997506,1.2284337116857091,0.8787878787878787,0.0,0.0,0.0,0.5161010012142222,0.4941903361798909,0.14822234265669254,-1.5538944711573888,1.0515451239911024,2.1623070549718566,-0.5000000000000004,0.8660254037844384,0.49999999999999994,-0.8660254037844387,-0.433883739117558,-0.9009688679024191
0.4663005141406458,0.09568174107804124,-0.5081906915023265,0.681291583813473,0.3346423256317241,0.6576966628224279,-2.200683930427878,-0.5605296229067706,-0.6831906184550289,1.2693511375892141,-0.42728907489180723,-0.6514128533997506,1.474412171247217,0.8787878787878787,0.0,0.0,0.0,0.8055236426447192,0.6227021929690114,0.1350973073471463,-1.7157040538689736,1.4696936414406865,2.336648657673844,-0.5000000000000004,0.8660254037844384,0.258819045102521,-0.9659258262890682,-0.433883739117558,-0.9009688679024191
0.4983639097566108,0.09568174107804124,-0.5081906915023265,1.1295744622380688,0.3346423256317241,-2.092661605761542,-2.632055405714256,-0.6841423458248278,-0.6831906184550289,1.4513846766208696,-0.6525136639846563,-0.6514128533997506,1.5666540935827822,0.8787878787878787,0.0,0.0,0.0,1.121257433296172,0.6810763662709756,0.12114604786363603,-1.8235771090100303,1.6439221903780132,2.3947625252411733,-0.5000000000000004,0.8660254037844384,1.2246467991473532e-16,-1.0,-0.433883739117558,-0.9009688679024191
0.38244947306361954,-0.06222982837170911,-1.0875273068164708,1.419639854159865,0.4964570723019269,0.2801965083109026,-2.685976840125053,-0.6841423458248278,-0.6831906184550289,1.3700505421599172,-0.6525136639846563,-0.6514128533997506,1.532490418643684,0.8787878787878787,0.0,0.0,0.0,1.2528131794009436,0.6610196123385453,0.1339770311625984,-1.769640581439502,1.551000297611439,2.353740971664235,-0.5000000000000004,0.8660254037844384,-0.2588190451025208,-0.9659258262890683,-0.433883739117558,-0.9009688679024191
0.39458268095218674,0.09568174107804124,-1.2191947193878672,1.7097052460816622,0.17282757896152123,0.7655538498257208,-3.225191184233025,-0.6841423458248278,-0.6831906184550289,1.0485870583380574,-0.6525136639846563,-0.6514128533997506,1.3821702489116514,0.8787878787878787,0.0,0.0,0.0,0.8055236426447192,0.5620606802957423,0.14011819036674134,-0.7987830851699919,1.2102866908006666,2.2101655341449513,-0.5000000000000004,0.8660254037844384,-0.4999999999999997,-0.8660254037844388,-0.433883739117558,-0.9009688679024191
0.2787540517101544,-0.06222982837170911,-1.2191947193878672,1.7097052460816622,0.3346423256317241,0.11841072780596318,-3.1173483154114305,-0.6841423458248278,-0.6831906184550289,0.4947403331991908,-0.6525136639846563,-0.6514128533997506,0.9858716196181113,0.0,0.0,0.0,0.0,0.6739678965399476,0.3716267244961474,0.1742871005821267,-0.6909100300289351,0.6682423163289836,1.9401069730967744,-0.5000000000000004,0.8660254037844384,-0.7071067811865471,-0.7071067811865479,-0.433883739117558,-0.9009688679024191
0.3561981593309039,-0.19382280291316867,-1.2191947193878672,1.419639854159865,0.01101283229131838,0.441982288815842,-3.225191184233025,-0.6841423458248278,-0.6831906184550289,-0.14431358042257839,-0.6525136639846563,-0.6514128533997506,0.2650180784031375,0.0,0.0,0.8787878787878787,0.8787878787878787,0.6739678965399476,0.053401558539204246,0.21632288293692647,-1.122402250593162,-0.03641537048420452,0.9590081500483345,-0.5000000000000004,0.8660254037844384,-0.8660254037844385,-0.5000000000000004,-0.433883739117558,-0.9009688679024191
0.43929409483949194,-0.5096459418126703,-1.3771956144735429,0.5230740973106753,0.6582718189721298,0.2801965083109026,-2.685976840125053,-0.6841423458248278,-0.6831906184550289,-0.5780956308809914,-0.6525136639846563,-0.6514128533997506,-0.5924901625682295,0.0,0.0,0.8787878787878787,0.8787878787878787,0.09512261367895261,0.0,0.23088650406783895,0.3338839938111034,-0.5591010172961847,-0.42546928317333155,-0.5000000000000004,0.8660254037844384,-0.9659258262890683,-0.25881904510252063,-0.433883739117558,-0.9009688679024191
0.4302213641427852,-0.5096459418126703,-1.5088630270449392,0.39122619189167684,-2.0925788744213185,0.2801965083109026,-2.146762496017081,-0.6841423458248278,-0.6831906184550289,-0.6826680894736445,-0.6525136639846563,-0.6514128533997506,-0.6505684099646967,0.0,0.0,0.8787878787878787,0.8787878787878787,0.09512261367895261,0.0,0.23851597825152193,0.3338839938111034,-0.6829968743182837,-0.651087827846492,-0.5000000000000004,0.8660254037844384,-1.0,-1.8369701987210297e-16,-0.433883739117558,-0.9009688679024191
0.3446884970269647,-1.0886550297950905,-1.0875273068164708,0.5230740973106753,0.2807040767416565,-0.4208752072105015,-2.2546053648386755,-0.6841423458248278,-0.6561188772976306,-0.6826680894736445,-0.6525136639846563,-0.64799771944607,-0.6505684099646967,0.0,0.0,0.8787878787878787,0.8787878787878787,-0.06274428164677277,0.0,0.23740466550572203,0.4956935765226884,-0.6829968743182837,-0.651087827846492,-0.5000000000000004,0.8660254037844384,-0.9659258262890684,0.2588190451025203,-0.433883739117558,-0.9009688679024191
0.3574509137919233,-1.2202480043365496,-0.5081906915023265,0.1011607999698797,0.766148316752265,-1.391589890240138,-2.793819708946647,-0.6841423458248278,-0.3854014657236471,-0.6826680894736445,-0.6525136639846563,-0.24159677895806747,-0.6505684099646967,0.0,0.0,0.8787878787878787,0.8787878787878787,0.09512261367895261,0.0,0.21423750561943578,0.17207441109951835,-0.6829968743182837,-0.651087827846492,-0.5000000000000004,0.8660254037844384,-0.8660254037844386,0.5000000000000001,-0.433883739117558,-0.9009688679024191
0.42113720389361076,-1.2202480043365496,-0.1921889013309754,-0.05705668653291797,0.11888933007145361,-0.8523039552236732,-2.955584012179039,-0.6841423458248278,0.20630944814520258,-0.6826680894736445,-0.6525136639846563,0.5848656378326603,-0.6505684099646967,0.0,0.0,0.0,0.0,-0.06274428164677277,0.0,0.18522203487781574,0.3338839938111034,-0.6829968743182837,-0.651087827846492,-0.5000000000000004,0.8660254037844384,-0.7071067811865477,0.7071067811865474,-0.433883739117558,-0.9009688679024191
0.4606486862528073,-1.2202480043365496,0.5188151265545653,-0.3471220784547151,0.44251882341185933,-1.876947231754956,-2.36244823366027,-0.6841423458248278,0.8444290611410209,-0.6826680894736445,-0.6525136639846563,1.2269108211246307,-0.6505684099646967,0.0,0.0,0.0,0.0,-0.19430002775154487,0.0,0.161346353573239,0.010264828387933323,-0.6829968743182837,-0.651087827846492,-0.5000000000000004,0.8660254037844384,-0.5000000000000004,0.8660254037844384,-0.433883739117558,-0.9009688679024191
0.3475544658889915,-1.3781595737863004,0.6768160216402405,-0.3471220784547151,0.2807040767416565,-2.200518792764835,-1.9849981927846894,-0.6841423458248278,1.2659747448776522,-0.6826680894736445,-0.6525136639846563,1.4728004657896405,-0.6505684099646967,0.0,0.0,0.0,0.0,-0.5100338184029966,0.0,0.15097698665272252,0.6575031592342735,-0.6829968743182837,-0.651087827846492,-0.5000000000000004,0.8660254037844384,-0.25881904510252157,0.9659258262890681,-0.433883739117558,-0.9009688679024191
0.22259307505756148,-1.5097525483277596,1.1244852243829888,-1.085470348801107,0.2807040767416565,-2.6319475407780066,-1.5536267174983118,-0.6841423458248278,1.4477421497916125,-0.6826680894736445,-0.6525136639846563,1.5650090825390193,-0.6505684099646967,0.0,0.0,0.0,0.0,-0.5100338184029966,0.0,0.0629853670069751,-2.093259746862672,-0.6829968743182837,-0.651087827846492,-0.5000000000000004,0.8660254037844384,-2.4492935982947064e-16,1.0,-0.433883739117558,-0.9009688679024191
0.16541957048365372,-1.0886550297950905,1.4141535320400604,-0.6371874703765118,-0.42049315882922256,-2.685876134279653,-2.146762496017081,-0.6571020626865027,1.3665269263194175,-0.6826680894736445,-0.6491011702105222,1.5308577430022123,-0.6505684099646967,0.0,0.0,0.0,0.0,-1.088879101263992,0.0,0.04923970319851856,0.27994746624057504,-0.6829968743182837,-0.651087827846492,-0.5000000000000004,0.8660254037844384,0.25881904510252074,0.9659258262890683,-0.9749279121818236,-0.2225209339563146
0.16421254796169737,-0.5096459418126703,1.7038218396971327,-1.3755357407229036,-1.3913816388504396,-3.225162069296118,-1.8232338895522977,-0.38669923130325257,1.0455334240245513,-0.6826680894736445,-0.24301441108856717,1.3805918490402618,-0.6505684099646967,0.0,0.0,0.0,0.0,-1.2204348473687636,0.0,0.0749327089043364,0.7653762143753301,-0.6829968743182837,-0.651087827846492,-0.5000000000000004,0.8660254037844384,0.49999999999999994,0.8660254037844387,-0.9749279121818236,-0.2225209339563146
0.16330870719006504,-0.19382280291316867,1.7038218396971327,-1.3755357407229036,-0.8519991499497634,-3.117304882292825,-1.4457838486767174,0.2043241001487086,0.4924964260948423,-0.6826680894736445,0.5828090822518791,0.9844363104133014,-0.6505684099646967,0.0,0.0,0.0,0.0,-1.2204348473687636,0.0,0.07813224678016628,0.11813788352899002,-0.6829968743182837,-0.651087827846492,-0.5000000000000004,0.8660254037844384,0.7071067811865476,0.7071067811865476,-0.9749279121818236,-0.2225209339563146
0.16158111488922738,0.5167792596107107,1.4141535320400604,-1.8238186191474985,-1.8768258788610481,-3.225162069296118,-0.8526480701579482,0.8417022026949412,-0.14562318690097598,-0.6826680894736445,1.2243579117890853,0.26384304618667515,-0.6505684099646967,0.0,0.8787878787878787,0.0,0.0,-1.2204348473687636,0.0,0.08113709876639008,0.44175704895216006,-0.6829968743182837,-0.651087827846492,-0.5000000000000004,0.8660254037844384,0.8660254037844386,0.5000000000000001,-0.9749279121818236,-0.2225209339563146
0.16114635942590105,0.6746908290604611,0.5188151265545653,-1.6656011326447004,-2.200455372201454,-2.685876134279653,-0.9604909389795426,1.2627580401345737,-0.5787710454193495,-0.6826680894736445,1.4700574635267387,-0.5933555761871789,-0.6505684099646967,0.0,0.8787878787878787,0.0,0.0,-1.3783017426944895,0.0,0.10125038946141357,0.27994746624057504,-0.6829968743182837,-0.651087827846492,-0.5000000000000004,0.8660254037844384,0.9659258262890683,0.25881904510252074,-0.9749279121818236,-0.2225209339563146
0.16006518554381904,1.1221069425014227,0.38714771398316894,-1.955666524566497,-2.6319613633219947,-2.1465901992631884,-0.47519802928236776,1.4443142269204703,-0.6831906184550289,-0.6826680894736445,1.5621947954283588,-0.6514128533997506,-0.6505684099646967,0.0,0.8787878787878787,0.0,0.0,-1.509857488799261,0.0,0.14428221986167922,0.27994746624057504,-0.6829968743182837,-0.651087827846492,-0.5000000000000004,0.8660254037844384,1.0,6.123233995736766e-17,-0.9749279121818236,-0.2225209339563146
0.16253644013143506,1.4116114864926321,0.5188151265545653,-1.955666524566497,-2.6858996122120624,-2.2544473862664813,-0.9604909389795426,1.3631933775054952,-0.6831906184550289,-0.6439375492541434,1.528069857687018,-0.6514128533997506,-0.5993228975560492,0.0,0.8787878787878787,0.0,0.0,-1.088879101263992,0.02607157952224155,0.11403796922897569,-0.42122739217629346,-0.6558946555946995,-0.6476693650484138,-0.5000000000000004,0.8660254037844384,0.9659258262890683,-0.25881904510252063,-0.9749279121818236,-0.2225209339563146
0.1630341233469966,1.7011160304838424,0.09747940632609654,-1.2173182542201055,-3.2252821011127386,-2.793733321282946,-1.607548151909109,1.0425728774367842,-0.6831906184550289,-0.2953626872786329,1.3779201316251188,-0.6514128533997506,0.5246620079402845,0.0,0.8787878787878787,0.0,0.0,-0.5100338184029966,0.09629798243955855,0.1088755816823575,-1.3920848884458037,-0.38487246835885797,-0.24087229207710945,-0.5000000000000004,0.8660254037844384,0.8660254037844387,-0.4999999999999998,-0.9749279121818236,-0.2225209339563146
0.1750986509518164,1.7011160304838424,-0.06052148875957856,-0.3471220784547151,-3.117405603332603,-2.9555191017878855,-1.9849981927846894,0.49017852189671596,-0.6831906184550289,0.3746756585187372,0.982070853825566,-0.6514128533997506,1.4607467012715776,0.0,0.0,0.0,0.0,-0.19430002775154487,0.2984123262624947,0.07778098242054537,-0.8527196127405202,0.2075045980280529,0.586395705057812,-0.5000000000000004,0.8660254037844384,0.7071067811865476,-0.7071067811865475,-0.9749279121818236,-0.2225209339563146
0.302499839359341,1.4116114864926321,-0.350189796416651,0.23300870538887822,-3.2252821011127386,-2.3623045732697743,-2.5781339713034583,-0.14719958064951666,-0.6831906184550289,0.9904912480088057,0.262034667483276,-0.6514128533997506,1.894625372998126,0.8787878787878787,0.0,0.0,0.0,0.5161010012142222,0.47769809886061065,0.10690370710924124,-1.8775136365805587,0.8463426107982509,1.2290667110965114,-0.5000000000000004,0.8660254037844384,0.49999999999999994,-0.8660254037844387,-0.9749279121818236,-0.2225209339563146
0.1913791835029836,0.5167792596107107,-0.350189796416651,0.681291583813473,-2.6858996122120624,-1.984804418758249,-2.793819708946647,-0.5798441108627169,-0.6831906184550289,1.4204002444452686,-0.5945012698243769,-0.6514128533997506,2.109856525114445,0.8787878787878787,0.0,0.0,0.0,0.6739678965399476,0.5962092856273112,0.11387662220954703,-2.2011328020037286,1.2683628737797756,1.4751960325581408,-0.5000000000000004,0.8660254037844384,0.258819045102521,-0.9659258262890682,-0.9749279121818236,-0.2225209339563146
0.1952805634173471,0.3851862850692516,-1.0875273068164708,0.9713569757352701,-2.146517123311386,-1.5533756707450774,-3.009505446589836,-0.6841423458248278,-0.6831906184550289,1.602433783476924,-0.6525136639846563,-0.6514128533997506,2.1781838749926417,0.8787878787878787,0.0,0.0,0.0,1.121257433296172,0.64551414135802,0.11774782896550084,-2.6326250225679555,1.4503349137809836,1.567494528106252,-0.5000000000000004,0.8660254037844384,1.2246467991473532e-16,-1.0,-0.9749279121818236,-0.2225209339563146
0.194359561155523,0.5167792596107107,-0.6398581040737229,1.1295744622380688,-2.2543936210915216,-2.1465901992631884,-2.8477411433574447,-0.6841423458248278,-0.6831906184550289,1.5133535409720713,-0.6525136639846563,-0.6514128533997506,2.1371874650657237,0.8787878787878787,0.0,0.0,0.0,1.410680074726669,0.6326419010627545,0.11732526685309591,-2.686561550138484,1.369028257610231,1.53330990012547,-0.5000000000000004,0.8660254037844384,-0.2588190451025208,-0.9659258262890683,-0.9749279121818236,-0.2225209339563146
0.1957610851427169,0.09568174107804124,-1.3771956144735429,0.681291583813473,-2.793776109992198,-1.8230186382533096,-2.5781339713034583,-0.6841423458248278,-0.6831906184550289,1.1763978410624112,-0.6525136639846563,-0.6514128533997506,1.990283662827601,0.8787878787878787,0.0,0.0,0.0,1.700102716157167,0.5407510669268845,0.13460390845880732,-3.2259268258437674,1.0476733784591619,1.3828975370100298,-0.5000000000000004,0.8660254037844384,-0.4999999999999997,-0.8660254037844388,-0.9749279121818236,-0.2225209339563146
0.22688630670977186,-0.06222982837170911,-1.3771956144735429,0.681291583813473,-2.9555908566624005,-1.4455184837417845,-2.4702911024818643,-0.6841423458248278,-0.6831906184550289,0.6186780619015946,-0.6525136639846563,-0.6514128533997506,1.6554796484244378,0.0,0.0,0.0,0.0,1.700102716157167,0.35982439132800464,0.16115725062548159,-3.1180537707027107,0.49401376739165687,0.98635585243296,-0.5000000000000004,0.8660254037844384,-0.7071067811865471,-0.7071067811865479,-0.9749279121818236,-0.2225209339563146
0.25158169796033625,-0.3517343723629195,-1.8248648172162902,0.39122619189167684,-2.3622701188716566,-0.8523039552236732,-1.9310767583738921,-0.6841423458248278,-0.6831906184550289,-0.059106391939675824,-0.6525136639846563,-0.6514128533997506,0.9551243121729229,0.0,0.0,0.8787878787878787,0.8787878787878787,1.410680074726669,0.052403709422931356,0.19102180999282048,-3.2259268258437674,-0.14482424537854116,0.2650602020384623,-0.5000000000000004,0.8660254037844384,-0.8660254037844385,-0.5000000000000004,-0.9749279121818236,-0.2225209339563146
0.32800181035202475,-0.3517343723629195,-1.6668639221306147,-0.18890459195191697,-1.9847023766411835,-0.9601611422269661,-1.7693124551415005,-0.6841423458248278,-0.6831906184550289,-0.5587303607712408,-0.6525136639846563,-0.6514128533997506,-0.35676080548845135,0.0,0.0,0.8787878787878787,0.8787878787878787,0.5161010012142222,0.0,0.24165395010806567,-2.686561550138484,-0.5784597449558877,-0.5929739602791627,-0.5000000000000004,0.8660254037844384,-0.9659258262890683,-0.25881904510252063,-0.9749279121818236,-0.2225209339563146
0.3915793858456453,-1.0886550297950905,-1.9565322297876868,-0.3471220784547151,-1.5531963855206425,-0.47480380071214795,-1.4997052830875146,-0.6841423458248278,-0.6831906184550289,-0.6826680894736445,-0.6525136639846563,-0.6514128533997506,-0.6505684099646967,0.0,0.0,0.8787878787878787,0.8787878787878787,0.3845452551094506,0.0,0.21361477711487586,-2.1471962744332003,-0.6829968743182837,-0.651087827846492,-0.5000000000000004,0.8660254037844384,-1.0,-1.8369701987210297e-16,-0.9749279121818236,-0.2225209339563146
0.4149495256360241,-0.6412389163541294,-1.9565322297876868,-0.3471220784547151,-2.146517123311386,-0.9601611422269661,-0.7448052013363538,-0.6841423458248278,-0.6445167025158884,-0.6826680894736445,-0.6525136639846563,-0.6001858440945402,-0.6505684099646967,0.0,0.0,0.8787878787878787,0.8787878787878787,0.5161010012142222,0.0,0.22075169241247972,-2.255069329574257,-0.6829968743182837,-0.651087827846492,-0.5000000000000004,0.8660254037844384,-0.9659258262890684,0.2588190451025203,-0.9749279121818236,-0.2225209339563146
0.3154167095360256,-1.3781595737863004,-1.2191947193878672,-0.5053395649575132,-1.8228876299709806,-1.607304264246724,-0.529119463693165,-0.6841423458248278,-0.2964514590636239,-0.6826680894736445,-0.6525136639846563,0.5233932266664079,-0.6505684099646967,0.0,0.0,0.8787878787878787,0.8787878787878787,0.09512261367895261,0.0,0.19688060038854205,-2.7944346052795406,-0.6829968743182837,-0.651087827846492,-0.5000000000000004,0.8660254037844384,-0.8660254037844386,0.5000000000000001,-0.9749279121818236,-0.2225209339563146
0.22532746334198997,-1.3781595737863004,-0.350189796416651,-0.6371874703765118,-1.4453198877405073,-1.984804418758249,-0.4212765948715706,-0.6841423458248278,0.37260728668350673,-0.6826680894736445,-0.6525136639846563,1.4591399299749177,-0.6505684099646967,0.0,0.0,0.0,0.0,-0.06274428164677277,0.0,0.17354953762229264,-2.9562441879911256,-0.6829968743182837,-0.651087827846492,-0.5000000000000004,0.8660254037844384,-0.7071067811865477,0.7071067811865474,-0.9749279121818236,-0.2225209339563146
0.3282878443413491,-1.8255756872272613,0.22914681889749292,-0.9272528622983084,-0.8519991499497634,-2.57801894727636,-0.9065695045687454,-0.6841423458248278,0.9875225501158407,-0.6826680894736445,-0.6525136639846563,1.8928619420923658,-0.6505684099646967,0.0,0.0,0.0,0.0,-0.3521669230772707,0.0,0.10901974450921509,-2.3629423847153137,-0.6829968743182837,-0.651087827846492,-0.5000000000000004,0.8660254037844384,-0.5000000000000004,0.8660254037844384,-0.9749279121818236,-0.2225209339563146
0.35149017908063274,-1.6676641177775104,0.6768160216402405,-1.085470348801107,-0.9598756477298988,-2.793733321282946,-1.4457838486767174,-0.6841423458248278,1.4168030170403,-0.6826680894736445,-0.6525136639846563,2.1080153811742495,-0.6505684099646967,0.0,0.0,0.0,0.0,-0.3521669230772707,0.0,0.06347249661015547,-1.9853866917216154,-0.6829968743182837,-0.651087827846492,-0.5000000000000004,0.8660254037844384,-0.25881904510252157,0.9659258262890681,-0.9749279121818236,-0.2225209339563146
0.3155740289166136,-1.9571686617687203,0.9664843292973129,-1.085470348801107,-0.47443140771929015,-3.009447695289532,-1.1222552422119343,-0.6841423458248278,1.5985704219542605,-0.6826680894736445,-0.6525136639846563,2.1763180602478633,-0.6505684099646967,0.0,0.0,0.0,0.0,-1.088879101263992,0.0,0.05964202484183756,-1.5538944711573888,-0.6829968743182837,-0.651087827846492,-0.5000000000000004,0.8660254037844384,-2.4492935982947064e-16,1.0,-0.9749279121818236,-0.2225209339563146
0.27776441721675527,-1.9571686617687203,1.1244852243829888,-0.9272528622983084,-0.9598756477298988,-2.8476619147845925,-1.9310767583738921,-0.6455133699129348,1.5096204152942374,-0.6826680894736445,-0.6013262573726451,2.135336452803695,-0.6505684099646967,0.0,0.0,0.0,0.0,-0.6415895645077683,0.0,0.05055205307052324,-2.1471962744332003,-0.6829968743182837,-0.651087827846492,-0.5000000000000004,0.8660254037844384,0.25881904510252074,0.9659258262890683,-0.7818314824680299,0.6234898018587334
0.309907878049061,-1.2202480043365496,0.6768160216402405,-1.085470348801107,-1.60713463441071,-2.57801894727636,-2.0389196271954866,-0.2978525867058989,1.173157346623715,-0.6826680894736445,0.5213841943174657,1.9884856927954253,-0.6505684099646967,0.0,0.0,0.0,0.0,-1.3783017426944895,0.0,0.04267764652059536,-1.8235771090100303,-0.6829968743182837,-0.651087827846492,-0.5000000000000004,0.8660254037844384,0.49999999999999994,0.8660254037844387,-0.7818314824680299,0.6234898018587334
0.30998224221836,-0.3517343723629195,0.6768160216402405,-1.2173182542201055,-1.9847023766411835,-2.470161760273067,-1.9849981927846894,0.370428696569848,0.6162529571000919,-0.6826680894736445,1.4564074884302025,1.6538025653347173,-0.6505684099646967,0.0,0.0,0.0,0.0,-1.3783017426944895,0.0,0.03313911354254201,-1.446021416016332,-0.6829968743182837,-0.651087827846492,-0.5000000000000004,0.8660254037844384,0.7071067811865476,0.7071067811865476,-0.7818314824680299,0.6234898018587334
0.2900634737465359,0.22727471561950033,0.38714771398316894,-1.3755357407229036,-2.5780231144319274,-1.9308758252566025,-1.9849981927846894,0.9846294135689448,-0.06054057183486687,-0.6826680894736445,1.8897941977452302,0.9537001048301752,-0.6505684099646967,0.0,0.8787878787878787,0.0,0.0,-1.825591279450713,0.0,0.041213071848824945,-0.8527196127405202,-0.6829968743182837,-0.651087827846492,-0.5000000000000004,0.8660254037844384,0.8660254037844386,0.5000000000000001,-0.7818314824680299,0.6234898018587334
0.22214972511994707,0.6746908290604611,-0.1921889013309754,-1.2173182542201055,-2.793776109992198,-1.769090044751663,-2.2546053648386755,1.413411046190956,-0.5594340874497793,-0.6826680894736445,2.1047813055156768,-0.35771133338321104,-0.6505684099646967,0.0,0.8787878787878787,0.0,0.0,-1.6677243841249871,0.0,0.05833016667847274,-0.9605926678815769,-0.6829968743182837,-0.651087827846492,-0.5000000000000004,0.8660254037844384,0.9659258262890683,0.25881904510252074,-0.7818314824680299,0.6234898018587334
0.14356154675556268,0.9641953730516715,-0.350189796416651,-1.8238186191474985,-3.009529105552468,-1.499447077243431,-1.8232338895522977,1.5949672329768525,-0.6831906184550289,-0.6826680894736445,2.1730311809983585,-0.6514128533997506,-0.6505684099646967,0.0,0.8787878787878787,0.0,0.0,-1.9571470255554846,0.0,0.11084216526562995,-0.47516391974682176,-0.6829968743182837,-0.651087827846492,-0.5000000000000004,0.8660254037844384,1.0,6.123233995736766e-17,-0.7818314824680299,0.6234898018587334
0.1425604655482057,1.1221069425014227,-0.350189796416651,-1.2173182542201055,-2.847714358882265,-0.7444467682203804,-1.877155323963095,1.5061205883794988,-0.6831906184550289,-0.6555567113199937,2.1320812557087496,-0.6514128533997506,-0.6471520424707868,0.0,0.8787878787878787,0.0,0.0,-1.9571470255554846,0.0195633853981732,0.08734063838225398,-0.9605926678815769,-0.6442794189988778,-0.5998108858753192,-0.5000000000000004,0.8660254037844384,0.9659258262890683,-0.25881904510252063,-0.7818314824680299,0.6234898018587334
0.14379037120118376,0.6746908290604611,-0.5081906915023265,-1.085470348801107,-2.5780231144319274,-0.5287323942137945,-2.0389196271954866,1.1700484979460308,-0.6831906184550289,-0.365077659673735,1.9853440234209843,-0.6514128533997506,-0.09028414096348468,0.0,0.8787878787878787,0.0,0.0,-1.2204348473687636,0.09284431222810609,0.08049920924543358,-1.607830998727917,-0.2958223211242243,0.5248633746924046,-0.5000000000000004,0.8660254037844384,0.8660254037844387,-0.4999999999999998,-0.7818314824680299,0.6234898018587334
0.14268632105267612,0.6746908290604611,-0.6398581040737229,-0.05705668653291797,-2.470146616651792,-0.4208752072105015,-2.4702911024818643,0.6137912448147732,-0.6831906184550289,0.24686487579438335,1.6509196335558447,-0.6514128533997506,0.8253023474043495,0.0,0.0,0.0,0.0,-0.3521669230772707,0.29330111690981187,0.07506803121960592,-1.9853866917216154,0.37398965590149846,1.4615221813658281,-0.5000000000000004,0.8660254037844384,0.7071067811865476,-0.7071067811865475,-0.7818314824680299,0.6234898018587334
0.31498195750499725,0.3851862850692516,-0.9295264117307949,0.5230740973106753,-1.9307641277511158,-0.9062325487253197,-2.73989827453585,-0.06221583364335231,-0.6831906184550289,0.8549343572405517,0.9513584098583593,-0.6514128533997506,1.3240920015151845,0.8787878787878787,0.0,0.0,0.0,0.22667835978372425,0.472963850294746,0.08498292618577458,-2.578688494997427,0.9895971954800529,1.895666956721758,-0.5000000000000004,0.8660254037844384,0.49999999999999994,-0.8660254037844387,-0.7818314824680299,0.6234898018587334
0.4132314888529252,-0.19382280291316867,-1.0875273068164708,0.9713569757352701,-1.768949381080913,-1.4455184837417845,-2.793819708946647,-0.5605296229067706,-0.6831906184550289,1.2732241916111642,-0.3590391994091257,-0.6514128533997506,1.5564049911010527,0.8787878787878787,0.0,0.0,0.0,0.6739678965399476,0.5663071003856435,0.08838724022225841,-2.7944346052795406,1.4193609495254589,2.111030113000684,-0.5000000000000004,0.8660254037844384,0.258819045102521,-0.9659258262890682,-0.7818314824680299,0.6234898018587334
0.31526227328578976,-0.3517343723629195,-1.0875273068164708,1.2614223676570673,-1.4992581366305748,-1.1219469227319057,-3.009505446589836,-0.6841423458248278,-0.6831906184550289,1.46300383868672,-0.6525136639846563,-0.6514128533997506,1.6623123834122575,0.8787878787878787,0.0,0.0,0.0,0.9633905379704456,0.48421184501716197,0.08790505843726693,-3.010180715561654,1.6013329895266668,2.1793993689622475,-0.5000000000000004,0.8660254037844384,1.2246467991473532e-16,-1.0,-0.7818314824680299,0.6234898018587334
0.2893369592207572,-0.3517343723629195,-0.9295264117307949,1.419639854159865,-0.7441226521696283,-1.9308758252566025,-3.009505446589836,-0.6841423458248278,-0.6831906184550289,1.3816697042257675,-0.6525136639846563,-0.6514128533997506,1.6213159734853395,0.8787878787878787,0.0,0.0,0.0,1.121257433296172,0.2517905936728596,0.10427091466053379,-2.848371132850069,1.5122828422920331,2.1383778153853092,-0.5000000000000004,0.8660254037844384,-0.2588190451025208,-0.9659258262890683,-0.7818314824680299,0.6234898018587334
0.201161239776893,-0.5096459418126703,-1.0875273068164708,1.2614223676570673,-0.5283696566093578,-2.0387330122598954,-2.416369668071067,-0.6841423458248278,-0.6831906184550289,1.0253487342063567,-0.6525136639846563,-0.6514128533997506,1.40950118886293,0.8787878787878787,0.0,0.0,0.0,0.6739678965399476,0.05441603847408168,0.13600333173579243,-2.578688494997427,1.1754409810132014,1.991383915067947,-0.5000000000000004,0.8660254037844384,-0.4999999999999997,-0.8660254037844388,-0.7818314824680299,0.6234898018587334
0.3437503470041409,-0.6412389163541294,-1.2191947193878672,0.5230740973106753,-0.42049315882922256,-1.984804418758249,-1.5536267174983118,-0.6841423458248278,-0.6831906184550289,0.4792481171113903,-0.6525136639846563,-0.6514128533997506,1.0200352945572095,0.0,0.0,0.0,0.0,0.6739678965399476,0.0,0.176240413154087,-2.4708154398563704,0.6179096244137559,1.6563745608562848,-0.5000000000000004,0.8660254037844384,-0.7071067811865471,-0.7071067811865479,-0.7818314824680299,0.6234898018587334
0.38997197202832257,-0.9307434603453393,-1.3771956144735429,0.23300870538887822,-0.9059373988398312,-1.984804418758249,-1.1761766766227313,-0.6841423458248278,-0.6831906184550289,-0.15593274248842873,-0.6525136639846563,-0.6514128533997506,0.2923490183544162,0.0,0.0,0.8787878787878787,0.8787878787878787,0.3845452551094506,0.0,0.19610969343656548,-1.931450164151087,-0.05964584367584808,0.9555896872502563,-0.5000000000000004,0.8660254037844384,-0.8660254037844385,-0.5000000000000004,-0.7818314824680299,0.6234898018587334
0.43843025406919867,-1.0886550297950905,-1.2191947193878672,-0.18890459195191697,-1.4453198877405073,-2.2544473862664813,-0.3673551604607734,-0.6841423458248278,-0.6831906184550289,-0.5819686849029415,-0.6525136639846563,-0.6514128533997506,-0.5890737950743197,0.0,0.0,0.8787878787878787,0.8787878787878787,-0.19430002775154487,0.0,0.2379117400406079,-1.769640581439502,-0.5591010172961847,-0.3571000272117678,-0.5000000000000004,0.8660254037844384,-0.9659258262890683,-0.25881904510252063,-0.7818314824680299,0.6234898018587334
0.45647844413620525,-1.0886550297950905,-1.8248648172162902,-0.18890459195191697,-1.1216903944001015,-1.8230186382533096,-0.6369623325147594,-0.6841423458248278,-0.6831906184550289,-0.6826680894736445,-0.6525136639846563,-0.6514128533997506,-0.6505684099646967,0.0,0.0,0.8787878787878787,0.8787878787878787,-0.3521669230772707,0.0,0.26737195100307787,-1.4999579435868604,-0.6829968743182837,-0.651087827846492,-0.5000000000000004,0.8660254037844384,-1.0,-1.8369701987210297e-16,-0.7818314824680299,0.6234898018587334
0.38220921220093457,-0.9307434603453393,-1.2191947193878672,-0.3471220784547151,-1.9307641277511158,-1.876947231754956,-0.3673551604607734,-0.6841423458248278,-0.6561188772976306,-0.6826680894736445,-0.6525136639846563,-0.64799771944607,-0.6505684099646967,0.0,0.0,0.8787878787878787,0.8787878787878787,-0.3521669230772707,0.0,0.24615170123250352,-0.7448465575994635,-0.6829968743182837,-0.651087827846492,-0.5000000000000004,0.8660254037844384,-0.9659258262890684,0.2588190451025203,-0.7818314824680299,0.6234898018587334
0.3536410629693486,-1.0886550297950905,-1.0875273068164708,-0.3471220784547151,-2.0386406255312512,-2.0387330122598954,-0.529119463693165,-0.6841423458248278,-0.36606450775407684,-0.6826680894736445,-0.6525136639846563,-0.09133088499611697,-0.6505684099646967,0.0,0.0,0.8787878787878787,0.8787878787878787,-0.5100338184029966,0.0,0.2340081368560364,-0.5291004473173502,-0.6829968743182837,-0.651087827846492,-0.5000000000000004,0.8660254037844384,-0.8660254037844386,0.5000000000000001,-0.7818314824680299,0.6234898018587334
0.3584577440984945,-1.2202480043365496,-0.06052148875957856,-0.3471220784547151,-1.9847023766411835,-2.470161760273067,-0.7448052013363538,-0.6841423458248278,0.2449833640843431,-0.6826680894736445,-0.6525136639846563,0.8239250145903089,-0.6505684099646967,0.0,0.0,0.0,0.0,-0.6415895645077683,0.0,0.20044415631683998,-0.42122739217629346,-0.6829968743182837,-0.651087827846492,-0.5000000000000004,0.8660254037844384,-0.7071067811865477,0.7071067811865474,-0.7818314824680299,0.6234898018587334
0.36003086925841404,-1.3781595737863004,0.5188151265545653,-0.9272528622983084,-1.9847023766411835,-2.7398047277812996,-0.259512291639179,-0.6841423458248278,0.852163844328849,-0.6826680894736445,-0.6525136639846563,1.32253457182769,-0.6505684099646967,0.0,0.0,0.0,0.0,-0.9310122059382657,0.0,0.13616805413015537,-0.9066561403110486,-0.6829968743182837,-0.651087827846492,-0.5000000000000004,0.8660254037844384,-0.5000000000000004,0.8660254037844384,-0.7818314824680299,0.6234898018587334
0.3746238678591492,-1.2202480043365496,0.9664843292973129,-1.085470348801107,-2.2543936210915216,-2.793733321282946,-0.259512291639179,-0.6841423458248278,1.2698421364715662,-0.6826680894736445,-0.6525136639846563,1.5547636806779772,-0.6505684099646967,0.0,0.0,0.0,0.0,-1.088879101263992,0.0,0.0730956342060598,-1.446021416016332,-0.6829968743182837,-0.651087827846492,-0.5000000000000004,0.8660254037844384,-0.25881904510252157,0.9659258262890681,-0.7818314824680299,0.6234898018587334
0.4777129051181781,-1.8255756872272613,1.2561526369543852,-1.2173182542201055,-1.8228876299709806,-3.009447695289532,0.7649949621659677,-0.6841423458248278,1.4593443245733546,-0.6826680894736445,-0.6525136639846563,1.6606328332420788,-0.6505684099646967,0.0,0.0,0.0,0.0,-1.088879101263992,0.0,0.06774820030796325,-1.122402250593162,-0.6829968743182837,-0.651087827846492,-0.5000000000000004,0.8660254037844384,-2.4492935982947064e-16,1.0,-0.7818314824680299,0.6234898018587334
0.34101020618820016,-1.2202480043365496,1.4141535320400604,-1.2173182542201055,-1.8768258788610481,-3.009447695289532,-1.4457838486767174,-0.6571020626865027,1.3781291011011596,-0.6826680894736445,-0.6491011702105222,1.6196512257979103,-0.6505684099646967,0.0,0.0,0.0,0.0,-0.9310122059382657,0.0,0.055392924630233764,-1.931450164151087,-0.6829968743182837,-0.651087827846492,-0.5000000000000004,0.8660254037844384,0.25881904510252074,0.9659258262890683,-2.4492935982947064e-16,1.0
0.3264973174236802,-1.0886550297950905,1.2561526369543852,-1.5073836461419021,-2.0386406255312512,-2.4162331667714207,-1.1761766766227313,-0.3673847433473061,1.0223290744610671,-0.6826680894736445,-0.09286468502666785,1.4079129206697074,-0.6505684099646967,0.0,0.0,0.0,0.0,-1.088879101263992,0.0,0.04906374321294815,-2.0393232192921436,-0.6829968743182837,-0.651087827846492,-0.5000000000000004,0.8660254037844384,0.49999999999999994,0.8660254037844387,-2.4492935982947064e-16,1.0
0.1694811185859771,-0.06222982837170911,0.5188151265545653,-1.6656011326447004,-2.470146616651792,-1.5533756707450774,-1.1761766766227313,0.24295307606060149,0.47702685971918607,-0.6826680894736445,0.8216836464412643,1.0185876499501083,-0.6505684099646967,0.0,0.0,0.0,0.0,-1.2204348473687636,0.0,0.05012654070627898,-1.9853866917216154,-0.6829968743182837,-0.651087827846492,-0.5000000000000004,0.8660254037844384,0.7071067811865476,0.7071067811865476,-2.4492935982947064e-16,1.0
0.16738170200634633,0.5167792596107107,0.22914681889749292,-1.8238186191474985,-2.73983786110213,-1.1758755162335521,-0.9604909389795426,0.8494279978773198,-0.1572253616827181,-0.6826680894736445,1.3199077374648396,0.29116411781612067,-0.6505684099646967,0.0,0.8787878787878787,0.0,0.0,-1.3783017426944895,0.0,0.06801329272844359,-1.9853866917216154,-0.6829968743182837,-0.651087827846492,-0.5000000000000004,0.8660254037844384,0.8660254037844386,0.5000000000000001,-2.4492935982947064e-16,1.0
0.16562550836595505,0.9641953730516715,-0.1921889013309754,-1.8238186191474985,-2.793776109992198,-0.366946613708855,-1.068333807801137,1.266620937725763,-0.5826384370132637,-0.6826680894736445,1.5519573141059566,-0.5899404422334982,-0.6505684099646967,0.0,0.8787878787878787,0.0,0.0,-1.2204348473687636,0.0,0.14631405215707194,-2.255069329574257,-0.6829968743182837,-0.651087827846492,-0.5000000000000004,0.8660254037844384,0.9659258262890683,0.25881904510252074,-2.4492935982947064e-16,1.0
0.16532231631873692,1.2536999170428818,-0.1921889013309754,-1.955666524566497,-3.009529105552468,-0.6365895812170874,-1.068333807801137,1.455902919694038,-0.6831906184550289,-0.6826680894736445,1.657744621104113,-0.6514128533997506,-0.6505684099646967,0.0,0.8787878787878787,0.0,0.0,-1.825591279450713,0.0,0.23371280435420294,-1.8235771090100303,-0.6829968743182837,-0.651087827846492,-0.5000000000000004,0.8660254037844384,1.0,6.123233995736766e-17,-2.4492935982947064e-16,1.0
0.1640294897781197,1.4116114864926321,-0.350189796416651,-2.1138840110692954,-3.009529105552468,-0.366946613708855,-0.9604909389795426,1.374782070279063,-0.6831906184550289,-0.6439375492541434,1.616794695814504,-0.6514128533997506,-0.5309955476778526,0.0,0.8787878787878787,0.0,0.0,-1.2204348473687636,0.041565959742455943,0.33397803506773815,-1.8775136365805587,-0.6558946555946995,-0.6476693650484138,-0.5000000000000004,0.8660254037844384,0.9659258262890683,-0.25881904510252063,-2.4492935982947064e-16,1.0
0.1635432532765161,1.2536999170428818,-0.350189796416651,-1.5073836461419021,-2.4162083677617243,-0.5287323942137945,-1.2840195454443257,1.0193954918896484,-0.6831906184550289,-0.2914896332566828,1.4052200818181915,-0.6514128533997506,0.6852312801540466,0.0,0.8787878787878787,0.0,0.0,-1.088879101263992,0.04436547998724456,0.33729563423679165,-2.0393232192921436,-0.365513740699155,-0.09045992896166918,-0.5000000000000004,0.8660254037844384,0.8660254037844387,-0.4999999999999998,-2.4492935982947064e-16,1.0
0.16360045252332528,0.5167792596107107,-0.350189796416651,-0.7954049568793099,-1.5531963855206425,-0.7444467682203804,-1.607548151909109,0.4747269315319588,-0.6831906184550289,0.2274996056846328,1.0161957915669069,-0.6514128533997506,0.9824552521242015,0.0,0.0,0.0,0.0,-0.06274428164677277,0.04254163399043427,0.34332536509238454,-2.4708154398563704,0.24622205334745884,0.8256881009232852,-0.5000000000000004,0.8660254037844384,0.7071067811865476,-0.7071067811865475,-2.4492935982947064e-16,1.0
0.2843200858762262,0.22727471561950033,-0.9295264117307949,-0.18890459195191697,-1.1756286432901693,-0.2590894267055621,-1.3918624142659202,-0.15878827342308452,-0.6831906184550289,0.8781726813722524,0.2893346176763486,-0.6514128533997506,1.535906786137594,0.8787878787878787,0.0,0.0,0.0,0.5161010012142222,0.011663746561012807,0.34476637872516025,-2.740498077709012,0.8540861018621321,1.3247836694427007,-0.5000000000000004,0.8660254037844384,0.49999999999999994,-0.8660254037844387,-2.4492935982947064e-16,1.0
0.5630169752467618,-0.19382280291316867,-1.0875273068164708,0.1011607999698797,-0.36655490993915496,-0.2590894267055621,-0.7448052013363538,-0.5837070084539062,-0.6831906184550289,1.4049080283574682,-0.5910887760502429,-0.6514128533997506,2.3490022496881333,0.8787878787878787,0.0,0.0,0.0,0.9633905379704456,0.024691220247598563,0.3602160690690833,-2.7944346052795406,1.2722346193117162,1.5572391397120173,-0.5000000000000004,0.8660254037844384,0.258819045102521,-0.9659258262890682,-2.4492935982947064e-16,1.0
0.4639665857975444,-0.19382280291316867,-1.2191947193878672,0.5230740973106753,-0.6362461543894931,0.7655538498257208,-1.2300981110335285,-0.6841423458248278,-0.6831906184550289,1.602433783476924,-0.6525136639846563,-0.6514128533997506,2.4412441720236986,0.8787878787878787,0.0,0.0,0.0,1.2528131794009436,0.06090760177954549,0.3412518912215511,-3.010180715561654,1.4619501503768053,1.6632114864524412,-0.5000000000000004,0.8660254037844384,1.2246467991473532e-16,-1.0,-2.4492935982947064e-16,1.0
0.4621588973896837,-0.3517343723629195,-1.2191947193878672,0.5230740973106753,-0.36655490993915496,-1.4455184837417845,-0.9604909389795426,-0.6841423458248278,-0.6831906184550289,1.497861324884271,-0.6525136639846563,-0.6514128533997506,2.3763331896394115,0.8787878787878787,0.0,0.0,0.0,1.410680074726669,0.0799554318009777,0.3303179813188619,-3.010180715561654,1.3806434942060528,1.622189932875503,-0.5000000000000004,0.8660254037844384,-0.2588190451025208,-0.9659258262890683,-2.4492935982947064e-16,1.0
0.5013328475597884,-0.3517343723629195,-1.5088630270449392,0.39122619189167684,-0.5283696566093578,-1.1758755162335521,-1.068333807801137,-0.6841423458248278,-0.6831906184550289,1.1996361651941119,-0.6525136639846563,-0.6514128533997506,2.294340369785576,0.8787878787878787,0.0,0.0,0.0,1.2528131794009436,0.01853781869438122,0.33291415171782757,-2.416878912285842,1.0244429052675181,1.4102452393946552,-0.5000000000000004,0.8660254037844384,-0.4999999999999997,-0.8660254037844388,-2.4492935982947064e-16,1.0
0.5220639277114559,-0.3517343723629195,-1.6668639221306147,0.23300870538887822,-0.7441226521696283,-1.1758755162335521,-0.7448052013363538,-0.6841423458248278,-0.6831906184550289,0.6535355480991456,-0.6525136639846563,-0.6514128533997506,2.0176146027788797,0.0,0.0,0.0,0.0,0.5161010012142222,0.0370257449329488,0.3875166547094393,-1.5538944711573888,0.47852678526389447,1.020540480413742,-0.5000000000000004,0.8660254037844384,-0.7071067811865471,-0.7071067811865479,-2.4492935982947064e-16,1.0
0.6062467690398501,-0.9307434603453393,-1.8248648172162902,-0.18890459195191697,-0.2586784121590197,-0.9601611422269661,-0.3673551604607734,-0.6841423458248278,-0.6831906184550289,-0.004883635632374196,-0.6525136639846563,-0.6514128533997506,1.470995803753307,0.0,0.0,0.8787878787878787,0.8787878787878787,0.22667835978372425,0.0,0.4437550108823828,-1.1763387781636903,-0.15643948197436294,0.29240790442308784,-0.5000000000000004,0.8660254037844384,-0.8660254037844385,-0.5000000000000004,-2.4492935982947064e-16,1.0
0.5686173186640251,-1.0886550297950905,-1.8248648172162902,-0.5053395649575132,-0.2586784121590197,-1.0680183292302592,-0.529119463693165,-0.6841423458248278,-0.6831906184550289,-0.53161898261759,-0.6525136639846563,-0.6514128533997506,0.02245598633553968,0.0,0.0,0.8787878787878787,0.8787878787878787,-0.19430002775154487,0.0,0.5099465743196864,-0.3672908646057651,-0.5823314904878283,-0.5895554974810846,-0.5000000000000004,0.8660254037844384,-0.9659258262890683,-0.25881904510252063,-2.4492935982947064e-16,1.0
0.7195297657957754,-1.2202480043365496,-1.9565322297876868,-0.6371874703765118,0.766148316752265,-1.0680183292302592,-0.259512291639179,-0.6841423458248278,-0.6831906184550289,-0.6826680894736445,-0.6525136639846563,-0.6514128533997506,-0.6505684099646967,0.0,0.0,0.8787878787878787,0.8787878787878787,-0.19430002775154487,0.0,0.49560348451376435,-0.6369735024584068,-0.6829968743182837,-0.651087827846492,-0.5000000000000004,0.8660254037844384,-1.0,-1.8369701987210297e-16,-2.4492935982947064e-16,1.0
0.6921743504300815,-1.2202480043365496,-2.114533124873362,-0.6371874703765118,-1.4453198877405073,-0.9601611422269661,-0.4212765948715706,-0.6841423458248278,-0.6445167025158884,-0.6826680894736445,-0.6525136639846563,-0.5318831650209264,-0.6505684099646967,0.0,0.0,0.8787878787878787,0.8787878787878787,-0.3521669230772707,0.0,0.4911954702161063,-0.3672908646057651,-0.6829968743182837,-0.651087827846492,-0.5000000000000004,0.8660254037844384,-0.9659258262890684,0.2588190451025203,-2.4492935982947064e-16,1.0
0.9997712373357436,-1.5097525483277596,-1.5088630270449392,-0.7954049568793099,-1.1756286432901693,-1.283732703236845,-0.259512291639179,-0.6841423458248278,-0.2925840674697099,-0.6826680894736445,-0.6525136639846563,0.6839045224894004,-0.6505684099646967,0.0,0.0,0.8787878787878787,0.8787878787878787,-0.3521669230772707,0.0,0.512303139196006,-0.5291004473173502,-0.6829968743182837,-0.651087827846492,-0.5000000000000004,0.8660254037844384,-0.8660254037844386,0.5000000000000001,-2.4492935982947064e-16,1.0
0.8010296827165281,-1.6676641177775104,-0.7978589991593985,-1.085470348801107,-1.1756286432901693,-1.607304264246724,-0.259512291639179,-0.6841423458248278,0.22564640611477285,-0.6826680894736445,-0.6525136639846563,0.9810211764596207,-0.6505684099646967,0.0,0.0,0.0,0.0,-0.3521669230772707,0.0,0.5303724585385895,-0.7448465575994635,-0.6829968743182837,-0.651087827846492,-0.5000000000000004,0.8660254037844384,-0.7071067811865477,0.7071067811865474,-2.4492935982947064e-16,1.0
0.6594817116147448,-1.8255756872272613,-0.1921889013309754,-1.2173182542201055,-0.9598756477298988,-1.391589890240138,0.279702052468793,-0.6841423458248278,0.8753681938923332,-0.6826680894736445,-0.6525136639846563,1.534272876955893,-0.6505684099646967,0.0,0.0,0.0,0.0,-0.9310122059382657,0.0,0.43997167143598426,-0.2594178094647084,-0.6829968743182837,-0.651087827846492,-0.5000000000000004,0.8660254037844384,-0.5000000000000004,0.8660254037844384,-2.4492935982947064e-16,1.0
0.4718951942661458,-1.8255756872272613,0.09747940632609654,-1.5073836461419021,-1.067752145510034,-0.7444467682203804,0.4414663557011846,-0.6841423458248278,1.401333450664644,-0.6826680894736445,-0.6525136639846563,2.3470747579318982,-0.6505684099646967,0.0,0.0,0.0,0.0,-1.088879101263992,0.0,0.3381991488625883,-0.2594178094647084,-0.6829968743182837,-0.651087827846492,-0.5000000000000004,0.8660254037844384,-0.25881904510252157,0.9659258262890681,-2.4492935982947064e-16,1.0
0.19187973955200324,-1.9571686617687203,0.5188151265545653,-1.3755357407229036,-1.067752145510034,-1.2298041097351986,1.1424450030415483,-0.6841423458248278,1.5985704219542605,-0.6826680894736445,-0.6525136639846563,2.4392833746812768,-0.6505684099646967,0.0,0.0,0.0,0.0,-1.2204348473687636,0.0,0.1969967153350658,0.7653762143753301,-0.6829968743182837,-0.651087827846492,-0.5000000000000004,0.8660254037844384,-2.4492935982947064e-16,1.0,-2.4492935982947064e-16,1.0
0.17412044601088505,-2.115080231218471,0.5188151265545653,-1.2173182542201055,-0.9598756477298988,-0.9601611422269661,0.6032306589335762,-0.6455133699129348,1.494150848918581,-0.6826680894736445,-0.5330763818899635,2.3743958295613434,-0.6505684099646967,0.0,0.0,0.0,0.0,-1.2204348473687636,0.0,0.14999864011829278,-1.446021416016332,-0.6829968743182837,-0.651087827846492,-0.5000000000000004,0.8660254037844384,0.25881904510252074,0.9659258262890683,0.7818314824680298,0.6234898018587336
0.17374860800289985,-1.5097525483277596,0.38714771398316894,-1.3755357407229036,-1.2835051410703044,-1.0680183292302592,0.7649949621659677,-0.29398968911470963,1.1963616961871992,-0.6826680894736445,0.6817714017017673,2.292432614673007,-0.6505684099646967,0.0,0.0,0.0,0.0,-1.509857488799261,0.0,0.144505691194579,-1.1763387781636903,-0.6829968743182837,-0.651087827846492,-0.5000000000000004,0.8660254037844384,0.49999999999999994,0.8660254037844387,0.7818314824680298,0.6234898018587336
0.1722498435799813,-0.7991504858038802,0.22914681889749292,-1.3755357407229036,-1.60713463441071,-0.7444467682203804,0.6032306589335762,0.22363858810465503,0.6510594814453183,-0.6826680894736445,0.9786583600514319,2.015806764424871,-0.6505684099646967,0.0,0.0,0.0,0.0,-1.6677243841249871,0.0,0.14548043186564952,-1.1763387781636903,-0.6829968743182837,-0.651087827846492,-0.5000000000000004,0.8660254037844384,0.7071067811865476,0.7071067811865476,0.7818314824680298,0.6234898018587336
0.17262166442647636,-0.19382280291316867,-0.1921889013309754,-1.5073836461419021,-1.3913816388504396,-0.366946613708855,0.7649949621659677,0.8726053834244555,-0.006397089520070169,-0.6826680894736445,1.5314823514611522,1.4693853318359598,-0.6505684099646967,0.0,0.8787878787878787,0.0,0.0,-1.825591279450713,0.0,0.1520428931788077,-0.9605926678815769,-0.6829968743182837,-0.651087827846492,-0.5000000000000004,0.8660254037844384,0.8660254037844386,0.5000000000000001,0.7818314824680298,0.6234898018587336
0.1704250039788229,0.09568174107804124,-0.5081906915023265,-1.8238186191474985,-0.7441226521696283,-0.5287323942137945,0.7649949621659677,1.3979594558261987,-0.532362346292381,-0.6826680894736445,2.3436558697050622,0.021368535475345903,-0.6505684099646967,0.0,0.8787878787878787,0.0,0.0,-1.825591279450713,0.0,0.19455579169521509,-1.0684657230226335,-0.6829968743182837,-0.651087827846492,-0.5000000000000004,0.8660254037844384,0.9659258262890683,0.25881904510252074,0.7818314824680298,0.6234898018587336
0.2810136467746391,0.5167792596107107,-0.6398581040737229,-1.6656011326447004,-1.2295668921802367,-0.2590894267055621,0.6032306589335762,1.5949672329768525,-0.6831906184550289,-0.6826680894736445,2.4357932016066823,-0.6514128533997506,-0.6505684099646967,0.0,0.8787878787878787,0.0,0.0,-1.9571470255554846,0.0,0.30916636587927193,-1.0684657230226335,-0.6829968743182837,-0.651087827846492,-0.5000000000000004,0.8660254037844384,1.0,6.123233995736766e-17,0.7818314824680298,0.6234898018587336
0.3042045416645608,0.5167792596107107,-0.6398581040737229,-1.8238186191474985,-0.9598756477298988,-0.4208752072105015,0.6032306589335762,1.4906689980147416,-0.6831906184550289,-0.6555567113199937,2.3709558198981346,-0.6514128533997506,-0.6198211025195082,0.0,0.8787878787878787,0.0,0.0,-2.11501392088121,0.05854048148800963,0.3424048967624417,-0.9605926678815769,-0.6442794189988778,-0.5314416299137554,-0.5000000000000004,0.8660254037844384,0.9659258262890683,-0.25881904510252063,0.7818314824680298,0.6234898018587336
0.2973399455878497,0.3851862850692516,-0.7978589991593985,-1.2173182542201055,-1.067752145510034,-0.2590894267055621,0.1179377492364014,1.1932258834931664,-0.6831906184550289,-0.3340932274981341,2.289055969318917,-0.6514128533997506,0.3880073081838914,0.0,0.8787878787878787,0.0,0.0,-1.509857488799261,0.14919507370140184,0.31283292452369693,-1.284211833304747,-0.2919505755922837,0.6855311262020795,-0.5000000000000004,0.8660254037844384,0.8660254037844387,-0.4999999999999998,0.7818314824680298,0.6234898018587336
0.2101080909430431,0.22727471561950033,-1.0875273068164708,-0.7954049568793099,-0.7441226521696283,-0.2590894267055621,-0.6369623325147594,0.6485573231354768,-0.6831906184550289,0.3165798481894855,2.0126439736140567,-0.6514128533997506,1.354839308960373,0.0,0.0,0.0,0.0,-0.7994564598334941,0.24096393076129877,0.3114918404280488,-1.607830998727917,0.22686332568775586,0.9829373896348819,-0.5000000000000004,0.8660254037844384,0.7071067811865476,-0.7071067811865475,0.7818314824680298,0.6234898018587336
0.1439791475932933,-0.19382280291316867,-1.2191947193878672,-0.3471220784547151,-0.36655490993915496,0.2801965083109026,-0.7448052013363538,-0.008135267366702266,-0.6831906184550289,0.9130301675698034,1.4666449697526047,-0.6514128533997506,1.7853016131930113,0.8787878787878787,0.0,0.0,0.0,-0.19430002775154487,0.40758255431918056,0.2985752690939556,-1.3920848884458037,0.8773165750537757,1.5367283629235482,-0.5000000000000004,0.8660254037844384,0.49999999999999994,-0.8660254037844387,0.7818314824680298,0.6234898018587336
0.1484354134023256,-0.5096459418126703,-1.5088630270449392,0.23300870538887822,-0.5283696566093578,0.441982288815842,-1.068333807801137,-0.5334893397684455,-0.6831906184550289,1.3313200019404159,0.019747609519756643,-0.6514128533997506,1.9937000303215109,0.8787878787878787,0.0,0.0,0.0,0.09512261367895261,0.5920017151296704,0.300253173607928,-0.7448465575994635,1.4038739673976963,2.350322508866157,-0.5000000000000004,0.8660254037844384,0.258819045102521,-0.9659258262890682,0.7818314824680298,0.6234898018587336
0.14615866027994714,-0.6412389163541294,-1.3771956144735429,0.39122619189167684,-0.2586784121590197,1.1430540043372461,-1.4457838486767174,-0.6841423458248278,-0.6831906184550289,1.5172265949940216,-0.6525136639846563,-0.6514128533997506,2.0756928501753467,0.8787878787878787,0.0,0.0,0.0,0.5161010012142222,0.4857806500931113,0.28562755621266955,-1.2302753057342186,1.6013329895266668,2.442621004414268,-0.5000000000000004,0.8660254037844384,1.2246467991473532e-16,-1.0,0.7818314824680298,0.6234898018587336
0.144156484136041,-0.6412389163541294,-1.2191947193878672,0.1011607999698797,-0.42049315882922256,0.6037680693207814,-1.1761766766227313,-0.6841423458248278,-0.6831906184550289,1.435892460533069,-0.6525136639846563,-0.6514128533997506,2.0346964402484287,0.8787878787878787,0.0,0.0,0.0,0.5161010012142222,0.3884460301464321,0.2653630651108799,-0.9605926678815769,1.4967958601642706,2.3776702112507824,-0.5000000000000004,0.8660254037844384,-0.2588190451025208,-0.9659258262890683,0.7818314824680298,0.6234898018587336
0.14324120351504688,-0.7991504858038802,-1.3771956144735429,0.1011607999698797,-0.2586784121590197,0.7655538498257208,-1.068333807801137,-0.6841423458248278,-0.6831906184550289,1.1105559226892594,-0.6525136639846563,-0.6514128533997506,1.8912090055042161,0.8787878787878787,0.0,0.0,0.0,0.3845452551094506,0.1468002358223469,0.26717163095197294,-1.0684657230226335,1.1986714542048449,2.295627104096906,-0.5000000000000004,0.8660254037844384,-0.4999999999999997,-0.8660254037844388,0.7818314824680298,0.6234898018587336
0.14837249251468648,-1.0886550297950905,-1.3771956144735429,-0.05705668653291797,-0.2586784121590197,0.6037680693207814,-0.8526480701579482,-0.6841423458248278,-0.6831906184550289,0.5722014136381931,-0.6525136639846563,-0.6514128533997506,1.5632377260888723,0.0,0.0,0.0,0.0,0.22667835978372425,0.15615230391918944,0.28750649785284654,-0.7448465575994635,0.6527553342012212,2.018731617452573,-0.5000000000000004,0.8660254037844384,-0.7071067811865471,-0.7071067811865479,0.7818314824680298,0.6234898018587336
0.14078139564138878,-1.2202480043365496,-1.5088630270449392,-0.18890459195191697,0.2807040767416565,0.7655538498257208,-0.529119463693165,-0.6841423458248278,-0.6831906184550289,-0.08234471607137653,-0.6525136639846563,-0.6514128533997506,0.8697151248251772,0.0,0.0,0.8787878787878787,0.8787878787878787,-0.19430002775154487,0.031892366033833414,0.3436243854090173,-0.3672908646057651,-0.005441406228679766,1.4717775697600626,-0.5000000000000004,0.8660254037844384,-0.8660254037844385,-0.5000000000000004,0.7818314824680298,0.6234898018587336
0.6616783823592923,-1.5097525483277596,-1.8248648172162902,-0.5053395649575132,0.44251882341185933,0.7655538498257208,-0.259512291639179,-0.6841423458248278,-0.6831906184550289,-0.562603414793191,-0.6525136639846563,-0.6514128533997506,-0.3875081129336398,0.0,0.0,0.8787878787878787,0.8787878787878787,-0.5100338184029966,0.0,0.4045555883532047,-0.5291004473173502,-0.5319987985726006,0.022349343374911013,-0.5000000000000004,0.8660254037844384,-0.9659258262890683,-0.25881904510252063,0.7818314824680298,0.6234898018587336
0.30982777850973986,-1.3781595737863004,-1.6668639221306147,-0.7954049568793099,1.1437160589827384,0.6037680693207814,0.010094880414807005,-0.6841423458248278,-0.6831906184550289,-0.6826680894736445,-0.6525136639846563,-0.6514128533997506,-0.6505684099646967,0.0,0.0,0.8787878787878787,0.8787878787878787,-0.6415895645077683,0.0,0.3890484295619946,-0.2594178094647084,-0.6829968743182837,-0.651087827846492,-0.5000000000000004,0.8660254037844384,-1.0,-1.8369701987210297e-16,0.7818314824680298,0.6234898018587336
0.4434128181625383,-1.2202480043365496,-1.8248648172162902,-0.9272528622983084,0.6043335700820621,0.6037680693207814,0.6032306589335762,-0.6841423458248278,-0.6561188772976306,-0.6826680894736445,-0.6525136639846563,-0.6206766478166245,-0.6505684099646967,0.0,0.0,0.8787878787878787,0.8787878787878787,-0.6415895645077683,0.0,0.3886876383474758,-0.42122739217629346,-0.6829968743182837,-0.651087827846492,-0.5000000000000004,0.8660254037844384,-0.9659258262890684,0.2588190451025203,0.7818314824680298,0.6234898018587336
0.44526341029587846,-1.3781595737863004,-1.2191947193878672,-0.7954049568793099,0.766148316752265,0.11841072780596318,0.4414663557011846,-0.6841423458248278,-0.3351253750027644,-0.6826680894736445,-0.6525136639846563,0.38678786851918007,-0.6505684099646967,0.0,0.0,0.8787878787878787,0.8787878787878787,-0.7994564598334941,0.0,0.37229473814901504,-0.2594178094647084,-0.6829968743182837,-0.651087827846492,-0.5000000000000004,0.8660254037844384,-0.8660254037844386,0.5000000000000001,0.7818314824680298,0.6234898018587336
0.44711400242921867,-1.3781595737863004,-0.7978589991593985,-0.7954049568793099,0.6043335700820621,-0.6365895812170874,0.010094880414807005,-0.6841423458248278,0.314596412774796,-0.6826680894736445,-0.6525136639846563,1.3532707774108164,-0.6505684099646967,0.0,0.0,0.0,0.0,-1.088879101263992,0.0,0.30510818179103527,-0.2594178094647084,-0.6829968743182837,-0.651087827846492,-0.5000000000000004,0.8660254037844384,-0.7071067811865477,0.7071067811865474,0.7818314824680298,0.6234898018587336
0.6836221963768521,-1.5097525483277596,-0.350189796416651,-0.9272528622983084,0.766148316752265,-0.7444467682203804,0.818916396576765,-0.6841423458248278,0.9101747182375597,-0.6826680894736445,-0.6525136639846563,1.7835776555745837,-0.6505684099646967,0.0,0.0,0.0,0.0,-1.2204348473687636,0.0,0.20786014699937105,0.27994746624057504,-0.6829968743182837,-0.651087827846492,-0.5000000000000004,0.8660254037844384,-0.5000000000000004,0.8660254037844384,0.7818314824680298,0.6234898018587336
0.49873003298836216,-1.8255756872272613,0.22914681889749292,-1.085470348801107,0.766148316752265,-1.0680183292302592,0.7649949621659677,-0.6841423458248278,1.327853010380277,-0.6826680894736445,-0.6525136639846563,1.9919008267491058,-0.6505684099646967,0.0,0.0,0.0,0.0,-1.509857488799261,0.0,0.17478610802213934,0.44175704895216006,-0.6829968743182837,-0.651087827846492,-0.5000000000000004,0.8660254037844384,-0.25881904510252157,0.9659258262890681,0.7818314824680298,0.6234898018587336
0.12493847765781389,-1.6676641177775104,0.38714771398316894,-0.7690353757955103,0.6043335700820621,-1.4455184837417845,0.4414663557011846,-0.6841423458248278,1.5134878068881514,-0.6826680894736445,-0.6525136639846563,2.0738640416374428,-0.6505684099646967,0.0,0.0,0.0,0.0,-1.3783017426944895,0.0,0.1291996207492236,1.1429319073690285,-0.6829968743182837,-0.651087827846492,-0.5000000000000004,0.8660254037844384,-2.4492935982947064e-16,1.0,0.7818314824680298,0.6234898018587336
0.12518160105706277,-1.8255756872272613,0.09747940632609654,-1.3755357407229036,0.6043335700820621,-1.1758755162335521,0.9806806998091566,-0.6571020626865027,1.4322725834159564,-0.6826680894736445,-0.6218012200174495,2.032882434193274,-0.6505684099646967,0.0,0.0,0.0,0.0,-1.2204348473687636,0.0,0.17529110816120064,0.6035666316637451,-0.6829968743182837,-0.651087827846492,-0.5000000000000004,0.8660254037844384,0.25881904510252074,0.9659258262890683,0.9749279121818236,-0.22252093395631434
0.12421483253319524,-1.2202480043365496,0.09747940632609654,-1.6656011326447004,0.11888933007145361,-1.0680183292302592,0.6032306589335762,-0.3364815626177918,1.1074116895271762,-0.6826680894736445,0.3848844433521027,1.889446808138685,-0.6505684099646967,0.0,0.0,0.0,0.0,-1.3783017426944895,0.0,0.15359919712174253,0.7653762143753301,-0.6829968743182837,-0.651087827846492,-0.5000000000000004,0.8660254037844384,0.49999999999999994,0.8660254037844387,0.9749279121818236,-0.22252093395631434
0.1223156253304398,-0.7991504858038802,-0.06052148875957856,-1.6656011326447004,-0.6362461543894931,-0.8523039552236732,0.7649949621659677,0.3124852327020087,0.5698442579731233,-0.6826680894736445,1.3506201814320462,1.5615939485853385,-0.6505684099646967,0.0,0.0,0.0,0.0,-1.3783017426944895,0.0,0.11836041597936298,0.6035666316637451,-0.6829968743182837,-0.651087827846492,-0.5000000000000004,0.8660254037844384,0.7071067811865476,0.7071067811865476,0.9749279121818236,-0.22252093395631434
0.12194379075475259,-0.3517343723629195,-0.1921889013309754,-1.6656011326447004,-0.7441226521696283,-0.5287323942137945,0.6032306589335762,0.9073714617451591,-0.08374492139835117,-0.6826680894736445,1.7805943969729396,0.8683217559881579,-0.6505684099646967,0.0,0.8787878787878787,0.0,0.0,-1.509857488799261,0.0,0.13615647848925794,0.7653762143753301,-0.6829968743182837,-0.651087827846492,-0.5000000000000004,0.8660254037844384,0.8660254037844386,0.5000000000000001,0.9749279121818236,-0.22252093395631434
0.12141750963193546,0.22727471561950033,-0.5081906915023265,-1.955666524566497,-1.067752145510034,-0.2590894267055621,0.7649949621659677,1.3245644015936022,-0.5633014790436934,-0.6826680894736445,1.9887565171951183,-0.38844753896633727,-0.6505684099646967,0.0,0.8787878787878787,0.0,0.0,-1.825591279450713,0.0,0.1553611838131359,0.7653762143753301,-0.6829968743182837,-0.651087827846492,-0.5000000000000004,0.8660254037844384,0.9659258262890683,0.25881904510252074,0.9749279121818236,-0.22252093395631434
0.14899602437012235,0.3851862850692516,-0.7978589991593985,-1.955666524566497,-1.4453198877405073,0.010553540802670241,0.6032306589335762,1.5099834859706882,-0.6831906184550289,-0.6826680894736445,2.070656367774336,-0.6514128533997506,-0.6505684099646967,0.0,0.8787878787878787,0.0,0.0,-1.6677243841249871,0.0,0.22198703866269176,0.6035666316637451,-0.6829968743182837,-0.651087827846492,-0.5000000000000004,0.8660254037844384,1.0,6.123233995736766e-17,0.9749279121818236,-0.22252093395631434
0.3349465025357589,0.09568174107804124,-0.9295264117307949,-1.955666524566497,-1.1756286432901693,0.6037680693207814,0.7649949621659677,1.428862636555713,-0.6831906184550289,-0.6400644952321932,2.029706442484727,-0.6514128533997506,-0.5685755901108608,0.0,0.8787878787878787,0.0,0.0,-1.825591279450713,0.022944984294121003,0.24670041734283,0.6035666316637451,-0.6558946555946995,-0.6203216626637883,-0.5000000000000004,0.8660254037844384,0.9659258262890683,-0.25881904510252063,0.9749279121818236,-0.22252093395631434
0.22932895995783426,0.09568174107804124,-0.7978589991593985,-1.3755357407229036,-1.067752145510034,0.441982288815842,0.1179377492364014,1.104379238895813,-0.6831906184550289,-0.4076812539151863,1.886381703971096,-0.6514128533997506,-0.23718794320160733,0.0,0.8787878787878787,0.0,0.0,-1.2204348473687636,0.08266625789445002,0.23763523076014514,0.11813788352899002,-0.33453977644363025,0.3881248627692771,-0.5000000000000004,0.8660254037844384,0.8660254037844387,-0.4999999999999998,0.9749279121818236,-0.22252093395631434
0.13787537872585034,-0.06222982837170911,-0.7978589991593985,-0.9272528622983084,-0.8519991499497634,0.010553540802670241,-0.4212765948715706,0.5674364737205018,-0.6831906184550289,0.17327684937733115,1.5587823016542248,-0.6514128533997506,0.5280783754341943,0.0,0.0,0.0,0.0,-0.7994564598334941,0.2829622957788694,0.23598370948788172,-0.6369735024584068,0.3159134729223895,1.3555498346254042,-0.5000000000000004,0.8660254037844384,0.7071067811865476,-0.7071067811865475,0.9749279121818236,-0.22252093395631434
0.12467819276837325,-0.19382280291316867,-0.9295264117307949,-0.7954049568793099,-0.5283696566093578,0.8194824433273673,-0.529119463693165,-0.08539321919048803,-0.6831906184550289,0.5799475216820934,0.8660460655050074,-0.6514128533997506,0.7330604250687841,0.8787878787878787,0.0,0.0,0.0,-0.3521669230772707,0.47192720480483247,0.22053803476451783,-0.7448465575994635,0.912162284841241,1.786276147183256,-0.5000000000000004,0.8660254037844384,0.49999999999999994,-0.8660254037844387,0.9749279121818236,-0.22252093395631434
0.129174503198619,-0.5096459418126703,-1.0875273068164708,-0.05705668653291797,-0.2586784121590197,0.7655538498257208,-0.9604909389795426,-0.5643925204979598,-0.6831906184550289,0.401787036672388,-0.3897516433763324,-0.6514128533997506,-0.25426978067115646,0.8787878787878787,0.0,0.0,0.0,0.22667835978372425,0.6025955465807675,0.1996261477747341,-1.0684657230226335,1.3303108022908252,1.9948023778660253,-0.5000000000000004,0.8660254037844384,0.258819045102521,-0.9659258262890682,0.9749279121818236,-0.22252093395631434
0.12855096791088508,-0.7991504858038802,-0.7715255166451193,-0.05705668653291797,0.01101283229131838,0.441982288815842,-0.9604909389795426,-0.6841423458248278,-0.6831906184550289,0.9478876537673544,-0.6525136639846563,-0.6514128533997506,0.6237366652636696,0.8787878787878787,0.0,0.0,0.0,0.3845452551094506,0.6653269810524685,0.1924779129344828,-1.446021416016332,1.5161545878239737,2.076845485019902,-0.5000000000000004,0.8660254037844384,1.2246467991473532e-16,-1.0,0.9749279121818236,-0.22252093395631434
0.12777298607602122,-0.9307434603453393,-1.3771956144735429,-0.18890459195191697,0.6043335700820621,0.9812682238323067,-0.7448052013363538,-0.6841423458248278,-0.6831906184550289,0.9323954376795539,-0.6525136639846563,-0.6514128533997506,0.25135260842749824,0.8787878787878787,0.0,0.0,0.0,0.09512261367895261,0.6506752165572066,0.2061429314040325,-1.1763387781636903,1.4348479316532212,2.035823931442964,-0.5000000000000004,0.8660254037844384,-0.2588190451025208,-0.9659258262890683,0.9749279121818236,-0.22252093395631434
0.12456950561869067,-0.7991504858038802,-1.6668639221306147,-0.18890459195191697,0.44251882341185933,0.6037680693207814,-0.3673551604607734,-0.6841423458248278,-0.6831906184550289,0.11518103904807941,-0.6525136639846563,-0.6514128533997506,-0.5275791801839428,0.8787878787878787,0.0,0.0,0.0,0.09512261367895261,0.5618555757360562,0.22833228256221372,-1.0684657230226335,1.1096213069702112,1.8922484939236797,-0.5000000000000004,0.8660254037844384,-0.4999999999999997,-0.8660254037844388,0.9749279121818236,-0.22252093395631434
0.12353409113405603,-0.7991504858038802,-1.6668639221306147,-0.3471220784547151,0.01101283229131838,0.7655538498257208,-0.09774798840678739,-0.6841423458248278,-0.6831906184550289,0.29334152405778474,-0.6525136639846563,-0.6514128533997506,-0.23035520821378766,0.0,0.0,0.0,0.0,-0.06274428164677277,0.3782901347154847,0.286207260211239,-0.8527196127405202,0.5714486780304687,1.5640760653081738,-0.5000000000000004,0.8660254037844384,-0.7071067811865471,-0.7071067811865479,0.9749279121818236,-0.22252093395631434
0.5542131307783797,-0.9307434603453393,-1.6668639221306147,-0.5053395649575132,0.8200865656423326,0.6037680693207814,0.3336234868795902,-0.6841423458248278,-0.6831906184550289,-0.2605052010810819,-0.6525136639846563,-0.6514128533997506,-0.5139137102083035,0.0,0.0,0.8787878787878787,0.8787878787878787,-0.19430002775154487,0.04789675758109879,0.35244758475533156,-0.5291004473173502,-0.08287631686749164,0.8701281172983015,-0.5000000000000004,0.8660254037844384,-0.8660254037844385,-0.5000000000000004,0.9749279121818236,-0.22252093395631434
0.24437958685602337,-1.0886550297950905,-1.9565322297876868,-0.7954049568793099,0.766148316752265,0.7655538498257208,0.4414663557011846,-0.6841423458248278,-0.6831906184550289,-0.5393650906614903,-0.6525136639846563,-0.6514128533997506,-0.4592518303057462,0.0,0.0,0.8787878787878787,0.8787878787878787,-0.5100338184029966,0.0,0.4021909307721868,-0.2594178094647084,-0.5629727628281253,-0.3878661923944715,-0.5000000000000004,0.8660254037844384,-0.9659258262890683,-0.25881904510252063,0.9749279121818236,-0.22252093395631434
0.4446427478416026,-0.7728318908955885,-1.9565322297876868,-0.9272528622983084,0.44251882341185933,0.6037680693207814,0.4414663557011846,-0.6841423458248278,-0.6831906184550289,-0.6826680894736445,-0.6525136639846563,-0.6514128533997506,-0.6505684099646967,0.0,0.0,0.8787878787878787,0.8787878787878787,-0.7994564598334941,0.0,0.4139013305687014,0.010264828387933323,-0.6829968743182837,-0.651087827846492,-0.5000000000000004,0.8660254037844384,-1.0,-1.8369701987210297e-16,0.9749279121818236,-0.22252093395631434
0.5758294692401,-1.3781595737863004,-1.9565322297876868,-0.7954049568793099,0.9819013123125355,0.7655538498257208,0.6032306589335762,-0.6841423458248278,-0.6406493109219744,-0.6826680894736445,-0.6525136639846563,-0.5694496385114141,-0.6505684099646967,0.0,0.0,0.8787878787878787,0.8787878787878787,-0.9310122059382657,0.0,0.40091479319272405,0.6035666316637451,-0.6829968743182837,-0.651087827846492,-0.5000000000000004,0.8660254037844384,-0.9659258262890684,0.2588190451025203,0.9749279121818236,-0.22252093395631434
0.7070161906385976,-1.6676641177775104,-1.3771956144735429,-0.9272528622983084,0.6043335700820621,0.11841072780596318,0.6032306589335762,-0.6841423458248278,-0.40860581528713136,-0.6826680894736445,-0.6525136639846563,-0.2381816450043868,-0.6505684099646967,0.0,0.0,0.8787878787878787,0.8787878787878787,-0.7994564598334941,0.0,0.4027183395081182,0.44175704895216006,-0.6829968743182837,-0.651087827846492,-0.5000000000000004,0.8660254037844384,-0.8660254037844386,0.5000000000000001,0.9749279121818236,-0.22252093395631434
0.9945884329748462,-1.6676641177775104,-0.9295264117307949,-0.6371874703765118,0.766148316752265,-0.4208752072105015,0.6571520933443734,-0.6841423458248278,0.17150292379997614,-0.6826680894736445,-0.6525136639846563,0.5268083606200885,-0.6505684099646967,0.0,0.0,0.0,0.0,-0.7994564598334941,0.0,0.3715151750761905,0.010264828387933323,-0.6829968743182837,-0.651087827846492,-0.5000000000000004,0.8660254037844384,-0.7071067811865477,0.7071067811865474,0.9749279121818236,-0.22252093395631434
0.7625421578311141,-1.6676641177775104,-0.7978589991593985,-0.6899266325441115,0.6043335700820621,-0.5287323942137945,0.4414663557011846,-0.6841423458248278,0.5775790411609514,-0.6826680894736445,-0.6525136639846563,0.7317163978409301,-0.6505684099646967,0.0,0.0,0.0,0.0,-0.9310122059382657,0.0,0.31284665138989387,0.8193127419458585,-0.6829968743182837,-0.651087827846492,-0.5000000000000004,0.8660254037844384,-0.5000000000000004,0.8660254037844384,0.9749279121818236,-0.22252093395631434
0.38176874539367245,-1.9571686617687203,-0.06052148875957856,-0.7162962136279111,0.766148316752265,-0.9601611422269661,0.6032306589335762,-0.6841423458248278,0.3996790278409051,-0.6826680894736445,-0.6525136639846563,-0.25525731477279023,-0.6505684099646967,0.0,0.0,0.0,0.0,-1.088879101263992,0.0,0.21010966280721477,0.7653762143753301,-0.6829968743182837,-0.651087827846492,-0.5000000000000004,0.8660254037844384,-0.25881904510252157,0.9659258262890681,0.9749279121818236,-0.22252093395631434
0.20429034576803043,-1.9571686617687203,-0.06052148875957856,-0.05705668653291797,0.6043335700820621,-0.9601611422269661,-2.5781339713034583,-0.6841423458248278,0.9449812425827862,-0.6826680894736445,-0.6525136639846563,0.6224321113231479,-0.6505684099646967,0.0,0.0,0.0,0.0,-0.7731453106125399,0.0,0.15341591272622368,0.44175704895216006,-0.6829968743182837,-0.651087827846492,-0.5000000000000004,0.8660254037844384,-2.4492935982947064e-16,1.0,0.9749279121818236,-0.22252093395631434
0.15417307619950735,-1.9571686617687203,-0.1921889013309754,-0.7954049568793099,0.766148316752265,-0.7444467682203804,-2.5242125368926613,-0.6416504723217455,0.9295116762071299,-0.6826680894736445,-0.5706138134054384,0.2501825103719524,-0.6505684099646967,0.0,0.0,0.0,0.0,-1.3783017426944895,0.0,0.1408337032672553,0.9811223246574435,-0.6829968743182837,-0.651087827846492,-0.5000000000000004,0.8660254037844384,0.25881904510252074,0.9659258262890683,0.43388373911755823,-0.900968867902419
0.15235395480688088,-1.3781595737863004,-0.1921889013309754,-0.8481441190469096,0.11888933007145361,-0.366946613708855,-2.632055405714256,-0.4098766168503883,0.11349204989126538,-0.6826680894736445,-0.2396019173144331,-0.5284680310672457,-0.6505684099646967,0.0,0.0,0.0,0.0,-1.6677243841249871,0.0,0.1280223883138885,0.6035666316637451,-0.6829968743182837,-0.651087827846492,-0.5000000000000004,0.8660254037844384,0.49999999999999994,0.8660254037844387,0.43388373911755823,-0.900968867902419
0.15180192801647802,-0.9307434603453393,-0.350189796416651,-0.8745137001307092,-0.42049315882922256,-0.09730364620062269,-2.685976840125053,0.169558021828005,0.29139206321131167,-0.6826680894736445,0.5247966880915998,-0.2313513770970254,-0.6505684099646967,0.0,0.0,0.0,0.0,-1.6677243841249871,0.0,0.1312933263818024,0.7653762143753301,-0.6829968743182837,-0.651087827846492,-0.5000000000000004,0.8660254037844384,0.7071067811865476,0.7071067811865476,0.43388373911755823,-0.900968867902419
0.15123845794441532,-0.7991504858038802,-0.5081906915023265,-0.9272528622983084,-0.5283696566093578,0.33412510181254906,-2.685976840125053,0.5751622689028802,-0.2616449347183975,-0.6826680894736445,0.7295463145396444,-0.5148074952525229,-0.6505684099646967,0.0,0.8787878787878787,0.0,0.0,-1.6677243841249871,0.0,0.1263926302709053,0.6035666316637451,-0.6829968743182837,-0.651087827846492,-0.5000000000000004,0.8660254037844384,0.8660254037844386,0.5000000000000001,0.43388373911755823,-0.900968867902419
0.15095243425198504,-0.06222982837170911,-0.7978589991593985,-1.2173182542201055,-0.9598756477298988,0.441982288815842,-2.4702911024818643,0.397468979708173,-0.540097129480209,-0.6826680894736445,-0.25666438618510345,-0.46016535199363184,-0.6505684099646967,0.0,0.8787878787878787,0.0,0.0,-1.9571470255554846,0.0,0.1828719031895346,0.7653762143753301,-0.6829968743182837,-0.651087827846492,-0.5000000000000004,0.8660254037844384,0.9659258262890683,0.25881904510252074,0.43388373911755823,-0.900968867902419
0.19028656977153977,-0.06222982837170911,-0.9295264117307949,-0.7954049568793099,-0.9598756477298988,0.441982288815842,-2.5781339713034583,0.9421375400658627,-0.6831906184550289,-0.6826680894736445,0.620346513767354,-0.6514128533997506,-0.6505684099646967,0.0,0.8787878787878787,0.0,0.0,-1.9571470255554846,0.0,0.27371970466544937,0.6035666316637451,-0.6829968743182837,-0.651087827846492,-0.5000000000000004,0.8660254037844384,1.0,6.123233995736766e-17,0.43388373911755823,-0.900968867902419
0.2781820043252938,-0.19382280291316867,-0.7978589991593985,-0.6371874703765118,-0.7441226521696283,0.6037680693207814,-2.632055405714256,0.9266859497011055,-0.6831906184550289,-0.667175873385844,0.24838469238673969,-0.6514128533997506,-0.6505684099646967,0.0,0.8787878787878787,0.0,0.0,-1.9571470255554846,0.01890369670368128,0.33618621661804127,0.7653762143753301,-0.6404076734669372,-0.5690447206926155,-0.5000000000000004,0.8660254037844384,0.9659258262890683,-0.25881904510252063,0.43388373911755823,-0.900968867902419
0.2042960777057545,-0.19382280291316867,-0.9295264117307949,-0.18890459195191697,-0.36655490993915496,0.6037680693207814,-2.5781339713034583,0.11161455796016567,-0.6831906184550289,-0.43091957804688696,-0.5296638881158295,-0.6514128533997506,-0.4695009327874757,0.0,0.8787878787878787,0.0,0.0,-1.3783017426944895,0.07955629348493402,0.3251778845639187,0.11813788352899002,-0.40810294155050153,-0.23745382927903125,-0.5000000000000004,0.8660254037844384,0.8660254037844387,-0.4999999999999998,0.43388373911755823,-0.900968867902419
0.12413475015536433,-0.3517343723629195,-0.6398581040737229,0.39122619189167684,-0.09686366548881685,0.6576966628224279,-2.632055405714256,0.28930784715487295,-0.6831906184550289,0.0415930126310272,-0.23277692976616493,-0.6514128533997506,0.08053423373200677,0.0,0.0,0.0,0.0,-0.9310122059382657,0.2771803056409182,0.31955494016853414,-0.42122739217629346,0.17265888824058756,0.5282818374904827,-0.5000000000000004,0.8660254037844384,0.7071067811865476,-0.7071067811865475,0.43388373911755823,-0.900968867902419
0.12585661395077594,-0.5096459418126703,-0.6925250691022817,1.1295744622380688,0.3346423256317241,0.441982288815842,-2.632055405714256,-0.2630865083851953,-0.6831906184550289,0.6612816561430458,-0.5160139130192932,-0.6514128533997506,0.7877223049713413,0.8787878787878787,0.0,0.0,0.0,-0.7994564598334941,0.4575415467118983,0.32092281214112617,-0.5291004473173502,0.5791921690943499,0.7333896053751741,-0.5000000000000004,0.8660254037844384,0.49999999999999994,-0.8660254037844387,0.43388373911755823,-0.900968867902419
0.1271551724291172,-0.7991504858038802,-0.7188585516165609,1.8415531515006607,0.44251882341185933,0.6037680693207814,-2.685976840125053,-0.5412151349508241,-0.6831906184550289,1.1492864629087605,-0.461414012633148,-0.6514128533997506,0.9175442697399148,0.8787878787878787,0.0,0.0,0.0,-0.06274428164677277,0.5346641873176198,0.30158309181987875,-0.9605926678815769,0.4010918746250826,-0.2545461432694222,-0.5000000000000004,0.8660254037844384,0.258819045102521,-0.9659258262890682,0.43388373911755823,-0.900968867902419
0.1266117229515122,-0.9307434603453393,-0.06052148875957856,2.448053516428054,0.44251882341185933,-2.57801894727636,-2.632055405714256,-0.6841423458248278,-0.6831906184550289,1.3080816778087152,-0.6525136639846563,-0.6514128533997506,1.3172592665273648,0.8787878787878787,0.0,0.0,0.0,-0.06274428164677277,0.6302636806976493,0.27599142931352805,-0.9605926678815769,0.9470079946287063,0.6239987958366721,-0.5000000000000004,0.8660254037844384,1.2246467991473532e-16,-1.0,0.43388373911755823,-0.900968867902419
0.12261881394535991,-0.7991504858038802,-0.7978589991593985,1.9997706380034583,0.6043335700820621,-2.5240903537747137,-2.5242125368926613,-0.6841423458248278,-0.6831906184550289,1.0911906525795088,-0.6525136639846563,-0.6514128533997506,0.9517079446790131,0.8787878787878787,0.0,0.0,0.0,-0.19430002775154487,0.6161330196202148,0.26483629149860854,-0.7448465575994635,0.931521012500944,0.2513863508461496,-0.5000000000000004,0.8660254037844384,-0.2588190451025208,-0.9659258262890683,0.43388373911755823,-0.900968867902419
0.12038782022042879,-0.9307434603453393,-0.8505259641879573,1.7097052460816622,0.6043335700820621,-2.6319475407780066,-2.0389196271954866,-0.6841423458248278,-0.6831906184550289,0.8588074112625017,-0.6525136639846563,-0.6514128533997506,0.7398931600566038,0.8787878787878787,0.0,0.0,0.0,-0.19430002775154487,0.5255172370851183,0.2639254524628635,-0.3672908646057651,0.11458270526147865,-0.5280231671156772,-0.5000000000000004,0.8660254037844384,-0.4999999999999997,-0.8660254037844388,0.43388373911755823,-0.900968867902419
0.1447514112196253,-0.6412389163541294,-0.8768594467022365,1.1295744622380688,0.6582718189721298,-2.685876134279653,-1.7693124551415005,-0.6841423458248278,-0.6831906184550289,0.21588044361878242,-0.6525136639846563,-0.6514128533997506,0.09078333621373626,0.0,0.0,0.0,0.0,-0.3521669230772707,0.34951328379318475,0.30666484939348504,-0.09760822675312336,0.29268299973074596,-0.23061690368287488,-0.5000000000000004,0.8660254037844384,-0.7071067811865471,-0.7071067811865479,0.43388373911755823,-0.900968867902419
0.1682912575542125,-0.6938761061707133,-0.9295264117307949,0.5230740973106753,0.44251882341185933,-2.685876134279653,-0.9604909389795426,-0.6841423458248278,-0.6831906184550289,-0.23339382292743105,-0.6525136639846563,-0.6514128533997506,-0.2850170881163449,0.0,0.0,0.8787878787878787,0.8787878787878787,-0.5100338184029966,0.05246468997812502,0.3320675933428181,0.3338839938111034,-0.260976611336759,-0.5143493159233644,-0.5000000000000004,0.8660254037844384,-0.8660254037844385,-0.5000000000000004,0.43388373911755823,-0.900968867902419
0.13796118617680925,-0.7201947010790051,-1.2191947193878672,0.23300870538887822,0.6043335700820621,-2.470161760273067,-0.09774798840678739,-0.6841423458248278,-0.6831906184550289,-0.6052070090346422,-0.6525136639846563,-0.6514128533997506,-0.6403193074829672,0.0,0.0,0.8787878787878787,0.8787878787878787,-0.7994564598334941,0.0,0.3769942434747574,0.44175704895216006,-0.5397422896364817,-0.45965391115411347,-0.5000000000000004,0.8660254037844384,-0.9659258262890683,-0.25881904510252063,0.43388373911755823,-0.900968867902419
0.3370916682159429,-0.06222982837170911,-0.7978589991593985,-0.05705668653291797,-2.5780231144319274,-2.57801894727636,0.1718591836471986,-0.6841423458248278,-0.6831906184550289,-0.6826680894736445,-0.6525136639846563,-0.6514128533997506,-0.6505684099646967,0.0,0.0,0.8787878787878787,0.8787878787878787,-0.9310122059382657,0.0,0.37926260811379686,0.44175704895216006,-0.6829968743182837,-0.651087827846492,-0.5000000000000004,0.8660254037844384,-1.0,-1.8369701987210297e-16,0.43388373911755823,-0.900968867902419
0.5085692644829944,-0.7991504858038802,-0.6398581040737229,-0.05705668653291797,-2.5240848655418597,-2.6319475407780066,0.3336234868795902,-0.6841423458248278,-0.6677210520793727,-0.6826680894736445,-0.6525136639846563,-0.6514128533997506,-0.6505684099646967,0.0,0.0,0.8787878787878787,0.8787878787878787,-0.7994564598334941,0.0,0.37098397608615996,0.6035666316637451,-0.6829968743182837,-0.651087827846492,-0.5000000000000004,0.8660254037844384,-0.9659258262890684,0.2588190451025203,0.43388373911755823,-0.900968867902419
0.6269778491915177,-0.8517876756204641,-0.1921889013309754,0.1011607999698797,-2.6319613633219947,-2.57801894727636,0.1718591836471986,-0.6841423458248278,-0.4318101648506157,-0.6826680894736445,-0.6525136639846563,-0.47041075385467396,-0.6505684099646967,0.0,0.0,0.8787878787878787,0.8787878787878787,-0.9310122059382657,0.0,0.34045675737513004,0.6035666316637451,-0.6829968743182837,-0.651087827846492,-0.5000000000000004,0.8660254037844384,-0.8660254037844386,0.5000000000000001,0.43388373911755823,-0.900968867902419
0.6031062163347547,-0.8781062705287559,0.38714771398316894,0.681291583813473,-2.6858996122120624,-2.6319475407780066,-2.0389196271954866,-0.6841423458248278,0.04001160960689843,-0.6826680894736445,-0.6525136639846563,0.0794258126879177,-0.6505684099646967,0.0,0.0,0.0,0.0,-0.6415895645077683,0.0,0.31163786765016577,0.6575031592342735,-0.6829968743182837,-0.651087827846492,-0.5000000000000004,0.8660254037844384,-0.7071067811865477,0.7071067811865474,0.43388373911755823,-0.900968867902419
0.49835817781888675,-0.9307434603453393,1.1244852243829888,0.39122619189167684,-2.6858996122120624,-2.6319475407780066,-2.146762496017081,-0.6841423458248278,0.6587942646331465,-0.6826680894736445,-0.6525136639846563,0.7863585410998212,-0.6505684099646967,0.0,0.0,0.0,0.0,-0.6942118629496772,0.0,0.23521502546871476,0.44175704895216006,-0.6829968743182837,-0.651087827846492,-0.5000000000000004,0.8660254037844384,-0.5000000000000004,0.8660254037844384,0.43388373911755823,-0.900968867902419
0.43184600809626045,-1.2202480043365496,1.835489252268529,0.39122619189167684,-2.470146616651792,-2.685876134279653,-2.5781339713034583,-0.6841423458248278,1.1460856054663167,-0.6826680894736445,-0.6525136639846563,0.9161336313396875,-0.6505684099646967,0.0,0.0,0.0,0.0,-0.7205230121706314,0.0,0.20562676538127367,0.6035666316637451,-0.6829968743182837,-0.651087827846492,-0.5000000000000004,0.8660254037844384,-0.25881904510252157,0.9659258262890681,0.43388373911755823,-0.900968867902419
0.49530061808035886,-0.7991504858038802,2.4411593500969526,-0.5053395649575132,-2.5780231144319274,-2.6319475407780066,-1.1222552422119343,-0.6841423458248278,1.3046486608167926,-0.6826680894736445,-0.6525136639846563,1.3157043039203287,-0.6505684099646967,0.0,0.0,0.0,0.0,-0.06274428164677277,0.0,0.17654737251646802,-2.578688494997427,-0.6829968743182837,-0.651087827846492,-0.5000000000000004,0.8660254037844384,-2.4492935982947064e-16,1.0,0.43388373911755823,-0.900968867902419
0.23119956238873804,-0.6412389163541294,1.9934901473542042,-0.18890459195191697,-2.6319613633219947,-2.5240903537747137,-2.632055405714256,-0.6686907554600706,1.0880747315576058,-0.6826680894736445,-0.6525136639846563,0.9502849708764944,-0.6505684099646967,0.0,0.0,0.0,0.0,-0.7994564598334941,0.0,0.18123827294101225,-2.524751967426899,-0.6829968743182837,-0.651087827846492,-2.4492935982947064e-16,1.0,0.25881904510252074,0.9659258262890683,-0.433883739117558,-0.9009688679024191
0.20426175472537095,-0.19382280291316867,1.7038218396971327,-0.05705668653291797,-2.5780231144319274,-2.0387330122598954,-2.5781339713034583,-0.433054002397524,0.856031235922763,-0.6826680894736445,-0.4716514939555502,0.7385466657482915,-0.6505684099646967,0.0,0.0,0.0,0.0,-0.852078758275403,0.0,0.1472991084656503,-2.6326250225679555,-0.6829968743182837,-0.651087827846492,-2.4492935982947064e-16,1.0,0.49999999999999994,0.8660254037844387,-0.433883739117558,-0.9009688679024191
0.16659799166605646,0.3851862850692516,1.1244852243829888,-0.18890459195191697,-2.6319613633219947,-1.769090044751663,-2.632055405714256,0.038219503727569194,0.2140442313330307,-0.6826680894736445,0.07776000368003592,0.08967121454895977,-0.6505684099646967,0.0,0.0,0.0,0.0,-0.8783899074963573,0.0,0.13500475343961715,-2.686561550138484,-0.6829968743182837,-0.651087827846492,-2.4492935982947064e-16,1.0,0.7071067811865476,0.7071067811865476,-0.433883739117558,-0.9009688679024191
0.17725528737204457,1.1221069425014227,0.5188151265545653,-0.7954049568793099,-2.6319613633219947,-0.9601611422269661,-2.4702911024818643,0.6562831183178554,-0.23457319356099912,-0.6826680894736445,0.7841462149257895,-0.2859935203559165,-0.6505684099646967,0.0,0.8787878787878787,0.0,0.0,-0.9310122059382657,0.0,0.1453148592250968,-2.686561550138484,-0.6829968743182837,-0.651087827846492,-2.4492935982947064e-16,1.0,0.8660254037844386,0.5000000000000001,-0.433883739117558,-0.9009688679024191
0.1646015371629803,1.8327090050253017,0.22914681889749292,-0.9272528622983084,-2.6858996122120624,-0.09730364620062269,-2.2546053648386755,1.1430082148077056,-0.605842786576748,-0.6826680894736445,0.9138209783428844,-0.6411674515387086,-0.6505684099646967,0.0,0.8787878787878787,0.0,0.0,-1.2204348473687636,0.0,0.17871493688433016,-2.4708154398563704,-0.6829968743182837,-0.651087827846492,-2.4492935982947064e-16,1.0,0.9659258262890683,0.25881904510252074,-0.433883739117558,-0.9009688679024191
0.20745378160414749,2.438036687916014,-0.06052148875957856,-0.3471220784547151,-2.6319613633219947,0.17233932130760965,-2.632055405714256,1.3013870160464664,-0.6831906184550289,-0.6826680894736445,1.3130827499165714,-0.6514128533997506,-0.6505684099646967,0.0,0.8787878787878787,0.0,0.0,-0.7994564598334941,0.0,0.29317825457467017,-2.578688494997427,-0.6829968743182837,-0.651087827846492,-2.4492935982947064e-16,1.0,1.0,6.123233995736766e-17,-0.433883739117558,-0.9009688679024191
0.21598875014109883,1.990620574475052,-0.06052148875957856,-0.5053395649575132,-2.5240848655418597,0.33412510181254906,-2.632055405714256,1.0850647509398663,-0.6831906184550289,-0.6594297653419439,0.9479459160842253,-0.6514128533997506,-0.6198211025195082,0.0,0.8787878787878787,0.0,0.0,-0.6415895645077683,0.03700357139511973,0.32547372926225204,-2.6326250225679555,-0.6675098921905214,-0.651087827846492,-2.4492935982947064e-16,1.0,0.9659258262890683,-0.25881904510252063,-0.433883739117558,-0.9009688679024191
0.12054799527298474,1.7011160304838424,0.09747940632609654,-0.6371874703765118,-2.0386406255312512,0.17233932130760965,-2.416369668071067,0.8532908954685091,-0.6831906184550289,-0.4347926320688371,0.7363713020879125,-0.6514128533997506,-0.27476798563461546,0.0,0.8787878787878787,0.0,0.0,-0.19430002775154487,0.13278600377979924,0.3498512606974158,-2.578688494997427,-0.4313334147421451,-0.46990929954834804,-2.4492935982947064e-16,1.0,0.8660254037844387,-0.4999999999999998,-0.433883739117558,-0.9009688679024191
0.12109716295912162,1.1221069425014227,0.6768160216402405,0.39122619189167684,-1.768949381080913,-2.0387330122598954,-2.5781339713034583,0.21204989533108717,-0.6831906184550289,0.10356187698222906,0.08799748500243815,-0.6514128533997506,0.38117457319607173,0.0,0.0,0.0,0.0,0.3845452551094506,0.2664090832262575,0.35255934603160644,-2.6326250225679555,0.04101954015460736,0.0804632109422402,-2.4492935982947064e-16,1.0,0.7071067811865476,-0.7071067811865475,-0.433883739117558,-0.9009688679024191
0.11907782875732177,0.5167792596107107,0.38714771398316894,0.681291583813473,-0.9598756477298988,-2.1465901992631884,-2.632055405714256,-0.2360462252468703,-0.6831906184550289,0.7774732768015493,-0.28737683015231014,-0.6514128533997506,1.0644480719780374,0.8787878787878787,0.0,0.0,0.0,1.121257433296172,0.30019735858961294,0.33618514100539143,-2.6326250225679555,0.6604988252651024,0.788085010144425,-2.4492935982947064e-16,1.0,0.49999999999999994,-0.8660254037844387,-0.433883739117558,-0.9009688679024191
0.11957551197288332,0.22727471561950033,0.38714771398316894,1.8415531515006607,-0.09686366548881685,-2.57801894727636,-2.685976840125053,-0.606884394001042,-0.6831906184550289,0.9130301675698034,-0.642276182662254,-0.6514128533997506,0.8799642273069067,0.8787878787878787,0.0,0.0,0.0,1.8316584622619385,0.30255894813611367,0.31934832010048064,-2.686561550138484,1.1483387622896173,0.9179865964713962,-2.4492935982947064e-16,1.0,0.258819045102521,-0.9659258262890682,-0.433883739117558,-0.9009688679024191
0.12222981444718287,-0.06222982837170911,-0.5081906915023265,2.2898360299252554,0.17282757896152123,-1.1219469227319057,-2.632055405714256,-0.6841423458248278,-0.6831906184550289,1.5830685133671736,-0.6525136639846563,-0.6514128533997506,2.068860115187527,0.8787878787878787,0.0,0.0,0.0,2.4368148943438883,0.5850389368707963,0.30026705413307486,-2.6326250225679555,1.3070803290991815,1.3179467438465442,-2.4492935982947064e-16,1.0,1.2246467991473532e-16,-1.0,-0.433883739117558,-0.9009688679024191
0.12093698790656568,-0.06222982837170911,-0.1921889013309754,2.5799014218470524,0.3346423256317241,-2.6319475407780066,-2.685976840125053,-0.6841423458248278,-0.6831906184550289,1.2887164076989646,-0.6525136639846563,-0.6514128533997506,1.751137938253913,0.8787878787878787,0.0,0.0,0.0,1.989525357587664,0.5547209545547049,0.3069223817936271,-2.524751967426899,1.0902625793105083,0.9521712244521782,-2.4492935982947064e-16,1.0,-0.2588190451025208,-0.9659258262890683,-0.433883739117558,-0.9009688679024191
0.1553114527606966,0.09568174107804124,-0.06052148875957856,1.2614223676570673,0.17282757896152123,-2.57801894727636,-1.337940979855123,-0.6841423458248278,-0.6831906184550289,1.0137295721405064,-0.6525136639846563,-0.6514128533997506,1.8707108005407571,0.8787878787878787,0.0,0.0,0.0,1.700102716157167,0.4894117298946442,0.33578019845258267,-2.0393232192921436,0.8579578473940727,0.7402265309713304,-2.4492935982947064e-16,1.0,-0.4999999999999997,-0.8660254037844388,-0.433883739117558,-0.9009688679024191
0.25964188357423795,0.6746908290604611,-0.1921889013309754,1.1295744622380688,-2.0386406255312512,-2.6319475407780066,-1.337940979855123,-0.6841423458248278,-0.6831906184550289,0.6070588998357441,-0.6525136639846563,-0.6514128533997506,1.8809599030224866,0.0,0.0,0.0,0.0,1.121257433296172,0.33801584009635555,0.3204872914572743,-1.769640581439502,0.21524808909193408,0.09071859933647476,-2.4492935982947064e-16,1.0,-0.7071067811865471,-0.7071067811865479,-0.433883739117558,-0.9009688679024191
0.2233395998809038,0.3851862850692516,-0.7978589991593985,0.681291583813473,-2.146517123311386,-2.470161760273067,-0.798726635747151,-0.6841423458248278,-0.6831906184550289,-0.04361417585187536,-0.6525136639846563,-0.6514128533997506,1.3001774290578156,0.0,0.0,0.8787878787878787,0.8787878787878787,0.5161010012142222,0.04146617350036316,0.37618753398743887,-0.9605926678815769,-0.2338743926131748,-0.28531230845212585,-2.4492935982947064e-16,1.0,-0.8660254037844385,-0.5000000000000004,-0.433883739117558,-0.9009688679024191
0.2937531941377681,0.3851862850692516,-0.9295264117307949,0.1011607999698797,-2.5780231144319274,-2.2544473862664813,-0.259512291639179,-0.6841423458248278,-0.6831906184550289,-0.5432381446834403,-0.6525136639846563,-0.6514128533997506,-0.08686777346957485,0.0,0.0,0.8787878787878787,0.8787878787878787,0.22667835978372425,0.0,0.41999493232783003,-0.09760822675312336,-0.6055619636794718,-0.6408324394522574,-2.4492935982947064e-16,1.0,-0.9659258262890683,-0.25881904510252063,-0.433883739117558,-0.9009688679024191
0.28521821530392266,-0.5096459418126703,-0.350189796416651,0.23300870538887822,-1.1216903944001015,-2.6319475407780066,-0.8526480701579482,-0.6841423458248278,-0.6831906184550289,-0.6826680894736445,-0.6525136639846563,-0.6514128533997506,-0.6505684099646967,0.0,0.0,0.8787878787878787,0.8787878787878787,-0.06274428164677277,0.0,0.44653311347810765,0.17207441109951835,-0.6829968743182837,-0.651087827846492,-2.4492935982947064e-16,1.0,-1.0,-1.8369701987210297e-16,-0.433883739117558,-0.9009688679024191
0.30700186456582057,-0.19382280291316867,-0.5081906915023265,0.1011607999698797,-2.6319613633219947,-2.6319475407780066,-0.6369623325147594,-0.6841423458248278,-0.6599862688915447,-0.6826680894736445,-0.6525136639846563,-0.6206766478166245,-0.6505684099646967,0.0,0.0,0.8787878787878787,0.8787878787878787,-0.06274428164677277,0.0,0.39931750840783353,0.3338839938111034,-0.6829968743182837,-0.651087827846492,-2.4492935982947064e-16,1.0,-0.9659258262890684,0.2588190451025203,-0.433883739117558,-0.9009688679024191
0.5096733661159727,-0.06222982837170911,-0.6398581040737229,-0.05705668653291797,-2.5780231144319274,-2.4162331667714207,-0.09774798840678739,-0.6841423458248278,-0.4356775564445297,-0.6826680894736445,-0.6525136639846563,-0.2757481184948744,-0.6505684099646967,0.0,0.0,0.8787878787878787,0.8787878787878787,0.09512261367895261,0.0,0.36148775053899707,0.17207441109951835,-0.6829968743182837,-0.651087827846492,-2.4492935982947064e-16,1.0,-0.8660254037844386,0.5000000000000001,-0.433883739117558,-0.9009688679024191
0.9815857210242223,-0.19382280291316867,0.38714771398316894,-0.05705668653291797,-2.6319613633219947,-2.57801894727636,-0.09774798840678739,-0.6841423458248278,0.10188987510952323,-0.6826680894736445,-0.6525136639846563,0.3799576006118187,-0.6505684099646967,0.0,0.0,0.0,0.0,0.6739678965399476,0.0,0.3241963111915396,-2.0393232192921436,-0.6829968743182837,-0.651087827846492,-2.4492935982947064e-16,1.0,-0.7071067811865477,0.7071067811865474,-0.433883739117558,-0.9009688679024191
0.47028201418811866,-0.7991504858038802,0.6768160216402405,-0.3471220784547151,-2.470146616651792,-2.6319475407780066,-0.259512291639179,-0.6841423458248278,0.774816012450568,-0.6826680894736445,-0.6525136639846563,1.0629843913479573,-0.6505684099646967,0.0,0.0,0.0,0.0,0.3845452551094506,0.0,0.26576480643556455,-2.1471962744332003,-0.6829968743182837,-0.651087827846492,-2.4492935982947064e-16,1.0,-0.5000000000000004,0.8660254037844384,-0.433883739117558,-0.9009688679024191
0.39366165809657444,-0.9307434603453393,1.835489252268529,-0.3471220784547151,-2.2543936210915216,-2.685876134279653,-0.3673551604607734,-0.6841423458248278,0.9101747182375597,-0.6826680894736445,-0.6525136639846563,0.8785671578491999,-0.6505684099646967,0.0,0.0,0.0,0.0,0.3845452551094506,0.0,0.22260638667035237,-2.578688494997427,-0.6829968743182837,-0.651087827846492,-2.4492935982947064e-16,1.0,-0.25881904510252157,0.9659258262890681,-0.433883739117558,-0.9009688679024191
0.3211629565106013,-0.3517343723629195,2.2831584550112765,-0.6371874703765118,-2.6319613633219947,-2.6319475407780066,1.358130740684737,-0.6841423458248278,1.5792334639846903,-0.6826680894736445,-0.6525136639846563,2.0670337737300812,-0.6505684099646967,0.0,0.0,0.0,0.0,-0.5100338184029966,0.0,0.15496341201132546,-1.122402250593162,-0.6829968743182837,-0.651087827846492,-2.4492935982947064e-16,1.0,-2.4492935982947064e-16,1.0,-0.433883739117558,-0.9009688679024191
0.15231963525879538,-0.5096459418126703,2.572826762668349,-0.7954049568793099,-2.6319613633219947,-2.685876134279653,-0.6369623325147594,-0.660964960277692,1.2853117028472225,-0.6826680894736445,-0.6218012200174495,1.7494263160377768,-0.6505684099646967,0.0,0.0,0.0,0.0,-0.19430002775154487,0.0,0.14595740973420224,-2.6326250225679555,-0.6829968743182837,-0.651087827846492,-2.4492935982947064e-16,1.0,0.25881904510252074,0.9659258262890683,-0.9749279121818236,-0.2225209339563146
0.15279443877563323,-0.6412389163541294,1.2561526369543852,-1.085470348801107,-2.4162083677617243,-1.3376612967384915,-0.529119463693165,-0.4369168999887133,1.0107268996793248,-0.6826680894736445,-0.2771393488299079,1.868956004416601,-0.6505684099646967,0.0,0.0,0.0,0.0,-0.06274428164677277,0.0,0.16992052298130933,-2.578688494997427,-0.6829968743182837,-0.651087827846492,-2.4492935982947064e-16,1.0,0.49999999999999994,0.8660254037844387,-0.9749279121818236,-0.2225209339563146
0.15079798084025905,0.3851862850692516,1.1244852243829888,-1.2173182542201055,-2.5780231144319274,-1.3376612967384915,-1.0144123733903398,0.10002586518659781,0.6046507823183498,-0.6826680894736445,0.37805945580383454,1.879201406277643,-0.6505684099646967,0.0,0.0,0.0,0.0,-0.19430002775154487,0.0,0.1879289421600565,-2.6326250225679555,-0.6829968743182837,-0.651087827846492,-2.4492935982947064e-16,1.0,0.7071067811865476,0.7071067811865476,-0.9749279121818236,-0.2225209339563146
0.1486699560564786,0.6746908290604611,0.6768160216402405,-1.085470348801107,-2.6319613633219947,-0.7983753617220268,-1.4457838486767174,0.772170046053534,-0.04507100545921067,-0.6826680894736445,1.0605582106306497,1.298628634151925,-0.6505684099646967,0.0,0.8787878787878787,0.0,0.0,-0.7994564598334941,0.0,0.185860569766362,-2.4708154398563704,-0.6829968743182837,-0.651087827846492,-2.4492935982947064e-16,1.0,0.8660254037844386,0.5000000000000001,-0.9749279121818236,-0.2225209339563146
0.1483438877428348,1.8327090050253017,0.09747940632609654,-1.5073836461419021,-2.6858996122120624,-0.2590894267055621,-0.9065695045687454,0.9073714617451591,-0.5439645210741232,-0.6826680894736445,0.8762835468274097,-0.08791575104243628,-0.6505684099646967,0.0,0.8787878787878787,0.0,0.0,-0.9310122059382657,0.0,0.21804256219742946,-2.255069329574257,-0.6829968743182837,-0.651087827846492,-2.4492935982947064e-16,1.0,0.9659258262890683,0.25881904510252074,-0.9749279121818236,-0.2225209339563146
0.17769575074700872,2.2801251184662625,0.22914681889749292,-1.5073836461419021,-2.6319613633219947,-0.8523039552236732,-0.798726635747151,1.5756527450209061,-0.6831906184550289,-0.6826680894736445,2.063831380226068,-0.6514128533997506,-0.6505684099646967,0.0,0.8787878787878787,0.0,0.0,-0.3521669230772707,0.0,0.2646793340031838,-2.6326250225679555,-0.6829968743182837,-0.651087827846492,-2.4492935982947064e-16,1.0,1.0,6.123233995736766e-17,-0.9749279121818236,-0.2225209339563146
0.26442993933774395,2.569629662457473,0.09747940632609654,-1.3755357407229036,-2.6858996122120624,-0.6365895812170874,-1.4457838486767174,1.28207252809052,-0.6831906184550289,-0.667175873385844,1.7464694592315988,-0.6514128533997506,-0.6471520424707868,0.0,0.8787878787878787,0.0,0.0,-0.5100338184029966,0.01906446084003675,0.2916987237651032,-2.6326250225679555,-0.6597664011266401,-0.6203216626637883,-2.4492935982947064e-16,1.0,0.9659258262890683,-0.25881904510252063,-0.9749279121818236,-0.2225209339563146
0.1503460638867409,1.2536999170428818,-0.06052148875957856,-0.7954049568793099,-1.3374433899603722,-0.09730364620062269,-1.877155323963095,1.0078067991160806,-0.6831906184550289,-0.39993514587128604,1.8659067413262915,-0.6514128533997506,0.005374148865990536,0.0,0.8787878787878787,0.0,0.0,-0.6415895645077683,0.07878573177943479,0.3366762862291308,-2.416878912285842,-0.4352051602740857,-0.27505692005789134,-2.4492935982947064e-16,1.0,0.8660254037844387,-0.4999999999999998,-0.9749279121818236,-0.2225209339563146
0.15189059800400093,1.1221069425014227,-0.06052148875957856,0.1011607999698797,-1.3374433899603722,-0.09730364620062269,-2.3085267992494725,0.6022025520412053,-0.6831906184550289,0.21975349764073254,1.8761442226486937,-0.6514128533997506,1.0097861920754803,0.0,0.0,0.0,0.0,0.3845452551094506,0.2782391432951777,0.32518244311276767,-2.578688494997427,0.10296746866565687,0.3812879371731207,-2.4492935982947064e-16,1.0,0.7071067811865476,-0.7071067811865475,-0.9749279121818236,-0.2225209339563146
0.1536124652317106,0.6746908290604611,-0.350189796416651,0.681291583813473,-0.7980609010596958,-0.2590894267055621,-2.416369668071067,-0.04676424327859515,-0.6831906184550289,0.8162038170210505,1.296020281045901,-0.6514128533997506,1.5017431111984956,0.8787878787878787,0.0,0.0,0.0,0.6739678965399476,0.46544118554905867,0.3216457262810636,-2.6326250225679555,0.7766511912233202,1.0649804967887584,-2.4492935982947064e-16,1.0,0.49999999999999994,-0.8660254037844387,-0.9749279121818236,-0.2225209339563146
0.1536868294010096,0.09568174107804124,-0.350189796416651,1.419639854159865,-0.2586784121590197,-0.366946613708855,-2.5781339713034583,-0.5450780325420134,-0.6831906184550289,1.2383667054136132,-0.08945219125253377,-0.6514128533997506,1.7408888357721835,0.8787878787878787,0.0,0.0,0.0,1.8316584622619385,0.5892742475738696,0.3202106029080366,-2.686561550138484,0.912162284841241,0.8803835056925362,-2.4492935982947064e-16,1.0,0.258819045102521,-0.9659258262890682,-0.9749279121818236,-0.2225209339563146
0.15107256468332747,0.22727471561950033,-0.6398581040737229,1.8415531515006607,-0.8519991499497634,1.358768378343832,-2.5781339713034583,-0.6841423458248278,-0.6831906184550289,1.4242732984672186,-0.6525136639846563,-0.6514128533997506,1.8297143906138391,0.8787878787878787,0.0,0.0,0.0,2.278947999018162,0.6426092695340008,0.3234801068257508,-2.6326250225679555,1.5819742618669637,2.0700085594237456,-2.4492935982947064e-16,1.0,1.2246467991473532e-16,-1.0,-0.9749279121818236,-0.2225209339563146
0.1499456279715001,0.09568174107804124,-0.7978589991593985,1.419639854159865,-0.6362461543894931,-0.6365895812170874,-1.3918624142659202,-0.6841423458248278,-0.6831906184550289,1.3313200019404159,-0.6525136639846563,-0.6514128533997506,1.7579706732417326,0.8787878787878787,0.0,0.0,0.0,2.5683706404486597,0.6402532546378963,0.309877858037262,-2.686561550138484,1.2877216014394786,1.752091519202474,-2.4492935982947064e-16,1.0,-0.2588190451025208,-0.9659258262890683,-0.9749279121818236,-0.2225209339563146
0.1497396866569007,-0.06222982837170911,-1.0875273068164708,1.2614223676570673,-0.09686366548881685,-0.5287323942137945,-1.1222552422119343,-0.6841423458248278,-0.6831906184550289,1.0098565181185564,-0.6525136639846563,-0.6514128533997506,1.5871522985462412,0.8787878787878787,0.0,0.0,0.0,1.2528131794009436,0.5503415145252771,0.32126828868029855,-1.3381483608752753,1.0128276686716964,1.8717377171352105,-2.4492935982947064e-16,1.0,-0.4999999999999997,-0.8660254037844388,-0.9749279121818236,-0.2225209339563146
0.23071904066336826,-0.06222982837170911,-1.2191947193878672,0.9713569757352701,-0.09686366548881685,-1.0140897357286127,-0.798726635747151,-0.6841423458248278,-0.6831906184550289,0.48699422515529056,-0.6525136639846563,-0.6514128533997506,1.2284337116857091,0.0,0.0,0.0,0.0,1.121257433296172,0.37255806364265703,0.35360683909352064,-1.3381483608752753,0.6062943878179341,1.8819931055294452,-2.4492935982947064e-16,1.0,-0.7071067811865471,-0.7071067811865479,-0.9749279121818236,-0.2225209339563146
0.5098850016130176,-0.3517343723629195,-1.0875273068164708,0.39122619189167684,-0.2586784121590197,-1.4455184837417845,0.6571520933443734,-0.6841423458248278,-0.6831906184550289,-0.14431358042257839,-0.6525136639846563,-0.6514128533997506,0.4973310679890059,0.0,0.0,0.8787878787878787,0.8787878787878787,0.6739678965399476,0.051683040173245764,0.38203138873322384,-0.7987830851699919,-0.0441588615480857,1.3008544298561533,-2.4492935982947064e-16,1.0,-0.8660254037844385,-0.5000000000000004,-0.9749279121818236,-0.2225209339563146
0.5360162192373713,-0.3517343723629195,-1.5088630270449392,-0.18890459195191697,-0.36655490993915496,-0.9062325487253197,0.818916396576765,-0.6841423458248278,-0.6831906184550289,-0.597460900990742,-0.6525136639846563,-0.6514128533997506,-0.5583264876291313,0.0,0.0,0.8787878787878787,0.8787878787878787,0.09512261367895261,0.008093665275957701,0.41028952573011424,-0.2594178094647084,-0.5436140351684223,-0.087041466163591,-2.4492935982947064e-16,1.0,-0.9659258262890683,-0.25881904510252063,-0.9749279121818236,-0.2225209339563146
0.4905268406766924,-0.6412389163541294,-1.5088630270449392,-0.3471220784547151,1.3594690545430088,-0.7983753617220268,0.9806806998091566,-0.6841423458248278,-0.6831906184550289,-0.6826680894736445,-0.6525136639846563,-0.6514128533997506,-0.6505684099646967,0.0,0.0,0.8787878787878787,0.8787878787878787,0.22667835978372425,0.0,0.40630668574701057,-0.8527196127405202,-0.6829968743182837,-0.651087827846492,-2.4492935982947064e-16,1.0,-1.0,-1.8369701987210297e-16,-0.9749279121818236,-0.2225209339563146
0.398426854755145,-0.7991504858038802,-1.3771956144735429,-0.18890459195191697,-0.6362461543894931,-1.4455184837417845,0.818916396576765,-0.6841423458248278,-0.6677210520793727,-0.6826680894736445,-0.6525136639846563,-0.64799771944607,-0.6505684099646967,0.0,0.0,0.8787878787878787,0.8787878787878787,0.09512261367895261,0.0,0.37710410962398266,-0.6369735024584068,-0.6829968743182837,-0.651087827846492,-2.4492935982947064e-16,1.0,-0.9659258262890684,0.2588190451025203,-0.9749279121818236,-0.2225209339563146
0.6648818490874308,-1.0886550297950905,-0.7978589991593985,-0.3471220784547151,-0.5283696566093578,-1.876947231754956,1.1424450030415483,-0.6841423458248278,-0.4008710320993033,-0.6826680894736445,-0.6525136639846563,0.004292865706942438,-0.6505684099646967,0.0,0.0,0.8787878787878787,0.8787878787878787,-0.06274428164677277,0.0,0.37352047559288915,-0.09760822675312336,-0.6829968743182837,-0.651087827846492,-2.4492935982947064e-16,1.0,-0.8660254037844386,0.5000000000000001,-0.9749279121818236,-0.2225209339563146
0.2384474431873923,-1.2202480043365496,0.09747940632609654,-0.05705668653291797,-1.0138138966199663,-2.308375979768128,0.9806806998091566,-0.6841423458248278,0.21791162292694474,-0.6826680894736445,-0.6525136639846563,1.0083422480890663,-0.6505684099646967,0.0,0.0,0.0,0.0,-0.06274428164677277,0.0,0.33916627829367063,-0.09760822675312336,-0.6829968743182837,-0.651087827846492,-2.4492935982947064e-16,1.0,-0.7071067811865477,0.7071067811865474,-0.9749279121818236,-0.2225209339563146
0.20725928357120801,-1.0886550297950905,0.6768160216402405,-0.3471220784547151,-1.4453198877405073,-2.4162331667714207,0.9806806998091566,-0.6841423458248278,0.8134899283897085,-0.6826680894736445,-0.6525136639846563,1.5001215374190862,-0.6505684099646967,0.0,0.0,0.0,0.0,-0.3521669230772707,0.0,0.26531701864554036,-0.2594178094647084,-0.6829968743182837,-0.651087827846492,-2.4492935982947064e-16,1.0,-0.5000000000000004,0.8660254037844384,-0.9749279121818236,-0.2225209339563146
0.14632455697333302,-1.5097525483277596,1.4141535320400604,-0.5053395649575132,-0.9059373988398312,-2.57801894727636,1.358130740684737,-0.6841423458248278,1.2350356121263397,-0.6826680894736445,-0.6525136639846563,1.7391809141767347,-0.6505684099646967,0.0,0.0,0.0,0.0,-0.3521669230772707,0.0,0.20796069117229843,-0.3672908646057651,-0.6829968743182837,-0.651087827846492,-2.4492935982947064e-16,1.0,-0.25881904510252157,0.9659258262890681,-0.9749279121818236,-0.2225209339563146
0.15187057397724515,-1.5097525483277596,1.835489252268529,-0.3471220784547151,-0.7980609010596958,-2.57801894727636,0.9806806998091566,-0.6841423458248278,1.4206704086342141,-0.6826680894736445,-0.6525136639846563,1.8279743969724327,-0.6505684099646967,0.0,0.0,0.0,0.0,-0.6415895645077683,0.0,0.19430850322507076,1.358678017651142,-0.6829968743182837,-0.651087827846492,-2.4492935982947064e-16,1.0,-2.4492935982947064e-16,1.0,-0.9749279121818236,-0.2225209339563146
0.1492877697033826,-1.3781595737863004,1.4141535320400604,-0.7954049568793099,-1.4453198877405073,-1.391589890240138,1.1424450030415483,-0.6686907554600706,1.327853010380277,-0.6826680894736445,-0.6491011702105222,1.756256583945138,-0.6505684099646967,0.0,0.0,0.0,0.0,-0.7994564598334941,0.0,0.218253402764642,-0.6369735024584068,-0.6829968743182837,-0.651087827846492,-2.4492935982947064e-16,1.0,0.25881904510252074,0.9659258262890683,-0.7818314824680299,0.6234898018587334
0.1500543116888846,-0.7991504858038802,1.2561526369543852,-0.7954049568793099,-1.8768258788610481,-1.1219469227319057,0.9806806998091566,-0.4021508216680097,1.0068595080854108,-0.6826680894736445,0.0026851406490862673,1.5854998862611034,-0.6505684099646967,0.0,0.0,0.0,0.0,-1.088879101263992,0.0,0.1357224687850806,-0.5291004473173502,-0.6829968743182837,-0.651087827846492,-2.4492935982947064e-16,1.0,0.49999999999999994,0.8660254037844387,-0.7818314824680299,0.6234898018587334
0.14915620285497633,0.09568174107804124,0.9664843292973129,-0.9272528622983084,-2.3083318699815893,-0.7983753617220268,0.818916396576765,0.21591279292227647,0.4847616429070142,-0.6826680894736445,1.0059583102445044,1.2269108211246307,-0.6505684099646967,0.0,0.0,0.0,0.0,-1.2204348473687636,0.0,0.10603527794368672,-1.0145291954521052,-0.6829968743182837,-0.651087827846492,-2.4492935982947064e-16,1.0,0.7071067811865476,0.7071067811865476,-0.7818314824680299,0.6234898018587334
0.18895369174511298,0.6746908290604611,0.38714771398316894,-0.9272528622983084,-2.4162083677617243,0.6576966628224279,1.358130740684737,0.8107990219654269,-0.14562318690097598,-0.6826680894736445,1.4973574137198113,0.4960721550369623,-0.6505684099646967,0.0,0.8787878787878787,0.0,0.0,-1.088879101263992,0.0,0.09327625825295816,-1.446021416016332,-0.6829968743182837,-0.651087827846492,-2.4492935982947064e-16,1.0,0.8660254037844386,0.5000000000000001,-0.7818314824680299,0.6234898018587334
0.29185398007041663,1.4116114864926321,-0.1921889013309754,-0.9272528622983084,-2.5780231144319274,0.8194824433273673,0.818916396576765,1.2318548594050593,-0.5981080033889198,-0.6826680894736445,1.7362319779091966,-0.559204236650372,-0.6505684099646967,0.0,0.8787878787878787,0.0,0.0,-1.509857488799261,0.0,0.11712346143214131,-0.9066561403110486,-0.6829968743182837,-0.651087827846492,-2.4492935982947064e-16,1.0,0.9659258262890683,0.25881904510252074,-0.7818314824680299,0.6234898018587334
0.1577827073483126,1.8327090050253017,-0.350189796416651,-0.9272528622983084,-2.5780231144319274,0.9812682238323067,0.4414663557011846,1.417273943782145,-0.6831906184550289,-0.6826680894736445,1.8249568160366827,-0.6514128533997506,-0.6505684099646967,0.0,0.8787878787878787,0.0,0.0,-1.509857488799261,0.0,0.1821972840575714,-0.7987830851699919,-0.6829968743182837,-0.651087827846492,-2.4492935982947064e-16,1.0,1.0,6.123233995736766e-17,-0.7818314824680299,0.6234898018587334
0.26015099634226724,1.4116114864926321,-0.1921889013309754,-0.6371874703765118,-1.3913816388504396,0.8194824433273673,1.358130740684737,1.3245644015936022,-0.6831906184550289,-0.6710489274077942,1.753294446779867,-0.6514128533997506,-0.6505684099646967,0.0,0.8787878787878787,0.0,0.0,-1.3783017426944895,0.017695190995239276,0.19351731329169886,-1.446021416016332,-0.6675098921905214,-0.6476693650484138,-2.4492935982947064e-16,1.0,0.9659258262890683,-0.25881904510252063,-0.7818314824680299,0.6234898018587334
0.5337280091041408,1.2536999170428818,-0.350189796416651,-0.6371874703765118,-1.1216903944001015,1.1430540043372461,1.5198950439171286,1.0039439015248914,-0.6831906184550289,-0.46965011826638814,1.5826697580731632,-0.6514128533997506,-0.6334865724951475,0.0,0.8787878787878787,0.0,0.0,-0.7994564598334941,0.07306473150993571,0.20705743264475174,-1.8775136365805587,-0.40035945048662036,0.005257029384520073,-2.4492935982947064e-16,1.0,0.8660254037844387,-0.4999999999999998,-0.7818314824680299,0.6234898018587334
0.9840912985922219,0.9641953730516715,-0.06052148875957856,-0.3471220784547151,-0.7980609010596958,0.9812682238323067,0.9806806998091566,0.48245272671433737,-0.6831906184550289,-0.35733155162983476,1.2243579117890853,-0.6514128533997506,-0.6471520424707868,0.0,0.0,0.0,0.0,0.09512261367895261,0.2686431609603534,0.2282109944310411,-2.3090058571447853,0.2191198346238747,1.0102850920195074,-2.4492935982947064e-16,1.0,0.7071067811865476,-0.7071067811865475,-0.7818314824680299,0.6234898018587334
0.7262542039820902,0.3851862850692516,-0.350189796416651,-0.05705668653291797,0.6582718189721298,0.9812682238323067,0.4953877901119818,-0.14719958064951666,-0.6831906184550289,0.06095828274077778,0.4940842441243931,-0.6514128533997506,-0.6369029399890573,0.8787878787878787,0.0,0.0,0.0,0.6739678965399476,0.45763023554135257,0.26891637710918026,-2.416878912285842,0.8153686465427261,1.5025437349427664,-2.4492935982947064e-16,1.0,0.49999999999999994,-0.8660254037844387,-0.7818314824680299,0.6234898018587334
0.4684171093719585,-0.19382280291316867,-0.5081906915023265,0.23300870538887822,0.8200865656423326,1.358768378343832,0.1718591836471986,-0.5991585988186634,-0.6831906184550289,0.0880696608944286,-0.5603763320830362,-0.6514128533997506,-0.6266538375073278,0.8787878787878787,0.0,0.0,0.0,1.410680074726669,0.5869570157467509,0.2585283662360681,-2.578688494997427,1.237388909524251,1.7418361308082395,-2.4492935982947064e-16,1.0,0.258819045102521,-0.9659258262890682,-0.7818314824680299,0.6234898018587334
0.43332189625275336,-0.3517343723629195,-0.350189796416651,0.39122619189167684,0.9819013123125355,0.9812682238323067,-0.2055908572283818,-0.6841423458248278,-0.6831906184550289,0.20038822753098195,-0.6525136639846563,-0.6514128533997506,-0.6471520424707868,0.8787878787878787,0.0,0.0,0.0,1.8316584622619385,0.6457247939587926,0.24308041736024466,-2.578688494997427,1.4232326950573995,1.8307161635582723,-2.4492935982947064e-16,1.0,1.2246467991473532e-16,-1.0,-0.7818314824680299,0.6234898018587334
0.1594931312943624,-0.19382280291316867,-0.7978589991593985,0.39122619189167684,0.8200865656423326,1.1430540043372461,0.3336234868795902,-0.6841423458248278,-0.6831906184550289,0.2817223619919344,-0.6525136639846563,-0.6514128533997506,-0.643735674976877,0.8787878787878787,0.0,0.0,0.0,1.410680074726669,0.637220897610782,0.2542429717804826,-1.3920848884458037,1.3303108022908252,1.7589284447986304,-2.4492935982947064e-16,1.0,-0.2588190451025208,-0.9659258262890683,-0.7818314824680299,0.6234898018587334
0.15215946020623944,-0.3517343723629195,-0.7978589991593985,0.23300870538887822,1.1437160589827384,0.9812682238323067,0.6571520933443734,-0.6841423458248278,-0.6831906184550289,0.09581576893832883,-0.6525136639846563,-0.6514128533997506,-0.643735674976877,0.8787878787878787,0.0,0.0,0.0,1.2528131794009436,0.5487116943020314,0.28204658560337537,-1.122402250593162,1.0089559231397558,1.5880053048947211,-2.4492935982947064e-16,1.0,-0.4999999999999997,-0.8660254037844388,-0.7818314824680299,0.6234898018587334
0.15071789159783205,-0.06222982837170911,-0.9295264117307949,0.39122619189167684,0.9819013123125355,0.8194824433273673,0.1718591836471986,-0.6841423458248278,-0.6831906184550289,-0.1017099861811271,-0.6525136639846563,-0.6514128533997506,-0.643735674976877,0.0,0.0,0.0,0.0,0.9633905379704456,0.3680843601333786,0.31713435072972884,-0.7987830851699919,0.48627027632777564,1.2290667110965114,-2.4492935982947064e-16,1.0,-0.7071067811865471,-0.7071067811865479,-0.7818314824680299,0.6234898018587334
0.146084285813754,-0.3517343723629195,-0.9295264117307949,0.39122619189167684,0.9819013123125355,1.358768378343832,0.1718591836471986,-0.6841423458248278,-0.6831906184550289,-0.37282376771763526,-0.6525136639846563,-0.6514128533997506,-0.6471520424707868,0.0,0.0,0.8787878787878787,0.8787878787878787,0.3845452551094506,0.051705215041540326,0.36322788692770547,0.6575031592342735,-0.14482424537854116,0.4975156723077791,-2.4492935982947064e-16,1.0,-0.8660254037844385,-0.5000000000000004,-0.7818314824680299,0.6234898018587334
0.14527198099850658,-0.5096459418126703,-0.9295264117307949,0.39122619189167684,1.3594690545430088,0.8194824433273673,0.1718591836471986,-0.6841423458248278,-0.6831906184550289,-0.5897147929468417,-0.6525136639846563,-0.6514128533997506,-0.6505684099646967,0.0,0.0,0.8787878787878787,0.8787878787878787,-0.19430002775154487,0.0,0.41115057926607046,0.8193127419458585,-0.5978184726155906,-0.5587893322983809,-2.4492935982947064e-16,1.0,-0.9659258262890683,-0.25881904510252063,-0.7818314824680299,0.6234898018587334
0.14359015495971236,-0.3517343723629195,-0.9295264117307949,0.39122619189167684,0.9819013123125355,0.441982288815842,0.0640163148256042,-0.6841423458248278,-0.6831906184550289,-0.6826680894736445,-0.6525136639846563,-0.6514128533997506,-0.6505684099646967,0.0,0.0,0.8787878787878787,0.8787878787878787,-0.3521669230772707,0.0,0.4296159289423648,0.9811223246574435,-0.6829968743182837,-0.651087827846492,-2.4492935982947064e-16,1.0,-1.0,-1.8369701987210297e-16,-0.7818314824680299,0.6234898018587334
0.14371600703188475,-0.7991504858038802,-0.6398581040737229,0.23300870538887822,1.1437160589827384,1.358768378343832,0.1718591836471986,-0.6841423458248278,-0.6715884436732867,-0.6826680894736445,-0.6525136639846563,-0.6514128533997506,-0.6505684099646967,0.0,0.0,0.8787878787878787,0.8787878787878787,-0.19430002775154487,0.0,0.408704482441571,0.8193127419458585,-0.6829968743182837,-0.651087827846492,-2.4492935982947064e-16,1.0,-0.9659258262890684,0.2588190451025203,-0.7818314824680299,0.6234898018587334
0.14450543214840847,-0.7991504858038802,-0.6398581040737229,0.1011607999698797,0.9819013123125355,1.5205541588487714,0.818916396576765,-0.6841423458248278,-0.4704840807897562,-0.6826680894736445,-0.6525136639846563,-0.6343371836313472,-0.6505684099646967,0.0,0.0,0.8787878787878787,0.8787878787878787,-0.3521669230772707,0.0,0.39884126810224074,1.1429319073690285,-0.6829968743182837,-0.651087827846492,-2.4492935982947064e-16,1.0,-0.8660254037844386,0.5000000000000001,-0.7818314824680299,0.6234898018587334
0.14694237062023702,-0.9307434603453393,-0.350189796416651,-0.05705668653291797,0.8200865656423326,0.9812682238323067,0.6571520933443734,-0.6841423458248278,-0.35832972456624873,-0.6826680894736445,-0.6525136639846563,-0.64799771944607,-0.6505684099646967,0.0,0.0,0.0,0.0,-0.06274428164677277,0.0,0.34309052299718745,0.9811223246574435,-0.6829968743182837,-0.651087827846492,-2.4492935982947064e-16,1.0,-0.7071067811865477,0.7071067811865474,-0.7818314824680299,0.6234898018587334
0.38789543171511753,-0.9307434603453393,-0.06052148875957856,-0.05705668653291797,1.3594690545430088,0.4959108823174885,0.4953877901119818,-0.6841423458248278,0.05934856757646868,-0.6826680894736445,-0.6525136639846563,-0.6377523175850279,-0.6505684099646967,0.0,0.0,0.0,0.0,-0.3521669230772707,0.0,0.3055930269978262,0.9811223246574435,-0.6829968743182837,-0.651087827846492,-2.4492935982947064e-16,1.0,-0.5000000000000004,0.8660254037844384,-0.7818314824680299,0.6234898018587334
0.32344829037807565,-0.9307434603453393,0.22914681889749292,-0.18890459195191697,0.8200865656423326,0.17233932130760965,0.9806806998091566,-0.6841423458248278,0.08642030873386704,-0.6826680894736445,-0.6525136639846563,-0.6275069157239859,-0.6505684099646967,0.0,0.0,0.0,0.0,-0.5100338184029966,0.0,0.22787471181904173,1.358678017651142,-0.6829968743182837,-0.651087827846492,-2.4492935982947064e-16,1.0,-0.25881904510252157,0.9659258262890681,-0.7818314824680299,0.6234898018587334
0.2267461556839717,-0.9307434603453393,0.38714771398316894,-0.5053395649575132,0.44251882341185933,-0.20516083320391562,0.1718591836471986,-0.6841423458248278,0.1985746649573745,-0.6826680894736445,-0.6525136639846563,-0.64799771944607,-0.6505684099646967,0.0,0.0,0.0,0.0,-0.3521669230772707,0.0,0.1653434326190394,0.9811223246574435,-0.6829968743182837,-0.651087827846492,-2.4492935982947064e-16,1.0,-2.4492935982947064e-16,1.0,-0.7818314824680299,0.6234898018587334
0.1634288376214075,-0.6412389163541294,0.38714771398316894,-0.5053395649575132,1.3594690545430088,0.33412510181254906,0.9806806998091566,-0.6725536530512599,0.27978988842956953,-0.6826680894736445,-0.6525136639846563,-0.6445825854923893,-0.6505684099646967,0.0,0.0,0.0,0.0,-0.7994564598334941,0.0,0.16217913386240157,1.1429319073690285,-0.6829968743182837,-0.651087827846492,-2.4492935982947064e-16,1.0,0.25881904510252074,0.9659258262890683,-2.4492935982947064e-16,1.0
0.14834960938366476,-0.6412389163541294,0.22914681889749292,-0.6371874703765118,1.5212838012132117,0.6576966628224279,0.818916396576765,-0.4716829783094169,0.09415509192169513,-0.6826680894736445,-0.6354511951139858,-0.6445825854923893,-0.6505684099646967,0.0,0.0,0.0,0.0,-0.7994564598334941,0.0,0.1789886546938685,0.9811223246574435,-0.6829968743182837,-0.651087827846492,-2.4492935982947064e-16,1.0,0.49999999999999994,0.8660254037844387,-2.4492935982947064e-16,1.0
0.14673642930563763,-0.3517343723629195,0.38714771398316894,-0.6371874703765118,0.9819013123125355,0.17233932130760965,0.6571520933443734,-0.3596589481649275,-0.10308187936792142,-0.6826680894736445,-0.6491011702105222,-0.6445825854923893,-0.6505684099646967,0.0,0.0,0.0,0.0,-0.9310122059382657,0.0,0.18245602011948825,0.8193127419458585,-0.6829968743182837,-0.651087827846492,-2.4492935982947064e-16,1.0,0.7071067811865476,0.7071067811865476,-2.4492935982947064e-16,1.0
0.14669638468442414,-0.06222982837170911,0.38714771398316894,-0.6371874703765118,0.4964570723019269,0.17233932130760965,0.6571520933443734,0.05753399168351564,-0.37379929094190495,-0.6826680894736445,-0.63886368888812,-0.64799771944607,-0.6505684099646967,0.0,0.8787878787878787,0.0,0.0,-0.9310122059382657,0.0,0.1784968641025393,1.358678017651142,-0.6829968743182837,-0.651087827846492,-2.4492935982947064e-16,1.0,0.8660254037844386,0.5000000000000001,-2.4492935982947064e-16,1.0
0.14663346379678502,0.22727471561950033,0.38714771398316894,-0.5053395649575132,0.17282757896152123,0.17233932130760965,0.4953877901119818,0.08457427482184066,-0.5903732202010917,-0.6826680894736445,-0.6286262075657176,-0.6514128533997506,-0.6505684099646967,0.0,0.8787878787878787,0.0,0.0,-0.9310122059382657,0.0,0.2399916675873398,0.8193127419458585,-0.6829968743182837,-0.651087827846492,-2.4492935982947064e-16,1.0,0.9659258262890683,0.25881904510252074,-2.4492935982947064e-16,1.0
0.149104718384401,0.3851862850692516,0.38714771398316894,-0.6371874703765118,-0.20474016326895209,0.06448213430431671,0.010094880414807005,0.19659830496633002,-0.6831906184550289,-0.6826680894736445,-0.6491011702105222,-0.6514128533997506,-0.6505684099646967,0.0,0.8787878787878787,0.0,0.0,-0.9310122059382657,0.0,0.3677321941673417,0.44175704895216006,-0.6829968743182837,-0.651087827846492,-2.4492935982947064e-16,1.0,1.0,6.123233995736766e-17,-2.4492935982947064e-16,1.0
0.2871860581705511,0.3851862850692516,0.22914681889749292,-0.7954049568793099,0.3346423256317241,0.17233932130760965,-0.15166942281758458,0.27771915438130507,-0.6831906184550289,-0.6710489274077942,-0.645688676436388,-0.6514128533997506,-0.643735674976877,0.0,0.8787878787878787,0.0,0.0,-0.6415895645077683,0.014646207140916944,0.4466825724167739,1.358678017651142,-0.671381637722462,-0.651087827846492,-2.4492935982947064e-16,1.0,0.9659258262890683,-0.25881904510252063,-2.4492935982947064e-16,1.0
0.3231107925119641,0.22727471561950033,0.09747940632609654,-0.5053395649575132,0.6582718189721298,0.8194824433273673,-0.7448052013363538,0.09230007000421923,-0.6831906184550289,-0.6013339550126922,-0.645688676436388,-0.6514128533997506,-0.6471520424707868,0.0,0.8787878787878787,0.0,0.0,-0.6415895645077683,0.069533452585616,0.44345035640425134,1.520487600362727,-0.47005087006155105,-0.633995513856101,-2.4492935982947064e-16,1.0,0.8660254037844387,-0.4999999999999998,-2.4492935982947064e-16,1.0
0.3430352723277241,0.3851862850692516,-0.06052148875957856,0.39122619189167684,0.17282757896152123,0.6576966628224279,-1.1761766766227313,-0.10470770714643447,-0.6831906184550289,0.12680020111392976,-0.645688676436388,-0.6514128533997506,0.0839506012259166,0.0,0.0,0.0,0.0,-0.3521669230772707,0.2587921683053744,0.4295075481629892,0.9811223246574435,-0.3577702496352738,-0.6476693650484138,-2.4492935982947064e-16,1.0,0.7071067811865476,-0.7071067811865475,-2.4492935982947064e-16,1.0
0.3629597521434839,0.3851862850692516,-0.06052148875957856,0.39122619189167684,0.17282757896152123,0.4959108823174885,-0.7448052013363538,-0.3751105385296847,-0.6831906184550289,0.335945118299236,-0.6491011702105222,-0.6514128533997506,0.3128472233178751,0.8787878787878787,0.0,0.0,0.0,-0.06274428164677277,0.4382692086220976,0.406637923223486,0.4956935765226884,0.060378267814310334,-0.6374139766541792,-2.4492935982947064e-16,1.0,0.49999999999999994,-0.8660254037844387,-2.4492935982947064e-16,1.0
0.1947313957312102,0.3851862850692516,-0.1921889013309754,0.681291583813473,0.17282757896152123,0.9812682238323067,-0.5830408981039622,-0.5914328036362848,-0.6831906184550289,0.401787036672388,-0.6525136639846563,-0.6514128533997506,-0.6164047350255983,0.8787878787878787,0.0,0.0,0.0,0.22667835978372425,0.5605306582887787,0.3727637564839593,0.17207441109951835,0.08748048653789449,-0.6271585882599446,-2.4492935982947064e-16,1.0,0.258819045102521,-0.9659258262890682,-2.4492935982947064e-16,1.0
0.21668094168649402,0.3851862850692516,-0.5081906915023265,0.5230740973106753,0.064951081181386,0.17233932130760965,-0.6908837669255565,-0.6841423458248278,-0.6831906184550289,0.5450900354845423,-0.6525136639846563,-0.6514128533997506,-0.623237470013418,0.8787878787878787,0.0,0.0,0.0,0.3845452551094506,0.612740345929542,0.3486510306392361,-0.20548128189418005,0.1997611069641717,-0.6476693650484138,-2.4492935982947064e-16,1.0,1.2246467991473532e-16,-1.0,-2.4492935982947064e-16,1.0
0.21666949497253613,0.22727471561950033,-0.5081906915023265,0.5230740973106753,0.17282757896152123,0.9812682238323067,-0.2055908572283818,-0.6841423458248278,-0.6831906184550289,0.20426128155293208,-0.6525136639846563,-0.6514128533997506,-0.6300702050012377,0.8787878787878787,0.0,0.0,0.0,0.3845452551094506,0.6033660989730084,0.3356501517612618,0.3338839938111034,0.2810677631349242,-0.6442509022503355,-2.4492935982947064e-16,1.0,-0.2588190451025208,-0.9659258262890683,-2.4492935982947064e-16,1.0
0.2165379315564279,0.09568174107804124,-0.6398581040737229,0.39122619189167684,0.8200865656423326,0.8194824433273673,-0.09774798840678739,-0.6841423458248278,-0.6831906184550289,0.23911876775048313,-0.6525136639846563,-0.6514128533997506,-0.6505684099646967,0.8787878787878787,0.0,0.0,0.0,0.22667835978372425,0.47428878104667826,0.3288588359299902,0.6575031592342735,0.09522397760177567,-0.6442509022503355,-2.4492935982947064e-16,1.0,-0.4999999999999997,-0.8660254037844388,-2.4492935982947064e-16,1.0
0.18154565648769097,-0.06222982837170911,-0.6398581040737229,0.23300870538887822,0.6582718189721298,0.6576966628224279,0.3336234868795902,-0.6841423458248278,-0.6831906184550289,-0.016502797698224544,-0.6525136639846563,-0.6514128533997506,-0.6369029399890573,0.0,0.0,0.0,0.0,0.3845452551094506,0.29739783302296235,0.36118099605521625,0.17207441109951835,-0.10223504452719462,-0.6442509022503355,-2.4492935982947064e-16,1.0,-0.7071067811865471,-0.7071067811865479,-2.4492935982947064e-16,1.0
0.14071274968062167,-0.06222982837170911,-0.6398581040737229,0.1011607999698797,0.4964570723019269,0.6576966628224279,0.3336234868795902,-0.6841423458248278,-0.6831906184550289,-0.41155430793713643,-0.6525136639846563,-0.6514128533997506,-0.6334865724951475,0.0,0.0,0.8787878787878787,0.8787878787878787,0.3845452551094506,0.02454708826031313,0.4119499131237905,0.17207441109951835,-0.3732572317630362,-0.6476693650484138,-2.4492935982947064e-16,1.0,-0.8660254037844385,-0.5000000000000004,-2.4492935982947064e-16,1.0
0.14312107651600245,-0.19382280291316867,-0.5081906915023265,-0.05705668653291797,0.9819013123125355,0.4959108823174885,0.3336234868795902,-0.6841423458248278,-0.6831906184550289,-0.6168261711004925,-0.6525136639846563,-0.6514128533997506,-0.6471520424707868,0.0,0.0,0.8787878787878787,0.8787878787878787,0.3845452551094506,0.0,0.4401694305045898,0.17207441109951835,-0.5900749815517095,-0.651087827846492,-2.4492935982947064e-16,1.0,-0.9659258262890683,-0.25881904510252063,-2.4492935982947064e-16,1.0
0.1430638635400011,-0.5096459418126703,-0.6398581040737229,-0.05705668653291797,0.17282757896152123,0.010553540802670241,0.818916396576765,-0.6841423458248278,-0.6831906184550289,-0.6826680894736445,-0.6525136639846563,-0.6514128533997506,-0.6505684099646967,0.0,0.0,0.8787878787878787,0.8787878787878787,0.3845452551094506,0.0,0.4477153654391415,0.06420135595846167,-0.6829968743182837,-0.651087827846492,-2.4492935982947064e-16,1.0,-1.0,-1.8369701987210297e-16,-2.4492935982947064e-16,1.0
0.14268059597954813,-0.5096459418126703,-0.7978589991593985,-0.05705668653291797,0.9819013123125355,-0.15123223970226915,0.9806806998091566,-0.6841423458248278,-0.6715884436732867,-0.6826680894736445,-0.6525136639846563,-0.6445825854923893,-0.6505684099646967,0.0,0.0,0.8787878787878787,0.8787878787878787,0.22667835978372425,0.0,0.4373936327931144,0.17207441109951835,-0.6829968743182837,-0.651087827846492,-2.4492935982947064e-16,1.0,-0.9659258262890684,0.2588190451025203,-2.4492935982947064e-16,1.0
0.14203989576932438,-0.6412389163541294,-0.5081906915023265,-0.05705668653291797,0.8200865656423326,-0.7444467682203804,-0.09774798840678739,-0.6841423458248278,-0.6019753949828339,-0.6826680894736445,-0.6525136639846563,-0.64799771944607,-0.6505684099646967,0.0,0.0,0.8787878787878787,0.8787878787878787,0.09512261367895261,0.0,0.39777958719727957,0.8193127419458585,-0.6829968743182837,-0.651087827846492,-2.4492935982947064e-16,1.0,-0.8660254037844386,0.5000000000000001,-2.4492935982947064e-16,1.0
0.14420796860661636,-0.6412389163541294,0.38714771398316894,-0.05705668653291797,0.6582718189721298,-1.1758755162335521,-0.47519802928236776,-0.6841423458248278,0.12509422467300754,-0.6826680894736445,-0.6525136639846563,0.08284094664159838,-0.6505684099646967,0.0,0.0,0.0,0.0,-0.06274428164677277,0.0,0.32458476101705214,0.6575031592342735,-0.6829968743182837,-0.651087827846492,-2.4492935982947064e-16,1.0,-0.7071067811865477,0.7071067811865474,-2.4492935982947064e-16,1.0
0.1448372221028822,-0.6412389163541294,0.38714771398316894,-0.18890459195191697,0.6582718189721298,-0.7444467682203804,-0.259512291639179,-0.6841423458248278,0.33393337074436624,-0.6826680894736445,-0.6525136639846563,0.31165492153820484,-0.6505684099646967,0.0,0.0,0.0,0.0,-0.06274428164677277,0.0,0.22554859702464025,0.4956935765226884,-0.6829968743182837,-0.651087827846492,-2.4492935982947064e-16,1.0,-0.5000000000000004,0.8660254037844384,-2.4492935982947064e-16,1.0
0.145088929679525,-0.5096459418126703,0.6768160216402405,-0.3471220784547151,0.4964570723019269,-0.582660987715441,-0.259512291639179,-0.6841423458248278,0.3996790278409051,-0.6826680894736445,-0.6525136639846563,-0.6172615138629437,-0.6505684099646967,0.0,0.0,0.0,0.0,-0.19430002775154487,0.0,0.18765053775254414,0.9811223246574435,-0.6829968743182837,-0.651087827846492,-2.4492935982947064e-16,1.0,-0.25881904510252157,0.9659258262890681,-2.4492935982947064e-16,1.0
0.1461128940179037,-0.6412389163541294,0.5188151265545653,-0.7954049568793099,0.01101283229131838,-0.6905181747187339,0.6032306589335762,-0.6841423458248278,0.5427725168157249,-0.6826680894736445,-0.6525136639846563,-0.6240917817703051,-0.6505684099646967,0.0,0.0,0.0,0.0,-0.5100338184029966,0.0,0.12400226042559326,0.17207441109951835,-0.6829968743182837,-0.651087827846492,-2.4492935982947064e-16,1.0,-2.4492935982947064e-16,1.0,-2.4492935982947064e-16,1.0
0.14619870146886257,-0.7991504858038802,0.5188151265545653,-0.3471220784547151,-0.15080191437888446,-0.20516083320391562,0.010094880414807005,-0.6725536530512599,0.20244205655128852,-0.6826680894736445,-0.645688676436388,-0.6309220496776665,-0.6505684099646967,0.0,0.0,0.0,0.0,-0.5100338184029966,0.0,0.1190530080865071,0.9811223246574435,-0.6829968743182837,-0.651087827846492,-2.4492935982947064e-16,1.0,0.25881904510252074,0.9659258262890683,0.7818314824680298,0.6234898018587336
0.14691375898378928,-0.5096459418126703,0.38714771398316894,-0.5053395649575132,-0.7441226521696283,-0.09730364620062269,-0.3673551604607734,-0.6030214964098527,0.237248580896515,-0.6826680894736445,-0.6491011702105222,-0.6514128533997506,-0.6505684099646967,0.0,0.0,0.0,0.0,-0.6415895645077683,0.0,0.11242377171565898,0.8193127419458585,-0.6829968743182837,-0.651087827846492,-2.4492935982947064e-16,1.0,0.49999999999999994,0.8660254037844387,0.7818314824680298,0.6234898018587336
0.14563809393336385,0.3851862850692516,0.22914681889749292,-0.7954049568793099,-1.1756286432901693,0.33412510181254906,0.818916396576765,0.12320325073373355,-0.01799926430181232,-0.6826680894736445,0.08117249745417,-0.6377523175850279,-0.6505684099646967,0.0,0.0,0.0,0.0,-0.6415895645077683,0.0,0.12632358618272083,0.6575031592342735,-0.6829968743182837,-0.651087827846492,-2.4492935982947064e-16,1.0,0.7071067811865476,0.7071067811865476,0.7818314824680298,0.6234898018587336
0.14536350665799738,0.3851862850692516,0.09747940632609654,-0.9272528622983084,-0.7441226521696283,0.33412510181254906,1.1424450030415483,0.3317997206579551,-0.41247320688104544,-0.6826680894736445,0.3098095803211531,-0.6343371836313472,-0.6505684099646967,0.0,0.8787878787878787,0.0,0.0,-0.6415895645077683,0.0,0.12011161581246882,0.6575031592342735,-0.6829968743182837,-0.651087827846492,-2.4492935982947064e-16,1.0,0.8660254037844386,0.5000000000000001,0.7818314824680298,0.6234898018587336
0.1455351181276171,0.6746908290604611,-0.06052148875957856,-1.085470348801107,-0.5823079054994255,0.33412510181254906,1.3042093062739397,0.397468979708173,-0.6174449613584901,-0.6826680894736445,-0.6183887262433154,-0.64799771944607,-0.6505684099646967,0.0,0.8787878787878787,0.0,0.0,-0.5100338184029966,0.0,0.20209839735251767,0.4956935765226884,-0.6829968743182837,-0.651087827846492,-2.4492935982947064e-16,1.0,0.9659258262890683,0.25881904510252074,0.7818314824680298,0.6234898018587336
0.18055600483280174,0.5167792596107107,-0.06052148875957856,-1.085470348801107,-0.6901844032795607,0.8194824433273673,1.3042093062739397,0.5403961905821767,-0.6831906184550289,-0.6826680894736445,-0.6252137137915836,-0.6514128533997506,-0.6505684099646967,0.0,0.8787878787878787,0.0,0.0,-0.6415895645077683,0.0,0.24980135739243214,0.010264828387933323,-0.6829968743182837,-0.651087827846492,-2.4492935982947064e-16,1.0,1.0,6.123233995736766e-17,0.7818314824680298,0.6234898018587336
0.2537612003500959,0.5167792596107107,-0.06052148875957856,-1.085470348801107,-0.20474016326895209,0.9812682238323067,1.3042093062739397,0.2004612025575193,-0.6831906184550289,-0.6787950354516944,-0.6320387013398517,-0.6514128533997506,-0.6505684099646967,0.0,0.8787878787878787,0.0,0.0,-0.7994564598334941,0.044908752951504635,0.2531070940905481,-0.15154475432365172,-0.671381637722462,-0.6442509022503355,-2.4492935982947064e-16,1.0,0.9659258262890683,-0.25881904510252063,0.7818314824680298,0.6234898018587336
0.14654193127269813,0.3851862850692516,-0.06052148875957856,-1.085470348801107,-0.09686366548881685,-0.09730364620062269,1.3042093062739397,0.23522728087822292,-0.6831906184550289,-0.5897147929468417,-0.6525136639846563,-0.6514128533997506,-0.6471520424707868,0.0,0.8787878787878787,0.0,0.0,-0.5100338184029966,0.12876134567749856,0.26617894291554633,-0.7448465575994635,-0.6016902181475312,-0.6476693650484138,-2.4492935982947064e-16,1.0,0.8660254037844387,-0.4999999999999998,0.7818314824680298,0.6234898018587336
0.14790912884721044,0.22727471561950033,-0.06052148875957856,-1.085470348801107,0.3346423256317241,-0.47480380071214795,1.3042093062739397,-0.01972396014027013,-0.6831906184550289,-0.4076812539151863,-0.63886368888812,-0.6514128533997506,-0.6471520424707868,0.0,0.0,0.0,0.0,0.3845452551094506,0.2701842790494899,0.26728651662689706,-1.1763387781636903,0.12619794185730043,0.0838816737403184,-2.4492935982947064e-16,1.0,0.7071067811865476,-0.7071067811865475,0.7818314824680298,0.6234898018587336
0.14713686522087846,0.09568174107804124,-0.1921889013309754,-0.9272528622983084,0.3346423256317241,-0.2590894267055621,1.1424450030415483,-0.4137395144415776,-0.6831906184550289,-0.2488860390152315,-0.6354511951139858,-0.6514128533997506,-0.6471520424707868,0.8787878787878787,0.0,0.0,0.0,0.3845452551094506,0.35634855023965406,0.2741116886468111,-0.7448465575994635,0.3352722005820925,0.31291868121155697,-2.4492935982947064e-16,1.0,0.49999999999999994,-0.8660254037844387,0.7818314824680298,0.6234898018587336
0.14831528297098315,-0.06222982837170911,-0.350189796416651,-0.7954049568793099,0.3346423256317241,-0.2590894267055621,1.1424450030415483,-0.6184730867746099,-0.6831906184550289,0.23137265970658288,-0.6491011702105222,-0.6514128533997506,-0.6471520424707868,0.8787878787878787,0.0,0.0,0.0,0.6739678965399476,0.3442136006994204,0.2848911200851352,-0.5830369748878784,0.4010918746250826,-0.6169031998657101,-2.4492935982947064e-16,1.0,0.258819045102521,-0.9659258262890682,0.7818314824680298,0.6234898018587336
0.14871000067769208,-0.06222982837170911,-0.7978589991593985,-0.5053395649575132,0.8200865656423326,0.6037680693207814,0.818916396576765,-0.6841423458248278,-0.6831906184550289,0.335945118299236,-0.6525136639846563,-0.6514128533997506,-0.6471520424707868,0.8787878787878787,0.0,0.0,0.0,0.5161010012142222,0.3988014687913242,0.2613244981485888,-0.6909100300289351,0.5443464593068845,-0.6237401254618664,-2.4492935982947064e-16,1.0,1.2246467991473532e-16,-1.0,0.7818314824680298,0.6234898018587336
0.14954519205625924,-0.06222982837170911,-0.350189796416651,-0.3471220784547151,0.9819013123125355,0.010553540802670241,0.6571520933443734,-0.6841423458248278,-0.6831906184550289,0.8433151951747012,-0.6525136639846563,-0.6514128533997506,0.6100711952880302,0.8787878787878787,0.0,0.0,0.0,0.5161010012142222,0.4968512671566186,0.2806266744663949,-0.20548128189418005,0.2036328524961123,-0.6305770510580229,-2.4492935982947064e-16,1.0,-0.2588190451025208,-0.9659258262890683,0.7818314824680298,0.6234898018587336
0.1500428752718208,-0.06222982837170911,-0.5081906915023265,-0.05705668653291797,-0.09686366548881685,-0.366946613708855,0.3336234868795902,-0.6841423458248278,-0.6831906184550289,0.3320720642772859,-0.6525136639846563,-0.6514128533997506,0.10103243869546574,0.8787878787878787,0.0,0.0,0.0,0.3845452551094506,0.4587223215281663,0.26960871311807444,-0.09760822675312336,0.23847856228357764,-0.651087827846492,-2.4492935982947064e-16,1.0,-0.4999999999999997,-0.8660254037844388,0.7818314824680298,0.6234898018587336
0.1484754580235391,-0.06222982837170911,-0.7978589991593985,-0.05705668653291797,-0.47443140771929015,0.8194824433273673,0.1718591836471986,-0.6841423458248278,-0.6831906184550289,0.36692955047483694,-0.6525136639846563,-0.6514128533997506,0.7091458526114153,0.0,0.0,0.0,0.0,0.22667835978372425,0.25135265765270975,0.2862512066709292,0.3338839938111034,-0.017056642824501547,-0.6374139766541792,-2.4492935982947064e-16,1.0,-0.7071067811865471,-0.7071067811865479,0.7818314824680298,0.6234898018587336
0.27569357451829385,-0.19382280291316867,-0.9295264117307949,-0.18890459195191697,-0.2586784121590197,1.1430540043372461,0.1718591836471986,-0.6841423458248278,-0.6831906184550289,-0.21015549879573037,-0.6525136639846563,-0.6514128533997506,0.10103243869546574,0.0,0.0,0.8787878787878787,0.8787878787878787,0.09512261367895261,0.03017384899834043,0.34409990863951023,0.3338839938111034,-0.4119746870824421,-0.633995513856101,-2.4492935982947064e-16,1.0,-0.8660254037844385,-0.5000000000000004,0.7818314824680298,0.6234898018587336
0.334546056323624,-0.3517343723629195,-1.0875273068164708,-0.5053395649575132,-0.2586784121590197,1.3048397848421855,0.4953877901119818,-0.6841423458248278,-0.6831906184550289,-0.5935878469687919,-0.6525136639846563,-0.6514128533997506,-0.6164047350255983,0.0,0.0,0.8787878787878787,0.8787878787878787,-0.06274428164677277,0.0,0.42499366284880513,0.3338839938111034,-0.6171772002752937,-0.6476693650484138,-2.4492935982947064e-16,1.0,-0.9659258262890683,-0.25881904510252063,0.7818314824680298,0.6234898018587336
0.35830902262449255,-0.7991504858038802,-1.0875273068164708,-0.5053395649575132,0.6043335700820621,1.3048397848421855,0.1718591836471986,-0.6841423458248278,-0.6831906184550289,-0.6826680894736445,-0.6525136639846563,-0.6514128533997506,-0.6505684099646967,0.0,0.0,0.8787878787878787,0.8787878787878787,-0.06274428164677277,0.0,0.3832458066344504,0.8193127419458585,-0.6829968743182837,-0.651087827846492,-2.4492935982947064e-16,1.0,-1.0,-1.8369701987210297e-16,0.7818314824680298,0.6234898018587336
0.39733421699761495,-0.3517343723629195,-1.0875273068164708,-0.3471220784547151,0.01101283229131838,1.3048397848421855,0.4953877901119818,-0.6841423458248278,-0.6793232268611149,-0.6826680894736445,-0.6525136639846563,-0.6514128533997506,-0.6505684099646967,0.0,0.0,0.8787878787878787,0.8787878787878787,-0.06274428164677277,0.0,0.33203706643142505,0.9811223246574435,-0.6829968743182837,-0.651087827846492,-2.4492935982947064e-16,1.0,-0.9659258262890684,0.2588190451025203,0.7818314824680298,0.6234898018587336
0.4416566142252529,-0.5096459418126703,-1.0875273068164708,-0.5053395649575132,-0.36655490993915496,1.3048397848421855,0.6571520933443734,-0.6841423458248278,-0.5903732202010917,-0.6826680894736445,-0.6525136639846563,-0.64799771944607,-0.6505684099646967,0.0,0.0,0.8787878787878787,0.8787878787878787,-0.06274428164677277,0.0,0.32498821820001134,-0.09760822675312336,-0.6829968743182837,-0.651087827846492,-2.4492935982947064e-16,1.0,-0.8660254037844386,0.5000000000000001,0.7818314824680298,0.6234898018587336
0.4540643716339083,-0.7991504858038802,-1.0875273068164708,-0.5053395649575132,0.8200865656423326,1.3048397848421855,0.3336234868795902,-0.6841423458248278,-0.40860581528713136,-0.6826680894736445,-0.6525136639846563,-0.64799771944607,-0.6505684099646967,0.0,0.0,0.0,0.0,-0.06274428164677277,0.0,0.2563140895474164,-0.47516391974682176,-0.6829968743182837,-0.651087827846492,-2.4492935982947064e-16,1.0,-0.7071067811865477,0.7071067811865474,0.7818314824680298,0.6234898018587336
0.3903552224272854,-0.9307434603453393,-0.9295264117307949,-0.6371874703765118,1.1437160589827384,1.1430540043372461,0.4953877901119818,-0.6841423458248278,-0.2500427599366553,-0.6826680894736445,-0.6525136639846563,-0.64799771944607,-0.6505684099646967,0.0,0.0,0.0,0.0,-0.19430002775154487,0.0,0.1724781762034837,-0.2594178094647084,-0.6829968743182837,-0.651087827846492,-2.4492935982947064e-16,1.0,-0.5000000000000004,0.8660254037844384,0.7818314824680298,0.6234898018587336
0.2478462078747625,-1.0886550297950905,-0.7978589991593985,-0.6371874703765118,1.305530805652941,1.1430540043372461,0.3336234868795902,-0.6841423458248278,0.22951379770868688,-0.6826680894736445,-0.6525136639846563,-0.64799771944607,-0.6505684099646967,0.0,0.0,0.0,0.0,-0.3521669230772707,0.0,0.1411426397081258,-0.2594178094647084,-0.6829968743182837,-0.651087827846492,-2.4492935982947064e-16,1.0,-0.25881904510252157,0.9659258262890681,0.7818314824680298,0.6234898018587336
0.22360560297887636,-1.0886550297950905,-0.5081906915023265,-0.9272528622983084,1.305530805652941,0.8194824433273673,-0.6369623325147594,-0.6841423458248278,0.33393337074436624,-0.6826680894736445,-0.6525136639846563,-0.64799771944607,-0.6505684099646967,0.0,0.0,0.0,0.0,-0.7994564598334941,0.0,0.10223667504159156,0.6035666316637451,-0.6829968743182837,-0.651087827846492,-2.4492935982947064e-16,1.0,-2.4492935982947064e-16,1.0,0.7818314824680298,0.6234898018587336
0.22362561327643996,-1.0886550297950905,-0.350189796416651,-1.2173182542201055,1.305530805652941,0.6576966628224279,1.3042093062739397,-0.6802794482336385,0.8405616695471068,-0.6826680894736445,-0.6525136639846563,0.6087715755084252,-0.6505684099646967,0.0,0.0,0.0,0.0,-0.3521669230772707,0.0,0.1052495429030385,0.010264828387933323,-0.6829968743182837,-0.651087827846492,-2.4492935982947064e-16,1.0,0.25881904510252074,0.9659258262890683,0.9749279121818236,-0.22252093395631434
0.22315082348879425,-1.0886550297950905,-0.06052148875957856,-1.3755357407229036,1.305530805652941,0.33412510181254906,1.3042093062739397,-0.5914328036362848,0.3300659791504522,-0.6826680894736445,-0.6491011702105222,0.09991661641000185,-0.6505684099646967,0.0,0.0,0.0,0.0,-0.5100338184029966,0.0,0.11782501697803344,-0.3672908646057651,-0.6829968743182837,-0.651087827846492,-2.4492935982947064e-16,1.0,0.49999999999999994,0.8660254037844387,0.9749279121818236,-0.22252093395631434
0.22183510352026123,-1.0886550297950905,-0.06052148875957856,-1.3755357407229036,1.305530805652941,0.17233932130760965,1.3042093062739397,-0.4098766168503883,0.3648725034956786,-0.6826680894736445,-0.6491011702105222,0.7078104601651652,-0.6505684099646967,0.0,0.0,0.0,0.0,-0.7994564598334941,0.0,0.1289067467905895,0.8193127419458585,-0.6829968743182837,-0.651087827846492,-2.4492935982947064e-16,1.0,0.7071067811865476,0.7071067811865476,0.9749279121818236,-0.22252093395631434
0.22218404810033063,-0.9307434603453393,-0.1921889013309754,-1.5073836461419021,1.1437160589827384,0.17233932130760965,1.3042093062739397,-0.25149781561162743,-0.21136884399751482,-0.6826680894736445,-0.6491011702105222,0.09991661641000185,-0.6505684099646967,0.0,0.8787878787878787,0.0,0.0,-0.9310122059382657,0.0,0.14518962718087502,1.1429319073690285,-0.6829968743182837,-0.651087827846492,-2.4492935982947064e-16,1.0,0.8660254037844386,0.5000000000000001,0.9749279121818236,-0.22252093395631434
0.22043930803849335,-0.7991504858038802,-0.5081906915023265,-1.5073836461419021,1.1437160589827384,0.4959108823174885,1.1424450030415483,0.22750148569584433,-0.5942406117950058,-0.6826680894736445,-0.6491011702105222,-0.6172615138629437,-0.6505684099646967,0.0,0.8787878787878787,0.0,0.0,-1.088879101263992,0.0,0.17116823365502853,1.3047414900806136,-0.6829968743182837,-0.651087827846492,-2.4492935982947064e-16,1.0,0.9659258262890683,0.25881904510252074,0.9749279121818236,-0.22252093395631434
0.8983581912088436,-0.5096459418126703,-0.5081906915023265,-1.8238186191474985,0.8200865656423326,0.17233932130760965,1.3042093062739397,0.3317997206579551,-0.6831906184550289,-0.6826680894736445,-0.6491011702105222,-0.6514128533997506,-0.6505684099646967,0.0,0.8787878787878787,0.0,0.0,-1.088879101263992,0.0,0.2243229108004161,1.3047414900806136,-0.6829968743182837,-0.651087827846492,-2.4492935982947064e-16,1.0,1.0,6.123233995736766e-17,0.9749279121818236,-0.22252093395631434
0.5059721818492924,-0.3517343723629195,-0.350189796416651,-1.5073836461419021,0.6582718189721298,0.4959108823174885,0.9806806998091566,0.8378393051037519,-0.6831906184550289,-0.663302819363894,0.6066965386708176,-0.6514128533997506,-0.6164047350255983,0.0,0.8787878787878787,0.0,0.0,-1.088879101263992,0.04547974616421478,0.256636107486894,1.3047414900806136,-0.6791251287863431,-0.651087827846492,-2.4492935982947064e-16,1.0,0.9659258262890683,-0.25881904510252063,0.9749279121818236,-0.22252093395631434
0.3223785597776535,-0.06222982837170911,-0.5081906915023265,-1.085470348801107,0.3346423256317241,0.6576966628224279,0.6032306589335762,0.32793682306676586,-0.6831906184550289,-0.3689507136956851,0.09823496632484038,-0.6514128533997506,0.32651269329351446,0.0,0.8787878787878787,0.0,0.0,-1.088879101263992,0.09293855442050883,0.2856045073701746,1.3047414900806136,-0.5900749815517095,-0.6476693650484138,-2.4492935982947064e-16,1.0,0.8660254037844387,-0.4999999999999998,0.9749279121818236,-0.22252093395631434
0.14595844060617771,-0.06222982837170911,-0.5081906915023265,-0.6371874703765118,0.17282757896152123,0.33412510181254906,-0.259512291639179,0.3627029013874694,-0.6831906184550289,-0.18691717466402966,0.7056588581207058,-0.6514128533997506,-0.3533444379945415,0.0,0.0,0.0,0.0,-1.088879101263992,0.19633236166777784,0.2808382116208473,1.3047414900806136,-0.40810294155050153,-0.6476693650484138,-2.4492935982947064e-16,1.0,0.7071067811865476,-0.7071067811865475,0.9749279121818236,-0.22252093395631434
0.14567813168998128,-0.19382280291316867,-0.6398581040737229,0.1011607999698797,0.17282757896152123,0.4959108823174885,-0.9604909389795426,-0.21286883969973455,-0.6831906184550289,0.37854871254068734,0.09823496632484038,-0.6514128533997506,0.16252705358584266,0.8787878787878787,0.0,0.0,0.0,-0.9310122059382657,0.276953022221541,0.2818634753546665,1.1429319073690285,-0.2493613747409372,-0.6476693650484138,-2.4492935982947064e-16,1.0,0.49999999999999994,-0.8660254037844387,0.9749279121818236,-0.22252093395631434
0.14799493973046737,-0.5096459418126703,-0.6398581040737229,0.23300870538887822,0.4964570723019269,0.33412510181254906,-1.3918624142659202,-0.5952957012274741,-0.6831906184550289,1.1763978410624112,-0.6183887262433154,-0.6514128533997506,1.354839308960373,0.8787878787878787,0.0,0.0,0.0,-0.7994564598334941,0.2663148463557167,0.2600399912783179,1.1429319073690285,0.23073507121969647,-0.6476693650484138,-2.4492935982947064e-16,1.0,0.258819045102521,-0.9659258262890682,0.9749279121818236,-0.22252093395631434
0.14621014475052246,-0.5096459418126703,-0.9295264117307949,0.5230740973106753,0.17282757896152123,-0.6365895812170874,-1.607548151909109,-0.6841423458248278,-0.6831906184550289,0.7813463308234994,-0.6525136639846563,-0.6514128533997506,0.7501422625383333,0.8787878787878787,0.0,0.0,0.0,-0.5100338184029966,0.2768310584502227,0.28776198146698906,0.8193127419458585,0.3352722005820925,-0.6476693650484138,-2.4492935982947064e-16,1.0,1.2246467991473532e-16,-1.0,0.9749279121818236,-0.22252093395631434
0.14598132030490138,-0.3517343723629195,-1.2191947193878672,0.5230740973106753,0.4964570723019269,1.3048397848421855,-1.337940979855123,-0.6841423458248278,-0.6831906184550289,1.2732241916111642,-0.6525136639846563,-0.6514128533997506,1.7272233657965443,0.8787878787878787,0.0,0.0,0.0,-0.3521669230772707,0.08067610105066328,0.2683931683845481,0.6575031592342735,0.8424708652663103,0.6103249446443593,-2.4492935982947064e-16,1.0,-0.2588190451025208,-0.9659258262890683,0.9749279121818236,-0.22252093395631434
0.1455808878219586,-0.5096459418126703,-1.3771956144735429,0.8131394892324716,0.6582718189721298,1.3048397848421855,-1.9310767583738921,-0.6841423458248278,-0.6831906184550289,1.1957631111721618,-0.6525136639846563,-0.6514128533997506,2.1371874650657237,0.8787878787878787,0.0,0.0,0.0,-0.06274428164677277,0.07372441887396214,0.28683823507944695,0.3338839938111034,0.3314004550501519,0.10097398773070933,-2.4492935982947064e-16,1.0,-0.4999999999999997,-0.8660254037844388,0.9749279121818236,-0.22252093395631434
0.14244033511686324,-0.5096459418126703,-1.3771956144735429,0.681291583813473,0.3346423256317241,1.3048397848421855,-1.9310767583738921,-0.6841423458248278,-0.6831906184550289,0.14229241720173022,-0.6525136639846563,-0.6514128533997506,0.4529182905681781,0.0,0.0,0.0,0.0,-0.06274428164677277,0.020333948434137914,0.3161200992206572,0.17207441109951835,0.36624616483761724,0.7094603657886267,-2.4492935982947064e-16,1.0,-0.7071067811865471,-0.7071067811865479,0.9749279121818236,-0.22252093395631434
0.4478404997935071,-0.6412389163541294,-1.5088630270449392,0.5230740973106753,0.4964570723019269,1.3048397848421855,-1.5536267174983118,-0.6841423458248278,-0.6831906184550289,-0.06297944596162594,-0.6525136639846563,-0.6514128533997506,1.0678644394719472,0.0,0.0,0.8787878787878787,0.8787878787878787,-0.19430002775154487,0.0,0.35350260710579406,0.17207441109951835,-0.21064391942153124,0.10097398773070933,-2.4492935982947064e-16,1.0,-0.8660254037844385,-0.5000000000000004,0.9749279121818236,-0.22252093395631434
0.753240664470151,-0.6412389163541294,-1.5088630270449392,0.23300870538887822,0.3346423256317241,1.1430540043372461,-1.5536267174983118,-0.6841423458248278,-0.6831906184550289,-0.5393650906614903,-0.6525136639846563,-0.6514128533997506,-0.011707688603558608,0.0,0.0,0.8787878787878787,0.8787878787878787,-0.5100338184029966,0.0,0.4124577559534264,0.4956935765226884,-0.59394672708365,-0.6169031998657101,-2.4492935982947064e-16,1.0,-0.9659258262890683,-0.25881904510252063,0.9749279121818236,-0.22252093395631434
0.35466502044313125,-0.9307434603453393,-1.8248648172162902,-0.18890459195191697,-0.6362461543894931,1.3048397848421855,-1.3918624142659202,-0.6841423458248278,-0.6831906184550289,-0.6826680894736445,-0.6525136639846563,-0.6514128533997506,-0.6505684099646967,0.0,0.0,0.8787878787878787,0.8787878787878787,-0.5100338184029966,0.0,0.44757768701997247,0.17207441109951835,-0.6829968743182837,-0.651087827846492,-2.4492935982947064e-16,1.0,-1.0,-1.8369701987210297e-16,0.9749279121818236,-0.22252093395631434
0.7709398584726175,-1.2202480043365496,-1.5088630270449392,-0.3471220784547151,1.305530805652941,0.9812682238323067,-1.1761766766227313,-0.6841423458248278,-0.6638536604854587,-0.6826680894736445,-0.6525136639846563,-0.6172615138629437,-0.6505684099646967,0.0,0.0,0.8787878787878787,0.8787878787878787,-0.3521669230772707,0.0,0.43269617625337164,0.4956935765226884,-0.6829968743182837,-0.651087827846492,-2.4492935982947064e-16,1.0,-0.9659258262890684,0.2588190451025203,0.9749279121818236,-0.22252093395631434
0.5177964485914273,-1.3781595737863004,-1.0875273068164708,-0.3471220784547151,1.305530805652941,0.6037680693207814,-1.1761766766227313,-0.6841423458248278,-0.36993189934799087,-0.6826680894736445,-0.6525136639846563,0.3253154573529276,-0.6505684099646967,0.0,0.0,0.8787878787878787,0.8787878787878787,-0.5100338184029966,0.0,0.39328772633259046,0.6575031592342735,-0.6829968743182837,-0.651087827846492,-2.4492935982947064e-16,1.0,-0.8660254037844386,0.5000000000000001,0.9749279121818236,-0.22252093395631434
0.4439905940528248,-1.3781595737863004,-0.6398581040737229,-0.5053395649575132,1.305530805652941,-0.2590894267055621,-1.1222552422119343,-0.6841423458248278,-0.18816449443403052,-0.6826680894736445,-0.6525136639846563,-0.35429619942953033,-0.6505684099646967,0.0,0.0,0.0,0.0,-0.5100338184029966,0.0,0.34310240595598474,0.3338839938111034,-0.6829968743182837,-0.651087827846492,-2.4492935982947064e-16,1.0,-0.7071067811865477,0.7071067811865474,0.9749279121818236,-0.22252093395631434
0.37018473951422237,-1.5097525483277596,0.09747940632609654,-0.7954049568793099,1.305530805652941,-0.9601611422269661,-0.6369623325147594,-0.6841423458248278,0.3764746782774208,-0.6826680894736445,-0.6525136639846563,0.16138902757625434,-0.6505684099646967,0.0,0.0,0.0,0.0,-0.6415895645077683,0.0,0.2549982311293876,0.4956935765226884,-0.6829968743182837,-0.651087827846492,-2.4492935982947064e-16,1.0,-0.5000000000000004,0.8660254037844384,0.9749279121818236,-0.22252093395631434
0.22256733282227378,-1.5097525483277596,0.22914681889749292,-1.085470348801107,1.1437160589827384,-1.391589890240138,-0.4212765948715706,-0.6841423458248278,1.173157346623715,-0.6826680894736445,-0.6525136639846563,1.3532707774108164,-0.6505684099646967,0.0,0.0,0.0,0.0,-0.6415895645077683,0.0,0.19221527905720193,0.3338839938111034,-0.6829968743182837,-0.651087827846492,-2.4492935982947064e-16,1.0,-0.25881904510252157,0.9659258262890681,0.9749279121818236,-0.22252093395631434
0.22488413399816382,-1.8255756872272613,0.5188151265545653,-1.3755357407229036,1.305530805652941,-1.607304264246724,0.9806806998091566,-0.6841423458248278,0.778683404044482,-0.6826680894736445,-0.6525136639846563,0.7487920676093336,-0.6505684099646967,0.0,0.0,0.0,0.0,-0.9310122059382657,0.0,0.14639006211765482,-0.6369735024584068,-0.6829968743182837,-0.651087827846492,-2.4492935982947064e-16,1.0,-2.4492935982947064e-16,1.0,0.9749279121818236,-0.22252093395631434
0.22487840206043977,-1.5097525483277596,0.5188151265545653,-1.5073836461419021,0.9819013123125355,-1.3376612967384915,0.010094880414807005,-0.6648278578688813,1.2698421364715662,-0.6826680894736445,-0.6183887262433154,1.7255203783620119,-0.6505684099646967,0.0,0.0,0.0,0.0,-1.2204348473687636,0.0,0.1213652167459367,1.3047414900806136,-0.6829968743182837,-0.651087827846492,-2.4492935982947064e-16,1.0,0.25881904510252074,0.9659258262890683,0.43388373911755823,-0.900968867902419
0.2202734147774055,-1.0886550297950905,0.8084834342116368,-1.8238186191474985,0.6043335700820621,-1.9308758252566025,0.6032306589335762,-0.3712476409384954,1.1924943045932852,-0.6826680894736445,0.32345955541768934,2.135336452803695,-0.6505684099646967,0.0,0.0,0.0,0.0,-1.3783017426944895,0.0,0.1257443431610012,1.3047414900806136,-0.6829968743182837,-0.651087827846492,-2.4492935982947064e-16,1.0,0.49999999999999994,0.8660254037844387,0.43388373911755823,-0.900968867902419
0.2237629051979742,-0.6412389163541294,0.6768160216402405,-1.6656011326447004,-0.2586784121590197,-1.9308758252566025,0.279702052468793,-0.18969145415259883,0.14056379104866373,-0.6826680894736445,-0.35562670563499166,0.45167541363911323,-0.6505684099646967,0.0,0.0,0.0,0.0,-1.3783017426944895,0.0,0.1342433733425385,1.3047414900806136,-0.6829968743182837,-0.651087827846492,-2.4492935982947064e-16,1.0,0.7071067811865476,0.7071067811865476,0.43388373911755823,-0.900968867902419
0.22185226844275102,0.09568174107804124,0.5188151265545653,-1.5073836461419021,-0.9598756477298988,-1.5533756707450774,0.1179377492364014,0.3742915941610373,-0.06440796342878093,-0.6826680894736445,0.15965985425925375,1.066399525301638,-0.6505684099646967,0.0,0.8787878787878787,0.0,0.0,-1.509857488799261,0.0,0.14051480972642705,1.3047414900806136,-0.6829968743182837,-0.651087827846492,-2.4492935982947064e-16,1.0,0.8660254037844386,0.5000000000000001,0.43388373911755823,-0.900968867902419
0.2207710979929671,0.22727471561950033,0.22914681889749292,-1.8238186191474985,-1.3913816388504396,-1.5533756707450774,0.279702052468793,1.1700484979460308,-0.540097129480209,-0.6826680894736445,1.3506201814320462,-0.012782804061461029,-0.6505684099646967,0.0,0.8787878787878787,0.0,0.0,-1.509857488799261,0.0,0.18638105360561485,1.1429319073690285,-0.6829968743182837,-0.651087827846492,-2.4492935982947064e-16,1.0,0.9659258262890683,0.25881904510252074,0.43388373911755823,-0.900968867902419
0.32704648510981704,0.5167792596107107,-0.1921889013309754,-1.8238186191474985,-1.60713463441071,-1.391589890240138,0.279702052468793,0.7760329436447233,-0.6831906184550289,-0.6826680894736445,0.7466087834103147,-0.6514128533997506,-0.6505684099646967,0.0,0.8787878787878787,0.0,0.0,-1.825591279450713,0.0,0.29799848461543543,1.3047414900806136,-0.6829968743182837,-0.651087827846492,-2.4492935982947064e-16,1.0,1.0,6.123233995736766e-17,0.43388373911755823,-0.900968867902419
0.26289683477295167,0.5167792596107107,-0.350189796416651,-1.5073836461419021,-1.3374433899603722,-1.1758755162335521,-0.15166942281758458,1.266620937725763,-0.6831906184550289,-0.667175873385844,1.7225820028126604,-0.6514128533997506,-0.6061556325438688,0.0,0.8787878787878787,0.0,0.0,-1.509857488799261,0.03994168356890023,0.3893933426850169,0.9811223246574435,-0.6636381466585808,-0.6169031998657101,-2.4492935982947064e-16,1.0,0.9659258262890683,-0.25881904510252063,0.43388373911755823,-0.900968867902419
0.300789405116397,0.8062838036019201,-0.350189796416651,-1.2173182542201055,-1.9307641277511158,-1.1758755162335521,-0.3134337260499762,1.1893629859019772,-0.6831906184550289,-0.3805698757615355,2.1320812557087496,-0.6514128533997506,0.61348756278194,0.0,0.8787878787878787,0.0,0.0,-1.088879101263992,0.11482471968688719,0.4460566170742649,0.6035666316637451,-0.36938548623109557,0.3265925324038697,-2.4492935982947064e-16,1.0,0.8660254037844387,-0.4999999999999998,0.43388373911755823,-0.900968867902419
0.20974196771129172,0.6746908290604611,-0.5081906915023265,-0.6371874703765118,-1.9307641277511158,-1.1219469227319057,-0.6369623325147594,0.1386548410984907,-0.6831906184550289,0.2584840378602337,0.44972182506065017,-0.6514128533997506,1.6042341360157903,0.0,0.0,0.0,0.0,-0.6415895645077683,0.21531920847308544,0.4365098889522133,-0.2594178094647084,-0.18741344622988768,-0.35368156441368964,-2.4492935982947064e-16,1.0,0.7071067811865476,-0.7071067811865475,0.43388373911755823,-0.900968867902419
0.18238656607479006,0.5167792596107107,-0.7978589991593985,-0.18890459195191697,-1.5531963855206425,-0.6365895812170874,-0.9604909389795426,-0.0660787312345416,-0.6831906184550289,0.866553519306402,1.063970704404784,-0.6514128533997506,2.0449455427301584,0.8787878787878787,0.0,0.0,0.0,0.09512261367895261,0.41249972858504036,0.37566739844180597,-0.9605926678815769,0.37786140143343905,0.1625063180961167,-2.4492935982947064e-16,1.0,0.49999999999999994,-0.8660254037844387,0.43388373911755823,-0.900968867902419
0.1667581667186124,0.22727471561950033,-1.0875273068164708,0.23300870538887822,-1.5531963855206425,-0.4208752072105015,-0.7448052013363538,-0.5412151349508241,-0.6831906184550289,1.2848433536770145,-0.01437732822158411,-0.6514128533997506,2.2260130199073793,0.8787878787878787,0.0,0.0,0.0,0.22667835978372425,0.4795607372396652,0.33047128173127727,-1.3920848884458037,1.1754409810132014,1.3555498346254042,-2.4492935982947064e-16,1.0,0.258819045102521,-0.9659258262890682,0.43388373911755823,-0.900968867902419
0.1680338317690378,-0.19382280291316867,-1.3771956144735429,0.681291583813473,-1.3913816388504396,0.9812682238323067,-1.0144123733903398,-0.6841423458248278,-0.6831906184550289,1.4591307846647699,-0.6525136639846563,-0.6514128533997506,2.273842164822117,0.8787878787878787,0.0,0.0,0.0,0.5161010012142222,0.621011397512434,0.31556431479863223,-1.607830998727917,0.7805229367552609,0.750481919365565,-2.4492935982947064e-16,1.0,1.2246467991473532e-16,-1.0,0.43388373911755823,-0.900968867902419
0.1692008131020787,-0.3517343723629195,-1.5088630270449392,0.8131394892324716,-1.1756286432901693,0.010553540802670241,-0.9065695045687454,-0.6841423458248278,-0.6831906184550289,1.401034974335518,-0.6525136639846563,-0.6514128533997506,2.253343959858658,0.8787878787878787,0.0,0.0,0.0,0.5161010012142222,0.5984877343854442,0.3120107979217319,-1.3381483608752753,1.2722346193117162,1.7281622796159268,-2.4492935982947064e-16,1.0,-0.2588190451025208,-0.9659258262890683,0.43388373911755823,-0.900968867902419
0.15513983785877883,-0.3517343723629195,-1.8248648172162902,0.39122619189167684,-1.1756286432901693,0.6037680693207814,-0.2055908572283818,-0.6841423458248278,-0.6831906184550289,1.0950637066014588,-0.6525136639846563,-0.6514128533997506,2.133771097571814,0.8787878787878787,0.0,0.0,0.0,0.8055236426447192,0.5121460589270616,0.34005007335422166,-1.931450164151087,1.1947997086729043,2.1383778153853092,-2.4492935982947064e-16,1.0,-0.4999999999999997,-0.8660254037844388,0.43388373911755823,-0.900968867902419
0.17576794906929574,-0.5096459418126703,-1.6668639221306147,0.23300870538887822,-1.1216903944001015,0.2801965083109026,-0.09774798840678739,-0.6841423458248278,-0.6831906184550289,0.5876936297259936,-0.6525136639846563,-0.6514128533997506,1.8604616980590276,0.0,0.0,0.0,0.0,0.6739678965399476,0.28805686100829275,0.3987486629750615,-1.931450164151087,0.1416849239850628,0.45307565593276267,-2.4492935982947064e-16,1.0,-0.7071067811865471,-0.7071067811865479,0.43388373911755823,-0.900968867902419
0.24975113328604984,-0.7991504858038802,-1.5088630270449392,-0.05705668653291797,-0.6362461543894931,0.11841072780596318,-0.259512291639179,-0.6841423458248278,-0.6831906184550289,-0.05523333791772571,-0.6525136639846563,-0.6514128533997506,1.252348284143078,0.0,0.0,0.8787878787878787,0.8787878787878787,0.5161010012142222,0.020744173519096118,0.4717116177997912,-1.5538944711573888,-0.06351758920778867,1.0683989595868366,-2.4492935982947064e-16,1.0,-0.8660254037844385,-0.5000000000000004,0.43388373911755823,-0.900968867902419
0.34829814190496206,-1.0886550297950905,-1.8248648172162902,-0.5053395649575132,-0.42049315882922256,0.2801965083109026,0.1718591836471986,-0.6841423458248278,-0.6831906184550289,-0.5509842527273406,-0.6525136639846563,-0.6514128533997506,-0.16886059332341075,0.0,0.0,0.8787878787878787,0.8787878787878787,0.22667835978372425,0.0,0.5041305830634952,-1.5538944711573888,-0.5397422896364817,-0.011835284605870865,-2.4492935982947064e-16,1.0,-0.9659258262890683,-0.25881904510252063,0.43388373911755823,-0.900968867902419
0.45778844932850443,-1.3781595737863004,-1.8248648172162902,-0.6371874703765118,0.9819013123125355,0.2801965083109026,0.4953877901119818,-0.6841423458248278,-0.6831906184550289,-0.6826680894736445,-0.6525136639846563,-0.6514128533997506,-0.6505684099646967,0.0,0.0,0.8787878787878787,0.8787878787878787,-0.19430002775154487,0.0,0.4793920043155627,-1.3920848884458037,-0.6829968743182837,-0.651087827846492,-2.4492935982947064e-16,1.0,-1.0,-1.8369701987210297e-16,0.43388373911755823,-0.900968867902419
0.8046736162519287,-1.5097525483277596,-1.5088630270449392,-0.5053395649575132,0.01101283229131838,-0.15123223970226915,0.1718591836471986,-0.6841423458248278,-0.6677210520793727,-0.6826680894736445,-0.6525136639846563,-0.6070161120019016,-0.6505684099646967,0.0,0.0,0.8787878787878787,0.8787878787878787,-0.3521669230772707,0.0,0.4366767625718758,-1.1763387781636903,-0.6829968743182837,-0.651087827846492,-2.4492935982947064e-16,1.0,-0.9659258262890684,0.2588190451025203,0.43388373911755823,-0.900968867902419
0.6415136313839535,-1.8255756872272613,-1.2191947193878672,-0.3471220784547151,0.6043335700820621,-0.3130180202072086,0.010094880414807005,-0.6841423458248278,-0.381534074129733,-0.6826680894736445,-0.6525136639846563,0.6121867094621058,-0.6505684099646967,0.0,0.0,0.8787878787878787,0.8787878787878787,-0.3521669230772707,0.0,0.4147157230035182,-1.1763387781636903,-0.6829968743182837,-0.651087827846492,-2.4492935982947064e-16,1.0,-0.8660254037844386,0.5000000000000001,0.43388373911755823,-0.900968867902419
0.6665808709393971,-1.6676641177775104,-0.6398581040737229,-0.6371874703765118,0.2807040767416565,-0.6365895812170874,0.3336234868795902,-0.6841423458248278,0.25658553886608526,-0.6826680894736445,-0.6525136639846563,1.602575556029507,-0.6505684099646967,0.0,0.0,0.0,0.0,-0.5100338184029966,0.0,0.393134784457725,-1.122402250593162,-0.6829968743182837,-0.651087827846492,-2.4492935982947064e-16,1.0,-0.7071067811865477,0.7071067811865474,0.43388373911755823,-0.900968867902419
0.7714861945128728,-1.5097525483277596,-0.1921889013309754,-0.9272528622983084,0.11888933007145361,-0.9601611422269661,0.4414663557011846,-0.6841423458248278,0.8637660191105911,-0.6826680894736445,-0.6525136639846563,2.043127836054316,-0.6505684099646967,0.0,0.0,0.0,0.0,-0.7994564598334941,0.0,0.27521721357216233,-0.6369735024584068,-0.6829968743182837,-0.651087827846492,-2.4492935982947064e-16,1.0,-0.5000000000000004,0.8660254037844384,0.43388373911755823,-0.900968867902419
0.8763915180863485,-1.8255756872272613,0.22914681889749292,-1.085470348801107,0.2807040767416565,-0.7444467682203804,0.6032306589335762,-0.6841423458248278,1.2814443112533085,-0.6826680894736445,-0.6525136639846563,2.224129935599393,-0.6505684099646967,0.0,0.0,0.0,0.0,-1.088879101263992,0.0,0.1815871299770837,-0.42122739217629346,-0.6829968743182837,-0.651087827846492,-2.4492935982947064e-16,1.0,-0.25881904510252157,0.9659258262890681,0.43388373911755823,-0.900968867902419
0.4961672390120633,-1.8255756872272613,0.6768160216402405,-1.2173182542201055,0.2807040767416565,-1.0140897357286127,1.1424450030415483,-0.6841423458248278,1.4554769329794406,-0.6826680894736445,-0.6525136639846563,2.271941810950923,-0.6505684099646967,0.0,0.0,0.0,0.0,-1.3783017426944895,0.0,0.1076137138973815,0.9811223246574435,-0.6829968743182837,-0.651087827846492,-2.4492935982947064e-16,1.0,-2.4492935982947064e-16,1.0,0.43388373911755823,-0.900968867902419
0.5330759067998335,-1.5097525483277596,0.8084834342116368,-1.3755357407229036,-0.15080191437888446,-0.9062325487253197,0.9806806998091566,-0.6686907554600706,1.39746605907073,-0.6826680894736445,-0.6081512449209132,2.2514510072288387,-0.6505684099646967,0.0,0.0,0.0,0.0,-1.509857488799261,0.0,0.08667322585504417,0.010264828387933323,-0.6829968743182837,-0.651087827846492,-2.4492935982947064e-16,1.0,0.25881904510252074,0.9659258262890683,-0.433883739117558,-0.9009688679024191
0.4236084584812267,-1.2202480043365496,0.38714771398316894,-1.3755357407229036,-0.3126166610490873,-0.20516083320391562,0.6032306589335762,-0.38283633371206327,1.09194212315152,-0.6826680894736445,0.6101090324449517,2.1319213188500146,-0.6505684099646967,0.0,0.0,0.0,0.0,-1.825591279450713,0.0,0.08762757598345439,0.6035666316637451,-0.6829968743182837,-0.651087827846492,-2.4492935982947064e-16,1.0,0.49999999999999994,0.8660254037844387,-0.433883739117558,-0.9009688679024191
0.39363879899163895,-0.6412389163541294,0.22914681889749292,-1.6656011326447004,-0.6362461543894931,-0.09730364620062269,0.7649949621659677,0.25454176883416935,0.5853138243487795,-0.6826680894736445,1.5997322269438337,1.8587106025555589,-0.6505684099646967,0.0,0.0,0.0,0.0,-1.6677243841249871,0.0,0.08702735851506443,0.27994746624057504,-0.6829968743182837,-0.651087827846492,-2.4492935982947064e-16,1.0,0.7071067811865476,0.7071067811865476,-0.433883739117558,-0.9009688679024191
0.3894799864275047,-0.19382280291316867,-0.06052148875957856,-1.955666524566497,-0.9598756477298988,-0.2590894267055621,0.7649949621659677,0.8610166906508876,-0.056673180240952824,-0.6826680894736445,2.0399439238071295,1.2508167588003956,-0.6505684099646967,0.0,0.8787878787878787,0.0,0.0,-1.509857488799261,0.0,0.10766344817752027,0.11813788352899002,-0.6829968743182837,-0.651087827846492,-2.4492935982947064e-16,1.0,0.8660254037844386,0.5000000000000001,-0.433883739117558,-0.9009688679024191
0.38754646997355785,0.22727471561950033,-0.5081906915023265,-1.8238186191474985,-0.7441226521696283,0.17233932130760965,0.6032306589335762,1.278209630499331,-0.5516993042619512,-0.6826680894736445,2.2208060938362353,-0.16987896593077292,-0.6505684099646967,0.0,0.8787878787878787,0.0,0.0,-1.825591279450713,0.0,0.19728646489505064,0.27994746624057504,-0.6829968743182837,-0.651087827846492,-2.4492935982947064e-16,1.0,0.9659258262890683,0.25881904510252074,-0.433883739117558,-0.9009688679024191
0.48074479126737907,0.6746908290604611,-0.6398581040737229,-1.8238186191474985,-1.0138138966199663,0.4959108823174885,0.4414663557011846,1.4520400221028489,-0.6831906184550289,-0.6826680894736445,2.2685810066741126,-0.6514128533997506,-0.6505684099646967,0.0,0.8787878787878787,0.0,0.0,-1.825591279450713,0.0,0.33891120443672795,0.27994746624057504,-0.6829968743182837,-0.651087827846492,-2.4492935982947064e-16,1.0,1.0,6.123233995736766e-17,-0.433883739117558,-0.9009688679024191
0.5739431125612001,0.8062838036019201,-0.5081906915023265,-1.955666524566497,-0.9059373988398312,0.17233932130760965,0.4414663557011846,1.3940965582350096,-0.6831906184550289,-0.6749219814297444,2.248106044029308,-0.6514128533997506,-0.6471520424707868,0.0,0.8787878787878787,0.0,0.0,-1.509857488799261,0.033738388229403754,0.42028565506116455,-0.15154475432365172,-0.6675098921905214,-0.6066478114714755,-2.4492935982947064e-16,1.0,0.9659258262890683,-0.25881904510252063,-0.433883739117558,-0.9009688679024191
0.45724501358009156,0.3851862850692516,-0.350189796416651,-1.5073836461419021,-0.20474016326895209,0.010553540802670241,0.1179377492364014,1.0889276485310557,-0.6831906184550289,-0.4386656860907872,2.128668761934615,-0.6514128533997506,-0.08686777346957485,0.0,0.8787878787878787,0.0,0.0,-1.2204348473687636,0.06669512532346276,0.4099952688409304,-0.31335433703523674,-0.3810007228269174,0.6137434074424375,-2.4492935982947064e-16,1.0,0.8660254037844387,-0.4999999999999998,-0.433883739117558,-0.9009688679024191
0.22132025538220987,0.22727471561950033,-0.6398581040737229,-0.7954049568793099,-0.09686366548881685,0.33412510181254906,-0.4212765948715706,0.5828880640852588,-0.6831906184550289,0.15003852524563047,1.8556692600038893,-0.6514128533997506,0.9380424747033738,0.0,0.0,0.0,0.0,-0.6415895645077683,0.2351431442497069,0.40496908458756165,-0.6369735024584068,0.25783728994328065,1.605097618885112,-2.4492935982947064e-16,1.0,0.7071067811865476,-0.7071067811865475,-0.433883739117558,-0.9009688679024191
0.21880325512633866,-0.06222982837170911,-0.9295264117307949,-0.3471220784547151,-0.2586784121590197,0.441982288815842,-0.529119463693165,-0.05835293605216302,-0.6831906184550289,0.7387427365820481,1.248245368208024,-0.6514128533997506,1.450497598789848,0.8787878787878787,0.0,0.0,0.0,-0.19430002775154487,0.41228355455249105,0.413076438105637,-0.9605926678815769,0.8657013384579538,2.0460793198371983,-2.4492935982947064e-16,1.0,0.49999999999999994,-0.8660254037844387,-0.433883739117558,-0.9009688679024191
0.22204105856405273,-0.5096459418126703,-1.0875273068164708,0.23300870538887822,0.17282757896152123,0.6037680693207814,-0.47519802928236776,-0.552803827724392,-0.6831906184550289,1.1609056249746108,-0.17135204183175157,-0.6514128533997506,1.6964760583513558,0.8787878787878787,0.0,0.0,0.0,0.22667835978372425,0.5263931357347278,0.43702838546904665,-0.7448465575994635,1.283849855907538,2.227257848135342,-2.4492935982947064e-16,1.0,0.258819045102521,-0.9659258262890682,-0.433883739117558,-0.9009688679024191
0.2214404064073405,-0.6412389163541294,-1.2191947193878672,0.39122619189167684,0.4964570723019269,1.1430540043372461,-0.47519802928236776,-0.6841423458248278,-0.6831906184550289,1.3468122180282165,-0.6525136639846563,-0.6514128533997506,1.7818852456991014,0.8787878787878787,0.0,0.0,0.0,0.6739678965399476,0.5790352113545544,0.41218398692423786,-1.0145291954521052,1.4580784048448647,2.275116327308437,-2.4492935982947064e-16,1.0,1.2246467991473532e-16,-1.0,-0.433883739117558,-0.9009688679024191
0.22030201611695915,-0.5096459418126703,-1.3771956144735429,0.23300870538887822,0.17282757896152123,0.9812682238323067,-0.47519802928236776,-0.6841423458248278,-0.6831906184550289,1.2925894617209148,-0.6525136639846563,-0.6514128533997506,1.7613870407356425,0.8787878787878787,0.0,0.0,0.0,0.8055236426447192,0.5637791893484423,0.42867005566602767,-0.9066561403110486,1.4000022218657557,2.2546055505199676,-2.4492935982947064e-16,1.0,-0.2588190451025208,-0.9659258262890683,-0.433883739117558,-0.9009688679024191
0.2190206225611077,-0.3517343723629195,-1.3771956144735429,0.23300870538887822,0.01101283229131838,0.6037680693207814,-0.3673551604607734,-0.6841423458248278,-0.6831906184550289,0.9827451399649054,-0.6525136639846563,-0.6514128533997506,1.6008177685218805,0.8787878787878787,0.0,0.0,0.0,0.3845452551094506,0.4369359491562081,0.4513413069011255,-0.20548128189418005,1.0941343248424489,2.1349593525872312,-2.4492935982947064e-16,1.0,-0.4999999999999997,-0.8660254037844388,-0.433883739117558,-0.9009688679024191
0.2528230400303781,-0.6412389163541294,-1.6668639221306147,0.23300870538887822,0.3346423256317241,0.7655538498257208,-0.3673551604607734,-0.6841423458248278,-0.6831906184550289,0.4715020090674901,-0.6525136639846563,-0.6514128533997506,1.2489319166491681,0.0,0.0,0.0,0.0,0.22667835978372425,0.2666308186045482,0.4530470236850417,-0.09760822675312336,0.5869356601582311,1.861482328740976,-2.4492935982947064e-16,1.0,-0.7071067811865471,-0.7071067811865479,-0.433883739117558,-0.9009688679024191
0.2469652399372578,-0.9307434603453393,-1.9565322297876868,-0.05705668653291797,0.44251882341185933,0.7655538498257208,0.010094880414807005,-0.6841423458248278,-0.6831906184550289,-0.14431358042257839,-0.6525136639846563,-0.6514128533997506,0.5280783754341943,0.0,0.0,0.8787878787878787,0.8787878787878787,-0.06274428164677277,0.027058341869599906,0.4847668407264032,-0.2594178094647084,-0.055774098143907484,1.2529959506830586,-2.4492935982947064e-16,1.0,-0.8660254037844385,-0.5000000000000004,-0.433883739117558,-0.9009688679024191
0.5398374996124136,-1.0886550297950905,-1.8248648172162902,-0.5053395649575132,0.6043335700820621,0.6037680693207814,0.4953877901119818,-0.6841423458248278,-0.6831906184550289,-0.5819686849029415,-0.6525136639846563,-0.6514128533997506,-0.5207464451961231,0.0,0.0,0.8787878787878787,0.8787878787878787,-0.5100338184029966,0.0,0.5064818210962162,0.17207441109951835,-0.5513575262323035,-0.16908457331746748,-2.4492935982947064e-16,1.0,-0.9659258262890683,-0.25881904510252063,-0.433883739117558,-0.9009688679024191
0.573496913816214,-1.2202480043365496,-1.8248648172162902,-0.6371874703765118,1.1437160589827384,0.441982288815842,0.6571520933443734,-0.6841423458248278,-0.6831906184550289,-0.6826680894736445,-0.6525136639846563,-0.6514128533997506,-0.6505684099646967,0.0,0.0,0.8787878787878787,0.8787878787878787,-0.6415895645077683,0.0,0.4835105763711358,0.4956935765226884,-0.6829968743182837,-0.651087827846492,-2.4492935982947064e-16,1.0,-1.0,-1.8369701987210297e-16,-0.433883739117558,-0.9009688679024191
0.7839311065477934,-1.3781595737863004,-1.9565322297876868,-0.5053395649575132,0.9819013123125355,0.441982288815842,0.6571520933443734,-0.6841423458248278,-0.6754558352672009,-0.6826680894736445,-0.6525136639846563,-0.64799771944607,-0.6505684099646967,0.0,0.0,0.8787878787878787,0.8787878787878787,-0.5100338184029966,0.0,0.457627238445961,0.17207441109951835,-0.6829968743182837,-0.651087827846492,-2.4492935982947064e-16,1.0,-0.9659258262890684,0.2588190451025203,-0.433883739117558,-0.9009688679024191
0.9943652992793727,-1.3781595737863004,-1.5088630270449392,-0.6371874703765118,0.6043335700820621,0.11841072780596318,0.818916396576765,-0.6841423458248278,-0.4395449480384438,-0.6826680894736445,-0.6525136639846563,-0.08791575104243628,-0.6505684099646967,0.0,0.0,0.8787878787878787,0.8787878787878787,-0.3521669230772707,0.0,0.43088197625077995,0.010264828387933323,-0.6829968743182837,-0.651087827846492,-2.4492935982947064e-16,1.0,-0.8660254037844386,0.5000000000000001,-0.433883739117558,-0.9009688679024191
0.871480465922638,-1.6676641177775104,-0.7978589991593985,-0.3471220784547151,0.766148316752265,-0.4208752072105015,0.3336234868795902,-0.6841423458248278,0.14829857423649184,-0.6826680894736445,-0.6525136639846563,0.9366244350617717,-0.6505684099646967,0.0,0.0,0.0,0.0,-0.6415895645077683,0.0,0.38473870577266445,0.3338839938111034,-0.6829968743182837,-0.651087827846492,-2.4492935982947064e-16,1.0,-0.7071067811865477,0.7071067811865474,-0.433883739117558,-0.9009688679024191
0.7485956325659032,-1.9571686617687203,-0.350189796416651,-0.5053395649575132,0.766148316752265,-0.5287323942137945,0.4953877901119818,-0.6841423458248278,0.7361420965114275,-0.6826680894736445,-0.6525136639846563,1.4488945281138756,-0.6505684099646967,0.0,0.0,0.0,0.0,-0.9310122059382657,0.0,0.353147706151024,0.44175704895216006,-0.6829968743182837,-0.651087827846492,-2.4492935982947064e-16,1.0,-0.5000000000000004,0.8660254037844384,-0.433883739117558,-0.9009688679024191
0.668205480569892,-1.8255756872272613,0.22914681889749292,-0.9272528622983084,0.6043335700820621,-0.47480380071214795,0.9806806998091566,-0.6841423458248278,1.1576877802480587,-0.6826680894736445,-0.6525136639846563,1.6947841727788857,-0.6505684099646967,0.0,0.0,0.0,0.0,-1.088879101263992,0.0,0.2841643132517988,0.6035666316637451,-0.6829968743182837,-0.651087827846492,-2.4492935982947064e-16,1.0,-0.25881904510252157,0.9659258262890681,-0.433883739117558,-0.9009688679024191
0.5689376893629251,-1.8255756872272613,0.38714771398316894,-1.3755357407229036,0.44251882341185933,-0.47480380071214795,-1.0144123733903398,-0.6841423458248278,1.3433225767559331,-0.6826680894736445,-0.6525136639846563,1.780162521620903,-0.6505684099646967,0.0,0.0,0.0,0.0,-1.2204348473687636,0.0,0.2821603444459997,1.1429319073690285,-0.6829968743182837,-0.651087827846492,-2.4492935982947064e-16,1.0,-2.4492935982947064e-16,1.0,-0.433883739117558,-0.9009688679024191
0.42753274212040016,-1.9571686617687203,0.22914681889749292,-1.3755357407229036,0.44251882341185933,-0.47480380071214795,1.3042093062739397,-0.6764165506424492,1.2891790944411365,-0.6826680894736445,-0.6491011702105222,1.7596717178988188,-0.6505684099646967,0.0,0.0,0.0,0.0,-1.3783017426944895,0.0,0.2661913892904936,0.9811223246574435,-0.6829968743182837,-0.651087827846492,-2.4492935982947064e-16,1.0,0.25881904510252074,0.9659258262890683,-0.9749279121818236,-0.2225209339563146
0.37157770335010865,-1.5097525483277596,0.22914681889749292,-1.5073836461419021,0.11888933007145361,-0.366946613708855,0.9806806998091566,-0.4407797975799026,0.9797877669280126,-0.6826680894736445,-0.08945219125253377,1.5991604220758262,-0.6505684099646967,0.0,0.0,0.0,0.0,-1.3783017426944895,0.0,0.2757664674888137,0.6035666316637451,-0.6829968743182837,-0.651087827846492,-2.4492935982947064e-16,1.0,0.49999999999999994,0.8660254037844387,-0.9749279121818236,-0.2225209339563146
0.3715061742589893,-0.7991504858038802,0.22914681889749292,-1.6656011326447004,-0.42049315882922256,-0.366946613708855,0.9806806998091566,0.14638063628086928,0.469292076531358,-0.6826680894736445,0.934295940987689,1.2474016248467148,-0.6505684099646967,0.0,0.0,0.0,0.0,-1.6677243841249871,0.0,0.2806022426933503,0.7653762143753301,-0.6829968743182837,-0.651087827846492,-2.4492935982947064e-16,1.0,0.7071067811865476,0.7071067811865476,-0.9749279121818236,-0.2225209339563146
0.3679652096647394,-0.3517343723629195,-0.06052148875957856,-1.8238186191474985,-0.5283696566093578,0.010553540802670241,0.9806806998091566,0.7335410701416412,-0.14562318690097598,-0.6826680894736445,1.4461700071078003,0.5268083606200885,-0.6505684099646967,0.0,0.8787878787878787,0.0,0.0,-1.9571470255554846,0.0,0.2826070822331992,0.7653762143753301,-0.6829968743182837,-0.651087827846492,-2.4492935982947064e-16,1.0,0.8660254037844386,0.5000000000000001,-0.9749279121818236,-0.2225209339563146
0.3676391413510956,0.22727471561950033,-0.5081906915023265,-2.1138840110692954,-0.47443140771929015,0.4959108823174885,1.1424450030415483,1.1545969075812736,-0.5826384370132637,-0.6826680894736445,1.6918695588454538,-0.5216377631598843,-0.6505684099646967,0.0,0.8787878787878787,0.0,0.0,-1.825591279450713,0.0,0.29876846961371206,0.6035666316637451,-0.6829968743182837,-0.651087827846492,-2.4492935982947064e-16,1.0,0.9659258262890683,0.25881904510252074,-0.9749279121818236,-0.2225209339563146
0.4033636319926529,0.3851862850692516,-0.6398581040737229,-1.955666524566497,-0.47443140771929015,0.6576966628224279,0.7649949621659677,1.3400159919583594,-0.6831906184550289,-0.6826680894736445,1.7771819031988056,-0.6514128533997506,-0.6505684099646967,0.0,0.8787878787878787,0.0,0.0,-1.825591279450713,0.0,0.3692435835992016,0.44175704895216006,-0.6829968743182837,-0.651087827846492,-2.4492935982947064e-16,1.0,1.0,6.123233995736766e-17,-0.9749279121818236,-0.2225209339563146
0.43908812263421027,0.22727471561950033,-0.5081906915023265,-2.1138840110692954,-0.47443140771929015,0.6576966628224279,0.279702052468793,1.2859354256817095,-0.6831906184550289,-0.6749219814297444,1.7567069405540012,-0.6514128533997506,-0.643735674976877,0.0,0.8787878787878787,0.0,0.0,-1.9571470255554846,0.03506330833761211,0.4088801146213815,0.44175704895216006,-0.6752533832544025,-0.6476693650484138,-2.4492935982947064e-16,1.0,0.9659258262890683,-0.25881904510252063,-0.9749279121818236,-0.2225209339563146
0.2263142593249113,0.22727471561950033,-0.6398581040737229,-1.5073836461419021,-0.36655490993915496,0.8194824433273673,-0.5830408981039622,0.9769036183865663,-0.6831906184550289,-0.43091957804688696,1.5963197331696997,-0.6514128533997506,0.10786517368328541,0.0,0.8787878787878787,0.0,0.0,-1.509857488799261,0.12159900557816283,0.45177196171822864,0.11813788352899002,-0.43907690580602626,-0.087041466163591,-2.4492935982947064e-16,1.0,0.8660254037844387,-0.4999999999999998,-0.9749279121818236,-0.2225209339563146
0.19277498584934752,0.22727471561950033,-0.350189796416651,-0.9272528622983084,-0.36655490993915496,0.33412510181254906,-0.798726635747151,0.46700113634958024,-0.6831906184550289,0.1810229574212314,1.24483287443389,-0.6514128533997506,1.1771881992770619,0.0,0.0,0.0,0.0,-0.7994564598334941,0.26138657600768395,0.5174966068262373,-0.42122739217629346,0.149428415048944,0.9384973732598654,-2.4492935982947064e-16,1.0,0.7071067811865476,-0.7071067811865475,-0.9749279121818236,-0.2225209339563146
0.19066412255575887,-0.06222982837170911,-0.5081906915023265,-0.3471220784547151,0.01101283229131838,0.4959108823174885,-1.2840195454443257,-0.14719958064951666,-0.6831906184550289,0.7813463308234994,0.5247966880915998,-0.6514128533997506,1.6828105883757165,0.8787878787878787,0.0,0.0,0.0,-0.3521669230772707,0.2876466385842655,0.5304575343772203,-0.5291004473173502,0.7379337359039143,1.4512667929715934,-2.4492935982947064e-16,1.0,0.49999999999999994,-0.8660254037844387,-0.9749279121818236,-0.2225209339563146
0.19045247332952173,-0.5096459418126703,-0.9295264117307949,0.23300870538887822,0.4964570723019269,0.9812682238323067,-1.9849981927846894,-0.5837070084539062,-0.6831906184550289,1.2228744893258128,-0.5228389005675613,-0.6514128533997506,1.9356217829250437,0.8787878787878787,0.0,0.0,0.0,0.22667835978372425,0.3253376082786033,0.5104822294192658,-0.47516391974682176,1.159953998885439,1.697396114433223,-2.4492935982947064e-16,1.0,0.258819045102521,-0.9659258262890682,-0.9749279121818236,-0.2225209339563146
0.19309532222526726,-0.6412389163541294,-1.3771956144735429,0.681291583813473,0.6582718189721298,-1.0140897357286127,-2.0928410616062836,-0.6841423458248278,-0.6831906184550289,1.4165271904233185,-0.6525136639846563,-0.6514128533997506,2.0141982352849697,0.8787878787878787,0.0,0.0,0.0,0.3845452551094506,0.4715557787544459,0.5192769506401866,-0.47516391974682176,1.3457977844185876,1.7828576843851778,-2.4492935982947064e-16,1.0,1.2246467991473532e-16,-1.0,-0.9749279121818236,-0.2225209339563146
0.19041241497911607,-0.5096459418126703,-1.3771956144735429,0.5230740973106753,0.6582718189721298,1.3048397848421855,-2.0928410616062836,-0.6841423458248278,-0.6831906184550289,1.3584313800940668,-0.6525136639846563,-0.6514128533997506,1.9971163978154207,0.8787878787878787,0.0,0.0,0.0,0.22667835978372425,0.42520013926248357,0.5448832414785739,-0.47516391974682176,1.2915933469714191,1.7623469075967086,-2.4492935982947064e-16,1.0,-0.2588190451025208,-0.9659258262890683,-0.9749279121818236,-0.2225209339563146
0.18915391141888244,-0.6412389163541294,-1.5088630270449392,0.5230740973106753,0.8200865656423326,0.9812682238323067,-2.0389196271954866,-0.6841423458248278,-0.6831906184550289,1.0485870583380574,-0.6525136639846563,-0.6514128533997506,1.8433798605894784,0.8787878787878787,0.0,0.0,0.0,0.22667835978372425,0.3604286488388549,0.5925059915466064,-0.3672908646057651,0.9818537044161717,1.6016791560870338,-2.4492935982947064e-16,1.0,-0.4999999999999997,-0.8660254037844388,-0.9749279121818236,-0.2225209339563146
0.4045592043683534,-0.3517343723629195,-1.6668639221306147,0.39122619189167684,0.3346423256317241,0.9812682238323067,-1.877155323963095,-0.6841423458248278,-0.6831906184550289,0.5295978193967419,-0.6525136639846563,-0.6514128533997506,1.5085758461863152,0.0,0.0,0.0,0.0,0.22667835978372425,0.2722520485975404,0.6037420973842277,-0.3672908646057651,0.4707832942000133,1.2495774878849806,-2.4492935982947064e-16,1.0,-0.7071067811865471,-0.7071067811865479,-0.9749279121818236,-0.2225209339563146
0.5149247477916764,-0.5096459418126703,-1.8248648172162902,0.23300870538887822,0.4964570723019269,0.9812682238323067,-1.8232338895522977,-0.6841423458248278,-0.6831906184550289,-0.10558304020307722,-0.6525136639846563,-0.6514128533997506,0.8013877749469807,0.0,0.0,0.8787878787878787,0.8787878787878787,-0.06274428164677277,0.03179812517189614,0.6284893322530084,0.010264828387933323,-0.14482424537854116,0.5282818374904827,-2.4492935982947064e-16,1.0,-0.8660254037844385,-0.5000000000000004,-0.9749279121818236,-0.2225209339563146
0.5936159008177081,-0.9307434603453393,-2.114533124873362,-0.05705668653291797,0.9819013123125355,1.1430540043372461,-1.1761766766227313,-0.6841423458248278,-0.6831906184550289,-0.5703495228370912,-0.6525136639846563,-0.6514128533997506,-0.42850452286055773,0.0,0.0,0.8787878787878787,0.8787878787878787,-0.5100338184029966,0.0,0.6685572351673912,0.4956935765226884,-0.5823314904878283,-0.5211862415195209,-2.4492935982947064e-16,1.0,-0.9659258262890683,-0.25881904510252063,-0.9749279121818236,-0.2225209339563146
0.6723070538437398,-1.3781595737863004,-1.9565322297876868,-0.3471220784547151,-1.0138138966199663,0.7655538498257208,-0.7448052013363538,-0.6841423458248278,-0.6831906184550289,-0.6826680894736445,-0.6525136639846563,-0.6514128533997506,-0.6505684099646967,0.0,0.0,0.8787878787878787,0.8787878787878787,-0.6415895645077683,0.0,0.6389358871860573,0.6575031592342735,-0.6829968743182837,-0.651087827846492,-2.4492935982947064e-16,1.0,-1.0,-1.8369701987210297e-16,-0.9749279121818236,-0.2225209339563146
0.7509982068697717,-1.3781595737863004,-2.114533124873362,-0.5053395649575132,1.305530805652941,0.2801965083109026,-0.259512291639179,-0.6841423458248278,-0.6754558352672009,-0.6826680894736445,-0.6525136639846563,-0.6445825854923893,-0.6505684099646967,0.0,0.0,0.8787878787878787,0.8787878787878787,-0.5100338184029966,0.0,0.6301153512615424,0.6575031592342735,-0.6829968743182837,-0.651087827846492,-2.4492935982947064e-16,1.0,-0.9659258262890684,0.2588190451025203,-0.9749279121818236,-0.2225209339563146
0.9615811210753531,-1.5097525483277596,-1.5088630270449392,-0.6371874703765118,0.9819013123125355,-0.582660987715441,0.1718591836471986,-0.6841423458248278,-0.4318101648506157,-0.6826680894736445,-0.6525136639846563,0.10674688431736323,-0.6505684099646967,0.0,0.0,0.8787878787878787,0.8787878787878787,-0.6415895645077683,0.0,0.5701667460827339,0.8193127419458585,-0.6829968743182837,-0.651087827846492,-2.4492935982947064e-16,1.0,-0.8660254037844386,0.5000000000000001,-0.9749279121818236,-0.2225209339563146
0.6048852793769756,-1.6676641177775104,-0.9295264117307949,-0.7954049568793099,0.9819013123125355,-0.7983753617220268,-0.15166942281758458,-0.6841423458248278,0.17923770698780422,-0.6826680894736445,-0.6525136639846563,1.1756838118194202,-0.6505684099646967,0.0,0.0,0.0,0.0,-0.3521669230772707,0.0,0.5536907676119918,0.3338839938111034,-0.6829968743182837,-0.651087827846492,-2.4492935982947064e-16,1.0,-0.7071067811865477,0.7071067811865474,-0.9749279121818236,-0.2225209339563146
0.651432972714801,-1.8255756872272613,-0.350189796416651,-0.9272528622983084,0.9819013123125355,-1.283732703236845,-0.15166942281758458,-0.6841423458248278,0.778683404044482,-0.6826680894736445,-0.6525136639846563,1.681123636964163,-0.6505684099646967,0.0,0.0,0.0,0.0,-0.5100338184029966,0.0,0.501105806633426,0.4956935765226884,-0.6829968743182837,-0.651087827846492,-2.4492935982947064e-16,1.0,-0.5000000000000004,0.8660254037844384,-0.9749279121818236,-0.2225209339563146
0.8517189584823353,-2.115080231218471,0.22914681889749292,-1.085470348801107,1.1437160589827384,-1.984804418758249,-0.9065695045687454,-0.6841423458248278,1.2195660457506836,-0.6826680894736445,-0.6525136639846563,1.9338435495365343,-0.6505684099646967,0.0,0.0,0.0,0.0,-0.9310122059382657,0.0,0.4485569042884522,0.9811223246574435,-0.6829968743182837,-0.651087827846492,-2.4492935982947064e-16,1.0,-0.25881904510252157,0.9659258262890681,-0.9749279121818236,-0.2225209339563146
0.445080365841493,-1.9571686617687203,0.6768160216402405,-1.2173182542201055,0.766148316752265,-2.092661605761542,0.9806806998091566,-0.6841423458248278,1.412935625446386,-0.6826680894736445,-0.6525136639846563,2.01239163047119,-0.6505684099646967,0.0,0.0,0.0,0.0,-1.3783017426944895,0.0,0.3347640005968112,-1.0145291954521052,-0.6829968743182837,-0.651087827846492,-2.4492935982947064e-16,1.0,-2.4492935982947064e-16,1.0,-0.9749279121818236,-0.2225209339563146
0.4474515002953301,-2.115080231218471,0.5188151265545653,-1.6656011326447004,0.2807040767416565,-2.092661605761542,-1.068333807801137,-0.6764165506424492,1.3549247515376754,-0.6826680894736445,-0.645688676436388,1.9953159607027866,-0.6505684099646967,0.0,0.0,0.0,0.0,-1.3783017426944895,0.0,0.302119361555258,1.3047414900806136,-0.6829968743182837,-0.651087827846492,-2.4492935982947064e-16,1.0,0.25881904510252074,0.9659258262890683,-0.7818314824680299,0.6234898018587334
0.44884158100086413,-1.5097525483277596,0.5188151265545653,-1.6656011326447004,-0.5823079054994255,-2.0387330122598954,-0.9604909389795426,-0.433054002397524,1.0455334240245513,-0.6826680894736445,0.10505995387310853,1.8416349327871555,-0.6505684099646967,0.0,0.0,0.0,0.0,-1.509857488799261,0.0,0.288704423026777,0.9811223246574435,-0.6829968743182837,-0.651087827846492,-2.4492935982947064e-16,1.0,0.49999999999999994,0.8660254037844387,-0.7818314824680299,0.6234898018587334
0.44860701775292294,-0.9307434603453393,0.38714771398316894,-1.955666524566497,-0.7980609010596958,-1.876947231754956,-0.5830408981039622,0.1772838170103836,0.5273029504400687,-0.6826680894736445,1.1731705051770742,1.5069518053264475,-0.6505684099646967,0.0,0.0,0.0,0.0,-1.6677243841249871,0.0,0.2952198186035607,0.9811223246574435,-0.6829968743182837,-0.651087827846492,-2.4492935982947064e-16,1.0,0.7071067811865476,0.7071067811865476,-0.7818314824680299,0.6234898018587334
0.4462559279196297,-0.3517343723629195,0.22914681889749292,-2.245731916488294,-1.2835051410703044,-1.8230186382533096,-0.2055908572283818,0.7760329436447233,-0.10694927096183547,-0.6826680894736445,1.6782195837489173,0.800019076914544,-0.6505684099646967,0.0,0.8787878787878787,0.0,0.0,-1.825591279450713,0.0,0.2933755526664257,0.9811223246574435,-0.6829968743182837,-0.651087827846492,-2.4492935982947064e-16,1.0,0.8660254037844386,0.5000000000000001,-0.7818314824680299,0.6234898018587334
0.444230872077,0.22727471561950033,-0.06052148875957856,-2.1138840110692954,-1.9847023766411835,-1.1758755162335521,-0.5830408981039622,1.2164032690403022,-0.5710362622315215,-0.6826680894736445,1.930744123034839,-0.4294291464105056,-0.6505684099646967,0.0,0.8787878787878787,0.0,0.0,-2.11501392088121,0.0,0.32324808181130293,1.1429319073690285,-0.6829968743182837,-0.651087827846492,-2.4492935982947064e-16,1.0,0.9659258262890683,0.25881904510252074,-0.7818314824680299,0.6234898018587334
0.44664491025631653,0.6746908290604611,-0.350189796416651,-1.955666524566497,-2.0925788744213185,-0.7444467682203804,-1.068333807801137,1.4095481485997665,-0.6831906184550289,-0.6826680894736445,2.0092314798399227,-0.6514128533997506,-0.6505684099646967,0.0,0.8787878787878787,0.0,0.0,-1.9571470255554846,0.0,0.36003244662387457,0.7653762143753301,-0.6829968743182837,-0.651087827846492,-2.4492935982947064e-16,1.0,1.0,6.123233995736766e-17,-0.7818314824680299,0.6234898018587334
0.44524909761305853,0.5167792596107107,-0.5081906915023265,-2.245731916488294,-2.0925788744213185,-0.2590894267055621,-0.8526480701579482,1.3516046847319272,-0.6831906184550289,-0.6710489274077942,1.9921690109692523,-0.6514128533997506,-0.6164047350255983,0.0,0.8787878787878787,0.0,0.0,-2.11501392088121,0.03358316681227281,0.37195100307794227,0.27994746624057504,-0.6752533832544025,-0.6442509022503355,-2.4492935982947064e-16,1.0,0.9659258262890683,-0.25881904510252063,-0.7818314824680299,0.6234898018587334
0.48549852405050153,0.5167792596107107,-0.6398581040737229,-1.6656011326447004,-2.0386406255312512,0.17233932130760965,-1.1761766766227313,1.0425728774367842,-0.6831906184550289,-0.39993514587128604,1.838606791133219,-0.6514128533997506,0.5622420503732927,0.0,0.8787878787878787,0.0,0.0,-1.509857488799261,0.08527728976303665,0.395049631072544,-0.5830369748878784,-0.4313334147421451,0.1078109133268657,-2.4492935982947064e-16,1.0,0.8660254037844387,-0.4999999999999998,-0.7818314824680299,0.6234898018587334
0.5316629326663838,0.3851862850692516,-0.7978589991593985,-1.2173182542201055,-1.8768258788610481,-0.15123223970226915,-1.337940979855123,0.5249446002174195,-0.6831906184550289,0.24299182177243325,1.5041824012680796,-0.6514128533997506,1.570070461076692,0.0,0.0,0.0,0.0,-0.9310122059382657,0.22667805757999185,0.4129653939044621,-0.7987830851699919,0.18040237930446873,1.1777897691253385,-2.4492935982947064e-16,1.0,0.7071067811865476,-0.7071067811865475,-0.7818314824680299,0.6234898018587334
0.3993935958206283,0.22727471561950033,-0.9295264117307949,-0.5053395649575132,-1.8228876299709806,-0.15123223970226915,-1.7693124551415005,-0.10857060473762377,-0.6831906184550289,0.8510613032186015,0.7977961900223258,-0.6514128533997506,2.048361910224068,0.8787878787878787,0.0,0.0,0.0,-0.3521669230772707,0.3873483961185319,0.43926355977489373,-1.284211833304747,0.7805229367552609,1.6837222632409103,-2.4492935982947064e-16,1.0,0.49999999999999994,-0.8660254037844387,-0.7818314824680299,0.6234898018587334
0.34590696283058087,-0.06222982837170911,-1.0875273068164708,0.1011607999698797,-1.1756286432901693,-0.9062325487253197,-0.8526480701579482,-0.5721183156803384,-0.6831906184550289,1.2616050295453138,-0.43070156866594134,-0.6514128533997506,2.20893118243783,0.8787878787878787,0.0,0.0,0.0,0.22667835978372425,0.4981761712992411,0.4371704687781147,-1.9853866917216154,1.2219019273964886,1.9366885102986962,-2.4492935982947064e-16,1.0,0.258819045102521,-0.9659258262890682,-0.7818314824680299,0.6234898018587334
0.40049766313062607,-0.3517343723629195,-1.2191947193878672,0.39122619189167684,-0.7441226521696283,0.9812682238323067,-1.1761766766227313,-0.6841423458248278,-0.6831906184550289,1.4591307846647699,-0.6525136639846563,-0.6514128533997506,2.2875076347977563,0.8787878787878787,0.0,0.0,0.0,0.6739678965399476,0.5349524459703288,0.4172873591901394,-2.093259746862672,1.4154892039935183,2.0153131546544945,-2.4492935982947064e-16,1.0,1.2246467991473532e-16,-1.0,-0.7818314824680299,0.6234898018587334
0.40733936577942137,-0.5096459418126703,-1.6668639221306147,0.5230740973106753,-0.2586784121590197,-1.0680183292302592,-1.337940979855123,-0.6841423458248278,-0.6831906184550289,1.4049080283574682,-0.6525136639846563,-0.6514128533997506,2.273842164822117,0.8787878787878787,0.0,0.0,0.0,0.5161010012142222,0.5085538021084791,0.41441332218998617,-2.093259746862672,1.3574130210144093,1.9982208406641035,-2.4492935982947064e-16,1.0,-0.2588190451025208,-0.9659258262890683,-0.7818314824680299,0.6234898018587334
0.6392654761688306,-0.6412389163541294,-1.6668639221306147,0.39122619189167684,0.17282757896152123,-0.9601611422269661,-0.3673551604607734,-0.6841423458248278,-0.6831906184550289,1.0911906525795088,-0.6525136639846563,-0.6514128533997506,2.1201056275961747,0.8787878787878787,0.0,0.0,0.0,0.5161010012142222,0.3808401846984122,0.4009309273824704,-2.0393232192921436,1.0476733784591619,1.8443900147505852,-2.4492935982947064e-16,1.0,-0.4999999999999997,-0.8660254037844388,-0.7818314824680299,0.6234898018587334
0.6980493120133936,-0.7991504858038802,-1.9565322297876868,0.39122619189167684,-0.15080191437888446,-0.582660987715441,-0.47519802928236776,-0.6841423458248278,-0.6831906184550289,0.5799475216820934,-0.6525136639846563,-0.6514128533997506,1.8365471256016588,0.0,0.0,0.0,0.0,0.3845452551094506,0.22955518919857867,0.43709891492708075,-1.8775136365805587,0.5288594771791222,1.5093806605389228,-2.4492935982947064e-16,1.0,-0.7071067811865471,-0.7071067811865479,-0.7818314824680299,0.6234898018587334
0.47714657594184934,-0.9307434603453393,-2.2462005374447584,-0.05705668653291797,-0.15080191437888446,-0.20516083320391562,0.010094880414807005,-0.6841423458248278,-0.6831906184550289,-0.059106391939675824,-0.6525136639846563,-0.6514128533997506,1.2181846092039796,0.0,0.0,0.8787878787878787,0.8787878787878787,0.22667835978372425,0.021004723897544365,0.4863439449691982,-1.8235771090100303,-0.1061067900591352,0.8017588613367378,-2.4492935982947064e-16,1.0,-0.8660254037844385,-0.5000000000000004,-0.7818314824680299,0.6234898018587334
0.6444368166542798,-1.0886550297950905,-2.114533124873362,-0.3471220784547151,-0.9059373988398312,-0.582660987715441,0.3336234868795902,-0.6841423458248278,-0.6831906184550289,-0.5509842527273406,-0.6525136639846563,-0.6514128533997506,-0.17227696081732058,0.0,0.0,0.8787878787878787,0.8787878787878787,-0.06274428164677277,0.0,0.5414208955786531,-1.1763387781636903,-0.5707162538920065,-0.4288877459714098,-2.4492935982947064e-16,1.0,-0.9659258262890683,-0.25881904510252063,-0.7818314824680299,0.6234898018587334
0.6400949596357599,-1.2202480043365496,-1.9565322297876868,-0.5053395649575132,0.9819013123125355,-1.0680183292302592,0.4953877901119818,-0.6841423458248278,-0.6831906184550289,-0.6826680894736445,-0.6525136639846563,-0.6514128533997506,-0.6505684099646967,0.0,0.0,0.8787878787878787,0.8787878787878787,-0.3521669230772707,0.0,0.5368502076726317,-0.7448465575994635,-0.6829968743182837,-0.651087827846492,-2.4492935982947064e-16,1.0,-1.0,-1.8369701987210297e-16,-0.7818314824680299,0.6234898018587334
0.9804073101387137,-1.6676641177775104,-2.2462005374447584,-0.6371874703765118,-1.067752145510034,-0.8523039552236732,0.6571520933443734,-0.6841423458248278,-0.6715884436732867,-0.6826680894736445,-0.6525136639846563,-0.6172615138629437,-0.6505684099646967,0.0,0.0,0.8787878787878787,0.8787878787878787,-0.5100338184029966,0.0,0.5263176037276021,-0.2594178094647084,-0.6829968743182837,-0.651087827846492,-2.4492935982947064e-16,1.0,-0.9659258262890684,0.2588190451025203,-0.7818314824680299,0.6234898018587334
0.6299754123603352,-1.6676641177775104,-1.6668639221306147,-0.5053395649575132,-0.9598756477298988,-1.1758755162335521,0.6571520933443734,-0.6841423458248278,-0.4008710320993033,-0.6826680894736445,-0.6525136639846563,0.5609597001568954,-0.6505684099646967,0.0,0.0,0.8787878787878787,0.8787878787878787,-0.6415895645077683,0.0,0.5202181629283747,0.17207441109951835,-0.6829968743182837,-0.651087827846492,-2.4492935982947064e-16,1.0,-0.8660254037844386,0.5000000000000001,-0.7818314824680299,0.6234898018587334
0.6425147297528006,-1.9571686617687203,-1.2191947193878672,-0.6371874703765118,-0.5823079054994255,-1.3376612967384915,0.6571520933443734,-0.6841423458248278,0.24111597249042904,-0.6826680894736445,-0.6525136639846563,1.5684242164927,-0.6505684099646967,0.0,0.0,0.0,0.0,-0.7994564598334941,0.0,0.48111641627172463,-0.15154475432365172,-0.6829968743182837,-0.651087827846492,-2.4492935982947064e-16,1.0,-0.7071067811865477,0.7071067811865474,-0.7818314824680299,0.6234898018587334
0.6489588693198132,-2.2466732057599303,-0.5081906915023265,-0.9272528622983084,-0.20474016326895209,-1.769090044751663,0.9806806998091566,-0.6841423458248278,0.8482964527349349,-0.6826680894736445,-0.6525136639846563,2.046542970007997,-0.6505684099646967,0.0,0.0,0.0,0.0,-0.9310122059382657,0.0,0.45001241308217466,-0.15154475432365172,-0.6829968743182837,-0.651087827846492,-2.4492935982947064e-16,1.0,-0.5000000000000004,0.8660254037844384,-0.7818314824680299,0.6234898018587334
0.6554030088868257,-2.115080231218471,0.09747940632609654,-1.2173182542201055,-0.5823079054994255,-0.8523039552236732,1.1424450030415483,-0.6841423458248278,1.258239961689824,-0.6826680894736445,-0.6525136639846563,2.2070542658309895,-0.6505684099646967,0.0,0.0,0.0,0.0,-1.088879101263992,0.0,0.40890987323802475,-0.9066561403110486,-0.6829968743182837,-0.651087827846492,-2.4492935982947064e-16,1.0,-0.25881904510252157,0.9659258262890681,-0.7818314824680299,0.6234898018587334
0.6349607909380661,-1.9571686617687203,0.38714771398316894,-1.3755357407229036,-1.067752145510034,-1.1758755162335521,-0.5830408981039622,-0.6841423458248278,1.4554769329794406,-0.6826680894736445,-0.6525136639846563,2.2856023467656454,-0.6505684099646967,0.0,0.0,0.0,0.0,-1.2204348473687636,0.0,0.4249437236900664,0.9811223246574435,-0.6829968743182837,-0.651087827846492,-2.4492935982947064e-16,1.0,-2.4492935982947064e-16,1.0,-0.7818314824680299,0.6234898018587334
0.5824380845291106,-2.2466732057599303,0.5188151265545653,-1.2173182542201055,-0.8519991499497634,-1.3376612967384915,0.010094880414807005,-0.6725536530512599,1.401333450664644,-0.6826680894736445,-0.6183887262433154,2.271941810950923,-0.6505684099646967,0.0,0.0,0.0,0.0,-1.6677243841249871,0.0,0.3784190716981367,-1.0684657230226335,-0.6829968743182837,-0.651087827846492,-2.4492935982947064e-16,1.0,0.25881904510252074,0.9659258262890683,-2.4492935982947064e-16,1.0
0.5241118769820015,-1.6676641177775104,0.38714771398316894,-1.3755357407229036,-1.1756286432901693,-0.366946613708855,-0.15166942281758458,-0.4021508216680097,1.0880747315576058,-0.6826680894736445,0.5589216258329406,2.1182607830352915,-0.6505684099646967,0.0,0.0,0.0,0.0,-1.6677243841249871,0.0,0.3740434282192714,-0.9605926678815769,-0.6829968743182837,-0.651087827846492,-2.4492935982947064e-16,1.0,0.49999999999999994,0.8660254037844387,-2.4492935982947064e-16,1.0
0.47778728301666923,-1.2202480043365496,0.38714771398316894,-1.6656011326447004,-1.3374433899603722,-0.47480380071214795,0.1179377492364014,0.2390901784694122,0.5775790411609514,-0.6826680894736445,1.5656072892024928,1.834804664879794,-0.6505684099646967,0.0,0.0,0.0,0.0,-1.9571470255554846,0.0,0.38396206221988927,-0.5830369748878784,-0.6829968743182837,-0.651087827846492,-2.4492935982947064e-16,1.0,0.7071067811865476,0.7071067811865476,-2.4492935982947064e-16,1.0
0.4780447053695459,-0.5096459418126703,-0.06052148875957856,-1.8238186191474985,-1.768949381080913,0.010553540802670241,0.1179377492364014,0.8455651002861305,-0.06054057183486687,-0.6826680894736445,2.0433564175812635,1.2166654192635886,-0.6505684099646967,0.0,0.8787878787878787,0.0,0.0,-2.246569666985982,0.0,0.4144742223538226,-0.20548128189418005,-0.6829968743182837,-0.651087827846492,-2.4492935982947064e-16,1.0,0.8660254037844386,0.5000000000000001,-2.4492935982947064e-16,1.0
0.4770951257942545,0.09568174107804124,-0.350189796416651,-2.1138840110692954,-0.8519991499497634,0.33412510181254906,0.4414663557011846,1.2550322449521951,-0.5516993042619512,-0.6826680894736445,2.203743624965565,-0.1732940998844536,-0.6505684099646967,0.0,0.8787878787878787,0.0,0.0,-2.11501392088121,0.0,0.4665551307568516,-0.5830369748878784,-0.6829968743182837,-0.651087827846492,-2.4492935982947064e-16,1.0,0.9659258262890683,0.25881904510252074,-2.4492935982947064e-16,1.0
0.47651160080475363,0.3851862850692516,-0.5081906915023265,-2.245731916488294,-1.1756286432901693,0.4959108823174885,0.279702052468793,1.4520400221028489,-0.6831906184550289,-0.6826680894736445,2.2822309817706485,-0.6514128533997506,-0.6505684099646967,0.0,0.8787878787878787,0.0,0.0,-1.9571470255554846,0.0,0.5550978738364751,-1.0684657230226335,-0.6829968743182837,-0.651087827846492,-2.4492935982947064e-16,1.0,1.0,6.123233995736766e-17,-2.4492935982947064e-16,1.0
0.47328524064869937,0.5167792596107107,-0.6398581040737229,-1.955666524566497,-1.3374433899603722,0.6576966628224279,-0.47519802928236776,1.3979594558261987,-0.6831906184550289,-0.6594297653419439,2.2685810066741126,-0.6514128533997506,-0.5788246925925902,0.0,0.8787878787878787,0.0,0.0,-2.246569666985982,0.0,0.5712005634981012,-0.8527196127405202,-0.671381637722462,-0.6169031998657101,-2.4492935982947064e-16,1.0,0.9659258262890683,-0.25881904510252063,-2.4492935982947064e-16,1.0
0.473479748978533,0.3851862850692516,-0.5081906915023265,-1.6656011326447004,-0.36655490993915496,0.6576966628224279,-0.9604909389795426,1.0850647509398663,-0.6831906184550289,-0.3883159838054357,2.115018786838079,-0.6514128533997506,0.8765478598129969,0.0,0.8787878787878787,0.0,0.0,-1.6677243841249871,0.03287358566196725,0.6046631803499704,-1.1763387781636903,-0.40035945048662036,0.5624664654712647,-2.4492935982947064e-16,1.0,0.8660254037844387,-0.4999999999999998,-2.4492935982947064e-16,1.0
0.44199987835206883,0.3851862850692516,-0.6398581040737229,-1.085470348801107,-0.47443140771929015,0.6576966628224279,-1.337940979855123,0.5751622689028802,-0.6831906184550289,0.2778493079699843,1.8317818035849507,-0.6514128533997506,1.8604616980590276,0.0,0.0,0.0,0.0,-1.2204348473687636,0.08135796461344975,0.6066675589129693,-1.3381483608752753,0.24235030781551825,1.57091299090433,-2.4492935982947064e-16,1.0,0.7071067811865476,-0.7071067811865475,-2.4492935982947064e-16,1.0
0.18967447433316764,-0.06222982837170911,-0.9295264117307949,-0.5053395649575132,0.01101283229131838,0.9812682238323067,-1.607548151909109,-0.06221583364335231,-0.6831906184550289,0.8859187894161525,1.214120430466683,-0.6514128533997506,2.253343959858658,0.8787878787878787,0.0,0.0,0.0,-0.5100338184029966,0.1612302436518702,0.5871421673605135,-1.769640581439502,0.8502143563301915,2.0494977826352763,-2.4492935982947064e-16,1.0,0.49999999999999994,-0.8660254037844387,-2.4492935982947064e-16,1.0
0.289668759472125,-0.3517343723629195,-1.2191947193878672,-0.05705668653291797,0.3346423256317241,1.1430540043372461,-1.7153910207307033,-0.552803827724392,-0.6831906184550289,1.3119547318306652,-0.17476453560588565,-0.6514128533997506,2.4207459670602396,0.8787878787878787,0.0,0.0,0.0,0.09512261367895261,0.13374504321777655,0.5852102133825984,-0.8527196127405202,1.2606193827158945,2.2101655341449513,-2.4492935982947064e-16,1.0,0.258819045102521,-0.9659258262890682,-2.4492935982947064e-16,1.0
0.34693092030436345,-0.5096459418126703,-1.3771956144735429,0.39122619189167684,0.4964570723019269,-0.582660987715441,-1.9310767583738921,-0.6841423458248278,-0.6831906184550289,1.5056074329281712,-0.6525136639846563,-0.6514128533997506,2.4822405819506166,0.8787878787878787,0.0,0.0,0.0,0.3845452551094506,0.12940994760307595,0.5945805410300895,-1.1763387781636903,1.4580784048448647,2.2887901785007494,-2.4492935982947064e-16,1.0,1.2246467991473532e-16,-1.0,-2.4492935982947064e-16,1.0
0.4948801615706603,-0.6412389163541294,-1.2191947193878672,0.681291583813473,0.6582718189721298,0.010553540802670241,-1.607548151909109,-0.6841423458248278,-0.6831906184550289,1.4436385685769693,-0.6525136639846563,-0.6514128533997506,2.454909641999338,0.8787878787878787,0.0,0.0,0.0,0.5161010012142222,0.13235359451328804,0.5754412431992469,-1.3381483608752753,1.4038739673976963,2.275116327308437,-2.4492935982947064e-16,1.0,-0.2588190451025208,-0.9659258262890683,-2.4492935982947064e-16,1.0
0.5768891912594423,-0.5096459418126703,-1.3771956144735429,0.23300870538887822,0.6582718189721298,-0.15123223970226915,-0.5830408981039622,-0.6841423458248278,-0.6831906184550289,1.1260481387770598,-0.6525136639846563,-0.6514128533997506,2.311422207255125,0.8787878787878787,0.0,0.0,0.0,0.3845452551094506,0.03926536272533828,0.5774009070078058,-0.3672908646057651,1.0902625793105083,2.1212855013949183,-2.4492935982947064e-16,1.0,-0.4999999999999997,-0.8660254037844388,-2.4492935982947064e-16,1.0
0.3569875535567453,-0.6412389163541294,-1.6668639221306147,0.1011607999698797,0.6582718189721298,0.11841072780596318,-0.8526480701579482,-0.6841423458248278,-0.6831906184550289,0.6264241699454948,-0.6525136639846563,-0.6514128533997506,2.0825255851631663,0.0,0.0,0.0,0.0,0.3845452551094506,0.011059494372024548,0.6074760610880374,-0.47516391974682176,0.5791921690943499,1.8375530891544287,-2.4492935982947064e-16,1.0,-0.7071067811865471,-0.7071067811865479,-2.4492935982947064e-16,1.0
0.8477032041004396,-0.9307434603453393,-1.8248648172162902,-0.05705668653291797,0.9819013123125355,0.11841072780596318,-0.8526480701579482,-0.6841423458248278,-0.6831906184550289,-0.016502797698224544,-0.6525136639846563,-0.6514128533997506,1.5290740511497742,0.0,0.0,0.8787878787878787,0.8787878787878787,-0.06274428164677277,0.0,0.651170212782304,0.010264828387933323,-0.05964584367584808,1.2188113227022768,-2.4492935982947064e-16,1.0,-0.8660254037844385,-0.5000000000000004,-2.4492935982947064e-16,1.0
0.9405125773805544,-1.2202480043365496,-2.114533124873362,-0.5053395649575132,1.1437160589827384,0.441982288815842,-0.529119463693165,-0.6841423458248278,-0.6831906184550289,-0.53161898261759,-0.6525136639846563,-0.6514128533997506,0.07028513125027729,0.0,0.0,0.8787878787878787,0.8787878787878787,-0.3521669230772707,0.0,0.693547353616417,0.3338839938111034,-0.5513575262323035,-0.17250303611554568,-2.4492935982947064e-16,1.0,-0.9659258262890683,-0.25881904510252063,-2.4492935982947064e-16,1.0
0.9656655214180159,-1.3781595737863004,-2.2462005374447584,-0.5053395649575132,-0.5823079054994255,0.2801965083109026,-0.259512291639179,-0.6841423458248278,-0.6831906184550289,-0.6826680894736445,-0.6525136639846563,-0.6514128533997506,-0.6505684099646967,0.0,0.0,0.8787878787878787,0.8787878787878787,-0.5100338184029966,0.0,0.6930652230510757,0.4956935765226884,-0.6829968743182837,-0.651087827846492,-2.4492935982947064e-16,1.0,-1.0,-1.8369701987210297e-16,-2.4492935982947064e-16,1.0
0.7537440109774758,-1.2202480043365496,-1.9565322297876868,-0.5053395649575132,0.01101283229131838,-0.47480380071214795,0.3336234868795902,-0.6841423458248278,-0.6599862688915447,-0.6826680894736445,-0.6525136639846563,-0.5796950403724561,-0.6505684099646967,0.0,0.0,0.8787878787878787,0.8787878787878787,-0.6415895645077683,0.0,0.697054106952878,0.6575031592342735,-0.6829968743182837,-0.651087827846492,-2.4492935982947064e-16,1.0,-0.9659258262890684,0.2588190451025203,-2.4492935982947064e-16,1.0
0.7959327201295702,-1.3781595737863004,-1.6668639221306147,-0.3471220784547151,-0.15080191437888446,-0.9601611422269661,0.1718591836471986,-0.6841423458248278,-0.3892688573175611,-0.6826680894736445,-0.6525136639846563,0.8751520238955193,-0.6505684099646967,0.0,0.0,0.8787878787878787,0.8787878787878787,-0.5100338184029966,0.0,0.6623004476033991,0.6575031592342735,-0.6829968743182837,-0.651087827846492,-2.4492935982947064e-16,1.0,-0.8660254037844386,0.5000000000000001,-2.4492935982947064e-16,1.0
0.7786739929343656,-1.6676641177775104,-1.0875273068164708,-0.5053395649575132,0.11888933007145361,-1.3376612967384915,0.3336234868795902,-0.6841423458248278,0.2759224968356555,-0.6826680894736445,-0.6525136639846563,1.8587106025555589,-0.6505684099646967,0.0,0.0,0.0,0.0,-0.6415895645077683,0.0,0.5561405522512904,0.6575031592342735,-0.6829968743182837,-0.651087827846492,-2.4492935982947064e-16,1.0,-0.7071067811865477,0.7071067811865474,-2.4492935982947064e-16,1.0
0.7373777155952244,-1.8255756872272613,-0.5081906915023265,-0.6371874703765118,0.11888933007145361,-1.607304264246724,0.3336234868795902,-0.6841423458248278,0.8831029770801614,-0.6826680894736445,-0.6525136639846563,2.2514510072288387,-0.6505684099646967,0.0,0.0,0.0,0.0,-0.9310122059382657,0.0,0.4731864876212094,0.9811223246574435,-0.6829968743182837,-0.651087827846492,-2.4492935982947064e-16,1.0,-0.5000000000000004,0.8660254037844384,-2.4492935982947064e-16,1.0
0.6604770780458679,-2.115080231218471,-0.06052148875957856,-1.2173182542201055,0.44251882341185933,-1.7151614512500166,0.279702052468793,-0.6841423458248278,1.3085160524107067,-0.6826680894736445,-0.6525136639846563,2.4187925709591926,-0.6505684099646967,0.0,0.0,0.0,0.0,-1.2204348473687636,0.0,0.40564661811760916,1.1429319073690285,-0.6829968743182837,-0.651087827846492,-2.4492935982947064e-16,1.0,-0.25881904510252157,0.9659258262890681,-2.4492935982947064e-16,1.0
0.5285795963695878,-2.2466732057599303,0.38714771398316894,-1.085470348801107,0.2807040767416565,-1.9308758252566025,0.010094880414807005,-0.6841423458248278,1.5018856321064094,-0.6826680894736445,-0.6525136639846563,2.480264982125445,-0.6505684099646967,0.0,0.0,0.0,0.0,-1.3783017426944895,0.0,0.377347198082828,-0.5830369748878784,-0.6829968743182837,-0.651087827846492,-2.4492935982947064e-16,1.0,-2.4492935982947064e-16,1.0,-2.4492935982947064e-16,1.0
0.4751673069550513,-1.9571686617687203,0.6768160216402405,-1.3755357407229036,-0.47443140771929015,-1.607304264246724,-0.6908837669255565,-0.660964960277692,1.4400073666037845,-0.6826680894736445,-0.5808512947278406,2.4529439104959994,-0.6505684099646967,0.0,0.0,0.0,0.0,-1.2204348473687636,0.0,0.3497697190146343,0.010264828387933323,-0.6829968743182837,-0.651087827846492,-2.4492935982947064e-16,1.0,0.25881904510252074,0.9659258262890683,0.7818314824680298,0.6234898018587336
0.47549337526869506,-1.6676641177775104,0.22914681889749292,-1.5073836461419021,-0.9598756477298988,-0.582660987715441,-0.9065695045687454,-0.3905621288944418,1.1228812559028323,-0.6826680894736445,0.8728710530532755,2.3095082844414105,-0.6505684099646967,0.0,0.0,0.0,0.0,-1.3783017426944895,0.0,0.33789126754650756,-0.15154475432365172,-0.6829968743182837,-0.651087827846492,-2.4492935982947064e-16,1.0,0.49999999999999994,0.8660254037844387,0.7818314824680298,0.6234898018587336
0.4756993131509964,-1.0886550297950905,0.09747940632609654,-1.5073836461419021,-1.3374433899603722,-0.8523039552236732,-0.9065695045687454,0.27385625679011577,0.62398774028792,-0.6826680894736445,1.8556692600038893,2.080694309544804,-0.6505684099646967,0.0,0.0,0.0,0.0,-1.6677243841249871,0.0,0.3114896892027492,0.11813788352899002,-0.6829968743182837,-0.651087827846492,-2.4492935982947064e-16,1.0,0.7071067811865476,0.7071067811865476,0.7818314824680298,0.6234898018587336
0.4721812076616819,-0.5096459418126703,-0.06052148875957856,-1.8238186191474985,-1.60713463441071,-0.8523039552236732,-0.6908837669255565,0.8803311786068341,-0.01799926430181232,-0.6826680894736445,2.248106044029308,1.5274426090485316,-0.6505684099646967,0.0,0.8787878787878787,0.0,0.0,-1.825591279450713,0.0,0.3110665636741944,0.11813788352899002,-0.6829968743182837,-0.651087827846492,-2.4492935982947064e-16,1.0,0.8660254037844386,0.5000000000000001,0.7818314824680298,0.6234898018587336
0.4689720089958195,-0.06222982837170911,-0.5081906915023265,-1.8238186191474985,-1.7150111321908454,-0.5287323942137945,-0.8526480701579482,1.3052499136376559,-0.532362346292381,-0.6826680894736445,2.4153182389618775,0.06918041082687561,-0.6505684099646967,0.0,0.8787878787878787,0.0,0.0,-2.11501392088121,0.0,0.36951632823539027,0.44175704895216006,-0.6829968743182837,-0.651087827846492,-2.4492935982947064e-16,1.0,0.9659258262890683,0.25881904510252074,0.7818314824680298,0.6234898018587336
0.5073508330023586,0.3851862850692516,-0.5081906915023265,-1.8238186191474985,-1.9307641277511158,-0.2590894267055621,-0.8526480701579482,1.4983947931971202,-0.6831906184550289,-0.6826680894736445,2.476743126896291,-0.6514128533997506,-0.6505684099646967,0.0,0.8787878787878787,0.0,0.0,-2.246569666985982,0.0,0.410788609999602,0.27994746624057504,-0.6829968743182837,-0.651087827846492,-2.4492935982947064e-16,1.0,1.0,6.123233995736766e-17,0.7818314824680298,0.6234898018587336
0.4372461455689464,0.6746908290604611,-0.5081906915023265,-1.955666524566497,-1.60713463441071,0.33412510181254906,-0.6908837669255565,1.4365884317380917,-0.6831906184550289,-0.6787950354516944,2.4494431767032183,-0.6514128533997506,-0.6505684099646967,0.0,0.8787878787878787,0.0,0.0,-1.9571470255554846,0.02572233366201153,0.5043715715166911,-0.47516391974682176,-0.6597664011266401,-0.57930010908685,-2.4492935982947064e-16,1.0,0.9659258262890683,-0.25881904510252063,0.7818314824680298,0.6234898018587336
0.34756589544145927,0.22727471561950033,-0.350189796416651,-1.5073836461419021,-0.5823079054994255,0.17233932130760965,-1.068333807801137,1.1198308292605699,-0.6831906184550289,-0.48514233435418863,2.3061184381895874,-0.6514128533997506,-0.4353372578483774,0.0,0.8787878787878787,0.0,0.0,-1.6677243841249871,0.1463733825797151,0.5259870321065765,-0.9605926678815769,-0.38874421389079855,0.876965042894458,-2.4492935982947064e-16,1.0,0.8660254037844387,-0.4999999999999998,0.7818314824680298,0.6234898018587336
0.19504030255466223,0.09568174107804124,-0.5081906915023265,-0.7954049568793099,-0.8519991499497634,0.33412510181254906,-1.607548151909109,0.6215170399971518,-0.6831906184550289,0.11905409307002952,2.0774813553226044,-0.6514128533997506,0.44608555558035845,0.0,0.0,0.0,0.0,-1.088879101263992,0.22214337883738178,0.5126803206985212,-1.3381483608752753,0.27719601760298357,1.861482328740976,-2.4492935982947064e-16,1.0,0.7071067811865476,-0.7071067811865475,0.7818314824680298,0.6234898018587336
0.1936959743819795,-0.06222982837170911,-0.6398581040737229,-0.3471220784547151,-0.8519991499497634,0.33412510181254906,-1.6614695863199063,-0.01972396014027013,-0.6831906184550289,0.2817223619919344,1.524657363912884,-0.6514128533997506,0.0600360287685478,0.8787878787878787,0.0,0.0,0.0,-0.5100338184029966,0.16477815073386348,0.5307579376244029,-1.607830998727917,0.8850600661176569,2.2546055505199676,-2.4492935982947064e-16,1.0,0.49999999999999994,-0.8660254037844387,0.7818314824680298,0.6234898018587336
0.19323834608452553,-0.5096459418126703,-1.2191947193878672,0.23300870538887822,-0.5283696566093578,0.2801965083109026,-1.8232338895522977,-0.5334893397684455,-0.6831906184550289,0.8781726813722524,0.0675225223576337,-0.6514128533997506,0.8116368774287102,0.8787878787878787,0.0,0.0,0.0,-0.06274428164677277,0.17521675677643325,0.5240658342551588,-1.7157040538689736,1.310952074631122,2.4221102276257986,-2.4492935982947064e-16,1.0,0.258819045102521,-0.9659258262890682,0.7818314824680298,0.6234898018587336
0.1922544229350623,-0.5096459418126703,-1.0875273068164708,0.5230740973106753,-0.2586784121590197,0.010553540802670241,-1.7153910207307033,-0.6841423458248278,-0.6831906184550289,0.8162038170210505,-0.6525136639846563,-0.6514128533997506,0.42900371811080934,0.8787878787878787,0.0,0.0,0.0,0.3845452551094506,0.1740138031004742,0.5129998800947994,-1.931450164151087,1.504539351228152,2.4836425579912063,-2.4492935982947064e-16,1.0,1.2246467991473532e-16,-1.0,0.7818314824680298,0.6234898018587336
0.1926262472138554,-0.5096459418126703,-1.3771956144735429,0.8131394892324716,0.3346423256317241,-0.6905181747187339,-1.607548151909109,-0.6841423458248278,-0.6831906184550289,1.13379424682096,-0.6525136639846563,-0.6514128533997506,0.9961207220998408,0.8787878787878787,0.0,0.0,0.0,0.6739678965399476,0.18530611562830754,0.5023690368610917,-1.607830998727917,1.4425914227171024,2.456294855606581,-2.4492935982947064e-16,1.0,-0.2588190451025208,-0.9659258262890683,0.7818314824680298,0.6234898018587336
0.1938618745076634,-0.3517343723629195,-1.5088630270449392,0.39122619189167684,0.17282757896152123,-0.9062325487253197,-1.2840195454443257,-0.6841423458248278,-0.6831906184550289,0.8897918434381027,-0.6525136639846563,-0.6514128533997506,1.091779011929316,0.8787878787878787,0.0,0.0,0.0,0.22667835978372425,0.150969023251002,0.4872545279066932,-0.5830369748878784,1.1251082890979736,2.3127194180872968,-2.4492935982947064e-16,1.0,-0.4999999999999997,-0.8660254037844388,0.7818314824680298,0.6234898018587336
0.19116180577132041,-0.5096459418126703,-1.5088630270449392,0.23300870538887822,0.3346423256317241,-0.9062325487253197,-1.3918624142659202,-0.6841423458248278,-0.6831906184550289,0.36692955047483694,-0.6525136639846563,-0.6514128533997506,0.873131492319087,0.0,0.0,0.0,0.0,0.09512261367895261,0.05090139435976298,0.48949216075573965,-0.8527196127405202,0.625653115477637,2.083682410616058,-2.4492935982947064e-16,1.0,-0.7071067811865471,-0.7071067811865479,0.7818314824680298,0.6234898018587336
0.4294319355939634,-0.6412389163541294,-1.8248648172162902,0.1011607999698797,0.3346423256317241,-0.6905181747187339,-0.259512291639179,-0.6841423458248278,-0.6831906184550289,-0.18691717466402966,-0.6525136639846563,-0.6514128533997506,0.1659434210797525,0.0,0.0,0.8787878787878787,0.8787878787878787,-0.06274428164677277,0.0,0.5637137872592861,-0.8527196127405202,-0.017056642824501547,1.529891437327392,-2.4492935982947064e-16,1.0,-0.8660254037844385,-0.5000000000000004,0.7818314824680298,0.6234898018587336
0.7306504114400474,-1.2202480043365496,-1.8248648172162902,-0.5053395649575132,0.2807040767416565,-0.8523039552236732,0.1718591836471986,-0.6841423458248278,-0.6831906184550289,-0.597460900990742,-0.6525136639846563,-0.6514128533997506,-0.5788246925925902,0.0,0.0,0.8787878787878787,0.8787878787878787,-0.5100338184029966,0.0,0.6190183579932899,-0.5291004473173502,-0.5319987985726006,0.07020782254800564,-2.4492935982947064e-16,1.0,-0.9659258262890683,-0.25881904510252063,0.7818314824680298,0.6234898018587336
0.701655112717588,-1.0886550297950905,-1.8248648172162902,-0.3471220784547151,0.01101283229131838,-0.8523039552236732,0.010094880414807005,-0.6841423458248278,-0.6831906184550289,-0.6826680894736445,-0.6525136639846563,-0.6514128533997506,-0.6505684099646967,0.0,0.0,0.8787878787878787,0.8787878787878787,-0.5100338184029966,0.0,0.6074237146057492,-0.2594178094647084,-0.6829968743182837,-0.651087827846492,-2.4492935982947064e-16,1.0,-1.0,-1.8369701987210297e-16,0.7818314824680298,0.6234898018587336
0.6726598139951286,-1.3781595737863004,-1.9565322297876868,-0.7954049568793099,-0.6901844032795607,-0.6905181747187339,0.1718591836471986,-0.6841423458248278,-0.6793232268611149,-0.6826680894736445,-0.6525136639846563,-0.6514128533997506,-0.6505684099646967,0.0,0.0,0.8787878787878787,0.8787878787878787,-0.5100338184029966,0.0,0.5721338879601912,0.3338839938111034,-0.6829968743182837,-0.651087827846492,-2.4492935982947064e-16,1.0,-0.9659258262890684,0.2588190451025203,0.7818314824680298,0.6234898018587336
0.6436645152726693,-1.5097525483277596,-1.5088630270449392,-0.6371874703765118,-0.9059373988398312,-1.0680183292302592,0.3336234868795902,-0.6841423458248278,-0.4859536471654124,-0.6826680894736445,-0.6525136639846563,-0.436259414317867,-0.6505684099646967,0.0,0.0,0.8787878787878787,0.8787878787878787,-0.3521669230772707,0.0,0.5473857823573608,0.17207441109951835,-0.6829968743182837,-0.651087827846492,-2.4492935982947064e-16,1.0,-0.8660254037844386,0.5000000000000001,0.7818314824680298,0.6234898018587336
0.8860190797609554,-1.5097525483277596,-0.7978589991593985,-0.5053395649575132,-0.9059373988398312,-1.607304264246724,0.3336234868795902,-0.6841423458248278,0.11735944148517943,-0.6826680894736445,-0.6525136639846563,0.4448451457317519,-0.6505684099646967,0.0,0.0,0.0,0.0,-0.5100338184029966,0.0,0.5152421227123447,0.3338839938111034,-0.6829968743182837,-0.651087827846492,-2.4492935982947064e-16,1.0,-0.7071067811865477,0.7071067811865474,0.7818314824680298,0.6234898018587336
0.7290944134473393,-1.8255756872272613,-0.350189796416651,-0.9272528622983084,-0.6901844032795607,-1.6612328577483704,0.6032306589335762,-0.6841423458248278,0.27978988842956953,-0.6826680894736445,-0.6525136639846563,0.05893500896583353,-0.6505684099646967,0.0,0.0,0.0,0.0,-0.6415895645077683,0.0,0.43599753879337866,0.3338839938111034,-0.6829968743182837,-0.651087827846492,-2.4492935982947064e-16,1.0,-0.5000000000000004,0.8660254037844384,0.7818314824680298,0.6234898018587336
0.7077226605438321,-1.8255756872272613,0.22914681889749292,-0.7954049568793099,-0.8519991499497634,-1.8230186382533096,0.3336234868795902,-0.6841423458248278,0.8753681938923332,-0.6826680894736445,-0.6525136639846563,0.810264478775586,-0.6505684099646967,0.0,0.0,0.0,0.0,-1.2204348473687636,0.0,0.3642022895490862,0.27994746624057504,-0.6829968743182837,-0.651087827846492,-2.4492935982947064e-16,1.0,-0.25881904510252157,0.9659258262890681,0.7818314824680298,0.6234898018587336
0.6601395801797564,-1.8255756872272613,0.5188151265545653,-1.085470348801107,-0.8519991499497634,-1.7151614512500166,1.1424450030415483,-0.6841423458248278,0.8134899283897085,-0.6826680894736445,-0.6525136639846563,0.4277694759633484,-0.6505684099646967,0.0,0.0,0.0,0.0,-1.088879101263992,0.0,0.38289807643067875,0.010264828387933323,-0.6829968743182837,-0.651087827846492,-2.4492935982947064e-16,1.0,-2.4492935982947064e-16,1.0,0.7818314824680298,0.6234898018587336
0.4798066412445553,-1.9571686617687203,0.8084834342116368,-1.3755357407229036,-0.6901844032795607,-1.607304264246724,0.1179377492364014,-0.6802794482336385,1.1306160390906606,-0.6826680894736445,-0.6525136639846563,0.9946817122743435,-0.6505684099646967,0.0,0.0,0.0,0.0,-1.3783017426944895,0.0,0.38010834697440654,-0.6909100300289351,-0.6829968743182837,-0.651087827846492,-2.4492935982947064e-16,1.0,0.25881904510252074,0.9659258262890683,0.9749279121818236,-0.22252093395631434
0.47681481001346193,-1.5097525483277596,0.38714771398316894,-1.5073836461419021,-1.067752145510034,-1.283732703236845,0.279702052468793,-0.48713456867417404,0.8869703686740754,-0.6826680894736445,-0.43752655621420944,1.090305462977403,-0.6505684099646967,0.0,0.0,0.0,0.0,-1.509857488799261,0.0,0.3611304422606775,-0.9066561403110486,-0.6829968743182837,-0.651087827846492,-2.4492935982947064e-16,1.0,0.49999999999999994,0.8660254037844387,0.9749279121818236,-0.22252093395631434
0.47584233701025463,-0.7991504858038802,0.22914681889749292,-1.6656011326447004,-1.60713463441071,-1.391589890240138,-0.15166942281758458,0.11547745555135497,0.3648725034956786,-0.6826680894736445,0.442896837512382,0.8717368899418385,-0.6505684099646967,0.0,0.0,0.0,0.0,-1.509857488799261,0.0,0.37177854651643116,-0.9066561403110486,-0.6829968743182837,-0.651087827846492,-2.4492935982947064e-16,1.0,0.7071067811865476,0.7071067811865476,0.9749279121818236,-0.22252093395631434
0.47323948811584815,-0.3517343723629195,0.09747940632609654,-1.5073836461419021,-1.6610728833007777,-0.2590894267055621,-0.3134337260499762,0.27771915438130507,-0.18816449443403052,-0.6826680894736445,0.05728504103523147,0.16480416152993502,-0.6505684099646967,0.0,0.8787878787878787,0.0,0.0,-1.825591279450713,0.0,0.4056925621436488,-0.6909100300289351,-0.6829968743182837,-0.651087827846492,-2.4492935982947064e-16,1.0,0.8660254037844386,0.5000000000000001,0.9749279121818236,-0.22252093395631434
0.4708826663448309,0.22727471561950033,-0.5081906915023265,-1.955666524566497,-1.8228876299709806,0.17233932130760965,0.279702052468793,0.8726053834244555,-0.5981080033889198,-0.6826680894736445,0.808033671344728,-0.5796950403724561,-0.6505684099646967,0.0,0.8787878787878787,0.0,0.0,-1.825591279450713,0.0,0.442518773410261,-0.8527196127405202,-0.6829968743182837,-0.651087827846492,-2.4492935982947064e-16,1.0,0.9659258262890683,0.25881904510252074,0.9749279121818236,-0.22252093395631434
0.5160631380820577,0.5167792596107107,-0.350189796416651,-1.6656011326447004,-1.7150111321908454,0.010553540802670241,-0.3134337260499762,0.8107990219654269,-0.6831906184550289,-0.6826680894736445,0.42583436864171165,-0.6514128533997506,-0.6505684099646967,0.0,0.8787878787878787,0.0,0.0,-1.825591279450713,0.0,0.5006740762036732,-0.8527196127405202,-0.6829968743182837,-0.651087827846492,-2.4492935982947064e-16,1.0,1.0,6.123233995736766e-17,0.9749279121818236,-0.22252093395631434
0.33478059897777696,0.8062838036019201,-0.7978589991593985,-1.5073836461419021,-1.60713463441071,0.17233932130760965,-0.6908837669255565,1.1275566244429485,-0.6831906184550289,-0.6787950354516944,0.9923083351479682,-0.6514128533997506,-0.6505684099646967,0.0,0.8787878787878787,0.0,0.0,-1.9571470255554846,0.03634942541985233,0.5636767042326944,-0.6909100300289351,-0.6791251287863431,-0.651087827846492,-2.4492935982947064e-16,1.0,0.9659258262890683,-0.25881904510252063,0.9749279121818236,-0.22252093395631434
0.1929351711987976,0.3851862850692516,-0.6398581040737229,-1.5073836461419021,-1.2835051410703044,0.33412510181254906,-0.4212765948715706,0.8841940761980234,-0.6831906184550289,-0.5703495228370912,1.0878581608237223,-0.6514128533997506,-0.5514937526413116,0.0,0.8787878787878787,0.0,0.0,-1.509857488799261,0.11458079746611252,0.5799737724660268,-1.0684657230226335,-0.4855378521893134,-0.4357246715675661,-2.4492935982947064e-16,1.0,0.8660254037844387,-0.4999999999999998,0.9749279121818236,-0.22252093395631434
0.5587151731463496,0.22727471561950033,-0.5081906915023265,-0.9272528622983084,-1.3913816388504396,0.33412510181254906,-1.0144123733903398,0.3627029013874694,-0.6831906184550289,-0.26825130912498213,0.8694585592791414,-0.6514128533997506,-0.49683187273875434,0.0,0.0,0.0,0.0,-0.7994564598334941,0.22978802065904236,0.5960146912297667,-1.607830998727917,0.11845445079341924,0.44623873033660627,-2.4492935982947064e-16,1.0,0.7071067811865476,-0.7071067811865475,0.9749279121818236,-0.22252093395631434
0.404599259286461,0.09568174107804124,-0.9295264117307949,-0.18890459195191697,-0.2586784121590197,0.6037680693207814,-1.4997052830875146,-0.18969145415259883,-0.6831906184550289,0.43664452286993904,0.16307234803338783,-0.6514128533997506,0.5519929478915632,0.8787878787878787,0.0,0.0,0.0,-0.3521669230772707,0.3459376577932069,0.581981275427675,-1.6617675262984453,0.2810677631349242,0.05995243415377108,-2.4492935982947064e-16,1.0,0.49999999999999994,-0.8660254037844387,0.9749279121818236,-0.22252093395631434
0.7950345907018737,-0.5096459418126703,-0.7978589991593985,0.1011607999698797,0.17282757896152123,0.33412510181254906,-1.1761766766227313,-0.5991585988186634,-0.6831906184550289,1.0911906525795088,-0.5808512947278406,-0.6514128533997506,1.313842899033455,0.8787878787878787,0.0,0.0,0.0,0.22667835978372425,0.36316718586751884,0.5822410614924166,-1.8235771090100303,0.8773165750537757,0.8120142497309724,-2.4492935982947064e-16,1.0,0.258819045102521,-0.9659258262890682,0.9749279121818236,-0.22252093395631434
0.3665465035935655,-0.3517343723629195,-1.0875273068164708,0.23300870538887822,0.01101283229131838,1.1430540043372461,-0.8526480701579482,-0.6841423458248278,-0.6831906184550289,1.036967896272207,-0.6525136639846563,-0.6514128533997506,0.8423841848738987,0.8787878787878787,0.0,0.0,0.0,0.5161010012142222,0.5466660903090171,0.5636686115279963,-1.7157040538689736,0.8153686465427261,0.42914641634621536,-2.4492935982947064e-16,1.0,1.2246467991473532e-16,-1.0,0.9749279121818236,-0.22252093395631434
0.20852351563686766,-0.7991504858038802,-1.3771956144735429,0.5230740973106753,0.17282757896152123,0.11841072780596318,-0.9604909389795426,-0.6841423458248278,-0.6831906184550289,1.2267475433477628,-0.6525136639846563,-0.6514128533997506,1.5974014010279707,0.8787878787878787,0.0,0.0,0.0,0.8055236426447192,0.49664613598762264,0.5618655261894521,-1.607830998727917,1.132851780161855,0.9966112408271945,-2.4492935982947064e-16,1.0,-0.2588190451025208,-0.9659258262890683,0.9749279121818236,-0.22252093395631434
0.26450429664244685,-0.6412389163541294,-1.5088630270449392,0.39122619189167684,0.3346423256317241,0.2801965083109026,-0.8526480701579482,-0.6841423458248278,-0.6831906184550289,0.7774732768015493,-0.6525136639846563,-0.6514128533997506,0.5895729903245713,0.8787878787878787,0.0,0.0,0.0,0.3845452551094506,0.4690278943265546,0.5488265398918865,-1.284211833304747,0.8889318116495974,1.0923281991733838,-2.4492935982947064e-16,1.0,-0.4999999999999997,-0.8660254037844388,0.9749279121818236,-0.22252093395631434
0.3992220152416908,-0.5096459418126703,-1.6668639221306147,0.23300870538887822,0.3346423256317241,-0.15123223970226915,-0.09774798840678739,-0.6841423458248278,-0.6831906184550289,0.12680020111392976,-0.6525136639846563,-0.6514128533997506,0.056619661274637974,0.0,0.0,0.0,0.0,0.22667835978372425,0.2563252724154697,0.5806295376448292,-1.3920848884458037,0.36624616483761724,0.8735465800963798,-2.4492935982947064e-16,1.0,-0.7071067811865471,-0.7071067811865479,0.9749279121818236,-0.22252093395631434
0.3397517197894567,-0.9307434603453393,-1.5088630270449392,-0.05705668653291797,0.6043335700820621,-0.3130180202072086,0.1718591836471986,-0.6841423458248278,-0.6831906184550289,-0.3108549033664334,-0.6525136639846563,-0.6514128533997506,-0.46608456529356584,0.0,0.0,0.8787878787878787,0.8787878787878787,0.09512261367895261,0.012528550458914801,0.6444746776965107,-0.2594178094647084,-0.18741344622988768,0.16592478089419488,-2.4492935982947064e-16,1.0,-0.8660254037844385,-0.5000000000000004,0.9749279121818236,-0.22252093395631434
0.6052285091808112,-0.7991504858038802,-1.9565322297876868,-0.3471220784547151,0.3346423256317241,0.2801965083109026,0.4953877901119818,-0.6841423458248278,-0.6831906184550289,-0.5509842527273406,-0.6525136639846563,-0.6514128533997506,-0.47633366777529534,0.0,0.0,0.8787878787878787,0.8787878787878787,-0.5100338184029966,0.0,0.7069532262668501,0.17207441109951835,-0.5978184726155906,-0.57930010908685,-2.4492935982947064e-16,1.0,-0.9659258262890683,-0.25881904510252063,0.9749279121818236,-0.22252093395631434
0.6036382225306998,-1.0886550297950905,-1.6668639221306147,-0.5053395649575132,1.1437160589827384,-0.3130180202072086,0.6571520933443734,-0.6841423458248278,-0.6831906184550289,-0.6826680894736445,-0.6525136639846563,-0.6514128533997506,-0.6505684099646967,0.0,0.0,0.8787878787878787,0.8787878787878787,-0.3521669230772707,0.0,0.7329631279471465,0.010264828387933323,-0.6829968743182837,-0.651087827846492,-2.4492935982947064e-16,1.0,-1.0,-1.8369701987210297e-16,0.9749279121818236,-0.22252093395631434
0.6135117770057157,-1.3781595737863004,-1.5088630270449392,-0.6371874703765118,0.11888933007145361,-0.6905181747187339,0.9806806998091566,-0.6841423458248278,-0.6793232268611149,-0.6826680894736445,-0.6525136639846563,-0.6514128533997506,-0.6505684099646967,0.0,0.0,0.8787878787878787,0.8787878787878787,-0.7994564598334941,0.0,0.7342824949111997,0.17207441109951835,-0.6829968743182837,-0.651087827846492,-2.4492935982947064e-16,1.0,-0.9659258262890684,0.2588190451025203,0.9749279121818236,-0.22252093395631434
0.661472444476991,-1.5097525483277596,-1.5088630270449392,-0.6371874703765118,0.2807040767416565,-0.4208752072105015,0.818916396576765,-0.6841423458248278,-0.5710362622315215,-0.6826680894736445,-0.6525136639846563,-0.5523739687430106,-0.6505684099646967,0.0,0.0,0.8787878787878787,0.8787878787878787,-0.6415895645077683,0.0,0.7019206395572326,0.3338839938111034,-0.6829968743182837,-0.651087827846492,-2.4492935982947064e-16,1.0,-0.8660254037844386,0.5000000000000001,0.9749279121818236,-0.22252093395631434
0.7262399084607604,-1.6676641177775104,-0.9295264117307949,-0.6371874703765118,-0.15080191437888446,-1.0140897357286127,0.9806806998091566,-0.6841423458248278,-0.26937971790622556,-0.6826680894736445,-0.6525136639846563,-0.4977318254841195,-0.6505684099646967,0.0,0.0,0.0,0.0,-0.5100338184029966,0.0,0.664576443970287,0.3338839938111034,-0.6829968743182837,-0.651087827846492,-2.4492935982947064e-16,1.0,-0.7071067811865477,0.7071067811865474,0.9749279121818236,-0.22252093395631434
0.7455751759691699,-1.5097525483277596,-0.1921889013309754,-0.7954049568793099,-0.3126166610490873,-1.499447077243431,1.1424450030415483,-0.6841423458248278,0.43448555218613155,-0.6826680894736445,-0.6525136639846563,0.5507142982958534,-0.6505684099646967,0.0,0.0,0.0,0.0,-0.9310122059382657,0.0,0.6148670565813741,0.6035666316637451,-0.6829968743182837,-0.651087827846492,-2.4492935982947064e-16,1.0,-0.5000000000000004,0.8660254037844384,0.9749279121818236,-0.22252093395631434
0.5584863418361324,-1.9571686617687203,0.09747940632609654,-0.9272528622983084,0.2807040767416565,-1.1758755162335521,1.1424450030415483,-0.6841423458248278,1.0880747315576058,-0.6826680894736445,-0.6525136639846563,1.312289169966648,-0.6505684099646967,0.0,0.0,0.0,0.0,-0.7994564598334941,0.0,0.5587853300980952,0.3338839938111034,-0.6829968743182837,-0.651087827846492,-2.4492935982947064e-16,1.0,-0.25881904510252157,0.9659258262890681,0.9749279121818236,-0.22252093395631434
0.6160145057663434,-1.6676641177775104,0.22914681889749292,-0.7954049568793099,-0.3126166610490873,-0.8523039552236732,1.1424450030415483,-0.6841423458248278,1.0339312492428092,-0.6826680894736445,-0.6525136639846563,0.8410006843587123,-0.6505684099646967,0.0,0.0,0.0,0.0,-1.088879101263992,0.0,0.43598073874818244,1.1429319073690285,-0.6829968743182837,-0.651087827846492,-2.4492935982947064e-16,1.0,-2.4492935982947064e-16,1.0,0.9749279121818236,-0.22252093395631434
0.4796178305294654,-1.5097525483277596,0.5188151265545653,-1.085470348801107,-0.6901844032795607,-0.9601611422269661,0.7649949621659677,-0.6802794482336385,1.2234334373445976,-0.6826680894736445,-0.6525136639846563,1.5957452881221454,-0.6505684099646967,0.0,0.0,0.0,0.0,-1.3783017426944895,0.0,0.44998695691613033,0.11813788352899002,-0.6829968743182837,-0.651087827846492,-2.4492935982947064e-16,1.0,0.25881904510252074,0.9659258262890683,0.43388373911755823,-0.900968867902419
0.4750986609942842,-1.5097525483277596,0.38714771398316894,-1.3755357407229036,-0.42049315882922256,-0.8523039552236732,0.6032306589335762,-0.5721183156803384,0.774816012450568,-0.6826680894736445,-0.5535513445347681,0.588280771786341,-0.6505684099646967,0.0,0.0,0.0,0.0,-1.509857488799261,0.0,0.42092605434497044,0.27994746624057504,-0.6829968743182837,-0.651087827846492,-2.4492935982947064e-16,1.0,0.49999999999999994,0.8660254037844387,0.43388373911755823,-0.900968867902419
0.4743950398964213,-0.9307434603453393,0.22914681889749292,-1.6656011326447004,-1.0138138966199663,-0.09730364620062269,0.7649949621659677,-0.2708123035675739,0.12509422467300754,-0.6826680894736445,-0.4989514441486228,0.05551987501215284,-0.6505684099646967,0.0,0.0,0.0,0.0,-1.6677243841249871,0.0,0.40281683489504594,-0.15154475432365172,-0.6829968743182837,-0.651087827846492,-2.4492935982947064e-16,1.0,0.7071067811865476,0.7071067811865476,0.43388373911755823,-0.900968867902419
0.47220979870434143,-0.19382280291316867,-0.06052148875957856,-1.6656011326447004,-1.4992581366305748,0.17233932130760965,0.1179377492364014,0.43223505802887663,-0.31192102543928013,-0.6826680894736445,0.5486841445105384,-0.46699561990099325,-0.6505684099646967,0.0,0.8787878787878787,0.0,0.0,-1.509857488799261,0.0,0.4116321976349121,-0.31335433703523674,-0.6829968743182837,-0.651087827846492,-2.4492935982947064e-16,1.0,0.8660254037844386,0.5000000000000001,0.43388373911755823,-0.900968867902419
0.46810247061078253,0.09568174107804124,-0.350189796416651,-1.6656011326447004,-1.1756286432901693,0.4959108823174885,-0.04382655399599019,1.0850647509398663,-0.5516993042619512,-0.6826680894736445,1.3096702561424372,-0.4772410217620353,-0.6505684099646967,0.0,0.8787878787878787,0.0,0.0,-1.9571470255554846,0.0,0.4847216137754633,0.27994746624057504,-0.6829968743182837,-0.651087827846492,-2.4492935982947064e-16,1.0,0.9659258262890683,0.25881904510252074,0.43388373911755823,-0.900968867902419
0.5044162181795646,0.22727471561950033,-0.5081906915023265,-1.5073836461419021,-0.8519991499497634,0.6576966628224279,0.010094880414807005,1.0309841846632164,-0.6831906184550289,-0.6826680894736445,0.8387461153119348,-0.6514128533997506,-0.6505684099646967,0.0,0.8787878787878787,0.0,0.0,-1.6677243841249871,0.0,0.5618871921013971,-0.31335433703523674,-0.6829968743182837,-0.651087827846492,-2.4492935982947064e-16,1.0,1.0,6.123233995736766e-17,0.43388373911755823,-0.900968867902419
0.4478633760599328,0.5167792596107107,-0.6398581040737229,-1.3755357407229036,-0.9598756477298988,0.9812682238323067,-0.15166942281758458,1.2202661666314916,-0.6831906184550289,-0.6826680894736445,1.5929072393955654,-0.6514128533997506,-0.6505684099646967,0.0,0.8787878787878787,0.0,0.0,-1.509857488799261,0.020516887438787944,0.6547415028777503,-0.6909100300289351,-0.6791251287863431,-0.651087827846492,-2.4492935982947064e-16,1.0,0.9659258262890683,-0.25881904510252063,0.43388373911755823,-0.900968867902419
0.30547449193875237,0.3851862850692516,-0.6398581040737229,-1.2173182542201055,-0.8519991499497634,0.8194824433273673,-0.15166942281758458,0.772170046053534,-0.6831906184550289,-0.5509842527273406,0.5862215760260132,-0.6514128533997506,-0.5480773851474018,0.0,0.8787878787878787,0.0,0.0,-1.509857488799261,0.06812537572345391,0.7006223750889748,-0.42122739217629346,-0.5707162538920065,-0.5519524067022246,-2.4492935982947064e-16,1.0,0.8660254037844387,-0.4999999999999998,0.43388373911755823,-0.900968867902419
0.19579540812310042,0.22727471561950033,-0.6398581040737229,-0.5053395649575132,-0.09686366548881685,0.9812682238323067,-0.7448052013363538,0.12320325073373355,-0.6831906184550289,-0.1714249585762292,0.0538725472610974,-0.6514128533997506,-0.1551951233477714,0.0,0.0,0.0,0.0,-0.9310122059382657,0.1967148704956825,0.6834537532914386,-1.0145291954521052,-0.26872010240064015,-0.4972570019329735,-2.4492935982947064e-16,1.0,0.7071067811865476,-0.7071067811865475,0.43388373911755823,-0.900968867902419
0.19509750523376945,-0.06222982837170911,-0.7978589991593985,-0.05705668653291797,0.17282757896152123,1.1430540043372461,-0.9604909389795426,-0.31330417707065605,-0.6831906184550289,0.11130798502612929,-0.4682390001814161,-0.6514128533997506,-0.5719919576047705,0.8787878787878787,0.0,0.0,0.0,-0.19430002775154487,0.36493558737603254,0.651935383133482,-1.4999579435868604,0.43593758441254793,0.5522110770770301,-2.4492935982947064e-16,1.0,0.49999999999999994,-0.8660254037844387,0.43388373911755823,-0.900968867902419
0.1974371929729792,-0.3517343723629195,-0.9295264117307949,0.23300870538887822,0.4964570723019269,1.1430540043372461,-0.2055908572283818,-0.552803827724392,-0.6831906184550289,0.7542349526698486,-0.4784764815038184,-0.6514128533997506,0.654483972708858,0.8787878787878787,0.0,0.0,0.0,0.09512261367895261,0.49977272988527766,0.6315118550184782,-1.1763387781636903,1.0902625793105083,1.314528281048466,-2.4492935982947064e-16,1.0,0.258819045102521,-0.9659258262890682,0.43388373911755823,-0.900968867902419
0.19806072482841508,-0.5096459418126703,-0.7978589991593985,0.39122619189167684,0.6582718189721298,1.1430540043372461,-0.47519802928236776,-0.6841423458248278,-0.6831906184550289,0.8239499250649507,-0.6525136639846563,-0.6514128533997506,0.16935978857366232,0.8787878787878787,0.0,0.0,0.0,0.22667835978372425,0.5738796575871444,0.6268486644245777,-0.8527196127405202,1.03605814186334,0.8427804149136761,-2.4492935982947064e-16,1.0,1.2246467991473532e-16,-1.0,0.43388373911755823,-0.900968867902419
0.19584117438514387,-0.6412389163541294,-1.0875273068164708,0.39122619189167684,0.9819013123125355,0.7655538498257208,-0.3673551604607734,-0.6841423458248278,-0.6831906184550289,1.033094842250257,-0.6525136639846563,-0.6514128533997506,0.8116368774287102,0.8787878787878787,0.0,0.0,0.0,0.5161010012142222,0.486584490731871,0.5908862213353709,-0.9605926678815769,1.2257736729284292,1.5982606932889556,-2.4492935982947064e-16,1.0,-0.2588190451025208,-0.9659258262890683,0.43388373911755823,-0.900968867902419
0.19671641381722257,-0.6412389163541294,-1.3771956144735429,0.5230740973106753,0.8200865656423326,0.6037680693207814,-0.3673551604607734,-0.6841423458248278,-0.6831906184550289,0.669027764186946,-0.6525136639846563,-0.6514128533997506,0.44608555558035845,0.8787878787878787,0.0,0.0,0.0,0.3845452551094506,0.33929086508781925,0.5620297876069651,-0.8527196127405202,0.7766511912233202,0.5898141678558901,-2.4492935982947064e-16,1.0,-0.4999999999999997,-0.8660254037844388,0.43388373911755823,-0.900968867902419
0.19459981858590986,-0.6412389163541294,-1.6668639221306147,0.5230740973106753,0.9819013123125355,0.7655538498257208,-0.47519802928236776,-0.6841423458248278,-0.6831906184550289,0.08419660687247847,-0.6525136639846563,-0.6514128533997506,-0.4080063178970988,0.0,0.0,0.0,0.0,0.22667835978372425,0.24200057625121232,0.5529375314392613,-0.09760822675312336,0.12619794185730043,0.05653397135569289,-2.4492935982947064e-16,1.0,-0.7071067811865471,-0.7071067811865479,0.43388373911755823,-0.900968867902419
0.4555231326231898,-0.7991504858038802,-1.6668639221306147,0.23300870538887822,1.1437160589827384,0.11841072780596318,0.0640163148256042,-0.6841423458248278,-0.6831906184550289,-0.23339382292743105,-0.6525136639846563,-0.6514128533997506,-0.2201061057320582,0.0,0.0,0.8787878787878787,0.8787878787878787,-0.06274428164677277,0.0337162133611092,0.6342132305785202,0.17207441109951835,-0.3113093032519867,-0.4664908367502698,-2.4492935982947064e-16,1.0,-0.8660254037844385,-0.5000000000000004,0.43388373911755823,-0.900968867902419
0.5777243723411154,-0.9307434603453393,-1.6668639221306147,-0.05705668653291797,1.1437160589827384,-0.04337505269897623,0.3336234868795902,-0.6841423458248278,-0.6831906184550289,-0.6052070090346422,-0.6525136639846563,-0.6514128533997506,-0.5890737950743197,0.0,0.0,0.8787878787878787,0.8787878787878787,-0.3521669230772707,0.0,0.680394967013777,0.4956935765226884,-0.5513575262323035,-0.4767462251445044,-2.4492935982947064e-16,1.0,-0.9659258262890683,-0.25881904510252063,0.43388373911755823,-0.900968867902419
0.5629311677958029,-0.7991504858038802,-1.5088630270449392,-0.3471220784547151,1.1437160589827384,0.010553540802670241,0.818916396576765,-0.6841423458248278,-0.6831906184550289,-0.6826680894736445,-0.6525136639846563,-0.6514128533997506,-0.6505684099646967,0.0,0.0,0.8787878787878787,0.8787878787878787,-0.5100338184029966,0.0,0.6982791785413023,0.6575031592342735,-0.6829968743182837,-0.651087827846492,-2.4492935982947064e-16,1.0,-1.0,-1.8369701987210297e-16,0.43388373911755823,-0.900968867902419
0.5529317509517205,-1.0886550297950905,-1.3771956144735429,-0.3471220784547151,0.766148316752265,-0.15123223970226915,0.9806806998091566,-0.6841423458248278,-0.6831906184550289,-0.6826680894736445,-0.6525136639846563,-0.6514128533997506,-0.6505684099646967,0.0,0.0,0.8787878787878787,0.8787878787878787,-0.6415895645077683,0.0,0.671885897780842,0.9811223246574435,-0.6829968743182837,-0.651087827846492,-2.4492935982947064e-16,1.0,-0.9659258262890684,0.2588190451025203,0.43388373911755823,-0.900968867902419
0.7035410231977428,-1.3781595737863004,-1.2191947193878672,-0.3471220784547151,0.6043335700820621,-0.15123223970226915,0.818916396576765,-0.6841423458248278,-0.5516993042619512,-0.6826680894736445,-0.6525136639846563,-0.5489588347893298,-0.6505684099646967,0.0,0.0,0.8787878787878787,0.8787878787878787,-0.6415895645077683,0.0,0.6585132666832514,0.8193127419458585,-0.6829968743182837,-0.651087827846492,-2.4492935982947064e-16,1.0,-0.8660254037844386,0.5000000000000001,0.43388373911755823,-0.900968867902419
0.78360507255713,-1.6676641177775104,-0.5081906915023265,-0.5053395649575132,0.766148316752265,-0.7444467682203804,0.9806806998091566,-0.6841423458248278,-0.17269492805837433,-0.6826680894736445,-0.6525136639846563,-0.15621843011605016,-0.6505684099646967,0.0,0.0,0.0,0.0,-0.6415895645077683,0.0,0.6225723358470401,0.9811223246574435,-0.6829968743182837,-0.651087827846492,-2.4492935982947064e-16,1.0,-0.7071067811865477,0.7071067811865474,0.43388373911755823,-0.900968867902419
0.667965219707207,-1.6676641177775104,-0.06052148875957856,-0.5053395649575132,0.11888933007145361,-0.9601611422269661,1.1424450030415483,-0.6841423458248278,0.10962465829735134,-0.6826680894736445,-0.6525136639846563,-0.5728647724650947,-0.6505684099646967,0.0,0.0,0.0,0.0,-0.7994564598334941,0.0,0.5533794545793618,1.1429319073690285,-0.6829968743182837,-0.651087827846492,-2.4492935982947064e-16,1.0,-0.5000000000000004,0.8660254037844384,0.43388373911755823,-0.900968867902419
0.5960928644610612,-1.6676641177775104,0.22914681889749292,-0.5053395649575132,-0.04292541659874924,-0.20516083320391562,0.9806806998091566,-0.6841423458248278,0.7516116628870837,-0.6826680894736445,-0.6525136639846563,0.6531683169062742,-0.6505684099646967,0.0,0.0,0.0,0.0,-0.9310122059382657,0.0,0.47359773019096674,1.1429319073690285,-0.6829968743182837,-0.651087827846492,-2.4492935982947064e-16,1.0,-0.25881904510252157,0.9659258262890681,0.43388373911755823,-0.900968867902419
0.6157857087791067,-1.5097525483277596,0.38714771398316894,-0.6371874703765118,0.01101283229131838,-0.47480380071214795,0.4953877901119818,-0.6841423458248278,0.8212247115775365,-0.6826680894736445,-0.6525136639846563,0.16821929548361572,-0.6505684099646967,0.0,0.0,0.0,0.0,-0.7994564598334941,0.0,0.44749706729089067,1.1429319073690285,-0.6829968743182837,-0.651087827846492,-2.4492935982947064e-16,1.0,-2.4492935982947064e-16,1.0,0.43388373911755823,-0.900968867902419
0.4952748758450712,-1.3781595737863004,0.38714771398316894,-0.7954049568793099,-0.15080191437888446,-0.366946613708855,0.9806806998091566,-0.6841423458248278,1.0300638576488952,-0.6826680894736445,-0.6525136639846563,0.810264478775586,-0.6505684099646967,0.0,0.0,0.0,0.0,-1.088879101263992,0.0,0.4569996440746521,0.7653762143753301,-0.6829968743182837,-0.651087827846492,-2.4492935982947064e-16,1.0,0.25881904510252074,0.9659258262890683,-0.433883739117558,-0.9009688679024191
0.47690061746442086,-1.2202480043365496,0.5188151265545653,-0.9272528622983084,-0.15080191437888446,-0.366946613708855,0.6032306589335762,-0.552803827724392,0.6665290478209746,-0.6826680894736445,-0.550138850760634,0.4448451457317519,-0.6505684099646967,0.0,0.0,0.0,0.0,-1.3783017426944895,0.0,0.4266406819138344,0.6035666316637451,-0.6829968743182837,-0.651087827846492,-2.4492935982947064e-16,1.0,0.49999999999999994,0.8660254037844387,-0.433883739117558,-0.9009688679024191
0.4767061434575676,-0.5096459418126703,0.5188151265545653,-0.9272528622983084,-0.7441226521696283,-0.47480380071214795,0.279702052468793,-0.17423986378784168,0.08255291713995298,-0.6826680894736445,-0.15770206673521528,-0.40893834268842144,-0.6505684099646967,0.0,0.0,0.0,0.0,-1.6677243841249871,0.0,0.41762110642946426,0.7653762143753301,-0.6829968743182837,-0.651087827846492,-2.4492935982947064e-16,1.0,0.7071067811865476,0.7071067811865476,-0.433883739117558,-0.9009688679024191
0.47377722624951724,-0.06222982837170911,0.22914681889749292,-1.2173182542201055,-0.9598756477298988,0.06448213430431671,0.279702052468793,0.10775166036897639,-0.23457319356099912,-0.6826680894736445,-0.5740263071795725,-0.22110597523598333,-0.6505684099646967,0.0,0.8787878787878787,0.0,0.0,-1.6677243841249871,0.0,0.4303917017610903,0.11813788352899002,-0.6829968743182837,-0.651087827846492,-2.4492935982947064e-16,1.0,0.8660254037844386,0.5000000000000001,-0.433883739117558,-0.9009688679024191
0.4716663629559286,0.22727471561950033,-0.06052148875957856,-1.085470348801107,-0.20474016326895209,0.33412510181254906,-0.259512291639179,0.7489926605063982,-0.605842786576748,-0.6826680894736445,0.6510589577345606,-0.5899404422334982,-0.6505684099646967,0.0,0.8787878787878787,0.0,0.0,-1.6677243841249871,0.0,0.47027951638611354,-0.043671699182595024,-0.6829968743182837,-0.651087827846492,-2.4492935982947064e-16,1.0,0.9659258262890683,0.25881904510252074,-0.433883739117558,-0.9009688679024191
0.5004290205173482,0.3851862850692516,-0.350189796416651,-1.2173182542201055,-0.47443140771929015,0.8194824433273673,0.010094880414807005,0.8185248171478055,-0.6831906184550289,-0.6826680894736445,0.16648484180752188,-0.6514128533997506,-0.6505684099646967,0.0,0.8787878787878787,0.0,0.0,-1.509857488799261,0.0,0.4899360814621898,0.010264828387933323,-0.6829968743182837,-0.651087827846492,-2.4492935982947064e-16,1.0,1.0,6.123233995736766e-17,-0.433883739117558,-0.9009688679024191
0.507402317472934,0.3851862850692516,-0.350189796416651,-1.2173182542201055,-0.36655490993915496,0.9812682238323067,-0.3134337260499762,1.027121287072027,-0.6831906184550289,-0.6787950354516944,0.808033671344728,-0.6514128533997506,-0.6505684099646967,0.0,0.8787878787878787,0.0,0.0,-1.3783017426944895,0.0,0.5705255909505532,-0.15154475432365172,-0.6829968743182837,-0.651087827846492,-2.4492935982947064e-16,1.0,0.9659258262890683,-0.25881904510252063,-0.433883739117558,-0.9009688679024191
0.6335564318726926,0.5167792596107107,-0.350189796416651,-0.9272528622983084,-0.36655490993915496,0.8194824433273673,-0.798726635747151,0.6640089135002339,-0.6831906184550289,-0.5742225768590413,0.442896837512382,-0.6514128533997506,-0.5412446501595821,0.0,0.8787878787878787,0.0,0.0,-1.2204348473687636,0.12371111155814751,0.587402721720005,-0.15154475432365172,-0.5513575262323035,-0.5485339439041463,-2.4492935982947064e-16,1.0,0.8660254037844387,-0.4999999999999998,-0.433883739117558,-0.9009688679024191
0.47122016421094237,0.5167792596107107,-0.5081906915023265,-0.5053395649575132,-0.47443140771929015,0.9812682238323067,-1.1222552422119343,0.08071137723065137,-0.6831906184550289,-0.264378255103032,-0.41022660602113686,-0.6514128533997506,-0.5480773851474018,0.0,0.0,0.0,0.0,-0.5100338184029966,0.21487017637076264,0.5928637608017758,-0.7448465575994635,-0.1719264641021253,-0.15541072212515475,-2.4492935982947064e-16,1.0,0.7071067811865476,-0.7071067811865475,-0.433883739117558,-0.9009688679024191
0.4727361072855429,0.22727471561950033,-0.5081906915023265,-0.18890459195191697,0.064951081181386,1.1430540043372461,-1.1761766766227313,-0.2360462252468703,-0.6831906184550289,0.1810229574212314,-0.22253944844376272,-0.6514128533997506,-0.45241909531792657,0.8787878787878787,0.0,0.0,0.0,-0.06274428164677277,0.3590316467714179,0.577893537601395,-0.9605926678815769,0.11071095972953805,-0.5724631834906936,-2.4492935982947064e-16,1.0,0.49999999999999994,-0.8660254037844387,-0.433883739117558,-0.9009688679024191
0.3257479231991778,-0.06222982837170911,-0.5081906915023265,-0.05705668653291797,0.3346423256317241,0.9812682238323067,-1.068333807801137,-0.606884394001042,-0.6831906184550289,1.168651733018511,-0.5910887760502429,-0.6514128533997506,1.6588960159183477,0.8787878787878787,0.0,0.0,0.0,0.22667835978372425,0.22779232242649658,0.5837655631546734,-0.20548128189418005,0.7534207180316767,0.6547649610193758,-2.4492935982947064e-16,1.0,0.258819045102521,-0.9659258262890682,-0.433883739117558,-0.9009688679024191
0.27492703939738794,-0.3517343723629195,-0.6398581040737229,-0.05705668653291797,0.8200865656423326,0.4959108823174885,-1.068333807801137,-0.6841423458248278,-0.6831906184550289,1.2577319755233638,-0.6525136639846563,-0.6514128533997506,1.4436648638020284,0.8787878787878787,0.0,0.0,0.0,0.3845452551094506,0.20948732587932062,0.5981220212892425,-0.47516391974682176,0.8231121376066073,0.16934324369227308,-2.4492935982947064e-16,1.0,1.2246467991473532e-16,-1.0,-0.433883739117558,-0.9009688679024191
0.1892568803600331,-0.3517343723629195,-0.7978589991593985,0.8131394892324716,0.9819013123125355,0.9812682238323067,-1.0144123733903398,-0.6841423458248278,-0.6831906184550289,1.0408409502941571,-0.6525136639846563,-0.6514128533997506,1.2216009766978895,0.8787878787878787,0.0,0.0,0.0,0.3845452551094506,0.22214894018312314,0.6050861522195752,-0.3672908646057651,1.0321863963313993,0.8120142497309724,-2.4492935982947064e-16,1.0,-0.2588190451025208,-0.9659258262890683,-0.433883739117558,-0.9009688679024191
0.8010754695723598,-0.3517343723629195,-0.9295264117307949,0.5230740973106753,0.8200865656423326,0.6037680693207814,-0.47519802928236776,-0.6841423458248278,-0.6831906184550289,0.7581080066917987,-0.6525136639846563,-0.6514128533997506,0.6852312801540466,0.8787878787878787,0.0,0.0,0.0,0.5161010012142222,0.13356210421312653,0.6027115068068096,-0.3672908646057651,0.6682423163289836,0.44623873033660627,-2.4492935982947064e-16,1.0,-0.4999999999999997,-0.8660254037844388,-0.433883739117558,-0.9009688679024191
0.6150734726131675,-0.5096459418126703,-0.9295264117307949,0.39122619189167684,0.9819013123125355,0.2801965083109026,-0.2055908572283818,-0.6841423458248278,-0.6831906184550289,-0.0010105816104240802,-0.6525136639846563,-0.6514128533997506,-0.19619153327468938,0.0,0.0,0.0,0.0,0.5161010012142222,0.04842339839628883,0.6367716520954444,-0.47516391974682176,0.08360874100595389,-0.40837696918294064,-2.4492935982947064e-16,1.0,-0.7071067811865471,-0.7071067811865479,-0.433883739117558,-0.9009688679024191
0.771460435116095,-0.5096459418126703,-1.2191947193878672,0.1011607999698797,1.1437160589827384,0.2801965083109026,0.0640163148256042,-0.6841423458248278,-0.6831906184550289,-0.22952076890548095,-0.6525136639846563,-0.6514128533997506,-0.26451888315288596,0.0,0.0,0.8787878787878787,0.8787878787878787,0.22667835978372425,0.0,0.6609789806336965,0.06420135595846167,-0.2338743926131748,-0.22036151528864031,-2.4492935982947064e-16,1.0,-0.8660254037844385,-0.5000000000000004,-0.433883739117558,-0.9009688679024191
0.6294433718414096,-0.5096459418126703,-1.0875273068164708,-0.18890459195191697,0.9819013123125355,-0.2590894267055621,0.4953877901119818,-0.6841423458248278,-0.6831906184550289,-0.597460900990742,-0.6525136639846563,-0.6514128533997506,-0.6266538375073278,0.0,0.0,0.8787878787878787,0.8787878787878787,-0.06274428164677277,0.0,0.6963307318360905,0.3338839938111034,-0.6055619636794718,-0.5895554974810846,-2.4492935982947064e-16,1.0,-0.9659258262890683,-0.25881904510252063,-0.433883739117558,-0.9009688679024191
0.6053257805072181,-0.6412389163541294,-1.2191947193878672,-0.18890459195191697,0.4964570723019269,0.010553540802670241,0.6571520933443734,-0.6841423458248278,-0.6831906184550289,-0.6826680894736445,-0.6525136639846563,-0.6514128533997506,-0.6505684099646967,0.0,0.0,0.8787878787878787,0.8787878787878787,-0.3521669230772707,0.0,0.7054077757677479,0.8193127419458585,-0.6829968743182837,-0.651087827846492,-2.4492935982947064e-16,1.0,-1.0,-1.8369701987210297e-16,-0.433883739117558,-0.9009688679024191
0.6223499787774617,-0.7991504858038802,-1.2191947193878672,-0.18890459195191697,0.9819013123125355,-0.3130180202072086,0.6571520933443734,-0.6841423458248278,-0.6793232268611149,-0.6826680894736445,-0.6525136639846563,-0.6514128533997506,-0.6505684099646967,0.0,0.0,0.8787878787878787,0.8787878787878787,-0.3521669230772707,0.0,0.6692802517466283,0.9811223246574435,-0.6829968743182837,-0.651087827846492,-2.4492935982947064e-16,1.0,-0.9659258262890684,0.2588190451025203,-0.433883739117558,-0.9009688679024191
0.723722884178803,-0.9307434603453393,-0.9295264117307949,-0.3471220784547151,0.6043335700820621,-0.7983753617220268,0.6571520933443734,-0.6841423458248278,-0.5749036538254355,-0.6826680894736445,-0.6525136639846563,-0.5421285668819685,-0.6505684099646967,0.0,0.0,0.8787878787878787,0.8787878787878787,-0.3521669230772707,0.0,0.6333358891938676,0.8193127419458585,-0.6829968743182837,-0.651087827846492,-2.4492935982947064e-16,1.0,-0.8660254037844386,0.5000000000000001,-0.433883739117558,-0.9009688679024191
0.8250957895801443,-0.9307434603453393,-0.5081906915023265,-0.18890459195191697,0.2807040767416565,-1.1219469227319057,0.6571520933443734,-0.6841423458248278,-0.26551232631231153,-0.6826680894736445,-0.6525136639846563,-0.5489588347893298,-0.6505684099646967,0.0,0.0,0.0,0.0,-0.5100338184029966,0.0,0.563683106688943,0.9811223246574435,-0.6829968743182837,-0.651087827846492,-2.4492935982947064e-16,1.0,-0.7071067811865477,0.7071067811865474,-0.433883739117558,-0.9009688679024191
0.7363651876739093,-1.2202480043365496,-0.1921889013309754,-0.3471220784547151,0.2807040767416565,-1.1758755162335521,0.4953877901119818,-0.6841423458248278,0.17923770698780422,-0.6826680894736445,-0.6525136639846563,-0.4533350840862705,-0.6505684099646967,0.0,0.0,0.0,0.0,-0.5100338184029966,0.0,0.5075084165409351,1.1429319073690285,-0.6829968743182837,-0.651087827846492,-2.4492935982947064e-16,1.0,-0.5000000000000004,0.8660254037844384,-0.433883739117558,-0.9009688679024191
0.6476345857676745,-1.0886550297950905,-0.06052148875957856,-0.3471220784547151,-0.2586784121590197,-1.0680183292302592,0.818916396576765,-0.6841423458248278,1.165422563435887,-0.6826680894736445,-0.6525136639846563,1.657217699288398,-0.6505684099646967,0.0,0.0,0.0,0.0,-0.5100338184029966,0.0,0.4408979275863758,0.9811223246574435,-0.6829968743182837,-0.651087827846492,-2.4492935982947064e-16,1.0,-0.25881904510252157,0.9659258262890681,-0.433883739117558,-0.9009688679024191
0.623934533489849,-1.2202480043365496,-0.06052148875957856,-0.7954049568793099,0.01101283229131838,-1.0680183292302592,1.1424450030415483,-0.6841423458248278,1.25437257009591,-0.6826680894736445,-0.6525136639846563,1.4420642602065143,-0.6505684099646967,0.0,0.0,0.0,0.0,-0.6415895645077683,0.0,0.41120753551685774,0.4956935765226884,-0.6829968743182837,-0.651087827846492,-2.4492935982947064e-16,1.0,-2.4492935982947064e-16,1.0,-0.433883739117558,-0.9009688679024191
0.21816827655694482,-1.2202480043365496,0.8084834342116368,-0.7954049568793099,-0.3126166610490873,-1.0140897357286127,0.818916396576765,-0.6802794482336385,1.0377986408367232,-0.6826680894736445,-0.6525136639846563,1.2200805532172692,-0.6505684099646967,0.0,0.0,0.0,0.0,-0.7994564598334941,0.0,0.38727243941829437,0.9811223246574435,-0.6829968743182837,-0.651087827846492,-2.4492935982947064e-16,1.0,0.25881904510252074,0.9659258262890683,-0.9749279121818236,-0.2225209339563146
0.1871860513907638,-0.9307434603453393,0.5188151265545653,-1.085470348801107,-0.7980609010596958,-0.47480380071214795,0.9806806998091566,-0.5759812132715276,0.7554790544809977,-0.6826680894736445,-0.5433138632123659,0.6839045224894004,-0.6505684099646967,0.0,0.0,0.0,0.0,-0.9310122059382657,0.0,0.3771944610865623,0.6035666316637451,-0.6829968743182837,-0.651087827846492,-2.4492935982947064e-16,1.0,0.49999999999999994,0.8660254037844387,-0.9749279121818236,-0.2225209339563146
0.18729473854044637,-0.5096459418126703,0.38714771398316894,-0.9272528622983084,-1.1216903944001015,-0.20516083320391562,-0.4212765948715706,-0.2669494059763846,-0.002529697926156119,-0.6826680894736445,-0.550138850760634,-0.19720003756021848,-0.6505684099646967,0.0,0.0,0.0,0.0,-0.9310122059382657,0.0,0.33226151093767453,0.27994746624057504,-0.6829968743182837,-0.651087827846492,-2.4492935982947064e-16,1.0,0.7071067811865476,0.7071067811865476,-0.9749279121818236,-0.2225209339563146
0.18696868738829278,-0.19382280291316867,0.09747940632609654,-1.5073836461419021,-1.1756286432901693,0.06448213430431671,0.1179377492364014,0.1772838170103836,-0.23070580196708507,-0.6826680894736445,-0.45458902508487986,-0.26550271663383235,-0.6505684099646967,0.0,0.8787878787878787,0.0,0.0,-1.2204348473687636,0.0,0.36886717039143635,0.27994746624057504,-0.6829968743182837,-0.651087827846492,-2.4492935982947064e-16,1.0,0.8660254037844386,0.5000000000000001,-0.9749279121818236,-0.2225209339563146
0.18599048244736144,-0.06222982837170911,-0.1921889013309754,-1.6656011326447004,-1.067752145510034,0.4959108823174885,0.6032306589335762,1.1623227027636522,-0.5981080033889198,-0.6826680894736445,1.654332127329979,-0.6275069157239859,-0.6505684099646967,0.0,0.8787878787878787,0.0,0.0,-1.088879101263992,0.0,0.38757448169427633,-0.2594178094647084,-0.6829968743182837,-0.651087827846492,-2.4492935982947064e-16,1.0,0.9659258262890683,0.25881904510252074,-0.9749279121818236,-0.2225209339563146
0.8659687616022154,-0.06222982837170911,-0.1921889013309754,-1.6656011326447004,-1.067752145510034,0.6576966628224279,0.6032306589335762,1.2511693473610057,-0.6831906184550289,-0.6826680894736445,1.439345019559532,-0.6514128533997506,-0.6505684099646967,0.0,0.8787878787878787,0.0,0.0,-1.2204348473687636,0.0,0.4074823303731959,0.010264828387933323,-0.6829968743182837,-0.651087827846492,-2.4492935982947064e-16,1.0,1.0,6.123233995736766e-17,-0.9749279121818236,-0.2225209339563146
0.35069501859408686,0.8062838036019201,-0.1921889013309754,-1.5073836461419021,-1.0138138966199663,0.6576966628224279,0.010094880414807005,1.0348470822544056,-0.6831906184550289,-0.6710489274077942,1.2175329242408173,-0.6514128533997506,-0.6300702050012377,0.0,0.8787878787878787,0.0,0.0,-1.2204348473687636,0.0,0.40555447396727984,-0.31335433703523674,-0.6791251287863431,-0.651087827846492,-2.4492935982947064e-16,1.0,0.9659258262890683,-0.25881904510252063,-0.9749279121818236,-0.2225209339563146
0.22860244543205555,0.5167792596107107,-0.350189796416651,-1.2173182542201055,-0.47443140771929015,0.6576966628224279,-0.4212765948715706,0.7528555580975875,-0.6831906184550289,-0.43091957804688696,0.6817714017017673,-0.6514128533997506,0.6100711952880302,0.0,0.8787878787878787,0.0,0.0,-0.9310122059382657,0.021730937196919962,0.42846620145907366,-0.7987830851699919,-0.5745879994239471,-0.54169701830799,-2.4492935982947064e-16,1.0,0.8660254037844387,-0.4999999999999998,-0.9749279121818236,-0.2225209339563146
0.18434869416518465,0.3851862850692516,-0.1921889013309754,-0.3471220784547151,-0.20474016326895209,0.6576966628224279,-1.1761766766227313,-0.004272369775512977,-0.6831906184550289,0.21200738959683232,-0.19865199202482417,-0.6514128533997506,1.6896433233635362,0.0,0.0,0.0,0.0,-0.5100338184029966,0.07854735626928111,0.4649666557517592,-1.122402250593162,-0.26484835686869956,-0.5485339439041463,-2.4492935982947064e-16,1.0,0.7071067811865476,-0.7071067811865475,-0.9749279121818236,-0.2225209339563146
0.18623074331004635,0.09568174107804124,-0.350189796416651,0.39122619189167684,0.064951081181386,0.4959108823174885,-1.607548151909109,-0.232183327655681,-0.6831906184550289,0.8084577089771502,-0.2669018675075057,-0.6514128533997506,2.0961910551388057,0.8787878787878787,0.0,0.0,0.0,-0.19430002775154487,0.09187973007090423,0.5164480381516733,-1.1763387781636903,0.18040237930446873,-0.4528169855579571,-2.4492935982947064e-16,1.0,0.49999999999999994,-0.8660254037844387,-0.9749279121818236,-0.2225209339563146
0.18657396624928582,-0.19382280291316867,-0.350189796416651,0.9713569757352701,0.4964570723019269,0.8194824433273673,-1.9849981927846894,-0.5991585988186634,-0.6831906184550289,1.2616050295453138,-0.6286262075657176,-0.6514128533997506,2.3285040447246743,0.8787878787878787,0.0,0.0,0.0,-0.06274428164677277,0.09706300541722973,0.535440642904949,-1.0684657230226335,1.1676974899493202,1.659793023654363,-2.4492935982947064e-16,1.0,0.258819045102521,-0.9659258262890682,-0.9749279121818236,-0.2225209339563146
0.18617354406323713,-0.19382280291316867,-0.7978589991593985,1.2614223676570673,0.6582718189721298,1.1430540043372461,-1.9849981927846894,-0.6841423458248278,-0.6831906184550289,1.4513846766208696,-0.6525136639846563,-0.6514128533997506,2.383165924627231,0.8787878787878787,0.0,0.0,0.0,-0.06274428164677277,0.2103909381250527,0.5066555069293271,-1.0684657230226335,1.2567476371839539,1.4444298673754372,-2.4492935982947064e-16,1.0,1.2246467991473532e-16,-1.0,-0.9749279121818236,-0.2225209339563146
0.19399345165296378,-0.19382280291316867,-0.7978589991593985,1.2614223676570673,0.6582718189721298,0.8194824433273673,-1.9310767583738921,-0.6841423458248278,-0.6831906184550289,1.4165271904233185,-0.6525136639846563,-0.6514128533997506,2.3797495571333216,0.8787878787878787,0.0,0.0,0.0,0.8055236426447192,0.456915110341357,0.47030656036130747,-1.0145291954521052,1.0399298873952807,1.222229785500355,-2.4492935982947064e-16,1.0,-0.2588190451025208,-0.9659258262890683,-0.9749279121818236,-0.2225209339563146
0.19079569970105922,-0.3517343723629195,-1.0875273068164708,0.681291583813473,0.6582718189721298,0.9812682238323067,-1.337940979855123,-0.6841423458248278,-0.6831906184550289,1.1144289767112094,-0.6525136639846563,-0.6514128533997506,2.2465112248708383,0.8787878787878787,0.0,0.0,0.0,0.5161010012142222,0.5507960813640316,0.4488470123859869,-0.47516391974682176,0.7572924635636172,0.6855311262020795,-2.4492935982947064e-16,1.0,-0.4999999999999997,-0.8660254037844388,-0.9749279121818236,-0.2225209339563146
0.6128367812734927,-0.19382280291316867,-0.9295264117307949,0.5230740973106753,0.6582718189721298,-0.4208752072105015,-0.5830408981039622,-0.6841423458248278,-0.6831906184550289,0.6070588998357441,-0.6525136639846563,-0.6514128533997506,1.9732018253580519,0.0,0.0,0.0,0.0,0.3845452551094506,0.3066667470267822,0.48806687155551043,-0.20548128189418005,-0.0015696606967391725,-0.19643227570209298,-2.4492935982947064e-16,1.0,-0.7071067811865471,-0.7071067811865479,-0.9749279121818236,-0.2225209339563146
0.6975144226870963,-0.3517343723629195,-1.5088630270449392,0.23300870538887822,0.4964570723019269,0.11841072780596318,-0.09774798840678739,-0.6841423458248278,-0.6831906184550289,-0.028121959764074896,-0.6525136639846563,-0.6514128533997506,1.392419351393381,0.0,0.0,0.8787878787878787,0.8787878787878787,0.09512261367895261,0.019103267857401348,0.5232688052816882,0.06420135595846167,-0.23000264708123422,-0.2648015316636568,-2.4492935982947064e-16,1.0,-0.8660254037844385,-0.5000000000000004,-0.9749279121818236,-0.2225209339563146
0.7821920641006997,-0.3517343723629195,-1.6668639221306147,-0.05705668653291797,0.8200865656423326,0.6037680693207814,0.6571520933443734,-0.6841423458248278,-0.6831906184550289,-0.5393650906614903,-0.6525136639846563,-0.6514128533997506,-0.032205893567017585,0.0,0.0,0.8787878787878787,0.8787878787878787,-0.19430002775154487,0.0,0.5565318703772024,0.4956935765226884,-0.5978184726155906,-0.6271585882599446,-2.4492935982947064e-16,1.0,-0.9659258262890683,-0.25881904510252063,-0.9749279121818236,-0.2225209339563146
0.7247754498567353,-0.7991504858038802,-1.6668639221306147,-0.18890459195191697,1.1437160589827384,0.6037680693207814,0.6571520933443734,-0.6841423458248278,-0.6831906184550289,-0.6826680894736445,-0.6525136639846563,-0.6514128533997506,-0.6505684099646967,0.0,0.0,0.8787878787878787,0.8787878787878787,-0.19430002775154487,0.0,0.5452415229302433,0.6575031592342735,-0.6829968743182837,-0.651087827846492,-2.4492935982947064e-16,1.0,-1.0,-1.8369701987210297e-16,-0.9749279121818236,-0.2225209339563146
0.7100909461902974,-0.7991504858038802,-1.5088630270449392,-0.6371874703765118,0.8200865656423326,0.010553540802670241,0.9806806998091566,-0.6841423458248278,-0.6715884436732867,-0.6826680894736445,-0.6525136639846563,-0.6309220496776665,-0.6505684099646967,0.0,0.0,0.8787878787878787,0.8787878787878787,-0.19430002775154487,0.0,0.5455034090006343,0.6575031592342735,-0.6829968743182837,-0.651087827846492,-2.4492935982947064e-16,1.0,-0.9659258262890684,0.2588190451025203,-0.9749279121818236,-0.2225209339563146
0.569635578523064,-1.0886550297950905,-1.2191947193878672,-0.18890459195191697,0.9819013123125355,-0.4208752072105015,0.818916396576765,-0.6841423458248278,-0.4318101648506157,-0.6826680894736445,-0.6525136639846563,0.6087715755084252,-0.6505684099646967,0.0,0.0,0.8787878787878787,0.8787878787878787,-0.3521669230772707,0.0,0.5339456437610854,0.6575031592342735,-0.6829968743182837,-0.651087827846492,-2.4492935982947064e-16,1.0,-0.8660254037844386,0.5000000000000001,-0.9749279121818236,-0.2225209339563146
0.6407432864122249,-0.9307434603453393,-0.350189796416651,-0.18890459195191697,-0.42049315882922256,-1.1758755162335521,0.4953877901119818,-0.6841423458248278,0.21017683973911663,-0.6826680894736445,-0.6525136639846563,1.6879539048715242,-0.6505684099646967,0.0,0.0,0.0,0.0,-0.19430002775154487,0.0,0.5281854819233818,0.6575031592342735,-0.6829968743182837,-0.651087827846492,-2.4492935982947064e-16,1.0,-0.7071067811865477,0.7071067811865474,-0.9749279121818236,-0.2225209339563146
0.7802528157090288,-1.5097525483277596,0.38714771398316894,-0.5053395649575132,0.11888933007145361,-1.607304264246724,0.9806806998091566,-0.6841423458248278,0.8057551452018804,-0.6826680894736445,-0.6525136639846563,2.094354845359527,-0.6505684099646967,0.0,0.0,0.0,0.0,-0.3521669230772707,0.0,0.5060368247771163,0.4956935765226884,-0.6829968743182837,-0.651087827846492,-2.4492935982947064e-16,1.0,-0.5000000000000004,0.8660254037844384,-0.9749279121818236,-0.2225209339563146
0.35427034049170075,-1.6676641177775104,0.9664843292973129,-0.6371874703765118,0.6043335700820621,-1.984804418758249,0.9806806998091566,-0.6841423458248278,1.258239961689824,-0.6826680894736445,-0.6525136639846563,2.3265839542098137,-0.6505684099646967,0.0,0.0,0.0,0.0,-0.3521669230772707,0.0,0.44599807301432803,0.8193127419458585,-0.6829968743182837,-0.651087827846492,-2.4492935982947064e-16,1.0,-0.25881904510252157,0.9659258262890681,-0.9749279121818236,-0.2225209339563146
0.3118213945023383,-1.6676641177775104,1.2561526369543852,-0.6371874703765118,0.6043335700820621,-1.984804418758249,0.4953877901119818,-0.6841423458248278,1.4477421497916125,-0.6826680894736445,-0.6525136639846563,2.381226097468705,-0.6505684099646967,0.0,0.0,0.0,0.0,-0.7994564598334941,0.0,0.4381847715068363,1.1429319073690285,-0.6829968743182837,-0.651087827846492,-2.4492935982947064e-16,1.0,-2.4492935982947064e-16,1.0,-0.9749279121818236,-0.2225209339563146
0.2358846492110934,-1.5097525483277596,1.2561526369543852,-1.085470348801107,0.01101283229131838,-1.9308758252566025,0.9806806998091566,-0.6725536530512599,1.412935625446386,-0.6826680894736445,-0.6320387013398517,2.3778109635150244,-0.6505684099646967,0.0,0.0,0.0,0.0,-0.7994564598334941,0.0,0.39826432996477057,0.8193127419458585,-0.6829968743182837,-0.651087827846492,-2.4492935982947064e-16,1.0,0.25881904510252074,0.9659258262890683,-0.7818314824680299,0.6234898018587334
0.21739600263371875,-1.2202480043365496,0.6768160216402405,-1.2173182542201055,-0.42049315882922256,-1.3376612967384915,0.9806806998091566,-0.433054002397524,1.1112790811210902,-0.6826680894736445,0.6066965386708176,2.244620739321477,-0.6505684099646967,0.0,0.0,0.0,0.0,-1.088879101263992,0.0,0.3926577758573824,0.9811223246574435,-0.6829968743182837,-0.651087827846492,-2.4492935982947064e-16,1.0,0.49999999999999994,0.8660254037844387,-0.7818314824680299,0.6234898018587334
0.2165894228915993,-0.3517343723629195,0.5188151265545653,-1.2173182542201055,-1.1756286432901693,-0.582660987715441,0.7649949621659677,0.2081869977398979,0.6046507823183498,-0.6826680894736445,1.6850445712971855,1.9714100230270217,-0.6505684099646967,0.0,0.0,0.0,0.0,-0.9310122059382657,0.0,0.39034013791505395,-0.42122739217629346,-0.6829968743182837,-0.651087827846492,-2.4492935982947064e-16,1.0,0.7071067811865476,0.7071067811865476,-0.7818314824680299,0.6234898018587334
0.21612604206263306,0.3851862850692516,0.22914681889749292,-1.3755357407229036,-1.60713463441071,-0.09730364620062269,0.6032306589335762,0.8030732267830484,-0.02960143908355447,-0.6826680894736445,2.0911313304191403,1.3908372509013038,-0.6505684099646967,0.0,0.8787878787878787,0.0,0.0,-1.509857488799261,0.0,0.38075140968001187,0.11813788352899002,-0.6829968743182837,-0.651087827846492,-2.4492935982947064e-16,1.0,0.8660254037844386,0.5000000000000001,-0.7818314824680299,0.6234898018587334
0.21406094503108786,0.9641953730516715,-0.06052148875957856,-1.5073836461419021,-1.9847023766411835,0.6576966628224279,0.7649949621659677,1.2550322449521951,-0.540097129480209,-0.6826680894736445,2.323180907060258,-0.03327360778354519,-0.6505684099646967,0.0,0.8787878787878787,0.0,0.0,-1.6677243841249871,0.0,0.392374787291196,0.6035666316637451,-0.6829968743182837,-0.651087827846492,-2.4492935982947064e-16,1.0,0.9659258262890683,0.25881904510252074,-0.7818314824680299,0.6234898018587334
0.21528512904323596,1.2536999170428818,-0.1921889013309754,-1.5073836461419021,-1.9847023766411835,0.6576966628224279,0.6032306589335762,1.4443142269204703,-0.6831906184550289,-0.6826680894736445,2.377780807446403,-0.6514128533997506,-0.6505684099646967,0.0,0.8787878787878787,0.0,0.0,-1.6677243841249871,0.0,0.4169659046668117,0.6035666316637451,-0.6829968743182837,-0.651087827846492,-2.4492935982947064e-16,1.0,1.0,6.123233995736766e-17,-0.7818314824680299,0.6234898018587334
0.2130369738281131,1.2536999170428818,-0.6398581040737229,-1.3755357407229036,-1.9307641277511158,0.9812682238323067,0.1179377492364014,1.4095481485997665,-0.6831906184550289,-0.6787950354516944,2.3743683136722686,-0.6514128533997506,-0.6505684099646967,0.0,0.8787878787878787,0.0,0.0,-1.509857488799261,0.011818967978143751,0.41677429195620497,0.010264828387933323,-0.671381637722462,-0.6305770510580229,-2.4492935982947064e-16,1.0,0.9659258262890683,-0.25881904510252063,-0.7818314824680299,0.6234898018587334
0.18919968111322388,0.6746908290604611,-0.1921889013309754,-1.085470348801107,-1.3374433899603722,0.8194824433273673,0.010094880414807005,1.108242136487002,-0.6831906184550289,-0.48514233435418863,2.2412810564810397,-0.6514128533997506,-0.1517787558538616,0.0,0.8787878787878787,0.0,0.0,-1.2204348473687636,0.05391711391594523,0.4387536681592584,-0.42122739217629346,-0.4313334147421451,0.6103249446443593,-2.4492935982947064e-16,1.0,0.8660254037844387,-0.4999999999999998,-0.7818314824680299,0.6234898018587334
0.18707737110567732,0.5167792596107107,-0.1921889013309754,-0.6371874703765118,-0.5823079054994255,0.4959108823174885,-0.4212765948715706,0.6022025520412053,-0.6831906184550289,0.0919427149163787,1.9682815545503138,-0.6514128533997506,0.9551243121729229,0.0,0.0,0.0,0.0,-0.3521669230772707,0.23445018460474742,0.479413414129258,-1.1763387781636903,0.2113763435599935,1.6905591888370666,-2.4492935982947064e-16,1.0,0.7071067811865476,-0.7071067811865475,-0.7818314824680299,0.6234898018587334
0.2758652065817018,0.22727471561950033,-0.5081906915023265,-0.05705668653291797,-0.09686366548881685,0.9812682238323067,-0.6369623325147594,-0.031312652913837995,-0.6831906184550289,0.6845199802747465,1.388157612947521,-0.6514128533997506,1.494910376210676,0.8787878787878787,0.0,0.0,0.0,0.3845452551094506,0.43285031582057576,0.5310374432543898,-1.607830998727917,0.807625155478845,2.097356261808371,-2.4492935982947064e-16,1.0,0.49999999999999994,-0.8660254037844387,-0.7818314824680299,0.6234898018587334
0.3354212923234046,-0.06222982837170911,-0.6398581040737229,0.23300870538887822,0.6582718189721298,0.9812682238323067,-0.2055908572283818,-0.5412151349508241,-0.6831906184550289,1.1105559226892594,-0.03485229086638856,-0.6514128533997506,1.7374724682782736,0.8787878787878787,0.0,0.0,0.0,0.9633905379704456,0.564605208846893,0.5399933014941743,-1.9853866917216154,1.2606193827158945,2.3298117320776877,-2.4492935982947064e-16,1.0,0.258819045102521,-0.9659258262890682,-0.7818314824680299,0.6234898018587334
0.41882040271772075,-0.19382280291316867,-0.6398581040737229,0.5230740973106753,0.6582718189721298,0.4959108823174885,-0.3673551604607734,-0.6841423458248278,-0.6831906184550289,1.3158277858526155,-0.6525136639846563,-0.6514128533997506,1.8297143906138391,0.8787878787878787,0.0,0.0,0.0,1.2528131794009436,0.6350422470689313,0.5188680641743287,-1.9853866917216154,1.4503349137809836,2.384507136846939,-2.4492935982947064e-16,1.0,1.2246467991473532e-16,-1.0,-0.7818314824680299,0.6234898018587334
0.2851152497950701,-0.6412389163541294,-1.0875273068164708,0.5230740973106753,0.9819013123125355,0.9812682238323067,-0.2055908572283818,-0.6841423458248278,-0.6831906184550289,1.2732241916111642,-0.6525136639846563,-0.6514128533997506,1.81263255314429,0.8787878787878787,0.0,0.0,0.0,1.2528131794009436,0.6323369849821313,0.5467175708036112,-1.931450164151087,1.4154892039935183,2.3810886740488604,-2.4492935982947064e-16,1.0,-0.2588190451025208,-0.9659258262890683,-0.7818314824680299,0.6234898018587334
0.2711915561764103,-0.19382280291316867,-1.2191947193878672,0.5230740973106753,0.8200865656423326,0.9812682238323067,-0.09774798840678739,-0.6841423458248278,-0.6831906184550289,0.9866181939868556,-0.6525136639846563,-0.6514128533997506,1.6657287509061673,0.8787878787878787,0.0,0.0,0.0,0.6739678965399476,0.5511952210105407,0.5202667703762138,-1.3381483608752753,1.1134930525021518,2.247768624923811,-2.4492935982947064e-16,1.0,-0.4999999999999997,-0.8660254037844388,-0.7818314824680299,0.6234898018587334
0.44064985256464245,-0.19382280291316867,-1.2191947193878672,0.23300870538887822,0.4964570723019269,0.7655538498257208,0.1718591836471986,-0.6841423458248278,-0.6831906184550289,0.4908672791772407,-0.6525136639846563,-0.6514128533997506,1.334341103996914,0.0,0.0,0.0,0.0,0.5161010012142222,0.379798004472067,0.5009500476778111,-0.5830369748878784,0.6062943878179341,1.9742916010775562,-2.4492935982947064e-16,1.0,-0.7071067811865471,-0.7071067811865479,-0.7818314824680299,0.6234898018587334
0.45108973621598697,-0.5096459418126703,-1.3771956144735429,0.1011607999698797,0.9819013123125355,0.6037680693207814,0.4953877901119818,-0.6841423458248278,-0.6831906184550289,-0.1946632827079299,-0.6525136639846563,-0.6514128533997506,0.008790516359900365,0.0,0.0,0.8787878787878787,0.8787878787878787,0.22667835978372425,0.06193316848333746,0.5407700474862496,-0.09760822675312336,-0.02867187942032333,1.3931529254042643,-2.4492935982947064e-16,1.0,-0.8660254037844385,-0.5000000000000004,-0.7818314824680299,0.6234898018587334
0.429060080424488,-0.6412389163541294,-1.5088630270449392,-0.3471220784547151,0.9819013123125355,0.7655538498257208,0.818916396576765,-0.6841423458248278,-0.6831906184550289,-0.5742225768590413,-0.6525136639846563,-0.6514128533997506,-0.5719919576047705,0.0,0.0,0.8787878787878787,0.8787878787878787,-0.06274428164677277,0.0,0.6188015964345385,0.6575031592342735,-0.5397422896364817,-0.032346061394339994,-2.4492935982947064e-16,1.0,-0.9659258262890683,-0.25881904510252063,-0.7818314824680299,0.6234898018587334
0.46076308474642563,-0.6412389163541294,-1.5088630270449392,-0.6371874703765118,0.4964570723019269,0.6037680693207814,0.818916396576765,-0.6841423458248278,-0.6831906184550289,-0.6826680894736445,-0.6525136639846563,-0.6514128533997506,-0.6505684099646967,0.0,0.0,0.8787878787878787,0.8787878787878787,-0.19430002775154487,0.0,0.6147843368466427,0.6575031592342735,-0.6829968743182837,-0.651087827846492,-2.4492935982947064e-16,1.0,-1.0,-1.8369701987210297e-16,-0.7818314824680299,0.6234898018587334
0.5147360057225472,-1.0886550297950905,-1.3771956144735429,-0.5053395649575132,0.9819013123125355,0.11841072780596318,0.6571520933443734,-0.6841423458248278,-0.6793232268611149,-0.6826680894736445,-0.6525136639846563,-0.6514128533997506,-0.6505684099646967,0.0,0.0,0.8787878787878787,0.8787878787878787,-0.6415895645077683,0.0,0.5948773076821228,0.9811223246574435,-0.6829968743182837,-0.651087827846492,-2.4492935982947064e-16,1.0,-0.9659258262890684,0.2588190451025203,-0.7818314824680299,0.6234898018587334
0.447840482632017,-1.2202480043365496,-1.0875273068164708,-0.3471220784547151,0.9819013123125355,0.010553540802670241,0.4953877901119818,-0.6841423458248278,-0.4859536471654124,-0.6826680894736445,-0.6525136639846563,-0.15280329616236946,-0.6505684099646967,0.0,0.0,0.8787878787878787,0.8787878787878787,-0.19430002775154487,0.0,0.5700257896059656,0.8193127419458585,-0.6829968743182837,-0.651087827846492,-2.4492935982947064e-16,1.0,-0.8660254037844386,0.5000000000000001,-0.7818314824680299,0.6234898018587334
0.6177182641896027,-1.2202480043365496,-0.6398581040737229,-0.3471220784547151,0.766148316752265,-0.4208752072105015,0.6571520933443734,-0.6841423458248278,0.09028770032778108,-0.6826680894736445,-0.6525136639846563,0.9537001048301752,-0.6505684099646967,0.0,0.0,0.0,0.0,-0.19430002775154487,0.0,0.5346703505887723,0.4956935765226884,-0.6829968743182837,-0.651087827846492,-2.4492935982947064e-16,1.0,-0.7071067811865477,0.7071067811865474,-0.7818314824680299,0.6234898018587334
0.7875960457471887,-1.3781595737863004,-0.06052148875957856,-0.6371874703765118,0.6043335700820621,-0.6365895812170874,0.818916396576765,-0.6841423458248278,0.6819986141966308,-0.6826680894736445,-0.6525136639846563,1.4932912695117246,-0.6505684099646967,0.0,0.0,0.0,0.0,-0.5100338184029966,0.0,0.45051206076781214,0.9811223246574435,-0.6829968743182837,-0.651087827846492,-2.4492935982947064e-16,1.0,-0.5000000000000004,0.8660254037844384,-0.7818314824680299,0.6234898018587334
0.9574738273047746,-1.5097525483277596,0.22914681889749292,-0.6371874703765118,0.766148316752265,-0.20516083320391562,0.818916396576765,-0.6841423458248278,1.1074116895271762,-0.6826680894736445,-0.6525136639846563,1.735765780223054,-0.6505684099646967,0.0,0.0,0.0,0.0,-0.6415895645077683,0.0,0.4049709284949612,0.9811223246574435,-0.6829968743182837,-0.651087827846492,-2.4492935982947064e-16,1.0,-0.25881904510252157,0.9659258262890681,-0.7818314824680299,0.6234898018587334
0.2598506702639111,-1.5097525483277596,0.5188151265545653,-0.7954049568793099,0.6043335700820621,-0.366946613708855,0.3336234868795902,-0.6841423458248278,1.3123834440046207,-0.6826680894736445,-0.6525136639846563,1.8279743969724327,-0.6505684099646967,0.0,0.0,0.0,0.0,-0.6415895645077683,0.0,0.37712720968612745,0.4956935765226884,-0.6829968743182837,-0.651087827846492,-2.4492935982947064e-16,1.0,-2.4492935982947064e-16,1.0,-0.7818314824680299,0.6234898018587334
0.2610433938322396,-1.3781595737863004,0.5188151265545653,-0.7954049568793099,0.11888933007145361,-0.20516083320391562,0.4414663557011846,-0.6802794482336385,1.2698421364715662,-0.6826680894736445,-0.6525136639846563,1.8108987272040291,-0.6505684099646967,0.0,0.0,0.0,0.0,-1.088879101263992,0.0,0.3619579981455412,0.9811223246574435,-0.6829968743182837,-0.651087827846492,-2.4492935982947064e-16,1.0,0.25881904510252074,0.9659258262890683,-2.4492935982947064e-16,1.0
0.2654825015833782,-1.0886550297950905,0.5188151265545653,-1.3755357407229036,0.01101283229131838,-0.09730364620062269,1.1424450030415483,-0.48713456867417404,0.9836551585219266,-0.6826680894736445,-0.1542895729610812,1.6640479671957593,-0.6505684099646967,0.0,0.0,0.0,0.0,-1.2204348473687636,0.0,0.375662327696457,0.9811223246574435,-0.6829968743182837,-0.651087827846492,-2.4492935982947064e-16,1.0,0.49999999999999994,0.8660254037844387,-2.4492935982947064e-16,1.0
0.23952861706947431,-0.6412389163541294,0.22914681889749292,-1.5073836461419021,-0.42049315882922256,0.17233932130760965,1.3042093062739397,0.08843717241302995,0.48862903450092826,-0.6826680894736445,0.9513584098583593,1.332779973688732,-0.6505684099646967,0.0,0.0,0.0,0.0,-1.2204348473687636,0.0,0.36806911702496603,0.7653762143753301,-0.6829968743182837,-0.651087827846492,-2.4492935982947064e-16,1.0,0.7071067811865476,0.7071067811865476,-2.4492935982947064e-16,1.0
0.2229448856064929,-0.06222982837170911,0.09747940632609654,-1.5073836461419021,-0.6362461543894931,0.4959108823174885,1.3042093062739397,0.6794605038649911,-0.19589927762185863,-0.6826680894736445,1.4905324261715434,0.007707999660623131,-0.6505684099646967,0.0,0.8787878787878787,0.0,0.0,-1.3783017426944895,0.0,0.3722622136712723,0.6035666316637451,-0.6829968743182837,-0.651087827846492,-2.4492935982947064e-16,1.0,0.8660254037844386,0.5000000000000001,-2.4492935982947064e-16,1.0
0.22046789908115286,0.22727471561950033,-0.350189796416651,-1.6656011326447004,-0.20474016326895209,0.8194824433273673,1.3042093062739397,1.104379238895813,-0.5749036538254355,-0.6826680894736445,1.7328194841350626,-0.5728647724650947,-0.6505684099646967,0.0,0.8787878787878787,0.0,0.0,-1.509857488799261,0.0,0.43891567591217195,0.7653762143753301,-0.6829968743182837,-0.651087827846492,-2.4492935982947064e-16,1.0,0.9659258262890683,0.25881904510252074,-2.4492935982947064e-16,1.0
0.2205765999600276,0.5167792596107107,-0.6398581040737229,-1.8238186191474985,-0.36655490993915496,0.8194824433273673,1.3042093062739397,1.309112811228845,-0.6831906184550289,-0.6826680894736445,1.8249568160366827,-0.6514128533997506,-0.6505684099646967,0.0,0.8787878787878787,0.0,0.0,-1.509857488799261,0.0,0.5511469949149643,0.6035666316637451,-0.6829968743182837,-0.651087827846492,-2.4492935982947064e-16,1.0,1.0,6.123233995736766e-17,-2.4492935982947064e-16,1.0
0.2181396683527951,0.5167792596107107,-0.5081906915023265,-1.5073836461419021,-0.20474016326895209,0.6576966628224279,0.9806806998091566,1.266620937725763,-0.6831906184550289,-0.6787950354516944,1.8078943471660123,-0.6514128533997506,-0.6471520424707868,0.0,0.8787878787878787,0.0,0.0,-1.3783017426944895,0.012805730325502107,0.6036373019803514,0.11813788352899002,-0.6791251287863431,-0.651087827846492,-2.4492935982947064e-16,1.0,0.9659258262890683,-0.25881904510252063,-2.4492935982947064e-16,1.0
0.22247581059508106,0.5167792596107107,-0.350189796416651,-1.3755357407229036,-0.09686366548881685,0.4959108823174885,0.9806806998091566,0.9807665159777555,-0.6831906184550289,-0.46577706424443804,1.6611571148782471,-0.6514128533997506,0.2240216684762196,0.0,0.8787878787878787,0.0,0.0,-1.088879101263992,0.054177662963927994,0.5923626789659386,0.010264828387933323,-0.4855378521893134,-0.15199225932707655,-2.4492935982947064e-16,1.0,0.8660254037844387,-0.4999999999999998,-2.4492935982947064e-16,1.0
0.23084488587094457,0.22727471561950033,-0.350189796416651,-0.7954049568793099,0.17282757896152123,0.6576966628224279,0.4414663557011846,0.48631562430552666,-0.6831906184550289,0.1616576873114808,1.3301452187872418,-0.6514128533997506,1.4778285387411267,0.0,0.0,0.0,0.0,-0.6415895645077683,0.23321396929157928,0.5922192639459709,-0.42122739217629346,0.09135223206983509,0.9555896872502563,-2.4492935982947064e-16,1.0,0.7071067811865476,-0.7071067811865475,-2.4492935982947064e-16,1.0
0.3974715432421295,0.09568174107804124,-0.6398581040737229,-0.3471220784547151,0.4964570723019269,0.8194824433273673,0.1718591836471986,-0.1974172493349774,-0.6831906184550289,0.6767738722308463,0.006097634423220343,-0.6514128533997506,1.7955507156747408,0.8787878787878787,0.0,0.0,0.0,-0.06274428164677277,0.43408653113374396,0.6068368398561812,-0.6369735024584068,0.6837292984567459,1.49570680934661,-2.4492935982947064e-16,1.0,0.49999999999999994,-0.8660254037844387,-2.4492935982947064e-16,1.0
0.4190778593935777,-0.3517343723629195,-0.6398581040737229,0.1011607999698797,0.8200865656423326,0.8194824433273673,-0.259512291639179,-0.5759812132715276,-0.6831906184550289,1.102809814645359,-0.5740263071795725,-0.6514128533997506,1.7955507156747408,0.8787878787878787,0.0,0.0,0.0,0.22667835978372425,0.5774774491421584,0.6001300364473906,-0.20548128189418005,1.1096213069702112,1.7384176680101613,-2.4492935982947064e-16,1.0,0.258819045102521,-0.9659258262890682,-2.4492935982947064e-16,1.0
0.8144671295366901,-0.6412389163541294,-0.7978589991593985,-0.05705668653291797,0.8200865656423326,0.33412510181254906,0.010094880414807005,-0.6841423458248278,-0.6831906184550289,1.2267475433477628,-0.6525136639846563,-0.6514128533997506,1.4436648638020284,0.8787878787878787,0.0,0.0,0.0,0.5161010012142222,0.6505532793951981,0.585415604179052,-0.3672908646057651,1.3148238201630629,1.8307161635582723,-2.4492935982947064e-16,1.0,1.2246467991473532e-16,-1.0,-2.4492935982947064e-16,1.0
0.3816829722656939,-0.5096459418126703,-0.7978589991593985,0.23300870538887822,0.6582718189721298,0.441982288815842,-0.09774798840678739,-0.6841423458248278,-0.6831906184550289,0.7929654928893498,-0.6525136639846563,-0.6514128533997506,0.15569431859802302,0.8787878787878787,0.0,0.0,0.0,0.5161010012142222,0.6484744270696295,0.5794239295234005,-0.20548128189418005,1.2722346193117162,1.8136238495678814,-2.4492935982947064e-16,1.0,-0.2588190451025208,-0.9659258262890683,-2.4492935982947064e-16,1.0
0.2931525419810559,-0.3517343723629195,-1.3771956144735429,-0.05705668653291797,0.4964570723019269,1.1430540043372461,0.3336234868795902,-0.6841423458248278,-0.6831906184550289,0.1384193631797801,-0.6525136639846563,-0.6514128533997506,-0.6198211025195082,0.8787878787878787,0.0,0.0,0.0,0.5161010012142222,0.5660077456507615,0.5793356780664705,-0.09760822675312336,0.9857254499481123,1.6666299492505194,-2.4492935982947064e-16,1.0,-0.4999999999999997,-0.8660254037844388,-2.4492935982947064e-16,1.0
0.19239743306512844,-0.3517343723629195,-1.5088630270449392,-0.05705668653291797,0.6582718189721298,1.3048397848421855,0.1718591836471986,-0.6841423458248278,-0.6831906184550289,0.2972145780797349,-0.6525136639846563,-0.6514128533997506,-0.0937005084573945,0.0,0.0,0.0,0.0,0.22667835978372425,0.3943555187921332,0.5950252300312895,0.17207441109951835,0.4901420218597163,1.335039057836935,-2.4492935982947064e-16,1.0,-0.7071067811865471,-0.7071067811865479,-2.4492935982947064e-16,1.0
0.22522165245806353,-0.6412389163541294,-1.5088630270449392,-0.3471220784547151,0.8200865656423326,1.3048397848421855,0.6571520933443734,-0.6841423458248278,-0.6831906184550289,-0.41155430793713643,-0.6525136639846563,-0.6514128533997506,-0.6334865724951475,0.0,0.0,0.8787878787878787,0.8787878787878787,0.09512261367895261,0.06880169656701586,0.6277562254027234,0.4956935765226884,-0.19515693729376887,0.008675492182598261,-2.4492935982947064e-16,1.0,-0.8660254037844385,-0.5000000000000004,-2.4492935982947064e-16,1.0
0.30240258519442414,-0.6412389163541294,-1.6668639221306147,-0.3471220784547151,0.8200865656423326,1.3048397848421855,0.1718591836471986,-0.6841423458248278,-0.6831906184550289,-0.6052070090346422,-0.6525136639846563,-0.6514128533997506,-0.6471520424707868,0.0,0.0,0.8787878787878787,0.8787878787878787,-0.3521669230772707,0.0,0.6496603087202939,0.8193127419458585,-0.5745879994239471,-0.5724631834906936,-2.4492935982947064e-16,1.0,-0.9659258262890683,-0.25881904510252063,-2.4492935982947064e-16,1.0
0.3251987761068291,-0.7991504858038802,-1.8248648172162902,-0.3471220784547151,0.3346423256317241,1.3048397848421855,0.3336234868795902,-0.6841423458248278,-0.6831906184550289,-0.6826680894736445,-0.6525136639846563,-0.6514128533997506,-0.6505684099646967,0.0,0.0,0.8787878787878787,0.8787878787878787,-0.6415895645077683,0.0,0.6400675853525526,0.8193127419458585,-0.6829968743182837,-0.651087827846492,-2.4492935982947064e-16,1.0,-1.0,-1.8369701987210297e-16,-2.4492935982947064e-16,1.0
0.9155997912368368,-0.7991504858038802,-1.5088630270449392,-0.3471220784547151,0.44251882341185933,0.9812682238323067,0.4953877901119818,-0.6841423458248278,-0.6793232268611149,-0.6826680894736445,-0.6525136639846563,-0.64799771944607,-0.6505684099646967,0.0,0.0,0.8787878787878787,0.8787878787878787,-0.5100338184029966,0.0,0.638599681403533,0.6575031592342735,-0.6829968743182837,-0.651087827846492,-2.4492935982947064e-16,1.0,-0.9659258262890684,0.2588190451025203,-2.4492935982947064e-16,1.0
0.7973599897843497,-1.3781595737863004,-1.3771956144735429,-0.5053395649575132,1.1437160589827384,0.9812682238323067,0.3336234868795902,-0.6841423458248278,-0.46661668919584215,-0.6826680894736445,-0.6525136639846563,0.2228614387425068,-0.6505684099646967,0.0,0.0,0.8787878787878787,0.8787878787878787,-0.3521669230772707,0.0,0.6104306665976225,0.4956935765226884,-0.6829968743182837,-0.651087827846492,-2.4492935982947064e-16,1.0,-0.8660254037844386,0.5000000000000001,-2.4492935982947064e-16,1.0
0.6791201883318626,-1.5097525483277596,-0.7978589991593985,-0.5053395649575132,1.305530805652941,0.441982288815842,0.1718591836471986,-0.6841423458248278,0.15990074901823398,-0.6826680894736445,-0.6525136639846563,1.4762155997433213,-0.6505684099646967,0.0,0.0,0.0,0.0,-0.3521669230772707,0.0,0.5760631009697569,0.6575031592342735,-0.6829968743182837,-0.651087827846492,-2.4492935982947064e-16,1.0,-0.7071067811865477,0.7071067811865474,-2.4492935982947064e-16,1.0
0.5222469721658415,-1.5097525483277596,-0.350189796416651,-0.7954049568793099,1.305530805652941,0.17233932130760965,0.3336234868795902,-0.6841423458248278,0.6742638310088026,-0.6826680894736445,-0.6525136639846563,1.7938230574356258,-0.6505684099646967,0.0,0.0,0.0,0.0,-0.6415895645077683,0.0,0.5078390906012608,0.8193127419458585,-0.6829968743182837,-0.651087827846492,-2.4492935982947064e-16,1.0,-0.5000000000000004,0.8660254037844384,-2.4492935982947064e-16,1.0
0.3708311785267663,-1.6676641177775104,0.09747940632609654,-0.6371874703765118,1.305530805652941,-0.2590894267055621,0.1718591836471986,-0.6841423458248278,1.0996769063393481,-0.6826680894736445,-0.6525136639846563,1.7938230574356258,-0.6505684099646967,0.0,0.0,0.0,0.0,-0.6415895645077683,0.0,0.4300432032625686,0.8193127419458585,-0.6829968743182837,-0.651087827846492,-2.4492935982947064e-16,1.0,-0.25881904510252157,0.9659258262890681,-2.4492935982947064e-16,1.0
0.22460383881115953,-1.8255756872272613,-0.06052148875957856,-1.2173182542201055,1.305530805652941,0.010553540802670241,0.7649949621659677,-0.6841423458248278,1.2234334373445976,-0.6826680894736445,-0.6525136639846563,1.4420642602065143,-0.6505684099646967,0.0,0.0,0.0,0.0,-0.7994564598334941,0.0,0.35250991906936757,0.3338839938111034,-0.6829968743182837,-0.651087827846492,-2.4492935982947064e-16,1.0,-2.4492935982947064e-16,1.0,-2.4492935982947064e-16,1.0
0.25460783501032297,-1.5097525483277596,0.22914681889749292,-0.9272528622983084,0.9819013123125355,-0.09730364620062269,0.4414663557011846,-0.6802794482336385,0.7902855788262242,-0.6826680894736445,-0.6491011702105222,0.15455875966889293,-0.6505684099646967,0.0,0.0,0.0,0.0,-0.7994564598334941,0.0,0.3399945000339841,0.44175704895216006,-0.6829968743182837,-0.651087827846492,-2.4492935982947064e-16,1.0,0.25881904510252074,0.9659258262890683,0.7818314824680298,0.6234898018587336
0.36369773054471083,-1.3781595737863004,-0.06052148875957856,-0.9272528622983084,0.9819013123125355,0.33412510181254906,0.4414663557011846,-0.4678200807182276,0.13669639945474968,-0.6826680894736445,0.22108474219366708,-0.6206766478166245,-0.6505684099646967,0.0,0.0,0.0,0.0,-1.3783017426944895,0.0,0.3177456060326913,1.1429319073690285,-0.6829968743182837,-0.651087827846492,-2.4492935982947064e-16,1.0,0.49999999999999994,0.8660254037844387,0.7818314824680298,0.6234898018587336
0.2794290680361656,-0.7991504858038802,-0.06052148875957856,-0.9272528622983084,0.44251882341185933,0.17233932130760965,0.818916396576765,0.15796932905443714,0.29525945480522575,-0.6826680894736445,1.473469957300873,-0.09474601894979767,-0.6505684099646967,0.0,0.0,0.0,0.0,-1.509857488799261,0.0,0.30854230566381247,1.3047414900806136,-0.6829968743182837,-0.651087827846492,-2.4492935982947064e-16,1.0,0.7071067811865476,0.7071067811865476,0.7818314824680298,0.6234898018587336
0.2224529171671652,-0.3517343723629195,-0.350189796416651,-1.085470348801107,0.17282757896152123,0.6576966628224279,0.9806806998091566,0.6717347086826125,-0.41247320688104544,-0.6826680894736445,1.7908318782953419,-0.6343371836313472,-0.6505684099646967,0.0,0.8787878787878787,0.0,0.0,-1.509857488799261,0.0,0.3107268749554708,1.3047414900806136,-0.6829968743182837,-0.651087827846492,-2.4492935982947064e-16,1.0,0.8660254037844386,0.5000000000000001,0.7818314824680298,0.6234898018587336
0.2214861589401918,0.09568174107804124,-0.350189796416651,-1.3755357407229036,-0.2586784121590197,0.17233932130760965,1.1424450030415483,1.0966534437134343,-0.605842786576748,-0.6826680894736445,1.7908318782953419,-0.64799771944607,-0.6505684099646967,0.0,0.8787878787878787,0.0,0.0,-1.6677243841249871,0.0,0.329406425208017,1.3047414900806136,-0.6829968743182837,-0.651087827846492,-2.4492935982947064e-16,1.0,0.9659258262890683,0.25881904510252074,0.7818314824680298,0.6234898018587336
0.2215262138582994,-0.06222982837170911,-0.350189796416651,-1.2173182542201055,0.01101283229131838,0.33412510181254906,0.9806806998091566,1.2202661666314916,-0.6831906184550289,-0.6826680894736445,1.439345019559532,-0.6514128533997506,-0.6505684099646967,0.0,0.8787878787878787,0.0,0.0,-1.825591279450713,0.0,0.36123595473965375,1.3047414900806136,-0.6829968743182837,-0.651087827846492,-2.4492935982947064e-16,1.0,1.0,6.123233995736766e-17,0.7818314824680298,0.6234898018587336
0.32273323972774504,0.22727471561950033,-0.350189796416651,-1.3755357407229036,-0.09686366548881685,0.4959108823174885,1.1424450030415483,0.7876216364182912,-0.6831906184550289,-0.6749219814297444,0.1528348667109856,-0.6514128533997506,-0.6471520424707868,0.0,0.8787878787878787,0.0,0.0,-1.509857488799261,0.01210169322488656,0.3900895201676603,0.9811223246574435,-0.6791251287863431,-0.6476693650484138,-2.4492935982947064e-16,1.0,0.9659258262890683,-0.25881904510252063,0.7818314824680298,0.6234898018587336
0.9126194238811913,-0.06222982837170911,-0.5081906915023265,-1.2173182542201055,0.3346423256317241,0.33412510181254906,0.9806806998091566,0.13479194350730142,-0.6831906184550289,-0.45028484815663755,-0.6218012200174495,-0.6514128533997506,0.3333454282813341,0.0,0.8787878787878787,0.0,0.0,-1.3783017426944895,0.0526309981641705,0.37013782746835044,0.9811223246574435,-0.46617912452961047,0.22403864846152408,-2.4492935982947064e-16,1.0,0.8660254037844387,-0.4999999999999998,0.7818314824680298,0.6234898018587336
0.27657454245579854,-0.06222982837170911,-0.5081906915023265,-0.9272528622983084,0.17282757896152123,0.17233932130760965,0.818916396576765,0.29317074474606225,-0.6831906184550289,-0.01262974367627443,-0.09627717880080192,-0.6514128533997506,0.09419970370764609,0.0,0.0,0.0,0.0,-0.7994564598334941,0.23371289384971572,0.3986361846236869,0.44175704895216006,0.16104365164476578,1.478614495356219,-2.4492935982947064e-16,1.0,0.7071067811865476,-0.7071067811865475,0.7818314824680298,0.6234898018587336
0.46310847696497515,-0.3517343723629195,-0.7978589991593985,-0.5053395649575132,0.6582718189721298,0.33412510181254906,0.3336234868795902,-0.4137395144415776,-0.6831906184550289,0.3281990102553358,-0.6354511951139858,-0.6514128533997506,0.4631673930499076,0.8787878787878787,0.0,0.0,0.0,-0.3521669230772707,0.43706347427326786,0.39132852350088143,0.17207441109951835,0.6759858073928647,1.7965315355774905,-2.4492935982947064e-16,1.0,0.49999999999999994,-0.8660254037844387,0.7818314824680298,0.6234898018587336
0.4878782392494345,-0.3517343723629195,-0.6398581040737229,0.1011607999698797,0.17282757896152123,0.17233932130760965,-0.259512291639179,-0.606884394001042,-0.6831906184550289,0.7968385469112998,-0.6491011702105222,-0.6514128533997506,0.4016727781595307,0.8787878787878787,0.0,0.0,0.0,0.09512261367895261,0.5818790813359321,0.39327077262844434,-0.2594178094647084,1.10187781590633,1.7965315355774905,-2.4492935982947064e-16,1.0,0.258819045102521,-0.9659258262890682,0.7818314824680298,0.6234898018587336
0.512648001533894,-0.3517343723629195,-1.2191947193878672,0.23300870538887822,0.3346423256317241,0.7655538498257208,-0.9604909389795426,-0.6841423458248278,-0.6831906184550289,1.3700505421599172,-0.6525136639846563,-0.6514128533997506,1.9390381504189536,0.8787878787878787,0.0,0.0,0.0,-0.06274428164677277,0.6550269562951666,0.37517210442641735,0.010264828387933323,1.2257736729284292,1.4444298673754372,-2.4492935982947064e-16,1.0,1.2246467991473532e-16,-1.0,0.7818314824680298,0.6234898018587336
0.4028316257967079,-0.3517343723629195,-0.9295264117307949,0.23300870538887822,0.4964570723019269,0.441982288815842,-0.8526480701579482,-0.6841423458248278,-0.6831906184550289,1.0718253824697581,-0.6525136639846563,-0.6514128533997506,1.3821702489116514,0.8787878787878787,0.0,0.0,0.0,0.22667835978372425,0.6526210489432486,0.3575117739889918,-0.09760822675312336,0.7921381733510826,0.15566939249996034,-2.4492935982947064e-16,1.0,-0.2588190451025208,-0.9659258262890683,0.7818314824680298,0.6234898018587336
0.21423829873532574,-0.5096459418126703,-0.9295264117307949,0.5230740973106753,0.3346423256317241,0.441982288815842,-1.2300981110335285,-0.6841423458248278,-0.6831906184550289,0.7581080066917987,-0.6525136639846563,-0.6514128533997506,1.3514229414664631,0.8787878787878787,0.0,0.0,0.0,-0.06274428164677277,0.5753210040693085,0.37083733422824294,0.3338839938111034,0.13781317845312221,-0.6203216626637883,-2.4492935982947064e-16,1.0,-0.4999999999999997,-0.8660254037844388,0.7818314824680298,0.6234898018587336
0.2261197612919718,-0.5096459418126703,-0.9295264117307949,0.23300870538887822,0.17282757896152123,0.8194824433273673,-0.47519802928236776,-0.6841423458248278,-0.6831906184550289,0.5528361435284426,-0.6525136639846563,-0.6514128533997506,1.7408888357721835,0.0,0.0,0.0,0.0,-0.06274428164677277,0.40406236881610286,0.3917413538797886,0.17207441109951835,0.29655474526268655,-0.09387839175974737,-2.4492935982947064e-16,1.0,-0.7071067811865471,-0.7071067811865479,0.7818314824680298,0.6234898018587336
0.1917967809084162,-0.7991504858038802,-1.0875273068164708,-0.05705668653291797,0.3346423256317241,0.9812682238323067,-0.6369623325147594,-0.6841423458248278,-0.6831906184550289,-0.008756689654324313,-0.6525136639846563,-0.6514128533997506,1.4812449062350366,0.0,0.0,0.8787878787878787,0.8787878787878787,-0.3521669230772707,0.07540967294178053,0.40967381431760275,0.6575031592342735,-0.4119746870824421,-0.633995513856101,-2.4492935982947064e-16,1.0,-0.8660254037844385,-0.5000000000000004,0.7818314824680298,0.6234898018587336
0.43807559471289537,-0.6412389163541294,-1.3771956144735429,-0.18890459195191697,0.17282757896152123,1.1430540043372461,-0.3673551604607734,-0.6841423458248278,-0.6831906184550289,-0.5277459285956398,-0.6525136639846563,-0.6514128533997506,0.07028513125027729,0.0,0.0,0.8787878787878787,0.8787878787878787,-0.3521669230772707,0.0,0.4569014047859742,0.17207441109951835,-0.6055619636794718,-0.6476693650484138,-2.4492935982947064e-16,1.0,-0.9659258262890683,-0.25881904510252063,0.7818314824680298,0.6234898018587336
0.37977801253142623,-1.2202480043365496,-1.2191947193878672,-0.3471220784547151,0.766148316752265,0.9812682238323067,-0.3673551604607734,-0.6841423458248278,-0.6831906184550289,-0.6826680894736445,-0.6525136639846563,-0.6514128533997506,-0.6505684099646967,0.0,0.0,0.8787878787878787,0.8787878787878787,-0.3521669230772707,0.0,0.45936081871947076,0.3338839938111034,-0.6829968743182837,-0.651087827846492,-2.4492935982947064e-16,1.0,-1.0,-1.8369701987210297e-16,0.7818314824680298,0.6234898018587336
0.7278016040682123,-0.9307434603453393,-1.3771956144735429,-0.3471220784547151,0.44251882341185933,1.1430540043372461,-0.3673551604607734,-0.6841423458248278,-0.6754558352672009,-0.6826680894736445,-0.6525136639846563,-0.64799771944607,-0.6505684099646967,0.0,0.0,0.8787878787878787,0.8787878787878787,-0.3521669230772707,0.0,0.4339427088751411,0.4956935765226884,-0.6829968743182837,-0.651087827846492,-2.4492935982947064e-16,1.0,-0.9659258262890684,0.2588190451025203,0.7818314824680298,0.6234898018587336
0.7063268479005741,-0.9307434603453393,-1.2191947193878672,-0.5053395649575132,0.44251882341185933,0.9812682238323067,0.010094880414807005,-0.6841423458248278,-0.45114712282018593,-0.6826680894736445,-0.6525136639846563,0.332145725260289,-0.6505684099646967,0.0,0.0,0.8787878787878787,0.8787878787878787,-0.5100338184029966,0.0,0.4178690095354085,0.3338839938111034,-0.6829968743182837,-0.651087827846492,-2.4492935982947064e-16,1.0,-0.8660254037844386,0.5000000000000001,0.7818314824680298,0.6234898018587336
0.6050225712985098,-0.9307434603453393,-0.9295264117307949,-0.9272528622983084,0.8200865656423326,0.8194824433273673,0.1718591836471986,-0.6841423458248278,-0.01413187270789827,-0.6826680894736445,-0.6525136639846563,0.09308634850264047,-0.6505684099646967,0.0,0.0,0.0,0.0,-0.5100338184029966,0.0,0.42913113495522404,0.17207441109951835,-0.6829968743182837,-0.651087827846492,-2.4492935982947064e-16,1.0,-0.7071067811865477,0.7071067811865474,0.7818314824680298,0.6234898018587336
0.5037182946964455,-1.0886550297950905,-0.5081906915023265,-0.9272528622983084,0.9819013123125355,0.33412510181254906,0.6032306589335762,-0.6841423458248278,0.32619858755653813,-0.6826680894736445,-0.6525136639846563,0.46192081550015535,-0.6505684099646967,0.0,0.0,0.0,0.0,-0.7994564598334941,0.0,0.38020868626873394,0.3338839938111034,-0.6829968743182837,-0.651087827846492,-2.4492935982947064e-16,1.0,-0.5000000000000004,0.8660254037844384,0.7818314824680298,0.6234898018587336
0.4555459917281252,-1.3781595737863004,0.09747940632609654,-0.9272528622983084,1.1437160589827384,-0.2590894267055621,0.6032306589335762,-0.6841423458248278,0.7941529704201382,-0.6826680894736445,-0.6525136639846563,0.4004484043339029,-0.6505684099646967,0.0,0.0,0.0,0.0,-0.6415895645077683,0.0,0.32092096823372673,0.17207441109951835,-0.6829968743182837,-0.651087827846492,-2.4492935982947064e-16,1.0,-0.25881904510252157,0.9659258262890681,0.7818314824680298,0.6234898018587336
0.5417224147261374,-1.2202480043365496,0.22914681889749292,-0.9272528622983084,0.9819013123125355,-0.9601611422269661,-0.6369623325147594,-0.6841423458248278,1.3665269263194175,-0.6826680894736445,-0.6525136639846563,1.9372586834902148,-0.6505684099646967,0.0,0.0,0.0,0.0,-1.2204348473687636,0.0,0.2543731209111032,0.7653762143753301,-0.6829968743182837,-0.651087827846492,-2.4492935982947064e-16,1.0,-2.4492935982947064e-16,1.0,0.7818314824680298,0.6234898018587336
0.28499511936372757,-1.3781595737863004,0.22914681889749292,-1.3755357407229036,1.1437160589827384,-0.8523039552236732,0.9806806998091566,-0.6764165506424492,1.0687377735880357,-0.6826680894736445,-0.6491011702105222,1.3805918490402618,-0.6505684099646967,0.0,0.0,0.0,0.0,-0.9310122059382657,0.0,0.23721922988490374,0.44175704895216006,-0.6829968743182837,-0.651087827846492,-2.4492935982947064e-16,1.0,0.25881904510252074,0.9659258262890683,0.9749279121818236,-0.22252093395631434
0.22823633592949633,-1.2202480043365496,0.5188151265545653,-1.5073836461419021,0.9819013123125355,-1.2298041097351986,0.9806806998091566,-0.45236849035347043,0.7554790544809977,-0.6826680894736445,0.3302845429659575,1.3498556434571356,-0.6505684099646967,0.0,0.0,0.0,0.0,-0.9310122059382657,0.0,0.24038554669575118,0.44175704895216006,-0.6829968743182837,-0.651087827846492,-2.4492935982947064e-16,1.0,0.49999999999999994,0.8660254037844387,0.9749279121818236,-0.22252093395631434
0.22231562181333295,-0.9307434603453393,0.22914681889749292,-1.955666524566497,0.8200865656423326,-0.47480380071214795,1.1424450030415483,-0.015861062549080842,0.5505073000035531,-0.6826680894736445,0.09140997877657223,1.7391809141767347,-0.6505684099646967,0.0,0.0,0.0,0.0,-0.9310122059382657,0.0,0.23502202982755827,0.8193127419458585,-0.6829968743182837,-0.651087827846492,-2.4492935982947064e-16,1.0,0.7071067811865476,0.7071067811865476,0.9749279121818236,-0.22252093395631434
0.22059376145021936,-0.5096459418126703,-0.06052148875957856,-1.5073836461419021,0.3346423256317241,-0.6365895812170874,0.7649949621659677,0.32407392547557656,-0.010264481113984219,-0.6826680894736445,0.4599593063830524,1.479630733697002,-0.6505684099646967,0.0,0.8787878787878787,0.0,0.0,-1.088879101263992,0.0,0.24892790870117876,0.9811223246574435,-0.6829968743182837,-0.651087827846492,-2.4492935982947064e-16,1.0,0.8660254037844386,0.5000000000000001,0.9749279121818236,-0.22252093395631434
0.21850005964682248,0.09568174107804124,-0.1921889013309754,-1.955666524566497,-0.2586784121590197,-0.366946613708855,1.1424450030415483,0.7914845340094805,-0.528494954698467,-0.6826680894736445,0.398534418448639,0.06918041082687561,-0.6505684099646967,0.0,0.8787878787878787,0.0,0.0,-1.3783017426944895,0.0,0.29322609372775943,1.1429319073690285,-0.6829968743182837,-0.651087827846492,-2.4492935982947064e-16,1.0,0.9659258262890683,0.25881904510252074,0.9749279121818236,-0.22252093395631434
0.2192494470067288,0.22727471561950033,-0.350189796416651,-2.1138840110692954,-0.9598756477298988,-0.366946613708855,1.1424450030415483,1.3631933775054952,-0.6831906184550289,-0.6826680894736445,1.934156616808973,-0.6514128533997506,-0.6505684099646967,0.0,0.8787878787878787,0.0,0.0,-1.2204348473687636,0.0,0.37532842679818224,0.9811223246574435,-0.6829968743182837,-0.651087827846492,-2.4492935982947064e-16,1.0,1.0,6.123233995736766e-17,0.9749279121818236,-0.22252093395631434
0.8906069295798842,0.22727471561950033,-0.350189796416651,-2.1138840110692954,-0.8519991499497634,-0.366946613708855,1.1424450030415483,1.06575026298392,-0.6831906184550289,-0.6749219814297444,1.3779201316251188,-0.6514128533997506,-0.643735674976877,0.0,0.8787878787878787,0.0,0.0,-1.3783017426944895,0.009496197423197017,0.4398752248350559,1.1429319073690285,-0.6752533832544025,-0.6476693650484138,-2.4492935982947064e-16,1.0,0.9659258262890683,-0.25881904510252063,0.9749279121818236,-0.22252093395631434
0.33425431099036373,0.5167792596107107,-0.5081906915023265,-1.5073836461419021,-1.2295668921802367,0.010553540802670241,0.279702052468793,0.7528555580975875,-0.6831906184550289,-0.46965011826638814,1.347207687657912,-0.6514128533997506,0.08736696871982644,0.0,0.8787878787878787,0.0,0.0,-1.2204348473687636,0.050363664114727424,0.4394285894871566,0.9811223246574435,-0.4506921424018481,0.3334294580000261,-2.4492935982947064e-16,1.0,0.8660254037844387,-0.4999999999999998,0.9749279121818236,-0.22252093395631434
0.20540011069277192,0.22727471561950033,-0.9295264117307949,-0.5053395649575132,-0.47443140771929015,0.17233932130760965,-0.7448052013363538,0.5481219857645553,-0.6831906184550289,0.08419660687247847,1.7362319779091966,-0.6514128533997506,1.0541989694963079,0.0,0.0,0.0,0.0,-0.9310122059382657,0.22347384432574563,0.4205483094263055,0.8193127419458585,-0.013184897292560954,0.09413706213455295,-2.4492935982947064e-16,1.0,0.7071067811865476,-0.7071067811865475,0.9749279121818236,-0.22252093395631434
0.19462271201382567,-0.06222982837170911,-0.9295264117307949,0.39122619189167684,-0.6362461543894931,0.6037680693207814,-1.337940979855123,-0.011998164957891553,-0.6831906184550289,0.5489630895064924,1.476882451075007,-0.6514128533997506,0.9995370895937506,0.8787878787878787,0.0,0.0,0.0,-0.5100338184029966,0.4183149803602007,0.4212059697321575,0.3338839938111034,0.32752870951821134,0.46333104432699723,-2.4492935982947064e-16,1.0,0.49999999999999994,-0.8660254037844387,0.9749279121818236,-0.22252093395631434
0.6714546998308817,-0.19382280291316867,-0.9295264117307949,0.681291583813473,-0.36655490993915496,0.6037680693207814,-1.7153910207307033,-0.5296264421772562,-0.6831906184550289,1.0485870583380574,0.0675225223576337,-0.6514128533997506,1.5188249486680447,0.8787878787878787,0.0,0.0,0.0,0.09512261367895261,0.5069738743410471,0.41772323841154124,-0.2594178094647084,0.7960099188830232,0.40179871396158984,-2.4492935982947064e-16,1.0,0.258819045102521,-0.9659258262890682,0.9749279121818236,-0.22252093395631434
0.379640720609892,-0.3517343723629195,-0.9295264117307949,1.2614223676570673,-0.36655490993915496,-0.6365895812170874,-2.0389196271954866,-0.6841423458248278,-0.6831906184550289,1.3545583260721166,-0.6525136639846563,-0.6514128533997506,1.7101415283269952,0.8787878787878787,0.0,0.0,0.0,0.22667835978372425,0.541809904581144,0.4005782288726498,-0.9605926678815769,1.369028257610231,1.9401069730967744,-2.4492935982947064e-16,1.0,1.2246467991473532e-16,-1.0,0.9749279121818236,-0.22252093395631434
0.21521650024395905,-0.3517343723629195,-1.3771956144735429,1.419639854159865,-0.36655490993915496,0.9812682238323067,-1.9849981927846894,-0.6841423458248278,-0.6831906184550289,1.1841439491063115,-0.6525136639846563,-0.6514128533997506,1.4641630687654874,0.8787878787878787,0.0,0.0,0.0,0.22667835978372425,0.6127458806659736,0.41203478408382155,-0.8527196127405202,1.0709038516508054,1.3828975370100298,-2.4492935982947064e-16,1.0,-0.2588190451025208,-0.9659258262890683,0.9749279121818236,-0.22252093395631434
0.20271148867038688,-0.5096459418126703,-1.5088630270449392,0.681291583813473,0.01101283229131838,0.9812682238323067,-0.798726635747151,-0.6841423458248278,-0.6831906184550289,1.033094842250257,-0.6525136639846563,-0.6514128533997506,1.9151235779615847,0.8787878787878787,0.0,0.0,0.0,0.5161010012142222,0.4485110122096286,0.42690272164317544,-1.2302753057342186,0.7572924635636172,1.352131371827326,-2.4492935982947064e-16,1.0,-0.4999999999999997,-0.8660254037844388,0.9749279121818236,-0.22252093395631434
0.21785365495725897,-0.9307434603453393,-1.9565322297876868,0.9713569757352701,0.17282757896152123,1.1430540043372461,-1.4997052830875146,-0.6841423458248278,-0.6831906184550289,0.6264241699454948,-0.6525136639846563,-0.6514128533997506,2.0141982352849697,0.0,0.0,0.0,0.0,0.22667835978372425,0.09507284990390846,0.4488410709065882,-0.47516391974682176,0.5520899503707658,1.7418361308082395,-2.4492935982947064e-16,1.0,-0.7071067811865471,-0.7071067811865479,0.9749279121818236,-0.22252093395631434
0.3891481861761369,-0.9307434603453393,-1.5088630270449392,0.5230740973106753,0.6043335700820621,0.7655538498257208,-0.9604909389795426,-0.6841423458248278,-0.6831906184550289,-0.008756689654324313,-0.6525136639846563,-0.6514128533997506,1.453913966283758,0.0,0.0,0.8787878787878787,0.8787878787878787,-0.06274428164677277,0.005743175936072942,0.5424328934231254,-0.6369735024584068,-0.00931315176062036,1.4820329581542973,-2.4492935982947064e-16,1.0,-0.8660254037844385,-0.5000000000000004,0.9749279121818236,-0.22252093395631434
0.4607116345988307,-0.9307434603453393,-1.9565322297876868,0.23300870538887822,0.6043335700820621,1.1430540043372461,0.0640163148256042,-0.6841423458248278,-0.6831906184550289,-0.53161898261759,-0.6525136639846563,-0.6514128533997506,0.03953782380508883,0.0,0.0,0.8787878787878787,0.8787878787878787,-0.19430002775154487,0.0,0.6124284378257728,-0.3672908646057651,-0.52812705304066,0.07020782254800564,-2.4492935982947064e-16,1.0,-0.9659258262890683,-0.25881904510252063,0.9749279121818236,-0.22252093395631434
0.47685486493156953,-0.9307434603453393,-2.114533124873362,-0.05705668653291797,-0.6362461543894931,1.1430540043372461,0.4953877901119818,-0.6841423458248278,-0.6831906184550289,-0.6826680894736445,-0.6525136639846563,-0.6514128533997506,-0.6505684099646967,0.0,0.0,0.8787878787878787,0.8787878787878787,-0.3521669230772707,0.0,0.6164190119760248,-0.3672908646057651,-0.6829968743182837,-0.651087827846492,-2.4492935982947064e-16,1.0,-1.0,-1.8369701987210297e-16,0.9749279121818236,-0.22252093395631434
0.5484640315641341,-1.3781595737863004,-2.114533124873362,-0.18890459195191697,0.9819013123125355,1.1430540043372461,0.4953877901119818,-0.6841423458248278,-0.6754558352672009,-0.6826680894736445,-0.6525136639846563,-0.6445825854923893,-0.6505684099646967,0.0,0.0,0.8787878787878787,0.8787878787878787,-0.3521669230772707,0.0,0.5960316961535629,-0.3672908646057651,-0.6829968743182837,-0.651087827846492,-2.4492935982947064e-16,1.0,-0.9659258262890684,0.2588190451025203,0.9749279121818236,-0.22252093395631434
0.5254733323218956,-1.5097525483277596,-1.5088630270449392,-0.5053395649575132,0.9819013123125355,0.2801965083109026,0.818916396576765,-0.6841423458248278,-0.4704840807897562,-0.6826680894736445,-0.6525136639846563,0.08625608059527907,-0.6505684099646967,0.0,0.0,0.8787878787878787,0.8787878787878787,-0.5100338184029966,0.0,0.5678705691737506,0.010264828387933323,-0.6829968743182837,-0.651087827846492,-2.4492935982947064e-16,1.0,-0.8660254037844386,0.5000000000000001,0.9749279121818236,-0.22252093395631434
0.6421543384587732,-1.9571686617687203,-0.5081906915023265,-0.5053395649575132,1.1437160589827384,-0.7444467682203804,0.6571520933443734,-0.6841423458248278,0.08255291713995298,-0.6826680894736445,-0.6525136639846563,1.0527389894869152,-0.6505684099646967,0.0,0.0,0.0,0.0,-0.9310122059382657,0.0,0.5501506702833885,0.17207441109951835,-0.6829968743182837,-0.651087827846492,-2.4492935982947064e-16,1.0,-0.7071067811865477,0.7071067811865474,0.9749279121818236,-0.22252093395631434
0.6178937232653235,-1.5097525483277596,0.38714771398316894,-0.6371874703765118,0.766148316752265,-1.3376612967384915,0.1718591836471986,-0.6841423458248278,0.546639908409639,-0.6826680894736445,-0.6525136639846563,0.9980968462280242,-0.6505684099646967,0.0,0.0,0.0,0.0,-0.9310122059382657,0.0,0.4561146709621512,0.6035666316637451,-0.6829968743182837,-0.651087827846492,-2.4492935982947064e-16,1.0,-0.5000000000000004,0.8660254037844384,0.9749279121818236,-0.22252093395631434
0.8384531952100518,-1.9571686617687203,0.6768160216402405,-0.5053395649575132,1.1437160589827384,-1.7151614512500166,-0.8526480701579482,-0.6841423458248278,1.0455334240245513,-0.6826680894736445,-0.6525136639846563,1.5171972071874895,-0.6505684099646967,0.0,0.0,0.0,0.0,-0.9310122059382657,0.0,0.3490134096629044,0.6035666316637451,-0.6829968743182837,-0.651087827846492,-2.4492935982947064e-16,1.0,-0.25881904510252157,0.9659258262890681,0.9749279121818236,-0.22252093395631434
0.6103941520515166,-2.115080231218471,1.2561526369543852,-0.6371874703765118,1.1437160589827384,-2.0387330122598954,0.6571520933443734,-0.6841423458248278,1.3510573599437614,-0.6826680894736445,-0.6525136639846563,1.7084447085936083,-0.6505684099646967,0.0,0.0,0.0,0.0,-0.9310122059382657,0.0,0.339515801185192,-0.6369735024584068,-0.6829968743182837,-0.651087827846492,-2.4492935982947064e-16,1.0,-2.4492935982947064e-16,1.0,0.9749279121818236,-0.22252093395631434
0.6024369182172754,-2.115080231218471,1.4141535320400604,-0.7954049568793099,1.1437160589827384,-1.984804418758249,-1.337940979855123,-0.6764165506424492,1.1808921298115431,-0.6826680894736445,-0.645688676436388,1.4625550639285985,-0.6505684099646967,0.0,0.0,0.0,0.0,-1.3783017426944895,0.0,0.3313780231950233,0.9811223246574435,-0.6829968743182837,-0.651087827846492,-2.4492935982947064e-16,1.0,0.25881904510252074,0.9659258262890683,0.43388373911755823,-0.900968867902419
0.4787883813855164,-1.5097525483277596,0.6768160216402405,-1.2173182542201055,0.2807040767416565,-0.7983753617220268,-0.9065695045687454,-0.4716829783094169,1.0300638576488952,-0.6826680894736445,0.08458499122830408,1.91335274581445,-0.6505684099646967,0.0,0.0,0.0,0.0,-1.509857488799261,0.0,0.33341492623576485,0.9811223246574435,-0.6829968743182837,-0.651087827846492,-2.4492935982947064e-16,1.0,0.49999999999999994,0.8660254037844387,0.43388373911755823,-0.900968867902419
0.4799839537612168,-0.5096459418126703,0.9664843292973129,-1.2173182542201055,-0.7441226521696283,-1.499447077243431,-1.2300981110335285,0.08071137723065137,0.62398774028792,-0.6826680894736445,1.0503207293082475,2.01239163047119,-0.6505684099646967,0.0,0.0,0.0,0.0,-1.9571470255554846,0.0,0.32650677838286957,1.1429319073690285,-0.6829968743182837,-0.651087827846492,-2.4492935982947064e-16,1.0,0.7071067811865476,0.7071067811865476,0.43388373911755823,-0.900968867902419
0.47853669097036383,0.3851862850692516,0.5188151265545653,-1.5073836461419021,-1.3374433899603722,-0.9601611422269661,-1.1761766766227313,0.544259088173366,-0.010264481113984219,-0.6826680894736445,0.9957208289221023,1.4523096620675564,-0.6505684099646967,0.0,0.8787878787878787,0.0,0.0,-1.509857488799261,0.0,0.33744181511785865,0.7653762143753301,-0.6829968743182837,-0.651087827846492,-2.4492935982947064e-16,1.0,0.8660254037844386,0.5000000000000001,0.43388373911755823,-0.900968867902419
0.6870430648627399,0.6746908290604611,0.22914681889749292,-1.085470348801107,-1.7150111321908454,0.06448213430431671,-1.877155323963095,1.0425728774367842,-0.532362346292381,-0.6826680894736445,1.5144198825904818,0.03844420524374937,-0.6505684099646967,0.0,0.8787878787878787,0.0,0.0,-1.9571470255554846,0.0,0.39873211902811523,1.1429319073690285,-0.6829968743182837,-0.651087827846492,-2.4492935982947064e-16,1.0,0.9659258262890683,0.25881904510252074,0.43388373911755823,-0.900968867902419
0.5440134736667397,1.2536999170428818,-0.06052148875957856,-1.3755357407229036,-2.0386406255312512,0.4959108823174885,-1.7153910207307033,1.347741787140738,-0.6831906184550289,-0.6826680894736445,1.70551953394199,-0.6514128533997506,-0.6505684099646967,0.0,0.8787878787878787,0.0,0.0,-2.11501392088121,0.0,0.48474220407475865,1.1429319073690285,-0.6829968743182837,-0.651087827846492,-2.4492935982947064e-16,1.0,1.0,6.123233995736766e-17,0.43388373911755823,-0.900968867902419
0.8307305246237519,1.4116114864926321,-0.1921889013309754,-1.085470348801107,-1.9847023766411835,0.4959108823174885,-1.877155323963095,1.1777742931284092,-0.6831906184550289,-0.6826680894736445,1.4598199822043365,-0.6514128533997506,-0.6505684099646967,0.0,0.8787878787878787,0.0,0.0,-2.11501392088121,0.006192208171442293,0.5454227380519026,1.1429319073690285,-0.6752533832544025,-0.6442509022503355,-2.4492935982947064e-16,1.0,0.9659258262890683,-0.25881904510252063,0.43388373911755823,-0.900968867902419
0.6114524325056828,0.6746908290604611,-0.5081906915023265,-1.2173182542201055,-0.7980609010596958,0.8194824433273673,-1.5536267174983118,1.027121287072027,-0.6831906184550289,-0.5277459285956398,1.9102691603900346,-0.6514128533997506,-0.4250881553666479,0.0,0.8787878787878787,0.0,0.0,-1.509857488799261,0.060918688548460026,0.5528214677123874,0.27994746624057504,-0.47005087006155105,0.08730013653839658,-2.4492935982947064e-16,1.0,0.8660254037844387,-0.4999999999999998,0.43388373911755823,-0.900968867902419
0.5051141073397034,0.9641953730516715,-0.5081906915023265,-0.7954049568793099,-1.4992581366305748,0.6576966628224279,-1.7153910207307033,0.6215170399971518,-0.6831906184550289,-0.03586806780797513,2.0092314798399227,-0.6514128533997506,0.21035619850058027,0.0,0.0,0.0,0.0,-0.5100338184029966,0.05293589561827689,0.5458869417397479,-0.7448465575994635,0.08360874100595389,1.0547251083945237,-2.4492935982947064e-16,1.0,0.7071067811865476,-0.7071067811865475,0.43388373911755823,-0.900968867902419
0.5664035207522661,0.5167792596107107,-0.6398581040737229,0.23300870538887822,-0.9598756477298988,0.17233932130760965,-2.3085267992494725,-0.011998164957891553,-0.6831906184550289,0.6729008182088961,1.4495825008819343,-0.6514128533997506,0.8321350823921692,0.8787878787878787,0.0,0.0,0.0,0.3845452551094506,0.07270993893908469,0.540395324526934,-1.3381483608752753,0.5482182048388252,1.0000297036252728,-2.4492935982947064e-16,1.0,0.49999999999999994,-0.8660254037844387,0.43388373911755823,-0.900968867902419
0.6766317379310746,0.22727471561950033,-0.5081906915023265,0.681291583813473,0.064951081181386,-0.8523039552236732,-2.0389196271954866,-0.5334893397684455,-0.6831906184550289,1.0718253824697581,0.03681007839042702,-0.6514128533997506,1.453913966283758,0.8787878787878787,0.0,0.0,0.0,0.6739678965399476,0.126122580255807,0.5242476127929679,-1.7157040538689736,1.0476733784591619,1.5196360489331573,-2.4492935982947064e-16,1.0,0.258819045102521,-0.9659258262890682,0.43388373911755823,-0.900968867902419
0.6296150210663078,-0.06222982837170911,-0.6398581040737229,1.1295744622380688,0.4964570723019269,0.6576966628224279,-2.3085267992494725,-0.6841423458248278,-0.6831906184550289,1.2073822732380122,-0.6525136639846563,-0.6514128533997506,1.389002983899471,0.8787878787878787,0.0,0.0,0.0,1.2528131794009436,0.13057410490539434,0.49139737807636097,-2.0393232192921436,1.3535412754824687,1.7110699656255357,-2.4492935982947064e-16,1.0,1.2246467991473532e-16,-1.0,0.43388373911755823,-0.900968867902419
0.6524740916787755,-0.19382280291316867,-0.7978589991593985,1.419639854159865,0.4964570723019269,-1.3376612967384915,-1.7153910207307033,-0.6841423458248278,-0.6831906184550289,0.8316960331088509,-0.6525136639846563,-0.6514128533997506,0.6613167076966777,0.8787878787878787,0.0,0.0,0.0,1.410680074726669,0.1436015759310491,0.48661038958843816,-1.9853866917216154,1.1831844720770825,1.4649406441639063,-2.4492935982947064e-16,1.0,-0.2588190451025208,-0.9659258262890683,0.43388373911755823,-0.900968867902419
0.4656255184084228,-0.5096459418126703,-1.2191947193878672,0.5230740973106753,0.8200865656423326,-0.9062325487253197,-0.3673551604607734,-0.6841423458248278,-0.6831906184550289,0.9440145997454042,-0.6525136639846563,-0.6514128533997506,1.6588960159183477,0.8787878787878787,0.0,0.0,0.0,0.6739678965399476,0.09729583155583144,0.4848971435159738,-0.7987830851699919,1.0321863963313993,1.916177733510227,-2.4492935982947064e-16,1.0,-0.4999999999999997,-0.8660254037844388,0.43388373911755823,-0.900968867902419
0.6094616996434365,-0.5096459418126703,-1.2191947193878672,-0.05705668653291797,0.6582718189721298,-1.2298041097351986,0.6571520933443734,-0.6841423458248278,-0.6831906184550289,0.3901678746065377,-0.6525136639846563,-0.6514128533997506,0.3401781632691538,0.0,0.0,0.0,0.0,0.9633905379704456,0.0495210337546545,0.5217625378148272,-1.4999579435868604,0.625653115477637,2.0153131546544945,-2.4492935982947064e-16,1.0,-0.7071067811865471,-0.7071067811865479,0.43388373911755823,-0.900968867902419
0.5278544890860047,-0.6412389163541294,-1.5088630270449392,-0.05705668653291797,0.17282757896152123,-1.1758755162335521,0.010094880414807005,-0.6841423458248278,-0.6831906184550289,-0.17917106662012944,-0.6525136639846563,-0.6514128533997506,0.23427077095794907,0.0,0.0,0.8787878787878787,0.8787878787878787,0.5161010012142222,0.009740115652575229,0.5760445082368111,-0.9605926678815769,-0.00931315176062036,1.4546852557696717,-2.4492935982947064e-16,1.0,-0.8660254037844385,-0.5000000000000004,0.43388373911755823,-0.900968867902419
0.5725587637933902,-0.5096459418126703,-1.0875273068164708,-0.3471220784547151,-0.8519991499497634,-1.876947231754956,0.3336234868795902,-0.6841423458248278,-0.6831906184550289,-0.5471111987053905,-0.6525136639846563,-0.6514128533997506,-0.4695009327874757,0.0,0.0,0.8787878787878787,0.8787878787878787,0.22667835978372425,0.0,0.6285066957143544,0.06420135595846167,-0.5319987985726006,0.039441657365301946,-2.4492935982947064e-16,1.0,-0.9659258262890683,-0.25881904510252063,0.43388373911755823,-0.900968867902419
0.6830615991382475,-0.6412389163541294,-1.3771956144735429,-0.18890459195191697,0.6582718189721298,-1.7151614512500166,0.1718591836471986,-0.6841423458248278,-0.6831906184550289,-0.6826680894736445,-0.6525136639846563,-0.6514128533997506,-0.6505684099646967,0.0,0.0,0.8787878787878787,0.8787878787878787,-0.06274428164677277,0.0,0.634160423119382,0.4956935765226884,-0.6829968743182837,-0.651087827846492,-2.4492935982947064e-16,1.0,-1.0,-1.8369701987210297e-16,0.43388373911755823,-0.900968867902419
0.7667925097839313,-0.7991504858038802,-1.0875273068164708,-0.5053395649575132,-1.3374433899603722,-1.876947231754956,0.818916396576765,-0.6841423458248278,-0.6831906184550289,-0.6826680894736445,-0.6525136639846563,-0.6514128533997506,-0.6505684099646967,0.0,0.0,0.8787878787878787,0.8787878787878787,-0.19430002775154487,0.0,0.6298209919330587,0.4956935765226884,-0.6829968743182837,-0.651087827846492,-2.4492935982947064e-16,1.0,-0.9659258262890684,0.2588190451025203,0.43388373911755823,-0.900968867902419
0.950712200169214,-1.2202480043365496,-1.2191947193878672,-0.3471220784547151,-0.9059373988398312,-1.5533756707450774,0.818916396576765,-0.6841423458248278,-0.528494954698467,-0.6826680894736445,-0.6525136639846563,-0.4260140124568249,-0.6505684099646967,0.0,0.0,0.8787878787878787,0.8787878787878787,-0.5100338184029966,0.0,0.6242312378708667,0.8193127419458585,-0.6829968743182837,-0.651087827846492,-2.4492935982947064e-16,1.0,-0.8660254037844386,0.5000000000000001,0.43388373911755823,-0.900968867902419
0.8871746315415285,-1.2202480043365496,-0.7978589991593985,-0.3471220784547151,-1.2295668921802367,-1.7151614512500166,0.6571520933443734,-0.6841423458248278,-0.03733622227138257,-0.6826680894736445,-0.6525136639846563,0.20920090292778404,-0.6505684099646967,0.0,0.0,0.0,0.0,-0.5100338184029966,0.0,0.5971095112482704,0.6575031592342735,-0.6829968743182837,-0.651087827846492,-2.4492935982947064e-16,1.0,-0.7071067811865477,0.7071067811865474,0.43388373911755823,-0.900968867902419
0.8975230272886607,-1.5097525483277596,0.22914681889749292,-0.5053395649575132,-1.1756286432901693,-2.308375979768128,0.4953877901119818,-0.6841423458248278,0.6703964394148886,-0.6826680894736445,-0.6525136639846563,0.8307552824976702,-0.6505684099646967,0.0,0.0,0.0,0.0,-0.6415895645077683,0.0,0.5365863752555411,0.17207441109951835,-0.6829968743182837,-0.651087827846492,-2.4492935982947064e-16,1.0,-0.5000000000000004,0.8660254037844384,0.43388373911755823,-0.900968867902419
0.9078714230357929,-1.0886550297950905,0.6768160216402405,-0.7954049568793099,-1.8768258788610481,-2.0387330122598954,0.6032306589335762,-0.6841423458248278,1.0687377735880357,-0.6826680894736445,-0.6525136639846563,1.4523096620675564,-0.6505684099646967,0.0,0.0,0.0,0.0,-0.5100338184029966,0.0,0.4258846286603545,-0.8527196127405202,-0.6829968743182837,-0.651087827846492,-2.4492935982947064e-16,1.0,-0.25881904510252157,0.9659258262890681,0.43388373911755823,-0.900968867902419
0.817970956666165,-1.3781595737863004,1.1244852243829888,-0.7954049568793099,-1.7150111321908454,-2.308375979768128,0.818916396576765,-0.6841423458248278,1.2040964793750275,-0.6826680894736445,-0.6525136639846563,1.3874221169476233,-0.6505684099646967,0.0,0.0,0.0,0.0,-0.6415895645077683,0.0,0.3701579055711458,0.6575031592342735,-0.6829968743182837,-0.651087827846492,-2.4492935982947064e-16,1.0,-2.4492935982947064e-16,1.0,0.43388373911755823,-0.900968867902419
0.7881414035825031,-1.0886550297950905,1.4141535320400604,-0.7954049568793099,-1.8768258788610481,-1.7151614512500166,0.818916396576765,-0.6841423458248278,0.8289594947653647,-0.6826680894736445,-0.6525136639846563,0.6599985848136356,-0.6505684099646967,0.0,0.0,0.0,0.0,-0.7994564598334941,0.0,0.31220568868993814,-1.3381483608752753,-0.6829968743182837,-0.651087827846492,-2.4492935982947064e-16,1.0,0.25881904510252074,0.9659258262890683,-0.433883739117558,-0.9009688679024191
0.7957982770154078,-1.2202480043365496,0.5188151265545653,-1.085470348801107,-1.5531963855206425,-0.366946613708855,0.9806806998091566,-0.5296264421772562,0.9411138509888721,-0.6826680894736445,-0.42728907489180723,1.657217699288398,-0.6505684099646967,0.0,0.0,0.0,0.0,-1.2204348473687636,0.0,0.310503557281521,-0.9066561403110486,-0.6829968743182837,-0.651087827846492,-2.4492935982947064e-16,1.0,0.49999999999999994,0.8660254037844387,-0.433883739117558,-0.9009688679024191
0.8034551504483124,-0.7991504858038802,-0.06052148875957856,-1.2173182542201055,-1.7150111321908454,0.6576966628224279,0.9806806998091566,-0.03903844809621657,0.38807685305916295,-0.6826680894736445,0.2074347670971308,0.33897599316765037,-0.6505684099646967,0.0,0.0,0.0,0.0,-1.2204348473687636,0.0,0.30648624647397515,-1.2302753057342186,-0.6829968743182837,-0.651087827846492,-2.4492935982947064e-16,1.0,0.7071067811865476,0.7071067811865476,-0.433883739117558,-0.9009688679024191
0.6015216272993872,0.22727471561950033,-0.06052148875957856,-1.2173182542201055,-2.3083318699815893,0.010553540802670241,0.7649949621659677,0.6678718110914232,-0.1804297112462024,-0.6826680894736445,0.8285086339895326,0.2331068406035489,-0.6505684099646967,0.0,0.8787878787878787,0.0,0.0,-1.509857488799261,0.0,0.3198899678991086,-1.1763387781636903,-0.6829968743182837,-0.651087827846492,-2.4492935982947064e-16,1.0,0.8660254037844386,0.5000000000000001,-0.433883739117558,-0.9009688679024191
0.6818717243772908,0.6746908290604611,-0.350189796416651,-1.085470348801107,-2.0386406255312512,0.33412510181254906,0.6032306589335762,1.06575026298392,-0.5478319126680372,-0.6826680894736445,1.4495825008819343,-0.47041075385467396,-0.6505684099646967,0.0,0.8787878787878787,0.0,0.0,-1.088879101263992,0.0,0.3897902949724277,-1.8775136365805587,-0.6829968743182837,-0.651087827846492,-2.4492935982947064e-16,1.0,0.9659258262890683,0.25881904510252074,-0.433883739117558,-0.9009688679024191
0.7744450585213077,1.1221069425014227,-0.1921889013309754,-1.085470348801107,-2.3083318699815893,0.17233932130760965,0.6032306589335762,1.200951678675545,-0.6831906184550289,-0.6826680894736445,1.3847451191733868,-0.6514128533997506,-0.6505684099646967,0.0,0.8787878787878787,0.0,0.0,-1.3783017426944895,0.0,0.5259509734729846,-1.7157040538689736,-0.6829968743182837,-0.651087827846492,-2.4492935982947064e-16,1.0,1.0,6.123233995736766e-17,-0.433883739117558,-0.9009688679024191
0.9008580711620996,1.4116114864926321,-0.5081906915023265,-0.7954049568793099,-1.7150111321908454,0.8194824433273673,0.1718591836471986,0.826250612330184,-0.6831906184550289,-0.6826680894736445,0.6578839452828288,-0.6514128533997506,-0.6505684099646967,0.0,0.8787878787878787,0.0,0.0,-1.088879101263992,0.0,0.5681921773560282,-1.8775136365805587,-0.6829968743182837,-0.651087827846492,-2.4492935982947064e-16,1.0,0.9659258262890683,-0.25881904510252063,-0.433883739117558,-0.9009688679024191
0.7854012970895425,0.5167792596107107,-0.350189796416651,-0.7954049568793099,-0.36655490993915496,0.8194824433273673,0.1718591836471986,0.9382746424746734,-0.6831906184550289,-0.6013339550126922,1.654332127329979,-0.6514128533997506,-0.6061556325438688,0.0,0.8787878787878787,0.0,0.0,-1.2204348473687636,0.04025766779192116,0.6212465152070884,-1.5538944711573888,-0.52812705304066,-0.42546928317333155,-2.4492935982947064e-16,1.0,0.8660254037844387,-0.4999999999999998,-0.433883739117558,-0.9009688679024191
0.6211772655066967,-0.06222982837170911,-0.350189796416651,-0.6371874703765118,0.6582718189721298,0.6576966628224279,0.3336234868795902,0.3858802869346052,-0.6831906184550289,-0.3379662815200842,0.33710953051422565,-0.6514128533997506,-0.5617428551230411,0.0,0.0,0.0,0.0,-0.7994564598334941,0.08555447894288237,0.6328353707741803,-1.7157040538689736,-0.03641537048420452,0.21036479726921134,-2.4492935982947064e-16,1.0,0.7071067811865476,-0.7071067811865475,-0.433883739117558,-0.9009688679024191
0.456953233923851,-0.06222982837170911,-0.5081906915023265,-0.3471220784547151,0.01101283229131838,0.4959108823174885,0.010094880414807005,-0.18196565897022024,-0.6831906184550289,-0.1249483103128278,0.23132222351606932,-0.6514128533997506,-0.5617428551230411,0.8787878787878787,0.0,0.0,0.0,0.22667835978372425,0.12495842295348862,0.6477144229975818,-2.3090058571447853,0.6721140618609242,0.8325250265194415,-2.4492935982947064e-16,1.0,0.49999999999999994,-0.8660254037844387,-0.433883739117558,-0.9009688679024191
0.8438246729941175,-0.3517343723629195,-0.7978589991593985,-0.05705668653291797,0.3346423256317241,0.6037680693207814,0.3336234868795902,-0.5489409301332027,-0.6831906184550289,0.235245713728533,-0.4716514939555502,-0.6514128533997506,-0.6164047350255983,0.8787878787878787,0.0,0.0,0.0,0.6739678965399476,0.12076746464793542,0.668042426465357,-2.0393232192921436,1.0709038516508054,1.4546852557696717,-2.4492935982947064e-16,1.0,0.258819045102521,-0.9659258262890682,-0.433883739117558,-0.9009688679024191
0.49192265331995044,-0.19382280291316867,-0.7978589991593985,0.1011607999698797,0.17282757896152123,0.8194824433273673,0.3336234868795902,-0.6841423458248278,-0.6831906184550289,0.2546109838382836,-0.6525136639846563,-0.6514128533997506,-0.6369029399890573,0.8787878787878787,0.0,0.0,0.0,1.121257433296172,0.13268621088537902,0.6356863589318387,-2.3090058571447853,1.206414945268726,1.3897344626061863,-2.4492935982947064e-16,1.0,1.2246467991473532e-16,-1.0,-0.433883739117558,-0.9009688679024191
0.3458096915041739,-0.5096459418126703,-0.7978589991593985,0.1011607999698797,0.8200865656423326,0.8194824433273673,0.3336234868795902,-0.6841423458248278,-0.6831906184550289,0.1384193631797801,-0.6525136639846563,-0.6514128533997506,-0.6198211025195082,0.8787878787878787,0.0,0.0,0.0,1.410680074726669,0.25405238500307814,0.620634850146926,-1.7157040538689736,0.8308556286704886,0.6616018866155321,-2.4492935982947064e-16,1.0,-0.2588190451025208,-0.9659258262890683,-0.433883739117558,-0.9009688679024191
0.4425776370808652,-0.3517343723629195,-1.0875273068164708,0.1011607999698797,0.8200865656423326,0.9812682238323067,0.3336234868795902,-0.6841423458248278,-0.6831906184550289,0.5179786573308915,-0.6525136639846563,-0.6514128533997506,0.11128154117719523,0.8787878787878787,0.0,0.0,0.0,0.5161010012142222,0.0986096715474527,0.600847931061629,-0.3672908646057651,0.9431362490967657,1.659793023654363,-2.4492935982947064e-16,1.0,-0.4999999999999997,-0.8660254037844388,-0.433883739117558,-0.9009688679024191
0.3416394837105523,-0.3517343723629195,-1.2191947193878672,0.1011607999698797,0.6582718189721298,0.9812682238323067,0.3336234868795902,-0.6841423458248278,-0.6831906184550289,0.3746756585187372,-0.6525136639846563,-0.6514128533997506,0.674982177672317,0.0,0.0,0.0,0.0,-0.06274428164677277,0.034996786393659406,0.6194724714100875,0.6575031592342735,0.3894766380292608,0.34026638359618244,-2.4492935982947064e-16,1.0,-0.7071067811865471,-0.7071067811865479,-0.433883739117558,-0.9009688679024191
0.4602539719783964,-0.5096459418126703,-1.2191947193878672,-0.05705668653291797,0.4964570723019269,0.7655538498257208,0.6571520933443734,-0.6841423458248278,-0.6831906184550289,0.006735526433476152,-0.6525136639846563,-0.6514128533997506,1.5427395211254136,0.0,0.0,0.8787878787878787,0.8787878787878787,-0.06274428164677277,0.004290751199973433,0.6313381691853672,0.010264828387933323,-0.1796699551660065,0.23429403685575864,-2.4492935982947064e-16,1.0,-0.8660254037844385,-0.5000000000000004,-0.433883739117558,-0.9009688679024191
0.6750986676892626,-0.7991504858038802,-1.0875273068164708,-0.18890459195191697,0.6043335700820621,0.6037680693207814,0.818916396576765,-0.6841423458248278,-0.6831906184550289,-0.5199998205517397,-0.6525136639846563,-0.6514128533997506,-0.04245499604874707,0.0,0.0,0.8787878787878787,0.8787878787878787,-0.3521669230772707,0.0,0.6446745367707658,0.3338839938111034,-0.5474857807003629,-0.46990929954834804,-2.4492935982947064e-16,1.0,-0.9659258262890683,-0.25881904510252063,-0.433883739117558,-0.9009688679024191
0.6783765123158921,-0.7991504858038802,-1.0875273068164708,-0.3471220784547151,0.8200865656423326,0.6037680693207814,0.9806806998091566,-0.6841423458248278,-0.6831906184550289,-0.6826680894736445,-0.6525136639846563,-0.6514128533997506,-0.6505684099646967,0.0,0.0,0.8787878787878787,0.8787878787878787,-0.19430002775154487,0.0,0.6558309448330051,0.17207441109951835,-0.6829968743182837,-0.651087827846492,-2.4492935982947064e-16,1.0,-1.0,-1.8369701987210297e-16,-0.433883739117558,-0.9009688679024191
0.8624735495408167,-0.7991504858038802,-0.7978589991593985,-0.3471220784547151,0.8200865656423326,0.17233932130760965,0.9806806998091566,-0.6841423458248278,-0.6831906184550289,-0.6826680894736445,-0.6525136639846563,-0.6514128533997506,-0.6505684099646967,0.0,0.0,0.8787878787878787,0.8787878787878787,-0.5100338184029966,0.0,0.6603273130268932,0.8193127419458585,-0.6829968743182837,-0.651087827846492,-2.4492935982947064e-16,1.0,-0.9659258262890684,0.2588190451025203,-0.433883739117558,-0.9009688679024191
0.8568026266348915,-1.0886550297950905,-0.7978589991593985,-0.5053395649575132,0.9819013123125355,0.17233932130760965,1.1424450030415483,-0.6841423458248278,-0.6019753949828339,-0.6826680894736445,-0.6525136639846563,-0.6070161120019016,-0.6505684099646967,0.0,0.0,0.8787878787878787,0.8787878787878787,-0.3521669230772707,0.0,0.6476597716310439,0.8193127419458585,-0.6829968743182837,-0.651087827846492,-2.4492935982947064e-16,1.0,-0.8660254037844386,0.5000000000000001,-0.433883739117558,-0.9009688679024191
0.8511317037289661,-1.2202480043365496,-0.6398581040737229,-0.5053395649575132,0.9819013123125355,0.33412510181254906,1.1424450030415483,-0.6841423458248278,-0.3389927665966785,-0.6826680894736445,-0.6525136639846563,-0.5626193706040526,-0.6505684099646967,0.0,0.0,0.0,0.0,-0.3521669230772707,0.0,0.5943006256429025,0.6575031592342735,-0.6829968743182837,-0.651087827846492,-2.4492935982947064e-16,1.0,-0.7071067811865477,0.7071067811865474,-0.433883739117558,-0.9009688679024191
0.8454607808230408,-1.2202480043365496,-0.350189796416651,-0.5053395649575132,0.766148316752265,0.010553540802670241,0.9806806998091566,-0.6841423458248278,-0.12628622893140573,-0.6826680894736445,-0.6525136639846563,-0.5626193706040526,-0.6505684099646967,0.0,0.0,0.0,0.0,-0.5100338184029966,0.0,0.5391586260779623,0.4956935765226884,-0.6829968743182837,-0.651087827846492,-2.4492935982947064e-16,1.0,-0.5000000000000004,0.8660254037844384,-0.433883739117558,-0.9009688679024191
0.6529317542992098,-1.0886550297950905,-0.06052148875957856,-0.5053395649575132,0.6043335700820621,0.33412510181254906,0.010094880414807005,-0.6841423458248278,0.23338118930260093,-0.6826680894736445,-0.6525136639846563,-0.6172615138629437,-0.6505684099646967,0.0,0.0,0.0,0.0,-0.7994564598334941,0.0,0.4734421761139517,0.6035666316637451,-0.6829968743182837,-0.651087827846492,-2.4492935982947064e-16,1.0,-0.25881904510252157,0.9659258262890681,-0.433883739117558,-0.9009688679024191
0.51433267638006,-1.0886550297950905,0.09747940632609654,-1.085470348801107,0.6043335700820621,0.33412510181254906,0.7649949621659677,-0.6841423458248278,0.2527181472721712,-0.6826680894736445,-0.6525136639846563,-0.6377523175850279,-0.6505684099646967,0.0,0.0,0.0,0.0,-0.7994564598334941,0.0,0.47011264276645115,0.8193127419458585,-0.6829968743182837,-0.651087827846492,-2.4492935982947064e-16,1.0,-2.4492935982947064e-16,1.0,-0.433883739117558,-0.9009688679024191
0.49401062318562333,-0.7991504858038802,0.09747940632609654,-1.2173182542201055,0.17282757896152123,0.33412510181254906,1.3042093062739397,-0.6841423458248278,0.13669639945474968,-0.6826680894736445,-0.6525136639846563,-0.6206766478166245,-0.6505684099646967,0.0,0.0,0.0,0.0,-0.7994564598334941,0.0,0.4610981892470798,0.8193127419458585,-0.6829968743182837,-0.651087827846492,-2.4492935982947064e-16,1.0,0.25881904510252074,0.9659258262890683,-0.9749279121818236,-0.2225209339563146
0.495406401505901,-0.7991504858038802,0.09747940632609654,-1.3755357407229036,0.17282757896152123,0.33412510181254906,1.5198950439171286,-0.6030214964098527,0.5157007756583266,-0.6826680894736445,-0.6081512449209132,0.11016201827104392,-0.6505684099646967,0.0,0.0,0.0,0.0,-1.088879101263992,0.0,0.4418415471981135,0.9811223246574435,-0.6829968743182837,-0.651087827846492,-2.4492935982947064e-16,1.0,0.49999999999999994,0.8660254037844387,-0.9749279121818236,-0.2225209339563146
0.49642466136493996,-0.6412389163541294,0.09747940632609654,-1.3755357407229036,0.3346423256317241,0.33412510181254906,1.5198950439171286,-0.34034446020898107,0.37260728668350673,-0.6826680894736445,-0.5637888258571703,0.6736591206283583,-0.6505684099646967,0.0,0.0,0.0,0.0,-1.2204348473687636,0.0,0.3851946630968619,0.9811223246574435,-0.6829968743182837,-0.651087827846492,-2.4492935982947064e-16,1.0,0.7071067811865476,0.7071067811865476,-0.9749279121818236,-0.2225209339563146
0.49768887970140746,-0.3517343723629195,-0.06052148875957856,-1.5073836461419021,0.01101283229131838,0.6576966628224279,1.5198950439171286,-0.1278850926935702,0.005205085261671982,-0.6826680894736445,-0.5637888258571703,1.5411031448632544,-0.6505684099646967,0.0,0.8787878787878787,0.0,0.0,-1.2204348473687636,0.0,0.38595865539608987,0.7653762143753301,-0.6829968743182837,-0.651087827846492,-2.4492935982947064e-16,1.0,0.8660254037844386,0.5000000000000001,-0.9749279121818236,-0.2225209339563146
0.49663063357022164,-0.06222982837170911,-0.1921889013309754,-1.955666524566497,0.3346423256317241,0.8194824433273673,1.5198950439171286,0.23136438328703363,-0.5207601715106388,-0.6826680894736445,-0.6183887262433154,-0.04351900964458727,-0.6505684099646967,0.0,0.8787878787878787,0.0,0.0,-1.088879101263992,0.0,0.4250619386422396,0.6035666316637451,-0.6829968743182837,-0.651087827846492,-2.4492935982947064e-16,1.0,0.9659258262890683,0.25881904510252074,-0.9749279121818236,-0.2225209339563146
0.4956523943063099,0.09568174107804124,-0.350189796416651,-2.1138840110692954,0.3346423256317241,0.9812682238323067,1.5198950439171286,0.25067887124298005,-0.6831906184550289,-0.6826680894736445,-0.63886368888812,-0.6514128533997506,-0.6505684099646967,0.0,0.8787878787878787,0.0,0.0,-1.088879101263992,0.0,0.4869024440326726,0.6035666316637451,-0.6829968743182837,-0.651087827846492,-2.4492935982947064e-16,1.0,1.0,6.123233995736766e-17,-0.9749279121818236,-0.2225209339563146
0.49427377747622403,0.09568174107804124,-0.350189796416651,-2.1138840110692954,0.3346423256317241,0.9812682238323067,1.5198950439171286,0.13479194350730142,-0.6831906184550289,-0.6826680894736445,-0.6218012200174495,-0.6514128533997506,-0.6505684099646967,0.0,0.8787878787878787,0.0,0.0,-0.7994564598334941,0.0,0.4330042112284024,0.17207441109951835,-0.6829968743182837,-0.651087827846492,-2.4492935982947064e-16,1.0,0.9659258262890683,-0.25881904510252063,-0.9749279121818236,-0.2225209339563146
0.6471597616570484,0.09568174107804124,-0.5081906915023265,-1.8238186191474985,0.3346423256317241,1.1430540043372461,1.5198950439171286,0.5133559074438517,-0.6831906184550289,-0.496761496420039,0.1084724476472426,-0.6514128533997506,0.12153064365892473,0.0,0.8787878787878787,0.0,0.0,-0.7994564598334941,0.035168635968463924,0.4005255238528117,0.17207441109951835,-0.6016902181475312,-0.6066478114714755,-2.4492935982947064e-16,1.0,0.8660254037844387,-0.4999999999999998,-0.9749279121818236,-0.2225209339563146
0.6184600181186718,0.09568174107804124,-0.5081906915023265,-0.9272528622983084,0.3346423256317241,1.1430540043372461,0.279702052468793,0.370428696569848,-0.6831906184550289,0.0919427149163787,0.6715339203793651,-0.6514128533997506,0.9312097397155541,0.0,0.0,0.0,0.0,-0.6415895645077683,0.014967736744093373,0.4614784951482441,0.3338839938111034,-0.33841152197557084,-0.5622077950964591,-2.4492935982947064e-16,1.0,0.7071067811865476,-0.7071067811865475,-0.9749279121818236,-0.2225209339563146
0.9330187037814912,-0.06222982837170911,-0.5081906915023265,-0.18890459195191697,0.6582718189721298,0.9812682238323067,-0.7448052013363538,0.0034534254068656007,-0.6831906184550289,0.6302972239674449,1.5383073390094204,-0.6514128533997506,1.272846489106537,0.8787878787878787,0.0,0.0,0.0,-0.3521669230772707,0.06282014591906854,0.5082102281850771,0.010264828387933323,-0.12546551771883818,-0.5622077950964591,-2.4492935982947064e-16,1.0,0.49999999999999994,-0.8660254037844387,-0.9749279121818236,-0.2225209339563146
0.9669698633185516,-0.19382280291316867,-0.5081906915023265,0.5230740973106753,0.8200865656423326,0.010553540802670241,-1.607548151909109,-0.5219006469948776,-0.6831906184550289,0.9749990319210052,-0.04508977218879079,-0.6514128533997506,1.2455155491552583,0.8787878787878787,0.0,0.0,0.0,-0.06274428164677277,0.17241723120978267,0.536373711268789,0.3338839938111034,0.23460681675163705,-0.6169031998657101,-2.4492935982947064e-16,1.0,0.258819045102521,-0.9659258262890682,-0.9749279121818236,-0.2225209339563146
0.6437331955564168,-0.3517343723629195,-1.0875273068164708,0.9713569757352701,0.9819013123125355,0.7655538498257208,-1.8232338895522977,-0.6841423458248278,-0.6831906184550289,1.3623044341160169,-0.6525136639846563,-0.6514128533997506,2.188432977474371,0.8787878787878787,0.0,0.0,0.0,0.09512261367895261,0.2754784274068227,0.5564704067972163,0.3338839938111034,0.25396554441134,-0.6374139766541792,-2.4492935982947064e-16,1.0,1.2246467991473532e-16,-1.0,-0.9749279121818236,-0.2225209339563146
0.48367940609017307,-0.3517343723629195,-1.2191947193878672,0.9713569757352701,0.9819013123125355,1.3048397848421855,-1.9310767583738921,-0.6841423458248278,-0.6831906184550289,1.397161920313568,-0.6525136639846563,-0.6514128533997506,2.2840912673038463,0.8787878787878787,0.0,0.0,0.0,0.09512261367895261,0.22994878080400136,0.5343948400914843,0.3338839938111034,0.13781317845312221,-0.6203216626637883,-2.4492935982947064e-16,1.0,-0.2588190451025208,-0.9659258262890683,-0.9749279121818236,-0.2225209339563146
0.9647903540641959,-0.5096459418126703,-1.3771956144735429,0.5230740973106753,1.1437160589827384,1.5205541588487714,-1.1761766766227313,-0.6841423458248278,-0.6831906184550289,1.033094842250257,-0.6525136639846563,-0.6514128533997506,1.5769031960645117,0.8787878787878787,0.0,0.0,0.0,0.09512261367895261,0.1694902204400371,0.49410408048000176,0.3338839938111034,0.5172442405833004,0.1112293761249439,-2.4492935982947064e-16,1.0,-0.4999999999999997,-0.8660254037844388,-0.9749279121818236,-0.2225209339563146
0.5665007577556928,-0.5096459418126703,-1.3771956144735429,0.39122619189167684,1.1437160589827384,1.5205541588487714,-0.5830408981039622,-0.6841423458248278,-0.6831906184550289,0.6109319538576943,-0.6525136639846563,-0.6514128533997506,1.6588960159183477,0.0,0.0,0.0,0.0,0.09512261367895261,0.035517884489624924,0.5142920494247085,0.3338839938111034,0.37398965590149846,0.6752757378078449,-2.4492935982947064e-16,1.0,-0.7071067811865471,-0.7071067811865479,-0.9749279121818236,-0.2225209339563146
0.9394142076853002,-0.5096459418126703,-1.5088630270449392,0.23300870538887822,0.9819013123125355,1.5205541588487714,-0.09774798840678739,-0.6841423458248278,-0.6831906184550289,-0.05136028389577559,-0.6525136639846563,-0.6514128533997506,1.0849462769414964,0.0,0.0,0.8787878787878787,0.8787878787878787,-0.06274428164677277,0.006929507973639328,0.5460160152577189,0.6575031592342735,0.0061738303671420155,1.5435652885197046,-2.4492935982947064e-16,1.0,-0.8660254037844385,-0.5000000000000004,-0.9749279121818236,-0.2225209339563146
0.8468565591433186,-0.5096459418126703,-1.9565322297876868,-0.18890459195191697,0.01101283229131838,1.5205541588487714,0.1718591836471986,-0.6841423458248278,-0.6831906184550289,-0.5354920366395401,-0.6525136639846563,-0.6514128533997506,-0.3772590104519103,0.0,0.0,0.8787878787878787,0.8787878787878787,-0.19430002775154487,0.0,0.5358532171856062,0.8193127419458585,-0.5203835619767787,-0.04260144978857455,-2.4492935982947064e-16,1.0,-0.9659258262890683,-0.25881904510252063,-0.9749279121818236,-0.2225209339563146
0.8631084903549321,-1.0886550297950905,-2.114533124873362,-0.6371874703765118,0.766148316752265,1.5205541588487714,0.6571520933443734,-0.6841423458248278,-0.6831906184550289,-0.6826680894736445,-0.6525136639846563,-0.6514128533997506,-0.6505684099646967,0.0,0.0,0.8787878787878787,0.8787878787878787,-0.3521669230772707,0.0,0.5247634971076518,0.9811223246574435,-0.6829968743182837,-0.651087827846492,-2.4492935982947064e-16,1.0,-1.0,-1.8369701987210297e-16,-0.9749279121818236,-0.2225209339563146
0.6720439224351261,-1.2202480043365496,-2.114533124873362,-0.3471220784547151,1.305530805652941,1.5205541588487714,0.818916396576765,-0.6841423458248278,-0.6831906184550289,-0.6826680894736445,-0.6525136639846563,-0.6514128533997506,-0.6505684099646967,0.0,0.0,0.8787878787878787,0.8787878787878787,-0.3521669230772707,0.0,0.5155400674163276,0.9811223246574435,-0.6829968743182837,-0.651087827846492,-2.4492935982947064e-16,1.0,-0.9659258262890684,0.2588190451025203,-0.9749279121818236,-0.2225209339563146
0.9664149636946908,-1.3781595737863004,-1.8248648172162902,-0.6371874703765118,1.5212838012132117,1.5205541588487714,0.9806806998091566,-0.6841423458248278,-0.49755582194715453,-0.6826680894736445,-0.6525136639846563,0.12040742013208601,-0.6505684099646967,0.0,0.0,0.8787878787878787,0.8787878787878787,-0.5100338184029966,0.0,0.4725377907541053,1.1429319073690285,-0.6829968743182837,-0.651087827846492,-2.4492935982947064e-16,1.0,-0.8660254037844386,0.5000000000000001,-0.9749279121818236,-0.2225209339563146
0.8770150636709766,-1.3781595737863004,-0.9295264117307949,-0.6371874703765118,1.5212838012132117,0.2801965083109026,0.818916396576765,-0.6841423458248278,0.09028770032778108,-0.6826680894736445,-0.6525136639846563,0.9297941671544103,-0.6505684099646967,0.0,0.0,0.0,0.0,-0.5100338184029966,0.0,0.3987993704285502,1.1429319073690285,-0.6829968743182837,-0.651087827846492,-2.4492935982947064e-16,1.0,-0.7071067811865477,0.7071067811865474,-0.9749279121818236,-0.2225209339563146
0.7486757424021184,-1.5097525483277596,-0.1921889013309754,-0.9272528622983084,1.5212838012132117,-0.7444467682203804,1.1424450030415483,-0.6841423458248278,0.6278551318818341,-0.6826680894736445,-0.6525136639846563,1.2713075625224797,-0.6505684099646967,0.0,0.0,0.0,0.0,-0.5100338184029966,0.0,0.366416412578788,0.9811223246574435,-0.6829968743182837,-0.651087827846492,-2.4492935982947064e-16,1.0,-0.5000000000000004,0.8660254037844384,-0.9749279121818236,-0.2225209339563146
0.6168468380406447,-1.9571686617687203,0.5188151265545653,-0.9272528622983084,1.5212838012132117,-1.607304264246724,0.9806806998091566,-0.6841423458248278,0.9720529837401846,-0.6826680894736445,-0.6525136639846563,1.243986490893034,-0.6505684099646967,0.0,0.0,0.0,0.0,-0.5100338184029966,0.0,0.3593099422411372,0.010264828387933323,-0.6829968743182837,-0.651087827846492,-2.4492935982947064e-16,1.0,-0.25881904510252157,0.9659258262890681,-0.9749279121818236,-0.2225209339563146
0.5534751867001333,-2.115080231218471,0.9664843292973129,-0.6371874703765118,1.5212838012132117,-1.8230186382533096,-1.2300981110335285,-0.6841423458248278,1.3587921431315895,-0.6826680894736445,-0.6525136639846563,2.1865634621089054,-0.6505684099646967,0.0,0.0,0.0,0.0,-1.088879101263992,0.0,0.33112853227992944,0.7653762143753301,-0.6829968743182837,-0.651087827846492,-2.4492935982947064e-16,1.0,-2.4492935982947064e-16,1.0,-0.9749279121818236,-0.2225209339563146
0.500755088830992,-2.115080231218471,0.9664843292973129,-1.3755357407229036,1.5212838012132117,-1.9308758252566025,0.7649949621659677,-0.6841423458248278,1.393598667476816,-0.6826680894736445,-0.6525136639846563,2.282187212811965,-0.6505684099646967,0.0,0.0,0.0,0.0,-1.2204348473687636,0.0,0.2868814132443873,1.3047414900806136,-0.6829968743182837,-0.651087827846492,-2.4492935982947064e-16,1.0,0.25881904510252074,0.9659258262890683,-0.7818314824680299,0.6234898018587334
0.4882729535238455,-1.8255756872272613,0.5188151265545653,-1.2173182542201055,1.5212838012132117,-1.1758755162335521,0.6032306589335762,-0.49872326144774193,1.0300638576488952,-0.6826680894736445,0.11870992896964483,1.5752544844000613,-0.6505684099646967,0.0,0.0,0.0,0.0,-1.3783017426944895,0.0,0.2895850936886788,1.520487600362727,-0.6829968743182837,-0.651087827846492,-2.4492935982947064e-16,1.0,0.49999999999999994,0.8660254037844387,-0.7818314824680299,0.6234898018587334
0.4924374980257038,-0.9307434603453393,0.38714771398316894,-1.3755357407229036,0.2807040767416565,-0.582660987715441,0.7649949621659677,0.08843717241302995,0.6085181739122638,-0.6826680894736445,0.9274709534394208,1.657217699288398,-0.6505684099646967,0.0,0.0,0.0,0.0,-1.3783017426944895,0.0,0.26472612315344834,1.520487600362727,-0.6829968743182837,-0.651087827846492,-2.4492935982947064e-16,1.0,0.7071067811865476,0.7071067811865476,-0.7818314824680299,0.6234898018587334
0.7179852316785154,-0.19382280291316867,0.22914681889749292,-1.6656011326447004,-0.7441226521696283,-0.09730364620062269,0.9806806998091566,0.6253799375883411,-0.05280578864703877,-0.6826680894736445,1.2687203308528283,1.0834751950700414,-0.6505684099646967,0.0,0.8787878787878787,0.0,0.0,-1.509857488799261,0.0,0.2684381392372379,1.520487600362727,-0.6829968743182837,-0.651087827846492,-2.4492935982947064e-16,1.0,0.8660254037844386,0.5000000000000001,-0.7818314824680299,0.6234898018587334
0.5015674108077295,0.5167792596107107,-0.1921889013309754,-1.955666524566497,-1.60713463441071,0.17233932130760965,1.1424450030415483,0.9691778232041878,-0.536229737886295,-0.6826680894736445,1.2414203806597557,-0.3782021371052952,-0.6505684099646967,0.0,0.8787878787878787,0.0,0.0,-1.9571470255554846,0.0,0.29355323363223573,1.520487600362727,-0.6829968743182837,-0.651087827846492,-2.4492935982947064e-16,1.0,0.9659258262890683,0.25881904510252074,-0.7818314824680299,0.6234898018587334
0.7219037833799646,0.9641953730516715,-0.6398581040737229,-1.6656011326447004,-1.8228876299709806,0.6576966628224279,0.7649949621659677,1.3554675823231166,-0.6831906184550289,-0.6826680894736445,2.1832686623207604,-0.6514128533997506,-0.6505684099646967,0.0,0.8787878787878787,0.0,0.0,-2.11501392088121,0.0,0.29798593580118815,1.520487600362727,-0.6829968743182837,-0.651087827846492,-2.4492935982947064e-16,1.0,1.0,6.123233995736766e-17,-0.7818314824680299,0.6234898018587334
0.7135003508007373,0.9641953730516715,-0.350189796416651,-1.8238186191474985,-1.9307641277511158,0.8194824433273673,0.6032306589335762,1.3902336606438201,-0.6831906184550289,-0.6826680894736445,2.2788184879965145,-0.6514128533997506,-0.6505684099646967,0.0,0.8787878787878787,0.0,0.0,-2.11501392088121,0.0,0.29178390204303395,1.520487600362727,-0.6829968743182837,-0.651087827846492,-2.4492935982947064e-16,1.0,0.9659258262890683,-0.25881904510252063,-0.7818314824680299,0.6234898018587334
0.7326583057924853,0.5167792596107107,-0.6398581040737229,-1.8238186191474985,-1.1756286432901693,0.9812682238323067,0.4414663557011846,1.027121287072027,-0.6831906184550289,-0.5083806584858893,1.572432276750761,-0.6514128533997506,-0.3157643955615334,0.0,0.8787878787878787,0.0,0.0,-1.825591279450713,0.0820010251502681,0.31706745786684387,1.520487600362727,-0.4971530887851352,0.12148476451917846,-2.4492935982947064e-16,1.0,0.8660254037844387,-0.4999999999999998,-0.7818314824680299,0.6234898018587334
0.37545904894082227,0.3851862850692516,-0.6398581040737229,-0.9272528622983084,-0.5823079054994255,0.8194824433273673,-0.529119463693165,0.6060654496323946,-0.6831906184550289,0.026100796543226733,1.654332127329979,-0.6514128533997506,0.6613167076966777,0.0,0.0,0.0,0.0,-0.9310122059382657,0.202391514376265,0.30608535027351536,0.27994746624057504,0.09135223206983509,0.931660447663709,-2.4492935982947064e-16,1.0,0.7071067811865476,-0.7071067811865475,-0.7818314824680299,0.6234898018587334
0.3619415266074254,0.22727471561950033,-0.9295264117307949,-0.3471220784547151,-0.09686366548881685,1.1430540043372461,-0.9604909389795426,-0.05449003846097373,-0.6831906184550289,0.5450900354845423,1.0810331732754541,-0.6514128533997506,0.6237366652636696,0.8787878787878787,0.0,0.0,0.0,-0.19430002775154487,0.5003381777178323,0.3266295006642419,-0.7448465575994635,0.6295248610095776,1.2735067274715277,-2.4492935982947064e-16,1.0,0.49999999999999994,-0.8660254037844387,-0.7818314824680299,0.6234898018587334
0.6740861397679477,-0.19382280291316867,-0.9295264117307949,0.39122619189167684,0.17282757896152123,0.9812682238323067,-1.337940979855123,-0.5373522373596348,-0.6831906184550289,0.9866181939868556,-0.3795141620539302,-0.6514128533997506,1.453913966283758,0.8787878787878787,0.0,0.0,0.0,0.5161010012142222,0.6109941099760644,0.3329597884259673,-1.607830998727917,0.9741102133522905,1.2461590250869023,-2.4492935982947064e-16,1.0,0.258819045102521,-0.9659258262890682,-0.7818314824680299,0.6234898018587334
0.5449401941370957,-0.6412389163541294,-0.6398581040737229,0.8131394892324716,0.6582718189721298,-1.2298041097351986,-1.9310767583738921,-0.6841423458248278,-0.6831906184550289,1.1454134088868104,-0.6525136639846563,-0.6514128533997506,1.132775421856234,0.8787878787878787,0.0,0.0,0.0,0.9633905379704456,0.6861875756236584,0.3434498288418565,-1.8235771090100303,1.36128476654635,2.189654757356482,-2.4492935982947064e-16,1.0,1.2246467991473532e-16,-1.0,-0.7818314824680299,0.6234898018587334
0.4781534062484206,-0.3517343723629195,-1.3771956144735429,0.8131394892324716,0.8200865656423326,0.7655538498257208,-1.4997052830875146,-0.6841423458248278,-0.6831906184550289,1.3351930559623661,-0.6525136639846563,-0.6514128533997506,1.6076505035097002,0.8787878787878787,0.0,0.0,0.0,0.9633905379704456,0.6592844591625859,0.3339258934640499,-1.931450164151087,1.3961304763338152,2.2853717157026714,-2.4492935982947064e-16,1.0,-0.2588190451025208,-0.9659258262890683,-0.7818314824680299,0.6234898018587334
0.441456442603656,-0.6412389163541294,-1.2191947193878672,0.5230740973106753,0.9819013123125355,0.6037680693207814,-1.607548151909109,-0.6841423458248278,-0.6831906184550289,0.7968385469112998,-0.6525136639846563,-0.6514128533997506,0.6203202977697597,0.8787878787878787,0.0,0.0,0.0,0.5161010012142222,0.41184559192303144,0.3349576620934177,-1.1763387781636903,1.0321863963313993,1.5777499165004865,-2.4492935982947064e-16,1.0,-0.4999999999999997,-0.8660254037844388,-0.7818314824680299,0.6234898018587334
0.5444825658396417,-0.6412389163541294,-1.3771956144735429,0.5230740973106753,0.8200865656423326,0.7655538498257208,-1.2300981110335285,-0.6841423458248278,-0.6831906184550289,0.4056600906943381,-0.6525136639846563,-0.6514128533997506,0.37092547071434223,0.0,0.0,0.0,0.0,0.3845452551094506,0.4113743809610176,0.3509218538214749,-0.5830369748878784,0.6101661333498747,1.659793023654363,-2.4492935982947064e-16,1.0,-0.7071067811865471,-0.7071067811865479,-0.7818314824680299,0.6234898018587334
0.5098449466949101,-0.9307434603453393,-1.6668639221306147,0.23300870538887822,1.1437160589827384,0.9812682238323067,-0.7448052013363538,-0.6841423458248278,-0.6831906184550289,-0.11332914824697746,-0.6525136639846563,-0.6514128533997506,0.4221709831229897,0.0,0.0,0.8787878787878787,0.8787878787878787,0.22667835978372425,0.08521631452970493,0.40648380329667066,-0.09760822675312336,-0.05190235261196689,1.0854912735772275,-2.4492935982947064e-16,1.0,-0.8660254037844385,-0.5000000000000004,-0.7818314824680299,0.6234898018587334
0.4196613157371178,-0.9307434603453393,-1.9565322297876868,-0.3471220784547151,0.9819013123125355,1.1430540043372461,0.818916396576765,-0.6841423458248278,-0.6831906184550289,-0.5703495228370912,-0.6525136639846563,-0.6514128533997506,-0.5275791801839428,0.0,0.0,0.8787878787878787,0.8787878787878787,-0.19430002775154487,0.0,0.43453137631245864,0.17207441109951835,-0.5358705441045412,-0.37761080400023694,-2.4492935982947064e-16,1.0,-0.9659258262890683,-0.25881904510252063,-0.7818314824680299,0.6234898018587334
0.5500142976191182,-0.6412389163541294,-1.6668639221306147,-0.3471220784547151,-1.2295668921802367,0.7655538498257208,0.6571520933443734,-0.6841423458248278,-0.6831906184550289,-0.6826680894736445,-0.6525136639846563,-0.6514128533997506,-0.6505684099646967,0.0,0.0,0.8787878787878787,0.8787878787878787,-0.6415895645077683,0.0,0.41461835444889006,0.6575031592342735,-0.6829968743182837,-0.651087827846492,-2.4492935982947064e-16,1.0,-1.0,-1.8369701987210297e-16,-0.7818314824680299,0.6234898018587334
0.8767461774426517,-1.3781595737863004,-1.8248648172162902,-0.5053395649575132,0.766148316752265,0.6037680693207814,0.818916396576765,-0.6841423458248278,-0.6831906184550289,-0.6826680894736445,-0.6525136639846563,-0.6514128533997506,-0.6505684099646967,0.0,0.0,0.8787878787878787,0.8787878787878787,-0.3521669230772707,0.0,0.3931828284894142,0.8193127419458585,-0.6829968743182837,-0.651087827846492,-2.4492935982947064e-16,1.0,-0.9659258262890684,0.2588190451025203,-0.7818314824680299,0.6234898018587334
0.7912590971826629,-1.2202480043365496,-1.8248648172162902,-0.6371874703765118,0.6043335700820621,0.441982288815842,0.6571520933443734,-0.6841423458248278,-0.5091579967288967,-0.6826680894736445,-0.6525136639846563,-0.31672972593904275,-0.6505684099646967,0.0,0.0,0.8787878787878787,0.8787878787878787,-0.6415895645077683,0.0,0.3666542254136844,0.9811223246574435,-0.6829968743182837,-0.651087827846492,-2.4492935982947064e-16,1.0,-0.8660254037844386,0.5000000000000001,-0.7818314824680299,0.6234898018587334
0.749133336376592,-1.3781595737863004,-0.9295264117307949,-0.7954049568793099,0.766148316752265,-0.5287323942137945,0.6032306589335762,-0.6841423458248278,0.024542043231242233,-0.6826680894736445,-0.6525136639846563,0.6599985848136356,-0.6505684099646967,0.0,0.0,0.0,0.0,-0.6415895645077683,0.0,0.35027320817402097,0.8193127419458585,-0.6829968743182837,-0.651087827846492,-2.4492935982947064e-16,1.0,-0.7071067811865477,0.7071067811865474,-0.7818314824680299,0.6234898018587334
0.8691350565425983,-1.6676641177775104,-0.350189796416651,-1.085470348801107,0.9819013123125355,-0.9601611422269661,0.279702052468793,-0.6841423458248278,0.5427725168157249,-0.6826680894736445,-0.6525136639846563,0.6224321113231479,-0.6505684099646967,0.0,0.0,0.0,0.0,-0.9310122059382657,0.0,0.3091883903287671,1.1429319073690285,-0.6829968743182837,-0.651087827846492,-2.4492935982947064e-16,1.0,-0.5000000000000004,0.8660254037844384,-0.7818314824680299,0.6234898018587334
0.9891367767086046,-1.9571686617687203,0.38714771398316894,-1.085470348801107,1.1437160589827384,-1.3376612967384915,-0.4212765948715706,-0.6841423458248278,0.9836551585219266,-0.6826680894736445,-0.6525136639846563,1.4523096620675564,-0.6505684099646967,0.0,0.0,0.0,0.0,-0.9310122059382657,0.0,0.258586602978105,0.9811223246574435,-0.6829968743182837,-0.651087827846492,-2.4492935982947064e-16,1.0,-0.25881904510252157,0.9659258262890681,-0.7818314824680299,0.6234898018587334
0.9413534560769712,-1.6676641177775104,0.8084834342116368,-1.2173182542201055,0.766148316752265,-1.9308758252566025,0.010094880414807005,-0.6841423458248278,1.1422182138724026,-0.6826680894736445,-0.6525136639846563,1.1312870704215712,-0.6505684099646967,0.0,0.0,0.0,0.0,-0.6415895645077683,0.0,0.23297575359086875,-1.2302753057342186,-0.6829968743182837,-0.651087827846492,-2.4492935982947064e-16,1.0,-2.4492935982947064e-16,1.0,-0.7818314824680299,0.6234898018587334
0.9625221370670388,-1.8255756872272613,0.8084834342116368,-0.7954049568793099,0.6043335700820621,-1.499447077243431,-1.4457838486767174,-0.6841423458248278,1.331720401974191,-0.6826680894736445,-0.6525136639846563,1.6059906899831875,-0.6505684099646967,0.0,0.0,0.0,0.0,-1.3783017426944895,0.0,0.243350140037084,0.7653762143753301,-0.6829968743182837,-0.651087827846492,-2.4492935982947064e-16,1.0,0.25881904510252074,0.9659258262890683,-2.4492935982947064e-16,1.0
0.9836908180571066,-1.8255756872272613,0.5188151265545653,-1.2173182542201055,0.44251882341185933,-1.607304264246724,-1.337940979855123,-0.5103119542213098,0.7941529704201382,-0.6826680894736445,-0.3180892741195168,0.6190169773694673,-0.6505684099646967,0.0,0.0,0.0,0.0,-1.2204348473687636,0.0,0.21378856538728686,0.6035666316637451,-0.6829968743182837,-0.651087827846492,-2.4492935982947064e-16,1.0,0.49999999999999994,0.8660254037844387,-2.4492935982947064e-16,1.0
0.8671014199548727,-0.9307434603453393,0.5188151265545653,-1.085470348801107,-0.5283696566093578,-1.2298041097351986,-1.607548151909109,0.02276791336281204,0.40354641943481917,-0.6826680894736445,0.6578839452828288,0.3697121987507766,-0.6505684099646967,0.0,0.0,0.0,0.0,-1.3783017426944895,0.0,0.194600967426505,0.7653762143753301,-0.6829968743182837,-0.651087827846492,-2.4492935982947064e-16,1.0,0.7071067811865476,0.7071067811865476,-2.4492935982947064e-16,1.0
0.8785195428701289,-0.3517343723629195,0.22914681889749292,-1.6656011326447004,-0.9598756477298988,-0.7444467682203804,-1.3918624142659202,0.5403961905821767,-0.11468405414966357,-0.6826680894736445,0.620346513767354,0.420939208055987,-0.6505684099646967,0.0,0.8787878787878787,0.0,0.0,-1.6677243841249871,0.0,0.20671031707677978,0.9811223246574435,-0.6829968743182837,-0.651087827846492,-2.4492935982947064e-16,1.0,0.8660254037844386,0.5000000000000001,-2.4492935982947064e-16,1.0
0.8252159200114867,0.3851862850692516,-0.350189796416651,-1.6656011326447004,-1.3374433899603722,0.8194824433273673,-1.5536267174983118,0.9807665159777555,-0.5710362622315215,-0.6826680894736445,1.4495825008819343,-0.5284680310672457,-0.6505684099646967,0.0,0.8787878787878787,0.0,0.0,-1.9571470255554846,0.0,0.21816584789495175,1.1429319073690285,-0.6829968743182837,-0.651087827846492,-2.4492935982947064e-16,1.0,0.9659258262890683,0.25881904510252074,-2.4492935982947064e-16,1.0
0.8048281383096155,0.8062838036019201,-0.350189796416651,-1.6656011326447004,-1.9307641277511158,0.6576966628224279,-1.3918624142659202,1.1391453172165165,-0.6831906184550289,-0.6826680894736445,1.1288080861133312,-0.6514128533997506,-0.6505684099646967,0.0,0.8787878787878787,0.0,0.0,-1.6677243841249871,0.0,0.21812123557981178,0.7653762143753301,-0.6829968743182837,-0.651087827846492,-2.4492935982947064e-16,1.0,1.0,6.123233995736766e-17,-2.4492935982947064e-16,1.0
0.4857502487886345,0.8062838036019201,-0.5081906915023265,-1.5073836461419021,-1.4992581366305748,0.8194824433273673,-1.5536267174983118,1.3284272991847916,-0.6831906184550289,-0.6826680894736445,1.6031447207179677,-0.6514128533997506,-0.6505684099646967,0.0,0.8787878787878787,0.0,0.0,-1.825591279450713,0.0,0.20682922861619302,0.6035666316637451,-0.6829968743182837,-0.651087827846492,-2.4492935982947064e-16,1.0,0.9659258262890683,-0.25881904510252063,-2.4492935982947064e-16,1.0
0.49288369677069,0.5167792596107107,-0.6398581040737229,-1.6656011326447004,-1.60713463441071,0.6576966628224279,-1.4457838486767174,0.7914845340094805,-0.6831906184550289,-0.4812692803322385,0.6169340199932198,-0.6514128533997506,0.036121456311178995,0.0,0.8787878787878787,0.0,0.0,-1.825591279450713,0.048966671360548907,0.23520319372956744,0.44175704895216006,-0.508768325380957,-0.31607847363482955,-2.4492935982947064e-16,1.0,0.8660254037844387,-0.4999999999999998,-2.4492935982947064e-16,1.0
0.6203477820397674,0.5167792596107107,-0.7978589991593985,-0.3471220784547151,-1.2295668921802367,0.6037680693207814,-2.200683930427878,0.4013318772993623,-0.6831906184550289,0.0415930126310272,0.36782197448143233,-0.6514128533997506,0.6852312801540466,0.0,0.0,0.0,0.0,-0.9310122059382657,0.2190167982443816,0.2508832188394887,-0.5291004473173502,0.025532558026844985,0.6616018866155321,-2.4492935982947064e-16,1.0,0.7071067811865476,-0.7071067811865475,-2.4492935982947064e-16,1.0
0.7283221463887092,0.22727471561950033,-1.0875273068164708,0.39122619189167684,-0.7441226521696283,0.2801965083109026,-2.4702911024818643,-0.11629639992000235,-0.6831906184550289,0.669027764186946,0.4190093810934435,-0.6514128533997506,1.4470812312959382,0.8787878787878787,0.0,0.0,0.0,-0.3521669230772707,0.43518971320273053,0.25823190690193476,-0.9605926678815769,0.5443464593068845,0.6239987958366721,-2.4492935982947064e-16,1.0,0.49999999999999994,-0.8660254037844387,-2.4492935982947064e-16,1.0
0.5163320243103825,-0.3517343723629195,-1.0875273068164708,0.8131394892324716,0.8200865656423326,-0.4208752072105015,-2.73989827453585,-0.5721183156803384,-0.6831906184550289,1.1492864629087605,-0.5296638881158295,-0.6514128533997506,1.8467962280833883,0.8787878787878787,0.0,0.0,0.0,0.3845452551094506,0.5259440770230952,0.24561030953212537,-1.3381483608752753,0.9857254499481123,1.4546852557696717,-2.4492935982947064e-16,1.0,0.258819045102521,-0.9659258262890682,-2.4492935982947064e-16,1.0
0.5949201855132767,-0.3517343723629195,-1.2191947193878672,0.8131394892324716,0.6582718189721298,0.010553540802670241,-2.685976840125053,-0.6841423458248278,-0.6831906184550289,1.2887164076989646,-0.6525136639846563,-0.6514128533997506,1.7579706732417326,0.8787878787878787,0.0,0.0,0.0,0.8055236426447192,0.6136938373264328,0.2918526388133186,-1.931450164151087,1.1444670167576767,1.133349752750322,-2.4492935982947064e-16,1.0,1.2246467991473532e-16,-1.0,-2.4492935982947064e-16,1.0
0.3599565256829032,-0.5096459418126703,-0.7978589991593985,0.8131394892324716,0.8200865656423326,-1.4455184837417845,-1.607548151909109,-0.6841423458248278,-0.6831906184550289,0.5644553055942929,-0.6525136639846563,-0.6514128533997506,-0.2337715757076975,0.8787878787878787,0.0,0.0,0.0,0.8055236426447192,0.6118866261396235,0.283278827942798,-1.4999579435868604,1.3341825478227658,1.6085160816831903,-2.4492935982947064e-16,1.0,-0.2588190451025208,-0.9659258262890683,-2.4492935982947064e-16,1.0
0.3572450102326023,-0.6412389163541294,-1.2191947193878672,0.681291583813473,0.6582718189721298,-1.3376612967384915,-1.7153910207307033,-0.6841423458248278,-0.6831906184550289,0.6729008182088961,-0.6525136639846563,-0.6514128533997506,0.5075801704707354,0.8787878787878787,0.0,0.0,0.0,0.5161010012142222,0.5202674331425127,0.28185507533206844,-1.607830998727917,0.7960099188830232,0.6205803330385938,-2.4492935982947064e-16,1.0,-0.4999999999999997,-0.8660254037844388,-2.4492935982947064e-16,1.0
0.3088324120786168,-0.7991504858038802,-1.0875273068164708,0.39122619189167684,0.6043335700820621,-1.607304264246724,-0.8526480701579482,-0.6841423458248278,-0.6831906184550289,0.4947403331991908,-0.6525136639846563,-0.6514128533997506,1.511992213680225,0.0,0.0,0.0,0.0,0.5161010012142222,0.32114110725382555,0.28427146475957465,-1.2302753057342186,0.4049636201570232,0.37103254877888614,-2.4492935982947064e-16,1.0,-0.7071067811865471,-0.7071067811865479,-2.4492935982947064e-16,1.0
0.20959897817501383,-1.0886550297950905,-1.6668639221306147,0.1011607999698797,0.2807040767416565,-1.391589890240138,-0.3673551604607734,-0.6841423458248278,-0.6831906184550289,0.006735526433476152,-0.6525136639846563,-0.6514128533997506,1.40950118886293,0.0,0.0,0.8787878787878787,0.8787878787878787,0.22667835978372425,0.0496984313705455,0.32505966961174526,-0.7448465575994635,-0.1138502811230164,0.42230949075005897,-2.4492935982947064e-16,1.0,-0.8660254037844385,-0.5000000000000004,-2.4492935982947064e-16,1.0
0.20542300412068779,-1.0886550297950905,-1.6668639221306147,-0.5053395649575132,-0.42049315882922256,-1.5533756707450774,0.4953877901119818,-0.6841423458248278,-0.6831906184550289,-0.5238728745736898,-0.6525136639846563,-0.6514128533997506,0.07370149874418712,0.0,0.0,0.8787878787878787,0.8787878787878787,-0.3521669230772707,0.0,0.3115817309137784,0.8193127419458585,-0.5707162538920065,-0.5280231671156772,-2.4492935982947064e-16,1.0,-0.9659258262890683,-0.25881904510252063,-2.4492935982947064e-16,1.0
0.5041244728463045,-1.2202480043365496,-1.6668639221306147,-0.6371874703765118,0.01101283229131838,-1.391589890240138,0.1718591836471986,-0.6841423458248278,-0.6831906184550289,-0.6826680894736445,-0.6525136639846563,-0.6514128533997506,-0.6505684099646967,0.0,0.0,0.8787878787878787,0.8787878787878787,-0.3521669230772707,0.0,0.2923009131900175,0.6575031592342735,-0.6829968743182837,-0.651087827846492,-2.4492935982947064e-16,1.0,-1.0,-1.8369701987210297e-16,-2.4492935982947064e-16,1.0
0.9955608716550731,-0.7991504858038802,-1.5088630270449392,-0.6371874703765118,-1.4453198877405073,-1.5533756707450774,0.6571520933443734,-0.6841423458248278,-0.6831906184550289,-0.6826680894736445,-0.6525136639846563,-0.6514128533997506,-0.6505684099646967,0.0,0.0,0.8787878787878787,0.8787878787878787,-0.5100338184029966,0.0,0.2901430293360032,0.8193127419458585,-0.6829968743182837,-0.651087827846492,-2.4492935982947064e-16,1.0,-0.9659258262890684,0.2588190451025203,-2.4492935982947064e-16,1.0
0.9588524441348604,-1.2202480043365496,-1.6668639221306147,-0.7954049568793099,-1.3374433899603722,-1.4455184837417845,0.3336234868795902,-0.6841423458248278,-0.4820862555714983,-0.6826680894736445,-0.6525136639846563,0.03502907129006868,-0.6505684099646967,0.0,0.0,0.8787878787878787,0.8787878787878787,-0.6415895645077683,0.0,0.30508062561934157,0.6575031592342735,-0.6829968743182837,-0.651087827846492,-2.4492935982947064e-16,1.0,-0.8660254037844386,0.5000000000000001,-2.4492935982947064e-16,1.0
0.9221440166146477,-1.0886550297950905,-0.350189796416651,-0.6371874703765118,-1.60713463441071,-2.200518792764835,0.1718591836471986,-0.6841423458248278,0.04001160960689843,-0.6826680894736445,-0.6525136639846563,0.6839045224894004,-0.6505684099646967,0.0,0.0,0.0,0.0,-0.7994564598334941,0.0,0.2953224627821377,0.6035666316637451,-0.6829968743182837,-0.651087827846492,-2.4492935982947064e-16,1.0,-0.7071067811865477,0.7071067811865474,-2.4492935982947064e-16,1.0
0.8854355890944349,-1.6676641177775104,0.38714771398316894,-0.9272528622983084,-1.3913816388504396,-2.470161760273067,0.6032306589335762,-0.6841423458248278,0.6665290478209746,-0.6826680894736445,-0.6525136639846563,1.445479394160195,-0.6505684099646967,0.0,0.0,0.0,0.0,-1.088879101263992,0.0,0.2597400694958454,0.27994746624057504,-0.6829968743182837,-0.651087827846492,-2.4492935982947064e-16,1.0,-0.5000000000000004,0.8660254037844384,-2.4492935982947064e-16,1.0
0.8487271615742222,-1.6676641177775104,0.8084834342116368,-1.2173182542201055,-1.5531963855206425,-2.7398047277812996,0.7649949621659677,-0.6841423458248278,1.1460856054663167,-0.6826680894736445,-0.6525136639846563,1.845050066740836,-0.6505684099646967,0.0,0.0,0.0,0.0,-1.088879101263992,0.0,0.24432059874541556,-0.42122739217629346,-0.6829968743182837,-0.651087827846492,-2.4492935982947064e-16,1.0,-0.25881904510252157,0.9659258262890681,-2.4492935982947064e-16,1.0
0.8120187340540096,-1.6676641177775104,0.8084834342116368,-1.085470348801107,-1.3913816388504396,-2.685876134279653,1.1424450030415483,-0.6841423458248278,1.2853117028472225,-0.6826680894736445,-0.6525136639846563,1.756256583945138,-0.6505684099646967,0.0,0.0,0.0,0.0,-1.2204348473687636,0.0,0.23932058773319087,0.010264828387933323,-0.6829968743182837,-0.651087827846492,-2.4492935982947064e-16,1.0,-2.4492935982947064e-16,1.0,-2.4492935982947064e-16,1.0
0.562376268171942,-1.5097525483277596,0.8084834342116368,-1.6656011326447004,-1.5531963855206425,-1.607304264246724,0.1179377492364014,-0.6841423458248278,0.5621094747852952,-0.6826680894736445,-0.6525136639846563,-0.2347665110507061,-0.6505684099646967,0.0,0.0,0.0,0.0,-0.7994564598334941,0.0,0.24101636790500924,-1.446021416016332,-0.6829968743182837,-0.651087827846492,-2.4492935982947064e-16,1.0,0.25881904510252074,0.9659258262890683,0.7818314824680298,0.6234898018587336
0.5124763866319761,-1.6676641177775104,0.6768160216402405,-1.8238186191474985,-1.4453198877405073,-1.7151614512500166,-0.3134337260499762,-0.48327167108298474,0.6703964394148886,-0.6826680894736445,0.03339758461629295,0.5063175568980044,-0.6505684099646967,0.0,0.0,0.0,0.0,-1.2204348473687636,0.0,0.25525120498068066,-1.3381483608752753,-0.6829968743182837,-0.651087827846492,-2.4492935982947064e-16,1.0,0.49999999999999994,0.8660254037844387,0.7818314824680298,0.6234898018587336
0.49724841289414523,-0.3517343723629195,0.38714771398316894,-1.955666524566497,-2.200455372201454,-0.8523039552236732,-0.3134337260499762,0.038219503727569194,0.4924964260948423,-0.6826680894736445,0.6817714017017673,1.5103669392801282,-0.6505684099646967,0.0,0.0,0.0,0.0,-1.088879101263992,0.0,0.2585605833959108,-1.607830998727917,-0.6829968743182837,-0.651087827846492,-2.4492935982947064e-16,1.0,0.7071067811865476,0.7071067811865476,0.7818314824680298,0.6234898018587336
0.49422225868266834,0.3851862850692516,0.09747940632609654,-1.955666524566497,-2.470146616651792,-0.366946613708855,-0.5830408981039622,0.6640089135002339,0.005205085261671982,-0.6826680894736445,1.442757513333666,1.4079129206697074,-0.6505684099646967,0.0,0.8787878787878787,0.0,0.0,-1.6677243841249871,0.0,0.26494108690248497,-1.3920848884458037,-0.6829968743182837,-0.651087827846492,-2.4492935982947064e-16,1.0,0.8660254037844386,0.5000000000000001,0.7818314824680298,0.6234898018587336
0.7872432398318261,0.8062838036019201,-0.5081906915023265,-2.1138840110692954,-2.73983786110213,0.4959108823174885,-0.47519802928236776,1.1430082148077056,-0.5246275631045528,-0.6826680894736445,1.8420192849073531,0.0725955447805563,-0.6505684099646967,0.0,0.8787878787878787,0.0,0.0,-1.6677243841249871,0.0,0.30681149125140206,-1.5538944711573888,-0.6829968743182837,-0.651087827846492,-2.4492935982947064e-16,1.0,0.9659258262890683,0.25881904510252074,0.7818314824680298,0.6234898018587336
0.7755906566375698,0.8062838036019201,-0.6398581040737229,-2.245731916488294,-2.6858996122120624,0.17233932130760965,-0.3134337260499762,1.28207252809052,-0.6831906184550289,-0.6826680894736445,1.753294446779867,-0.6514128533997506,-0.6505684099646967,0.0,0.8787878787878787,0.0,0.0,-1.6677243841249871,0.0,0.34860493295424644,-1.3920848884458037,-0.6829968743182837,-0.651087827846492,-2.4492935982947064e-16,1.0,1.0,6.123233995736766e-17,0.7818314824680298,0.6234898018587336
0.7495051915460675,0.8062838036019201,-0.6398581040737229,-2.1138840110692954,-1.60713463441071,0.6576966628224279,-0.5830408981039622,0.5597106785381232,-0.6831906184550289,-0.6826680894736445,-0.236189423540299,-0.6514128533997506,-0.6505684099646967,0.0,0.8787878787878787,0.0,0.0,-1.509857488799261,0.0,0.37101701276040255,-1.5538944711573888,-0.6829968743182837,-0.651087827846492,-2.4492935982947064e-16,1.0,0.9659258262890683,-0.25881904510252063,0.7818314824680298,0.6234898018587336
0.4978719584787733,0.6746908290604611,-0.7978589991593985,-1.5073836461419021,-1.7150111321908454,0.33412510181254906,-0.9065695045687454,0.6678718110914232,-0.6831906184550289,-0.5354920366395401,0.5043217254467953,-0.6514128533997506,-0.3806753779458201,0.0,0.8787878787878787,0.0,0.0,-1.6677243841249871,0.10713573345049945,0.40031798183105827,-1.446021416016332,-0.4816661066573728,0.03602319456722376,-2.4492935982947064e-16,1.0,0.8660254037844387,-0.4999999999999998,0.7818314824680298,0.6234898018587336
0.7820147515840383,0.3851862850692516,-0.6398581040737229,-1.2173182542201055,-0.8519991499497634,0.17233932130760965,-1.0144123733903398,0.49017852189671596,-0.6831906184550289,0.0415930126310272,1.5075948950422136,-0.6514128533997506,0.4973310679890059,0.0,0.0,0.0,0.0,-0.3521669230772707,0.22958845083578777,0.41254995132340555,-2.2011328020037286,0.04101954015460736,0.6855311262020795,-2.4492935982947064e-16,1.0,0.7071067811865476,-0.7071067811865475,0.7818314824680298,0.6234898018587336
0.7308144066403199,0.09568174107804124,-0.9295264117307949,-0.3471220784547151,-0.36655490993915496,0.6037680693207814,-1.6614695863199063,0.0034534254068656007,-0.6831906184550289,0.6574086021210956,1.4052200818181915,-0.6514128533997506,1.0097861920754803,0.8787878787878787,0.0,0.0,0.0,0.3845452551094506,0.39248175772159594,0.3955890252065727,-2.4708154398563704,0.6682423163289836,1.4478483301735154,-2.4492935982947064e-16,1.0,0.49999999999999994,-0.8660254037844387,0.7818314824680298,0.6234898018587336
0.6796140616966017,-0.5096459418126703,-1.2191947193878672,-0.18890459195191697,0.4964570723019269,0.7655538498257208,-0.6369623325147594,-0.5257635445860669,-0.6831906184550289,0.9517607077893045,0.07093501613176778,-0.6514128533997506,0.7979714074530708,0.8787878787878787,0.0,0.0,0.0,0.8055236426447192,0.4753143570637287,0.4515296927737832,-2.740498077709012,1.1483387622896173,1.8478084775486634,-2.4492935982947064e-16,1.0,0.258819045102521,-0.9659258262890682,0.7818314824680298,0.6234898018587336
0.6284137167528834,-0.6412389163541294,-1.0875273068164708,0.1011607999698797,0.17282757896152123,1.1430540043372461,-0.8526480701579482,-0.6841423458248278,-0.6831906184550289,0.5683283596162431,-0.6525136639846563,-0.6514128533997506,-0.1996079007685992,0.8787878787878787,0.0,0.0,0.0,0.8055236426447192,0.5241479752231137,0.42331919005138197,-2.686561550138484,1.2877216014394786,1.7589284447986304,-2.4492935982947064e-16,1.0,1.2246467991473532e-16,-1.0,0.7818314824680298,0.6234898018587336
0.6049825163804022,-0.6412389163541294,-1.6668639221306147,0.39122619189167684,0.6582718189721298,0.11841072780596318,-1.337940979855123,-0.6841423458248278,-0.6831906184550289,1.0253487342063567,-0.6525136639846563,-0.6514128533997506,0.7569749975261529,0.8787878787878787,0.0,0.0,0.0,0.8055236426447192,0.499024343048073,0.4127356737742638,-1.607830998727917,0.5637051869665876,-0.23403536648095305,-2.4492935982947064e-16,1.0,-0.2588190451025208,-0.9659258262890683,0.7818314824680298,0.6234898018587336
0.9990389565492603,-0.7991504858038802,-1.8248648172162902,-0.05705668653291797,0.3346423256317241,-0.3130180202072086,0.010094880414807005,-0.6841423458248278,-0.6831906184550289,0.5179786573308915,-0.6525136639846563,-0.6514128533997506,-0.3772590104519103,0.8787878787878787,0.0,0.0,0.0,0.6739678965399476,0.3886899576890688,0.4165777109395491,-1.7157040538689736,0.6721140618609242,0.5077710607020136,-2.4492935982947064e-16,1.0,-0.4999999999999997,-0.8660254037844388,0.7818314824680298,0.6234898018587336
0.7754075778602039,-0.6412389163541294,-1.9565322297876868,-0.18890459195191697,0.17282757896152123,-0.3130180202072086,0.4953877901119818,-0.6841423458248278,-0.6831906184550289,0.05321217469687755,-0.6525136639846563,-0.6514128533997506,-0.2918498231041646,0.0,0.0,0.0,0.0,0.3845452551094506,0.1504257542781384,0.42351264666938837,-0.8527196127405202,0.49401376739165687,1.5127991233370008,-2.4492935982947064e-16,1.0,-0.7071067811865471,-0.7071067811865479,0.7818314824680298,0.6234898018587336
0.8172644524379499,-0.9307434603453393,-1.9565322297876868,-0.3471220784547151,0.6043335700820621,-0.582660987715441,0.6571520933443734,-0.6841423458248278,-0.6831906184550289,-0.2605052010810819,-0.6525136639846563,-0.6514128533997506,-0.5514937526413116,0.0,0.0,0.8787878787878787,0.8787878787878787,0.09512261367895261,0.020034592368790557,0.4232882021631389,-0.3672908646057651,0.0061738303671420155,1.4102452393946552,-2.4492935982947064e-16,1.0,-0.8660254037844385,-0.5000000000000004,0.7818314824680298,0.6234898018587336
0.754836648735006,-1.2202480043365496,-2.114533124873362,-0.6371874703765118,0.766148316752265,-0.47480380071214795,0.6571520933443734,-0.6841423458248278,-0.6831906184550289,-0.5858417389248917,-0.6525136639846563,-0.6514128533997506,-0.5993228975560492,0.0,0.0,0.8787878787878787,0.8787878787878787,-0.5100338184029966,0.0,0.48389118959020017,0.4956935765226884,-0.5242553075087194,0.07362628534608383,-2.4492935982947064e-16,1.0,-0.9659258262890683,-0.25881904510252063,0.7818314824680298,0.6234898018587336
0.918522976507163,-1.0886550297950905,-2.2462005374447584,-0.6371874703765118,1.1437160589827384,-0.3130180202072086,0.6571520933443734,-0.6841423458248278,-0.6831906184550289,-0.6826680894736445,-0.6525136639846563,-0.6514128533997506,-0.6505684099646967,0.0,0.0,0.8787878787878787,0.8787878787878787,-0.6415895645077683,0.0,0.48957375365817135,0.17207441109951835,-0.6829968743182837,-0.651087827846492,-2.4492935982947064e-16,1.0,-1.0,-1.8369701987210297e-16,0.7818314824680298,0.6234898018587336
0.9988787711998103,-1.6676641177775104,-2.114533124873362,-0.9272528622983084,0.11888933007145361,-0.582660987715441,0.9806806998091566,-0.6841423458248278,-0.6831906184550289,-0.6826680894736445,-0.6525136639846563,-0.6514128533997506,-0.6505684099646967,0.0,0.0,0.8787878787878787,0.8787878787878787,-0.6415895645077683,0.0,0.47705597851888837,0.6575031592342735,-0.6829968743182837,-0.651087827846492,-2.4492935982947064e-16,1.0,-0.9659258262890684,0.2588190451025203,0.7818314824680298,0.6234898018587336
0.9959927748787296,-1.8255756872272613,-1.5088630270449392,-0.7954049568793099,-0.3126166610490873,-0.9062325487253197,0.818916396576765,-0.6841423458248278,-0.536229737886295,-0.6826680894736445,-0.6525136639846563,-0.3816172710589759,-0.6505684099646967,0.0,0.0,0.8787878787878787,0.8787878787878787,-0.7994564598334941,0.0,0.4717844521420749,0.3338839938111034,-0.6829968743182837,-0.651087827846492,-2.4492935982947064e-16,1.0,-0.8660254037844386,0.5000000000000001,0.7818314824680298,0.6234898018587336
0.993106778557649,-1.9571686617687203,-1.2191947193878672,-0.7954049568793099,-0.3126166610490873,-1.0140897357286127,0.818916396576765,-0.6841423458248278,0.04001160960689843,-0.6826680894736445,-0.6525136639846563,0.4960721550369623,-0.6505684099646967,0.0,0.0,0.0,0.0,-0.6415895645077683,0.0,0.46480275287179607,0.17207441109951835,-0.6829968743182837,-0.651087827846492,-2.4492935982947064e-16,1.0,-0.7071067811865477,0.7071067811865474,0.7818314824680298,0.6234898018587336
0.9745323485554017,-1.9571686617687203,-0.350189796416651,-0.7954049568793099,-0.5823079054994255,-1.6612328577483704,0.9806806998091566,-0.6841423458248278,0.6549268730392324,-0.6826680894736445,-0.6525136639846563,1.0083422480890663,-0.6505684099646967,0.0,0.0,0.0,0.0,-0.9310122059382657,0.0,0.4185103819925641,0.6035666316637451,-0.6829968743182837,-0.651087827846492,-2.4492935982947064e-16,1.0,-0.5000000000000004,0.8660254037844384,0.7818314824680298,0.6234898018587336
0.9898518273589351,-2.115080231218471,-0.1921889013309754,-1.085470348801107,-0.47443140771929015,-0.6365895812170874,1.1424450030415483,-0.6841423458248278,0.9488486341767002,-0.6826680894736445,-0.6525136639846563,0.7966039429608632,-0.6505684099646967,0.0,0.0,0.0,0.0,-1.2204348473687636,0.0,0.36851390846546594,0.7653762143753301,-0.6829968743182837,-0.651087827846492,-2.4492935982947064e-16,1.0,-0.25881904510252157,0.9659258262890681,0.7818314824680298,0.6234898018587336
0.9911866137430713,-2.2466732057599303,0.09747940632609654,-1.2173182542201055,-0.3126166610490873,-0.8523039552236732,0.010094880414807005,-0.6841423458248278,0.5659768663792093,-0.6826680894736445,-0.6525136639846563,-0.20061517151389915,-0.6505684099646967,0.0,0.0,0.0,0.0,-1.088879101263992,0.0,0.4127292713180152,1.1429319073690285,-0.6829968743182837,-0.651087827846492,-2.4492935982947064e-16,1.0,-2.4492935982947064e-16,1.0,0.7818314824680298,0.6234898018587336
0.9925214001272075,-2.115080231218471,0.38714771398316894,-1.2173182542201055,-0.5823079054994255,-1.3376612967384915,0.6032306589335762,-0.6841423458248278,1.0223290744610671,-0.6826680894736445,-0.6525136639846563,0.755622335516695,-0.6505684099646967,0.0,0.0,0.0,0.0,-1.6677243841249871,0.0,0.4443830150108915,0.11813788352899002,-0.6829968743182837,-0.651087827846492,-2.4492935982947064e-16,1.0,0.25881904510252074,0.9659258262890683,0.9749279121818236,-0.22252093395631434
0.9938561865113434,-1.5097525483277596,-0.06052148875957856,-1.5073836461419021,-0.9059373988398312,0.010553540802670241,0.9806806998091566,-0.5373522373596348,0.5157007756583266,-0.6826680894736445,-0.38292665582806423,-0.3782021371052952,-0.6505684099646967,0.0,0.0,0.0,0.0,-1.825591279450713,0.0,0.4496340535277098,-0.31335433703523674,-0.6829968743182837,-0.651087827846492,-2.4492935982947064e-16,1.0,0.49999999999999994,0.8660254037844387,0.9749279121818236,-0.22252093395631434
0.6321491896769668,-1.2202480043365496,-0.1921889013309754,-1.5073836461419021,-1.0138138966199663,0.4959108823174885,0.4414663557011846,0.038219503727569194,0.05161378438864058,-0.6826680894736445,0.4940842441243931,-0.2928237882632779,-0.6505684099646967,0.0,0.0,0.0,0.0,-1.9571470255554846,0.0,0.4464363595592794,-0.31335433703523674,-0.6829968743182837,-0.651087827846492,-2.4492935982947064e-16,1.0,0.7071067811865476,0.7071067811865476,0.9749279121818236,-0.22252093395631434
0.602259605700614,-0.3517343723629195,-0.350189796416651,-1.8238186191474985,-1.6610728833007777,0.6576966628224279,0.4414663557011846,0.6524202207266661,-0.2616449347183975,-0.6826680894736445,1.0059583102445044,-0.5523739687430106,-0.6505684099646967,0.0,0.8787878787878787,0.0,0.0,-1.9571470255554846,0.0,0.4369970902629037,-0.5830369748878784,-0.6829968743182837,-0.651087827846492,-2.4492935982947064e-16,1.0,0.8660254037844386,0.5000000000000001,0.9749279121818236,-0.22252093395631434
0.497877656093517,-0.19382280291316867,-0.6398581040737229,-2.1138840110692954,-0.6362461543894931,0.6576966628224279,0.6032306589335762,0.946000437657052,-0.5865058286071777,-0.6826680894736445,0.7943836962481917,-0.6001858440945402,-0.6505684099646967,0.0,0.8787878787878787,0.0,0.0,-2.11501392088121,0.0,0.4398350686294651,-0.47516391974682176,-0.6829968743182837,-0.651087827846492,-2.4492935982947064e-16,1.0,0.9659258262890683,0.25881904510252074,0.9749279121818236,-0.22252093395631434
0.6995938461306536,0.09568174107804124,-0.6398581040737229,-2.1138840110692954,-0.8519991499497634,0.6576966628224279,0.6032306589335762,0.5635735761293125,-0.6831906184550289,-0.6826680894736445,-0.20206448579895825,-0.6514128533997506,-0.6505684099646967,0.0,0.8787878787878787,0.0,0.0,-2.246569666985982,0.0,0.45701946607919763,-0.31335433703523674,-0.6829968743182837,-0.651087827846492,-2.4492935982947064e-16,1.0,1.0,6.123233995736766e-17,0.9749279121818236,-0.22252093395631434
0.3448772734190742,0.3851862850692516,-0.9295264117307949,-2.1138840110692954,-1.3374433899603722,0.9812682238323067,0.4414663557011846,1.0193954918896484,-0.6831906184550289,-0.6826680894736445,0.7534337709585829,-0.6514128533997506,-0.6505684099646967,0.0,0.8787878787878787,0.0,0.0,-2.11501392088121,0.0,0.4390593982500396,-0.5830369748878784,-0.6829968743182837,-0.651087827846492,-2.4492935982947064e-16,1.0,0.9659258262890683,-0.25881904510252063,0.9749279121818236,-0.22252093395631434
0.4306732948254955,-0.06222982837170911,-0.7978589991593985,-1.6656011326447004,0.01101283229131838,0.8194824433273673,-0.4212765948715706,0.5133559074438517,-0.6831906184550289,-0.5006345504419891,-0.3795141620539302,-0.6514128533997506,-0.028789526073107752,0.0,0.8787878787878787,0.0,0.0,-1.509857488799261,0.0501086564555037,0.497049261573989,-0.9066561403110486,-0.5358705441045412,-0.3810292667983151,-2.4492935982947064e-16,1.0,0.8660254037844387,-0.4999999999999998,0.9749279121818236,-0.22252093395631434
0.3220982611583512,-0.19382280291316867,-0.7978589991593985,-1.2173182542201055,0.4964570723019269,0.8194824433273673,-0.529119463693165,0.04980819650113706,-0.6831906184550289,0.0880696608944286,-0.2942018177005783,-0.6514128533997506,1.1806045667709717,0.0,0.0,0.0,0.0,-1.2204348473687636,0.21174358247310757,0.5224052419828826,-1.0145291954521052,0.04101954015460736,0.4975156723077791,-2.4492935982947064e-16,1.0,0.7071067811865476,-0.7071067811865475,0.9749279121818236,-0.22252093395631434
0.34566097003017193,-0.3517343723629195,-0.7978589991593985,-0.3471220784547151,0.6582718189721298,0.9812682238323067,-1.068333807801137,-0.2630865083851953,-0.6831906184550289,0.6961391423405968,-0.5535513445347681,-0.6514128533997506,1.7169742633148148,0.8787878787878787,0.0,0.0,0.0,-0.3521669230772707,0.4024270005517706,0.5193280678508752,-1.6617675262984453,0.6566270797331618,1.0102850920195074,-2.4492935982947064e-16,1.0,0.49999999999999994,-0.8660254037844387,0.9749279121818236,-0.22252093395631434
0.24890448832892867,-0.6412389163541294,-1.0875273068164708,0.5230740973106753,0.6582718189721298,1.1430540043372461,-2.0928410616062836,-0.5875699060450955,-0.6831906184550289,1.1531595169307105,-0.6013262573726451,-0.6514128533997506,1.9732018253580519,0.8787878787878787,0.0,0.0,0.0,-0.19430002775154487,0.546233675720644,0.549686415375893,-0.6369735024584068,0.9508797401606469,0.7983403985386596,-2.4492935982947064e-16,1.0,0.258819045102521,-0.9659258262890682,0.9749279121818236,-0.22252093395631434
0.26561979350491244,-0.6412389163541294,-1.2191947193878672,0.8131394892324716,0.6582718189721298,0.010553540802670241,-2.2546053648386755,-0.6841423458248278,-0.6831906184550289,1.4049080283574682,-0.6525136639846563,-0.6514128533997506,2.113272892608355,0.8787878787878787,0.0,0.0,0.0,0.09512261367895261,0.6257511808147302,0.5380548426207106,-0.8527196127405202,0.5675769324985281,-0.19985073850017118,-2.4492935982947064e-16,1.0,1.2246467991473532e-16,-1.0,0.9749279121818236,-0.22252093395631434
0.2919054748378861,-0.9307434603453393,-1.2191947193878672,0.9713569757352701,0.9819013123125355,0.6037680693207814,-1.6614695863199063,-0.6841423458248278,-0.6831906184550289,1.3468122180282165,-0.6525136639846563,-0.6514128533997506,2.048361910224068,0.8787878787878787,0.0,0.0,0.0,0.3845452551094506,0.6256292303480668,0.5569720520492033,-1.3381483608752753,1.0244429052675181,0.7573188449617213,-2.4492935982947064e-16,1.0,-0.2588190451025208,-0.9659258262890683,0.9749279121818236,-0.22252093395631434
0.2943366848042886,-0.7991504858038802,-1.5088630270449392,0.5230740973106753,0.8200865656423326,0.9812682238323067,-1.7153910207307033,-0.6841423458248278,-0.6831906184550289,1.0873175985575585,-0.6525136639846563,-0.6514128533997506,1.9424545179128634,0.8787878787878787,0.0,0.0,0.0,-0.06274428164677277,0.5480907926679218,0.5676855637979922,0.010264828387933323,0.5172442405833004,-0.37761080400023694,-2.4492935982947064e-16,1.0,-0.4999999999999997,-0.8660254037844388,0.9749279121818236,-0.22252093395631434
0.420044600459061,-0.7991504858038802,-1.5088630270449392,0.5230740973106753,0.8200865656423326,0.441982288815842,-1.337940979855123,-0.6841423458248278,-0.6831906184550289,0.5954397377698938,-0.6525136639846563,-0.6514128533997506,1.6418141784487985,0.0,0.0,0.0,0.0,-0.19430002775154487,0.3796649579232307,0.579302180415378,0.4956935765226884,0.052634776750429144,-0.29214923404828225,-2.4492935982947064e-16,1.0,-0.7071067811865471,-0.7071067811865479,0.9749279121818236,-0.22252093395631434
0.343040993968554,-0.7991504858038802,-1.8248648172162902,0.23300870538887822,0.9819013123125355,0.441982288815842,-0.5830408981039622,-0.6841423458248278,-0.6831906184550289,-0.028121959764074896,-0.6525136639846563,-0.6514128533997506,1.0097861920754803,0.0,0.0,0.8787878787878787,0.8787878787878787,-0.3521669230772707,0.07835887188447557,0.5722627565995622,0.6575031592342735,-0.260976611336759,-0.5519524067022246,-2.4492935982947064e-16,1.0,-0.8660254037844385,-0.5000000000000004,0.9749279121818236,-0.22252093395631434
0.39742002444857377,-1.0886550297950905,-2.114533124873362,-0.18890459195191697,1.1437160589827384,0.6037680693207814,0.1718591836471986,-0.6841423458248278,-0.6831906184550289,-0.5393650906614903,-0.6525136639846563,-0.6514128533997506,-0.25085341317724663,0.0,0.0,0.8787878787878787,0.8787878787878787,-0.6415895645077683,0.0,0.6138378489345057,0.6575031592342735,-0.5862032360197689,-0.5998108858753192,-2.4492935982947064e-16,1.0,-0.9659258262890683,-0.25881904510252063,0.9749279121818236,-0.22252093395631434
0.49008158581366673,-1.2202480043365496,-2.114533124873362,0.1011607999698797,0.01101283229131838,0.6037680693207814,-0.259512291639179,-0.6841423458248278,-0.6831906184550289,-0.6826680894736445,-0.6525136639846563,-0.6514128533997506,-0.6505684099646967,0.0,0.0,0.8787878787878787,0.8787878787878787,-0.6415895645077683,0.0,0.619794847887115,0.6575031592342735,-0.6829968743182837,-0.651087827846492,-2.4492935982947064e-16,1.0,-1.0,-1.8369701987210297e-16,0.9749279121818236,-0.22252093395631434
0.5827431471787596,-1.2202480043365496,-2.114533124873362,-0.3471220784547151,0.6043335700820621,0.441982288815842,-0.529119463693165,-0.6841423458248278,-0.6831906184550289,-0.6826680894736445,-0.6525136639846563,-0.6514128533997506,-0.6505684099646967,0.0,0.0,0.8787878787878787,0.8787878787878787,-0.9310122059382657,0.0,0.592472186577614,0.9811223246574435,-0.6829968743182837,-0.651087827846492,-2.4492935982947064e-16,1.0,-0.9659258262890684,0.2588190451025203,0.9749279121818236,-0.22252093395631434
0.6754047085438525,-1.5097525483277596,-1.6668639221306147,-0.3471220784547151,0.9819013123125355,-0.4208752072105015,-0.529119463693165,-0.6841423458248278,-0.5014232135410686,-0.6826680894736445,-0.6525136639846563,-0.029858473829864497,-0.6505684099646967,0.0,0.0,0.8787878787878787,0.8787878787878787,-0.7994564598334941,0.0,0.5769241545057131,0.8193127419458585,-0.6829968743182837,-0.651087827846492,-2.4492935982947064e-16,1.0,-0.8660254037844386,0.5000000000000001,0.9749279121818236,-0.22252093395631434
0.7680662699089456,-1.5097525483277596,-1.2191947193878672,-0.3471220784547151,0.44251882341185933,-0.5287323942137945,-0.7448052013363538,-0.6841423458248278,0.08642030873386704,-0.6826680894736445,-0.6525136639846563,1.179098945773101,-0.6505684099646967,0.0,0.0,0.0,0.0,-0.7994564598334941,0.0,0.5821566002895855,0.8193127419458585,-0.6829968743182837,-0.651087827846492,-2.4492935982947064e-16,1.0,-0.7071067811865477,0.7071067811865474,0.9749279121818236,-0.22252093395631434
0.8607278312740384,-1.8255756872272613,-0.350189796416651,-0.5053395649575132,0.44251882341185933,-1.0680183292302592,-1.0144123733903398,-0.6841423458248278,0.6936007889783729,-0.6826680894736445,-0.6525136639846563,1.7152749765009698,-0.6505684099646967,0.0,0.0,0.0,0.0,-0.7994564598334941,0.0,0.5869122423517154,0.9811223246574435,-0.6829968743182837,-0.651087827846492,-2.4492935982947064e-16,1.0,-0.5000000000000004,0.8660254037844384,0.9749279121818236,-0.22252093395631434
0.9533893926391314,-2.115080231218471,0.5188151265545653,-0.3471220784547151,0.6043335700820621,-2.092661605761542,-1.8232338895522977,-0.6841423458248278,1.1499529970602307,-0.6826680894736445,-0.6525136639846563,1.9714100230270217,-0.6505684099646967,0.0,0.0,0.0,0.0,-1.088879101263992,0.0,0.6181870118543269,1.1429319073690285,-0.6829968743182837,-0.651087827846492,-2.4492935982947064e-16,1.0,-0.25881904510252157,0.9659258262890681,0.9749279121818236,-0.22252093395631434
0.9185258253145347,-2.115080231218471,0.8084834342116368,-0.9272528622983084,0.6043335700820621,-2.2544473862664813,-2.0389196271954866,-0.6841423458248278,1.401333450664644,-0.6826680894736445,-0.6525136639846563,2.11143051512793,-0.6505684099646967,0.0,0.0,0.0,0.0,-1.2204348473687636,0.0,0.5616831330158432,0.010264828387933323,-0.6829968743182837,-0.651087827846492,-2.4492935982947064e-16,1.0,-2.4492935982947064e-16,1.0,0.9749279121818236,-0.22252093395631434
0.5919626772625669,-2.115080231218471,0.9664843292973129,-1.085470348801107,0.44251882341185933,-1.6612328577483704,-0.9065695045687454,-0.6841423458248278,1.3433225767559331,-0.6826680894736445,-0.6525136639846563,2.046542970007997,-0.6505684099646967,0.0,0.0,0.0,0.0,-1.2204348473687636,0.0,0.5307565546938532,0.6035666316637451,-0.6829968743182837,-0.651087827846492,-2.4492935982947064e-16,1.0,0.25881904510252074,0.9659258262890683,0.43388373911755823,-0.900968867902419
0.8152451285330442,-1.6676641177775104,0.5188151265545653,-1.2173182542201055,-0.42049315882922256,-1.7151614512500166,-1.1222552422119343,-0.5025861590389312,1.0842073399636918,-0.6826680894736445,-0.03143979709225449,1.9406738174438956,-0.6505684099646967,0.0,0.0,0.0,0.0,-1.509857488799261,0.0,0.5415501739752241,0.9811223246574435,-0.6829968743182837,-0.651087827846492,-2.4492935982947064e-16,1.0,0.49999999999999994,0.8660254037844387,0.43388373911755823,-0.900968867902419
0.5444310813690665,-1.2202480043365496,0.5188151265545653,-1.3755357407229036,-0.5283696566093578,-1.3376612967384915,-1.2300981110335285,0.08457427482184066,0.5930486075366076,-0.6826680894736445,1.1765829989512082,1.6401420295199944,-0.6505684099646967,0.0,0.0,0.0,0.0,-1.509857488799261,0.0,0.5316801474224453,0.44175704895216006,-0.6829968743182837,-0.651087827846492,-2.4492935982947064e-16,1.0,0.7071067811865476,0.7071067811865476,0.43388373911755823,-0.900968867902419
0.48649673928899645,-0.3517343723629195,0.22914681889749292,-1.955666524566497,-1.067752145510034,-0.582660987715441,-0.5830408981039622,0.6910491966385589,-0.02960143908355447,-0.6826680894736445,1.7123445214902582,1.0083422480890663,-0.6505684099646967,0.0,0.8787878787878787,0.0,0.0,-1.825591279450713,0.0,0.5824753401714637,0.44175704895216006,-0.6829968743182837,-0.651087827846492,-2.4492935982947064e-16,1.0,0.8660254037844386,0.5000000000000001,0.43388373911755823,-0.900968867902419
0.48672841940658546,0.5167792596107107,-0.1921889013309754,-2.1138840110692954,-2.0925788744213185,0.17233932130760965,-0.47519802928236776,1.146871112398895,-0.540097129480209,-0.6826680894736445,1.9682815545503138,-0.2518421808191096,-0.6505684099646967,0.0,0.8787878787878787,0.0,0.0,-2.11501392088121,0.0,0.5905452009057477,0.6035666316637451,-0.6829968743182837,-0.651087827846492,-2.4492935982947064e-16,1.0,0.9659258262890683,0.25881904510252074,0.43388373911755823,-0.900968867902419
0.5136891204978683,0.8062838036019201,0.09747940632609654,-2.245731916488294,-2.2543936210915216,-0.2590894267055621,-0.47519802928236776,1.3979594558261987,-0.6831906184550289,-0.6826680894736445,2.1081937992898108,-0.6514128533997506,-0.6505684099646967,0.0,0.8787878787878787,0.0,0.0,-2.11501392088121,0.0,0.5844361308123225,0.6035666316637451,-0.6829968743182837,-0.651087827846492,-2.4492935982947064e-16,1.0,1.0,6.123233995736766e-17,0.43388373911755823,-0.900968867902419
0.36636919107690413,0.9641953730516715,-0.350189796416651,-1.5073836461419021,-1.6610728833007777,-0.5287323942137945,-1.4457838486767174,1.3400159919583594,-0.6831906184550289,-0.6826680894736445,2.0433564175812635,-0.6514128533997506,-0.6505684099646967,0.0,0.8787878787878787,0.0,0.0,-2.11501392088121,0.0,0.58822484832197,0.44175704895216006,-0.6829968743182837,-0.651087827846492,-2.4492935982947064e-16,1.0,0.9659258262890683,-0.25881904510252063,0.43388373911755823,-0.900968867902419
0.2879468956767134,0.5167792596107107,-0.350189796416651,-1.085470348801107,-1.7150111321908454,-0.5287323942137945,-1.607548151909109,1.0812018533486771,-0.6831906184550289,-0.5045076044639392,1.9375691105831072,-0.6514128533997506,-0.23718794320160733,0.0,0.8787878787878787,0.0,0.0,-1.6677243841249871,0.048772646917449834,0.6050190544780903,-0.42122739217629346,-0.5010248343170758,-0.028927598596261803,-2.4492935982947064e-16,1.0,0.8660254037844387,-0.4999999999999998,0.43388373911755823,-0.900968867902419
0.21371772209184836,0.5167792596107107,-0.350189796416651,-0.18890459195191697,-1.3374433899603722,-0.7444467682203804,-1.9849981927846894,0.5906138592676374,-0.6831906184550289,0.03384690458712697,1.6372696584593085,-0.6514128533997506,0.4734164955316371,0.0,0.0,0.0,0.0,-1.2204348473687636,0.21176576133279862,0.6285749202881391,-0.5291004473173502,0.08748048653789449,1.1812082319234167,-2.4492935982947064e-16,1.0,0.7071067811865476,-0.7071067811865475,0.43388373911755823,-0.900968867902419
0.21591438940409785,0.22727471561950033,-0.5081906915023265,0.681291583813473,-0.5823079054994255,-1.0140897357286127,-2.5781339713034583,-0.031312652913837995,-0.6831906184550289,0.5567091975503926,1.0059583102445044,-0.6514128533997506,0.8970460647764558,0.8787878787878787,0.0,0.0,0.0,-0.3521669230772707,0.408425178026926,0.6218246826161582,-1.0684657230226335,0.6953445350525678,1.7179068912216922,-2.4492935982947064e-16,1.0,0.49999999999999994,-0.8660254037844387,0.43388373911755823,-0.900968867902419
0.20978202262939932,-0.19382280291316867,-0.350189796416651,1.419639854159865,0.17282757896152123,-1.8230186382533096,-2.793819708946647,-0.5412151349508241,-0.6831906184550289,1.0524601123600075,-0.2532518924109694,-0.6514128533997506,1.535906786137594,0.8787878787878787,0.0,0.0,0.0,0.5161010012142222,0.5543439937678868,0.6178778500469965,-2.093259746862672,1.1522105078215579,1.9742916010775562,-2.4492935982947064e-16,1.0,0.258819045102521,-0.9659258262890682,0.43388373911755823,-0.900968867902419
0.3683942469195338,0.09568174107804124,-0.9295264117307949,1.5514877595788634,-0.2586784121590197,-2.0387330122598954,-2.9016625777682417,-0.6841423458248278,-0.6831906184550289,1.1570325709526608,-0.6525136639846563,-0.6514128533997506,1.2181846092039796,0.8787878787878787,0.0,0.0,0.0,0.8055236426447192,0.6321651420596542,0.6219441780595814,-2.255069329574257,1.4038739673976963,2.114448575798762,-2.4492935982947064e-16,1.0,1.2246467991473532e-16,-1.0,0.43388373911755823,-0.900968867902419
0.288278678766591,-0.3517343723629195,-1.0875273068164708,1.2614223676570673,-0.5283696566093578,-0.9062325487253197,-2.793819708946647,-0.6841423458248278,-0.6831906184550289,0.9943643020307558,-0.6525136639846563,-0.6514128533997506,1.0849462769414964,0.8787878787878787,0.0,0.0,0.0,0.9633905379704456,0.6331629911759271,0.6482852147770533,-1.6617675262984453,1.3457977844185876,2.0494977826352763,-2.4492935982947064e-16,1.0,-0.2588190451025208,-0.9659258262890683,0.43388373911755823,-0.900968867902419
0.2866998216689475,-0.3517343723629195,-1.2191947193878672,0.9713569757352701,-0.5283696566093578,-1.1219469227319057,-2.4702911024818643,-0.6841423458248278,-0.6831906184550289,1.168651733018511,-0.6525136639846563,-0.6514128533997506,1.6828105883757165,0.8787878787878787,0.0,0.0,0.0,0.5161010012142222,0.5583353902329784,0.6352916603090275,-1.7157040538689736,1.0863908337785677,1.9435254358948526,-2.4492935982947064e-16,1.0,-0.4999999999999997,-0.8660254037844388,0.43388373911755823,-0.900968867902419
0.2937474793615343,-0.3517343723629195,-1.3771956144735429,0.9713569757352701,-0.7441226521696283,-1.2298041097351986,-2.5242125368926613,-0.6841423458248278,-0.6831906184550289,0.4405175768918892,-0.6525136639846563,-0.6514128533997506,0.7706404675017923,0.0,0.0,0.0,0.0,0.5161010012142222,0.39640664421692423,0.6524698601811114,-1.3381483608752753,0.5946791512221123,1.642700709663972,-2.4492935982947064e-16,1.0,-0.7071067811865471,-0.7071067811865479,0.43388373911755823,-0.900968867902419
0.34757162737918335,-0.5096459418126703,-1.9565322297876868,0.39122619189167684,-1.0138138966199663,-0.582660987715441,-2.146762496017081,-0.6841423458248278,-0.6831906184550289,-0.020375851720174663,-0.6525136639846563,-0.6514128533997506,0.5246620079402845,0.0,0.0,0.8787878787878787,0.8787878787878787,0.22667835978372425,0.08718429916612809,0.6881182243765889,-0.5830369748878784,-0.02867187942032333,1.0102850920195074,-2.4492935982947064e-16,1.0,-0.8660254037844385,-0.5000000000000004,0.43388373911755823,-0.900968867902419
0.7569074914334674,-0.3517343723629195,-2.114533124873362,-0.3471220784547151,-1.8228876299709806,-0.47480380071214795,-0.3673551604607734,-0.6841423458248278,-0.6831906184550289,-0.5393650906614903,-0.6525136639846563,-0.6514128533997506,-0.1654442258295009,0.0,0.0,0.8787878787878787,0.8787878787878787,-0.19430002775154487,0.0,0.7187361530877483,0.17207441109951835,-0.5397422896364817,-0.251127680471344,-2.4492935982947064e-16,1.0,-0.9659258262890683,-0.25881904510252063,0.43388373911755823,-0.900968867902419
0.7434929723642016,-0.9307434603453393,-2.2462005374447584,-0.05705668653291797,-2.0386406255312512,-0.47480380071214795,-0.8526480701579482,-0.6841423458248278,-0.6831906184550289,-0.6826680894736445,-0.6525136639846563,-0.6514128533997506,-0.6505684099646967,0.0,0.0,0.8787878787878787,0.8787878787878787,0.09512261367895261,0.0,0.7271251634611102,-0.2594178094647084,-0.6829968743182837,-0.651087827846492,-2.4492935982947064e-16,1.0,-1.0,-1.8369701987210297e-16,0.43388373911755823,-0.900968867902419
0.5903723906124556,-1.0886550297950905,-1.5088630270449392,-0.05705668653291797,-0.9059373988398312,-1.4455184837417845,-0.9604909389795426,-0.6841423458248278,-0.6831906184550289,-0.6826680894736445,-0.6525136639846563,-0.6514128533997506,-0.6505684099646967,0.0,0.0,0.8787878787878787,0.8787878787878787,-0.3521669230772707,0.0,0.7243572023560834,-0.5291004473173502,-0.6829968743182837,-0.651087827846492,-2.4492935982947064e-16,1.0,-0.9659258262890684,0.2588190451025203,0.43388373911755823,-0.900968867902419
0.6225959715778706,-1.2202480043365496,-1.0875273068164708,-0.3471220784547151,-1.1216903944001015,-1.607304264246724,-0.529119463693165,-0.6841423458248278,-0.5052906051349826,-0.6826680894736445,-0.6525136639846563,-0.2381816450043868,-0.6505684099646967,0.0,0.0,0.8787878787878787,0.8787878787878787,-0.3521669230772707,0.0,0.7201729667092249,-0.5291004473173502,-0.6829968743182837,-0.651087827846492,-2.4492935982947064e-16,1.0,-0.8660254037844386,0.5000000000000001,0.43388373911755823,-0.900968867902419
0.6611692695912631,-1.3781595737863004,-0.1921889013309754,-0.5053395649575132,-1.2295668921802367,-1.984804418758249,-1.1222552422119343,-0.6841423458248278,0.032276826419070336,-0.6826680894736445,-0.6525136639846563,0.4721662173611974,-0.6505684099646967,0.0,0.0,0.0,0.0,-0.3521669230772707,0.0,0.7052266118657387,-0.7448465575994635,-0.6829968743182837,-0.651087827846492,-2.4492935982947064e-16,1.0,-0.7071067811865477,0.7071067811865474,0.43388373911755823,-0.900968867902419
0.6997425676046555,-1.9571686617687203,0.6768160216402405,-0.3471220784547151,-0.5823079054994255,-2.57801894727636,-1.7693124551415005,-0.6841423458248278,0.5543746915974671,-0.6826680894736445,-0.6525136639846563,0.8956428276176034,-0.6505684099646967,0.0,0.0,0.0,0.0,-0.5100338184029966,0.0,0.6787248478866028,-1.0145291954521052,-0.6829968743182837,-0.651087827846492,-2.4492935982947064e-16,1.0,-0.5000000000000004,0.8660254037844384,0.43388373911755823,-0.900968867902419
0.6136262098223145,-2.115080231218471,1.4141535320400604,-0.9272528622983084,-0.47443140771929015,-2.793733321282946,-1.607548151909109,-0.6841423458248278,1.0494008156184653,-0.6826680894736445,-0.6525136639846563,1.534272876955893,-0.6505684099646967,0.0,0.0,0.0,0.0,-0.3521669230772707,0.0,0.6779449262762283,-1.8235771090100303,-0.6829968743182837,-0.651087827846492,-2.4492935982947064e-16,1.0,-0.25881904510252157,0.9659258262890681,0.43388373911755823,-0.900968867902419
0.4982552432007165,-2.2466732057599303,1.5458209446114568,-0.7954049568793099,-0.47443140771929015,-2.901590508286239,0.010094880414807005,-0.6841423458248278,1.1538203886541447,-0.6826680894736445,-0.6525136639846563,1.2166654192635886,-0.6505684099646967,0.0,0.0,0.0,0.0,-0.9310122059382657,0.0,0.7171477293023059,-2.0393232192921436,-0.6829968743182837,-0.651087827846492,-2.4492935982947064e-16,1.0,-2.4492935982947064e-16,1.0,0.43388373911755823,-0.900968867902419
0.4956352671390985,-1.5097525483277596,1.2561526369543852,-0.9272528622983084,-1.4453198877405073,-2.793733321282946,-2.0389196271954866,-0.6841423458248278,0.9913899417097547,-0.6826680894736445,-0.6525136639846563,1.0834751950700414,-0.6505684099646967,0.0,0.0,0.0,0.0,-1.088879101263992,0.0,0.7112291450871877,-0.9066561403110486,-0.6829968743182837,-0.651087827846492,-2.4492935982947064e-16,1.0,0.25881904510252074,0.9659258262890683,-0.433883739117558,-0.9009688679024191
0.4981694014267772,-1.0886550297950905,0.9664843292973129,-0.7954049568793099,-1.60713463441071,-2.470161760273067,-2.3085267992494725,-0.5064490566301205,1.165422563435887,-0.6826680894736445,-0.2396019173144331,1.681123636964163,-0.6505684099646967,0.0,0.0,0.0,0.0,-1.2204348473687636,0.0,0.6904376550066669,-1.122402250593162,-0.6829968743182837,-0.651087827846492,-2.4492935982947064e-16,1.0,0.49999999999999994,0.8660254037844387,-0.433883739117558,-0.9009688679024191
0.4972541448318693,-0.19382280291316867,0.9664843292973129,-1.2173182542201055,-1.9847023766411835,-2.5240903537747137,-2.146762496017081,0.03049370854519062,0.4383529437800456,-0.6826680894736445,0.4701967877054546,0.7692828713314177,-0.6505684099646967,0.0,0.0,0.0,0.0,-1.3783017426944895,0.0,0.7012356279582868,-1.2302753057342186,-0.6829968743182837,-0.651087827846492,-2.4492935982947064e-16,1.0,0.7071067811865476,0.7071067811865476,-0.433883739117558,-0.9009688679024191
0.49530916450247436,0.6746908290604611,0.38714771398316894,-1.5073836461419021,-2.5780231144319274,-2.1465901992631884,-1.9849981927846894,0.5519848833557446,-0.02186665589572637,-0.6826680894736445,0.89334601569808,0.5233932266664079,-0.6505684099646967,0.0,0.8787878787878787,0.0,0.0,-1.9571470255554846,0.0,0.7379839853569166,-0.5830369748878784,-0.6829968743182837,-0.651087827846492,-2.4492935982947064e-16,1.0,0.8660254037844386,0.5000000000000001,-0.433883739117558,-0.9009688679024191
0.49281501648694254,1.4116114864926321,-0.350189796416651,-1.5073836461419021,-2.793776109992198,-0.366946613708855,-1.9849981927846894,1.0464357750279736,-0.540097129480209,-0.6826680894736445,1.5314823514611522,-0.16646383197709222,-0.6505684099646967,0.0,0.8787878787878787,0.0,0.0,-2.11501392088121,0.0,0.7602662233503519,-0.47516391974682176,-0.6829968743182837,-0.651087827846492,-2.4492935982947064e-16,1.0,0.9659258262890683,0.25881904510252074,-0.433883739117558,-0.9009688679024191
0.4933127340254844,1.5432044610340911,-0.06052148875957856,-1.2173182542201055,-2.901652607772333,-0.8523039552236732,-2.200683930427878,1.1507340099900842,-0.6831906184550289,-0.6826680894736445,1.214120430466683,-0.6514128533997506,-0.6505684099646967,0.0,0.8787878787878787,0.0,0.0,-2.246569666985982,0.0,0.8196448050444387,-0.47516391974682176,-0.6829968743182837,-0.651087827846492,-2.4492935982947064e-16,1.0,1.0,6.123233995736766e-17,-0.433883739117558,-0.9009688679024191
0.499365008125458,1.2536999170428818,-0.06052148875957856,-1.085470348801107,-2.793776109992198,-0.9601611422269661,-2.3085267992494725,0.9884923111601341,-0.6831906184550289,-0.6826680894736445,1.0810331732754541,-0.6514128533997506,-0.6505684099646967,0.0,0.8787878787878787,0.0,0.0,-1.509857488799261,0.0,0.7646729059371102,-1.446021416016332,-0.6829968743182837,-0.651087827846492,-2.4492935982947064e-16,1.0,0.9659258262890683,-0.25881904510252063,-0.433883739117558,-0.9009688679024191
0.49532636031564653,0.9641953730516715,-0.350189796416651,-0.7954049568793099,-2.470146616651792,-0.5287323942137945,-2.36244823366027,1.1623227027636522,-0.6831906184550289,-0.5277459285956398,1.6782195837489173,-0.6514128533997506,-0.27135161814070563,0.0,0.8787878787878787,0.0,0.0,-1.088879101263992,0.04488657941367556,0.7069562994458494,-1.607830998727917,-0.5048965798490164,-0.23745382927903125,-2.4492935982947064e-16,1.0,0.8660254037844387,-0.4999999999999998,-0.433883739117558,-0.9009688679024191
0.572976371495717,0.9641953730516715,-0.5081906915023265,0.23300870538887822,-2.5240848655418597,-1.1219469227319057,-2.632055405714256,0.4360979556200659,-0.6831906184550289,0.12292714709197965,0.7670837460551192,-0.6514128533997506,1.3958357188872907,0.0,0.0,0.0,0.0,-0.19430002775154487,0.20600040201345196,0.7307806074414875,-1.9853866917216154,0.03327604909072617,0.4735864327212318,-2.4492935982947064e-16,1.0,0.7071067811865476,-0.7071067811865475,-0.433883739117558,-0.9009688679024191
0.6122818816496318,0.3851862850692516,-0.350189796416651,0.8131394892324716,-2.146517123311386,-1.769090044751663,-2.9016625777682417,-0.02358685773145942,-0.6831906184550289,0.7426157906039983,0.5213841943174657,-0.6514128533997506,1.9151235779615847,0.8787878787878787,0.0,0.0,0.0,0.6739678965399476,0.40011533007039335,0.6995346746018196,-2.578688494997427,0.5559616959027064,0.8974758196829271,-2.4492935982947064e-16,1.0,0.49999999999999994,-0.8660254037844387,-0.433883739117558,-0.9009688679024191
0.21408383845900367,-0.3517343723629195,-0.9295264117307949,1.1295744622380688,-0.36655490993915496,-1.607304264246724,-2.955584012179039,-0.5412151349508241,-0.6831906184550289,1.1183020307331595,-0.16793954805761752,-0.6514128533997506,1.9766181928519617,0.8787878787878787,0.0,0.0,0.0,1.410680074726669,0.539736586992007,0.6943601070224341,-2.7944346052795406,1.0515451239911024,1.5367283629235482,-2.4492935982947064e-16,1.0,0.258819045102521,-0.9659258262890682,-0.433883739117558,-0.9009688679024191
0.21029686733515268,-0.06222982837170911,-0.7978589991593985,1.7097052460816622,-0.8519991499497634,0.010553540802670241,-3.009505446589836,-0.6841423458248278,-0.6831906184550289,1.4281463524891689,-0.6525136639846563,-0.6514128533997506,2.2225966524134693,0.8787878787878787,0.0,0.0,0.0,1.5422358208314406,0.6160942365512291,0.7254585784897856,-2.9023076604205973,1.1560822533534985,1.2188113227022768,-2.4492935982947064e-16,1.0,1.2246467991473532e-16,-1.0,-0.433883739117558,-0.9009688679024191
0.20745951010957353,-0.06222982837170911,-0.9295264117307949,0.9713569757352701,-0.9598756477298988,-2.0387330122598954,-1.9849981927846894,-0.6841423458248278,-0.6831906184550289,1.2925894617209148,-0.6525136639846563,-0.6514128533997506,1.6588960159183477,0.8787878787878787,0.0,0.0,0.0,1.2528131794009436,0.6228685011550569,0.7238156057771052,-2.7944346052795406,0.9934689410119935,1.0854912735772275,-2.4492935982947064e-16,1.0,-0.2588190451025208,-0.9659258262890683,-0.433883739117558,-0.9009688679024191
0.20456492961109887,-0.3517343723629195,-0.7978589991593985,0.681291583813473,-0.5283696566093578,-2.308375979768128,-1.7693124551415005,-0.6841423458248278,-0.6831906184550289,0.8626804652844519,-0.6525136639846563,-0.6514128533997506,0.6374021352393089,0.8787878787878787,0.0,0.0,0.0,0.9633905379704456,0.38239794691080814,0.7268578993274706,-2.4708154398563704,1.1676974899493202,1.6837222632409103,-2.4492935982947064e-16,1.0,-0.4999999999999997,-0.8660254037844388,-0.433883739117558,-0.9009688679024191
0.2038441470230442,-0.5096459418126703,-1.2191947193878672,0.5230740973106753,-1.1216903944001015,-2.1465901992631884,-1.4457838486767174,-0.6841423458248278,-0.6831906184550289,0.6109319538576943,-0.6525136639846563,-0.6514128533997506,1.334341103996914,0.0,0.0,0.0,0.0,0.9633905379704456,0.20850610758165225,0.7221643867007768,-2.524751967426899,0.4398093299444885,0.7709926961540341,-2.4492935982947064e-16,1.0,-0.7071067811865471,-0.7071067811865479,-0.433883739117558,-0.9009688679024191
0.2054916500814549,-0.3517343723629195,-1.5088630270449392,0.1011607999698797,-1.768949381080913,-1.984804418758249,-0.8526480701579482,-0.6841423458248278,-0.6831906184550289,-0.1017099861811271,-0.6525136639846563,-0.6514128533997506,0.13519611363456405,0.0,0.0,0.8787878787878787,0.8787878787878787,0.3845452551094506,0.018022264648105715,0.74623352462336,-2.1471962744332003,-0.020928388356442142,0.5248633746924046,-2.4492935982947064e-16,1.0,-0.8660254037844385,-0.5000000000000004,-0.433883739117558,-0.9009688679024191
0.6369772660356,-0.9307434603453393,-1.5088630270449392,-0.18890459195191697,-1.60713463441071,-1.984804418758249,-0.8526480701579482,-0.6841423458248278,-0.6831906184550289,-0.5354920366395401,-0.6525136639846563,-0.6514128533997506,-0.38409174543972996,0.0,0.0,0.8787878787878787,0.8787878787878787,-0.3521669230772707,0.0,0.7519283814073285,-0.3672908646057651,-0.5397422896364817,-0.16566611051938931,-2.4492935982947064e-16,1.0,-0.9659258262890683,-0.25881904510252063,-0.433883739117558,-0.9009688679024191
0.7480178395141265,-0.7991504858038802,-1.2191947193878672,-0.5053395649575132,0.01101283229131838,-2.200518792764835,0.010094880414807005,-0.6841423458248278,-0.6831906184550289,-0.6826680894736445,-0.6525136639846563,-0.6514128533997506,-0.6505684099646967,0.0,0.0,0.8787878787878787,0.8787878787878787,-0.06274428164677277,0.0,0.750299084341195,-0.8527196127405202,-0.6829968743182837,-0.651087827846492,-2.4492935982947064e-16,1.0,-1.0,-1.8369701987210297e-16,-0.433883739117558,-0.9009688679024191
0.7254161569315551,-0.9307434603453393,-1.0875273068164708,-0.6371874703765118,-2.0386406255312512,-2.308375979768128,0.818916396576765,-0.6841423458248278,-0.6831906184550289,-0.6826680894736445,-0.6525136639846563,-0.6514128533997506,-0.6505684099646967,0.0,0.0,0.8787878787878787,0.8787878787878787,-0.06274428164677277,0.0,0.7457293183888736,-0.9605926678815769,-0.6829968743182837,-0.651087827846492,-2.4492935982947064e-16,1.0,-0.9659258262890684,0.2588190451025203,-0.433883739117558,-0.9009688679024191
0.6758423093822526,-0.7991504858038802,-0.7978589991593985,-0.5053395649575132,-2.3083318699815893,-2.3623045732697743,0.818916396576765,-0.6841423458248278,-0.528494954698467,-0.6826680894736445,-0.6525136639846563,-0.2723329845411937,-0.6505684099646967,0.0,0.0,0.8787878787878787,0.8787878787878787,-0.3521669230772707,0.0,0.7482054299282661,-0.5291004473173502,-0.6829968743182837,-0.651087827846492,-2.4492935982947064e-16,1.0,-0.8660254037844386,0.5000000000000001,-0.433883739117558,-0.9009688679024191
0.6015330911748352,-1.2202480043365496,0.22914681889749292,-0.5053395649575132,-2.146517123311386,-2.6319475407780066,0.818916396576765,-0.6841423458248278,0.12122683307909349,-0.6826680894736445,-0.6525136639846563,1.3942523848549846,-0.6505684099646967,0.0,0.0,0.0,0.0,-0.5100338184029966,0.0,0.7268417651377241,-1.122402250593162,-0.6829968743182837,-0.651087827846492,-2.4492935982947064e-16,1.0,-0.7071067811865477,0.7071067811865474,-0.433883739117558,-0.9009688679024191
0.6015616822174947,-1.5097525483277596,0.8084834342116368,-0.6371874703765118,-1.9847023766411835,-2.901590508286239,0.6571520933443734,-0.6841423458248278,0.7400094881053415,-0.6826680894736445,-0.6525136639846563,1.91335274581445,-0.6505684099646967,0.0,0.0,0.0,0.0,-0.3521669230772707,0.0,0.6707159385358052,-1.769640581439502,-0.6829968743182837,-0.651087827846492,-2.4492935982947064e-16,1.0,-0.5000000000000004,0.8660254037844384,-0.433883739117558,-0.9009688679024191
0.6188947873111903,-1.5097525483277596,1.1244852243829888,-0.6371874703765118,-1.9847023766411835,-2.9555191017878855,0.6571520933443734,-0.6841423458248278,1.1151464727150042,-0.6826680894736445,-0.6525136639846563,1.9748251569807025,-0.6505684099646967,0.0,0.0,0.0,0.0,-0.9310122059382657,0.0,0.6699025192743384,-1.607830998727917,-0.6829968743182837,-0.651087827846492,-2.4492935982947064e-16,1.0,-0.25881904510252157,0.9659258262890681,-0.433883739117558,-0.9009688679024191
0.5776557263803482,-1.2202480043365496,1.7038218396971327,-1.2173182542201055,-2.200455372201454,-3.009447695289532,0.9806806998091566,-0.6841423458248278,1.4245378002281284,-0.6826680894736445,-0.6525136639846563,2.2207148016457126,-0.6505684099646967,0.0,0.0,0.0,0.0,-0.7994564598334941,0.0,0.6733825359535051,0.010264828387933323,-0.6829968743182837,-0.651087827846492,-2.4492935982947064e-16,1.0,-2.4492935982947064e-16,1.0,-0.433883739117558,-0.9009688679024191
0.5559750666533892,-1.0886550297950905,0.9664843292973129,-0.9272528622983084,-2.3083318699815893,-1.984804418758249,-0.15166942281758458,-0.6841423458248278,1.2891790944411365,-0.6826680894736445,-0.6525136639846563,1.657217699288398,-0.6505684099646967,0.0,0.0,0.0,0.0,-0.9310122059382657,0.0,0.6762996998989486,-2.0393232192921436,-0.6829968743182837,-0.651087827846492,-2.4492935982947064e-16,1.0,0.25881904510252074,0.9659258262890683,-0.9749279121818236,-0.2225209339563146
0.4951776045186642,-0.7991504858038802,0.6768160216402405,-1.3755357407229036,-2.3622701188716566,-1.769090044751663,-0.15166942281758458,-0.5296264421772562,0.859898627516677,-0.6826680894736445,-0.2737268550557738,0.6360926471378707,-0.6505684099646967,0.0,0.0,0.0,0.0,-0.7994564598334941,0.0,0.6666718398513154,-2.3090058571447853,-0.6829968743182837,-0.651087827846492,-2.4492935982947064e-16,1.0,0.49999999999999994,0.8660254037844387,-0.9749279121818236,-0.2225209339563146
0.49375320083274665,0.22727471561950033,0.5188151265545653,-1.5073836461419021,-2.6319613633219947,-1.4455184837417845,-0.15166942281758458,0.11934035314254425,0.6085181739122638,-0.6826680894736445,1.391570106721655,1.332779973688732,-0.6505684099646967,0.0,0.0,0.0,0.0,-1.2204348473687636,0.0,0.6641796453418263,-2.1471962744332003,-0.6829968743182837,-0.651087827846492,-2.4492935982947064e-16,1.0,0.7071067811865476,0.7071067811865476,-0.9749279121818236,-0.2225209339563146
0.4941879700252651,0.8062838036019201,0.09747940632609654,-1.6656011326447004,-2.901652607772333,-0.8523039552236732,-0.04382655399599019,0.7374039677328305,-0.10308187936792142,-0.6826680894736445,1.9102691603900346,0.1340679559468088,-0.6505684099646967,0.0,0.8787878787878787,0.0,0.0,-1.509857488799261,0.0,0.6636143340649034,-1.9853866917216154,-0.6829968743182837,-0.651087827846492,-2.4492935982947064e-16,1.0,0.8660254037844386,0.5000000000000001,-0.9749279121818236,-0.2225209339563146
0.4912704823696825,1.1221069425014227,-0.1921889013309754,-1.8238186191474985,-2.9555908566624005,-0.8523039552236732,-0.15166942281758458,1.1121050340781915,-0.536229737886295,-0.6826680894736445,1.9716940483244478,-0.3850324050126566,-0.6505684099646967,0.0,0.8787878787878787,0.0,0.0,-1.509857488799261,0.0,0.6746379295747225,-1.9853866917216154,-0.6829968743182837,-0.651087827846492,-2.4492935982947064e-16,1.0,0.9659258262890683,0.25881904510252074,-0.9749279121818236,-0.2225209339563146
0.49031517085666704,1.7011160304838424,-0.5081906915023265,-1.8238186191474985,-3.009529105552468,0.010553540802670241,-0.9604909389795426,1.4211368413733345,-0.6831906184550289,-0.6826680894736445,2.2173936000621013,-0.6514128533997506,-0.6505684099646967,0.0,0.8787878787878787,0.0,0.0,-1.2204348473687636,0.0,0.6711760446516517,-2.2011328020037286,-0.6829968743182837,-0.651087827846492,-2.4492935982947064e-16,1.0,1.0,6.123233995736766e-17,-0.9749279121818236,-0.2225209339563146
0.5490646837208464,0.9641953730516715,-0.6398581040737229,-1.8238186191474985,-1.9847023766411835,0.8194824433273673,-1.068333807801137,1.2859354256817095,-0.6831906184550289,-0.6826680894736445,1.654332127329979,-0.6514128533997506,-0.6505684099646967,0.0,0.8787878787878787,0.0,0.0,-1.088879101263992,0.0,0.6415920870148095,-2.3090058571447853,-0.6829968743182837,-0.651087827846492,-2.4492935982947064e-16,1.0,0.9659258262890683,-0.25881904510252063,-0.9749279121818236,-0.2225209339563146
0.3422973316817756,0.6746908290604611,-0.5081906915023265,-1.3755357407229036,-1.768949381080913,0.8194824433273673,-1.2300981110335285,0.8571537930596984,-0.6831906184550289,-0.5161267665297895,0.6339964888638903,-0.6514128533997506,-0.6095720000377787,0.0,0.8787878787878787,0.0,0.0,-0.7994564598334941,0.046965431739244085,0.6329702833322499,-2.3629423847153137,-0.52812705304066,-0.2716384572598131,-2.4492935982947064e-16,1.0,0.8660254037844387,-0.4999999999999998,-0.9749279121818236,-0.2225209339563146
0.384800597219893,0.5167792596107107,-0.5081906915023265,-1.2173182542201055,-1.4453198877405073,0.8194824433273673,-1.2300981110335285,0.6060654496323946,-0.6831906184550289,-0.0745986080274763,1.3301452187872418,-0.6514128533997506,-0.20302426826250902,0.0,0.0,0.0,0.0,0.22667835978372425,0.037391622942248855,0.649850794598601,-2.6326250225679555,0.12232619632535983,1.3965713882023425,-2.4492935982947064e-16,1.0,0.7071067811865476,-0.7071067811865475,-0.9749279121818236,-0.2225209339563146
0.7666208948820137,0.09568174107804124,-0.6398581040737229,-0.7954049568793099,-0.8519991499497634,0.6576966628224279,-1.607548151909109,-0.10470770714643447,-0.6831906184550289,0.10356187698222906,0.13235990406618114,-0.6514128533997506,-0.27135161814070563,0.8787878787878787,0.0,0.0,0.0,0.8055236426447192,0.34650866697150295,0.6969712847788465,-2.9023076604205973,0.7418054814358549,1.916177733510227,-2.4492935982947064e-16,1.0,0.49999999999999994,-0.8660254037844387,-0.9749279121818236,-0.2225209339563146
0.5680624533631444,-0.19382280291316867,-0.6398581040737229,0.1011607999698797,-0.8519991499497634,0.6576966628224279,-1.8232338895522977,-0.5373522373596348,-0.6831906184550289,0.8510613032186015,-0.38633914960219834,-0.6514128533997506,0.5622420503732927,0.8787878787878787,0.0,0.0,0.0,1.121257433296172,0.2113167159258209,0.7227848103210872,-2.9562441879911256,1.1173647980340924,1.9777100638756344,-2.4492935982947064e-16,1.0,0.258819045102521,-0.9659258262890682,-0.9749279121818236,-0.2225209339563146
0.26311993414544477,-0.5096459418126703,-1.2191947193878672,0.39122619189167684,0.01101283229131838,0.9812682238323067,-1.9310767583738921,-0.6841423458248278,-0.6831906184550289,0.11130798502612929,-0.6525136639846563,-0.6514128533997506,-0.41825542037882824,0.8787878787878787,0.0,0.0,0.0,1.700102716157167,0.1552098819951618,0.7068354210718766,-3.010180715561654,1.42710444058934,2.2238393853372638,-2.4492935982947064e-16,1.0,1.2246467991473532e-16,-1.0,-0.9749279121818236,-0.2225209339563146
0.5354613539364906,-0.6412389163541294,-0.9295264117307949,0.5230740973106753,0.8200865656423326,-0.15123223970226915,-0.9604909389795426,-0.6841423458248278,-0.6831906184550289,0.734869682560098,-0.6525136639846563,-0.6514128533997506,0.2376871384518589,0.8787878787878787,0.0,0.0,0.0,0.9633905379704456,0.1740525994741149,0.7057694377163164,-1.9853866917216154,1.2915933469714191,1.659793023654363,-2.4492935982947064e-16,1.0,-0.2588190451025208,-0.9659258262890683,-0.9749279121818236,-0.2225209339563146
0.2662948098309237,-0.5096459418126703,-1.3771956144735429,0.1011607999698797,0.8200865656423326,-0.15123223970226915,0.0640163148256042,-0.6841423458248278,-0.6831906184550289,0.3281990102553358,-0.6525136639846563,-0.6514128533997506,-0.3396789680189022,0.8787878787878787,0.0,0.0,0.0,0.6739678965399476,0.22296383699009112,0.7014477285288891,-1.769640581439502,0.8618295929260132,0.6376726470289847,-2.4492935982947064e-16,1.0,-0.4999999999999997,-0.8660254037844388,-0.9749279121818236,-0.2225209339563146
0.31943821301713543,-0.5096459418126703,-1.5088630270449392,-0.05705668653291797,0.8200865656423326,-0.15123223970226915,0.1718591836471986,-0.6841423458248278,-0.6831906184550289,0.17327684937733115,-0.6525136639846563,-0.6514128533997506,-0.29868255809198424,0.0,0.0,0.0,0.0,0.5161010012142222,0.047170544281723195,0.6923561382166352,-1.446021416016332,0.6101661333498747,1.335039057836935,-2.4492935982947064e-16,1.0,-0.7071067811865471,-0.7071067811865479,-0.9749279121818236,-0.2225209339563146
0.6892283060548198,-0.6412389163541294,-1.6668639221306147,-0.05705668653291797,0.6582718189721298,-0.04337505269897623,0.1718591836471986,-0.6841423458248278,-0.6831906184550289,-0.039741121829925244,-0.6525136639846563,-0.6514128533997506,0.4802492305194568,0.0,0.0,0.8787878787878787,0.8787878787878787,0.09512261367895261,0.0,0.7163763101538294,-0.8527196127405202,-0.10223504452719462,0.1351586157114912,-2.4492935982947064e-16,1.0,-0.8660254037844385,-0.5000000000000004,-0.9749279121818236,-0.2225209339563146
0.5962015996629164,-0.6412389163541294,-1.8248648172162902,-0.6371874703765118,0.6582718189721298,-0.15123223970226915,0.4953877901119818,-0.6841423458248278,-0.6831906184550289,-0.5199998205517397,-0.6525136639846563,-0.6514128533997506,-0.059536833518296216,0.0,0.0,0.8787878787878787,0.8787878787878787,-0.19430002775154487,0.0,0.7310512008523768,-0.8527196127405202,-0.5358705441045412,-0.38444772959639334,-2.4492935982947064e-16,1.0,-0.9659258262890683,-0.25881904510252063,-0.9749279121818236,-0.2225209339563146
0.3795148925638059,-1.2202480043365496,-1.8248648172162902,-0.6371874703765118,0.9819013123125355,-0.9601611422269661,0.6571520933443734,-0.6841423458248278,-0.6831906184550289,-0.6826680894736445,-0.6525136639846563,-0.6514128533997506,-0.6505684099646967,0.0,0.0,0.8787878787878787,0.8787878787878787,-0.5100338184029966,0.0,0.7243113607693437,0.010264828387933323,-0.6829968743182837,-0.651087827846492,-2.4492935982947064e-16,1.0,-1.0,-1.8369701987210297e-16,-0.9749279121818236,-0.2225209339563146
0.6423316852984151,-0.9307434603453393,-1.8248648172162902,-0.7954049568793099,-0.15080191437888446,-1.0680183292302592,0.6032306589335762,-0.6841423458248278,-0.6831906184550289,-0.6826680894736445,-0.6525136639846563,-0.6514128533997506,-0.6505684099646967,0.0,0.0,0.8787878787878787,0.8787878787878787,-0.6415895645077683,0.0,0.7048180839374305,0.8193127419458585,-0.6829968743182837,-0.651087827846492,-2.4492935982947064e-16,1.0,-0.9659258262890684,0.2588190451025203,-0.9749279121818236,-0.2225209339563146
0.4356329654909193,-1.3781595737863004,-1.3771956144735429,-0.7954049568793099,-0.15080191437888446,-1.2298041097351986,0.6032306589335762,-0.6841423458248278,-0.5168927799167248,-0.6826680894736445,-0.6525136639846563,-0.6104312459555824,-0.6505684099646967,0.0,0.0,0.8787878787878787,0.8787878787878787,-0.5100338184029966,0.0,0.7205173164160974,0.8193127419458585,-0.6829968743182837,-0.651087827846492,-2.4492935982947064e-16,1.0,-0.8660254037844386,0.5000000000000001,-0.9749279121818236,-0.2225209339563146
0.7714146482602633,-1.5097525483277596,-1.2191947193878672,-0.7954049568793099,-0.15080191437888446,-1.2298041097351986,0.6032306589335762,-0.6841423458248278,-0.07601013821052308,-0.6826680894736445,-0.6525136639846563,-0.20403030546757986,-0.6505684099646967,0.0,0.0,0.0,0.0,-0.5100338184029966,0.0,0.6927667149309427,0.8193127419458585,-0.6829968743182837,-0.651087827846492,-2.4492935982947064e-16,1.0,-0.7071067811865477,0.7071067811865474,-0.9749279121818236,-0.2225209339563146
0.6280190024784724,-1.6676641177775104,-0.7978589991593985,-0.9272528622983084,-0.04292541659874924,-1.607304264246724,0.818916396576765,-0.6841423458248278,0.10188987510952323,-0.6826680894736445,-0.6525136639846563,-0.2723329845411937,-0.6505684099646967,0.0,0.0,0.0,0.0,-0.6415895645077683,0.0,0.6360411574473089,0.6575031592342735,-0.6829968743182837,-0.651087827846492,-2.4492935982947064e-16,1.0,-0.5000000000000004,0.8660254037844384,-0.9749279121818236,-0.2225209339563146
0.6103197741530255,-1.8255756872272613,0.09747940632609654,-1.2173182542201055,-0.15080191437888446,-1.8230186382533096,0.7649949621659677,-0.6841423458248278,0.8482964527349349,-0.6826680894736445,-0.6525136639846563,0.5609597001568954,-0.6505684099646967,0.0,0.0,0.0,0.0,-0.6415895645077683,0.0,0.6311106002804684,0.6575031592342735,-0.6829968743182837,-0.651087827846492,-2.4492935982947064e-16,1.0,-0.25881904510252157,0.9659258262890681,-0.9749279121818236,-0.2225209339563146
0.7233138743830624,-1.8255756872272613,0.38714771398316894,-1.085470348801107,-0.9598756477298988,-1.9308758252566025,0.7649949621659677,-0.6841423458248278,0.10962465829735134,-0.6826680894736445,-0.6525136639846563,-0.41918374454946356,-0.6505684099646967,0.0,0.0,0.0,0.0,-1.2204348473687636,0.0,0.6146970585630622,0.9811223246574435,-0.6829968743182837,-0.651087827846492,-2.4492935982947064e-16,1.0,-2.4492935982947064e-16,1.0,-0.9749279121818236,-0.2225209339563146
0.328676826678036,-1.8255756872272613,0.5188151265545653,-1.085470348801107,-1.067752145510034,-0.9601611422269661,1.1424450030415483,-0.6841423458248278,0.7322747049175135,-0.6826680894736445,-0.6525136639846563,0.2365219745572296,-0.6505684099646967,0.0,0.0,0.0,0.0,-0.9310122059382657,0.0,0.5632083517531999,-0.15154475432365172,-0.6829968743182837,-0.651087827846492,-2.4492935982947064e-16,1.0,0.25881904510252074,0.9659258262890683,-0.7818314824680299,0.6234898018587334
0.5365539573710404,-1.3781595737863004,0.09747940632609654,-1.085470348801107,-1.2295668921802367,0.06448213430431671,0.7649949621659677,-0.5180377494036883,0.32619858755653813,-0.6826680894736445,-0.6115637386950473,-0.34063566361480757,-0.6505684099646967,0.0,0.0,0.0,0.0,-1.3783017426944895,0.0,0.5944755407476132,-0.15154475432365172,-0.6829968743182837,-0.651087827846492,-2.4492935982947064e-16,1.0,0.49999999999999994,0.8660254037844387,-0.7818314824680299,0.6234898018587334
0.23986040015935198,-1.2202480043365496,-0.06052148875957856,-1.2173182542201055,-1.2295668921802367,0.17233932130760965,0.7649949621659677,-0.07766742400810946,0.17150292379997614,-0.6826680894736445,-0.20547697957309233,-0.2996540561706393,-0.6505684099646967,0.0,0.0,0.0,0.0,-1.509857488799261,0.0,0.6079714575427259,-0.15154475432365172,-0.6829968743182837,-0.651087827846492,-2.4492935982947064e-16,1.0,0.7071067811865476,0.7071067811865476,-0.7818314824680299,0.6234898018587334
0.5353812441002754,-0.7991504858038802,-0.06052148875957856,-1.3755357407229036,-1.60713463441071,0.17233932130760965,0.9806806998091566,0.10002586518659781,-0.04120361386529662,-0.6826680894736445,-0.2737268550557738,0.4789964852685588,-0.6505684099646967,0.0,0.8787878787878787,0.0,0.0,-1.6677243841249871,0.0,0.5982948363883037,-0.043671699182595024,-0.6829968743182837,-0.651087827846492,-2.4492935982947064e-16,1.0,0.8660254037844386,0.5000000000000001,-0.7818314824680299,0.6234898018587334
0.523991746550659,0.09568174107804124,-0.6398581040737229,-1.3755357407229036,-1.8228876299709806,0.4959108823174885,0.7649949621659677,0.8455651002861305,-0.5207601715106388,-0.6826680894736445,0.5589216258329406,-0.06059467941299074,-0.6505684099646967,0.0,0.8787878787878787,0.0,0.0,-1.825591279450713,0.0,0.6258636081159992,-0.15154475432365172,-0.6829968743182837,-0.651087827846492,-2.4492935982947064e-16,1.0,0.9659258262890683,0.25881904510252074,-0.7818314824680299,0.6234898018587334
0.25636402178611817,0.3851862850692516,-0.6398581040737229,-1.5073836461419021,-1.9307641277511158,0.6576966628224279,1.1424450030415483,0.10775166036897639,-0.6831906184550289,-0.6826680894736445,-0.4204640873435391,-0.6514128533997506,-0.6505684099646967,0.0,0.8787878787878787,0.0,0.0,-1.825591279450713,0.0,0.6378872160721935,-0.9605926678815769,-0.6829968743182837,-0.651087827846492,-2.4492935982947064e-16,1.0,1.0,6.123233995736766e-17,-0.7818314824680299,0.6234898018587334
0.5365253320054005,0.5167792596107107,-0.7978589991593985,-1.6656011326447004,-0.9598756477298988,0.6037680693207814,1.3042093062739397,0.7296781725504519,-0.6831906184550289,-0.6826680894736445,0.2347347172902034,-0.6514128533997506,-0.6505684099646967,0.0,0.8787878787878787,0.0,0.0,-1.825591279450713,0.0,0.6375710883924645,-1.0684657230226335,-0.6829968743182837,-0.651087827846492,-2.4492935982947064e-16,1.0,0.9659258262890683,-0.25881904510252063,-0.7818314824680299,0.6234898018587334
0.27028199033165,0.09568174107804124,-0.7978589991593985,-1.5073836461419021,0.064951081181386,0.6037680693207814,1.1424450030415483,0.32407392547557656,-0.6831906184550289,-0.5432381446834403,-0.34197673053845534,-0.6514128533997506,-0.4592518303057462,0.0,0.8787878787878787,0.0,0.0,-1.3783017426944895,0.013260305147049432,0.6381245167105899,-1.2302753057342186,-0.5165118164448381,-0.6100662742695537,-2.4492935982947064e-16,1.0,0.8660254037844387,-0.4999999999999998,-0.7818314824680299,0.6234898018587334
0.5181625718231786,-0.06222982837170911,-0.7978589991593985,-0.9272528622983084,0.17282757896152123,0.6037680693207814,0.6032306589335762,0.169558021828005,-0.6831906184550289,-0.1714249585762292,-0.30102680524884645,-0.6514128533997506,-0.363593540476271,0.0,0.0,0.0,0.0,-1.2204348473687636,0.06914539970802136,0.6273735121780095,-1.2302753057342186,-0.07513282580361046,-0.20326920129824938,-2.4492935982947064e-16,1.0,0.7071067811865476,-0.7071067811865475,-0.7818314824680299,0.6234898018587334
0.5671014099124049,-0.06222982837170911,-0.9295264117307949,-0.7954049568793099,0.17282757896152123,0.8194824433273673,0.6032306589335762,-0.04290134568740586,-0.6831906184550289,0.21200738959683232,0.47702177525372275,-0.6514128533997506,0.21718893348839993,0.8787878787878787,0.0,0.0,0.0,-0.7994564598334941,0.06429474472518332,0.6121550785537844,-1.607830998727917,0.10296746866565687,-0.2716384572598131,-2.4492935982947064e-16,1.0,0.49999999999999994,-0.8660254037844387,-0.7818314824680299,0.6234898018587334
0.8796522012227862,-0.6412389163541294,-1.2191947193878672,-0.6371874703765118,0.4964570723019269,0.7655538498257208,0.3336234868795902,-0.5219006469948776,-0.6831906184550289,0.835569087130801,-0.06215224105946117,-0.6514128533997506,0.7330604250687841,0.8787878787878787,0.0,0.0,0.0,0.09512261367895261,0.050080937537519125,0.6280840823822996,-1.8235771090100303,0.8502143563301915,0.5624664654712647,-2.4492935982947064e-16,1.0,0.258819045102521,-0.9659258262890682,-0.7818314824680299,0.6234898018587334
0.5702019420223731,-0.6412389163541294,-1.0875273068164708,-0.5053395649575132,0.6582718189721298,0.7655538498257208,0.3336234868795902,-0.6841423458248278,-0.6831906184550289,0.765854114735699,-0.6525136639846563,-0.6514128533997506,0.5041638029768256,0.8787878787878787,0.0,0.0,0.0,0.3845452551094506,0.04256380885872883,0.6306002476879834,-1.931450164151087,0.11071095972953805,-0.4186323575771752,-2.4492935982947064e-16,1.0,1.2246467991473532e-16,-1.0,-0.7818314824680299,0.6234898018587334
0.5027172306505786,-0.7991504858038802,-1.0875273068164708,-0.18890459195191697,0.6043335700820621,1.1430540043372461,0.010094880414807005,-0.6841423458248278,-0.6831906184550289,0.5567091975503926,-0.6525136639846563,-0.6514128533997506,0.02245598633553968,0.8787878787878787,0.0,0.0,0.0,0.5161010012142222,0.03043439804632319,0.630298973706751,-0.9605926678815769,0.7340619903719737,0.23771249965383684,-2.4492935982947064e-16,1.0,-0.2588190451025208,-0.9659258262890683,-0.7818314824680299,0.6234898018587334
0.884297233127034,-0.7991504858038802,-1.0875273068164708,-0.18890459195191697,0.6043335700820621,0.7655538498257208,0.3336234868795902,-0.6841423458248278,-0.6831906184550289,0.6961391423405968,-0.6525136639846563,-0.6514128533997506,0.514412905458555,0.8787878787878787,0.0,0.0,0.0,0.09512261367895261,0.029586226297491233,0.6618504829782503,0.06420135595846167,0.32752870951821134,-0.3400077132213769,-2.4492935982947064e-16,1.0,-0.4999999999999997,-0.8660254037844388,-0.7818314824680299,0.6234898018587334
0.4408500585092197,-0.7991504858038802,-1.2191947193878672,0.1011607999698797,0.6043335700820621,0.7655538498257208,0.1718591836471986,-0.6841423458248278,-0.6831906184550289,0.48699422515529056,-0.6525136639846563,-0.6514128533997506,1.0849462769414964,0.0,0.0,0.0,0.0,-0.06274428164677277,0.004052376088959393,0.6930279351458839,0.17207441109951835,0.17265888824058756,-0.29898615964443864,-2.4492935982947064e-16,1.0,-0.7071067811865471,-0.7071067811865479,-0.7818314824680299,0.6234898018587334
0.43621072421971563,-0.9307434603453393,-1.3771956144735429,0.1011607999698797,0.8200865656423326,0.9812682238323067,0.1718591836471986,-0.6841423458248278,-0.6831906184550289,-0.2721243631469322,-0.6525136639846563,-0.6514128533997506,-0.2201061057320582,0.0,0.0,0.8787878787878787,0.8787878787878787,-0.06274428164677277,0.0,0.7087062187877056,0.17207441109951835,-0.04028711601614511,0.48042335831738814,-2.4492935982947064e-16,1.0,-0.8660254037844385,-0.5000000000000004,-0.7818314824680299,0.6234898018587334
0.4775069672358767,-1.2202480043365496,-1.3771956144735429,-0.3471220784547151,0.766148316752265,0.7655538498257208,0.4953877901119818,-0.6841423458248278,-0.6831906184550289,-0.5277459285956398,-0.6525136639846563,-0.6514128533997506,-0.4934155052448445,0.0,0.0,0.8787878787878787,0.8787878787878787,-0.6415895645077683,0.0,0.7279202973075314,0.4956935765226884,-0.5203835619767787,-0.05969376377896549,-2.4492935982947064e-16,1.0,-0.9659258262890683,-0.25881904510252063,-0.7818314824680299,0.6234898018587334
0.7313311391099945,-1.0886550297950905,-1.5088630270449392,-0.3471220784547151,0.766148316752265,1.1430540043372461,0.3336234868795902,-0.6841423458248278,-0.6831906184550289,-0.6826680894736445,-0.6525136639846563,-0.6514128533997506,-0.6505684099646967,0.0,0.0,0.8787878787878787,0.8787878787878787,-0.6415895645077683,0.0,0.722825120185628,0.6575031592342735,-0.6829968743182837,-0.651087827846492,-2.4492935982947064e-16,1.0,-1.0,-1.8369701987210297e-16,-0.7818314824680299,0.6234898018587334
0.9851553109841121,-1.0886550297950905,-1.6668639221306147,-0.5053395649575132,1.1437160589827384,1.3048397848421855,0.6571520933443734,-0.6841423458248278,-0.6831906184550289,-0.6826680894736445,-0.6525136639846563,-0.6514128533997506,-0.6505684099646967,0.0,0.0,0.8787878787878787,0.8787878787878787,-0.7994564598334941,0.0,0.7195032697856256,0.6035666316637451,-0.6829968743182837,-0.651087827846492,-2.4492935982947064e-16,1.0,-0.9659258262890684,0.2588190451025203,-0.7818314824680299,0.6234898018587334
0.9311595309030551,-1.0886550297950905,-1.5088630270449392,-0.5053395649575132,0.766148316752265,1.1430540043372461,0.6571520933443734,-0.6841423458248278,-0.5439645210741232,-0.6826680894736445,-0.6525136639846563,-0.46016535199363184,-0.6505684099646967,0.0,0.0,0.8787878787878787,0.8787878787878787,-0.7994564598334941,0.0,0.7057779401782147,0.6035666316637451,-0.6829968743182837,-0.651087827846492,-2.4492935982947064e-16,1.0,-0.8660254037844386,0.5000000000000001,-0.7818314824680299,0.6234898018587334
0.3596418525987468,-1.2202480043365496,-0.9295264117307949,-0.6371874703765118,0.766148316752265,0.6037680693207814,0.6032306589335762,-0.6841423458248278,-0.17269492805837433,-0.6826680894736445,-0.6525136639846563,-0.36454160129057245,-0.6505684099646967,0.0,0.0,0.0,0.0,-0.7994564598334941,0.0,0.6776919524249354,0.6035666316637451,-0.6829968743182837,-0.651087827846492,-2.4492935982947064e-16,1.0,-0.7071067811865477,0.7071067811865474,-0.7818314824680299,0.6234898018587334
0.30315195882513835,-1.3781595737863004,-0.7978589991593985,-0.9272528622983084,0.9819013123125355,0.6037680693207814,0.7649949621659677,-0.6841423458248278,0.21017683973911663,-0.6826680894736445,-0.6525136639846563,0.21603117083514542,-0.6505684099646967,0.0,0.0,0.0,0.0,-0.9310122059382657,0.0,0.6147587270216485,0.8193127419458585,-0.6829968743182837,-0.651087827846492,-2.4492935982947064e-16,1.0,-0.5000000000000004,0.8660254037844384,-0.7818314824680299,0.6234898018587334
0.3047022248801224,-1.3781595737863004,-0.6398581040737229,-0.9272528622983084,0.766148316752265,0.33412510181254906,0.7649949621659677,-0.6841423458248278,0.8328268863592787,-0.6826680894736445,-0.6525136639846563,0.7317163978409301,-0.6505684099646967,0.0,0.0,0.0,0.0,-1.2204348473687636,0.0,0.6479489577748789,0.7653762143753301,-0.6829968743182837,-0.651087827846492,-2.4492935982947064e-16,1.0,-0.25881904510252157,0.9659258262890681,-0.7818314824680299,0.6234898018587334
0.31438703728600914,-1.5097525483277596,-0.5081906915023265,-0.9272528622983084,1.1437160589827384,0.33412510181254906,1.5198950439171286,-0.6841423458248278,0.7632138376688258,-0.6826680894736445,-0.6525136639846563,0.5029024229443236,-0.6505684099646967,0.0,0.0,0.0,0.0,-1.088879101263992,0.0,0.3135366825145385,0.7653762143753301,-0.6829968743182837,-0.651087827846492,-2.4492935982947064e-16,1.0,-2.4492935982947064e-16,1.0,-0.7818314824680299,0.6234898018587334
0.301870578998479,-1.6676641177775104,-0.1921889013309754,-1.085470348801107,1.305530805652941,0.010553540802670241,0.9806806998091566,-0.6841423458248278,0.5543746915974671,-0.6826680894736445,-0.6525136639846563,0.021368535475345903,-0.6505684099646967,0.0,0.0,0.0,0.0,-1.088879101263992,0.0,0.2886664692661355,1.1429319073690285,-0.6829968743182837,-0.651087827846492,0.49999999999999994,0.8660254037844387,0.25881904510252074,0.9659258262890683,-2.4492935982947064e-16,1.0
0.30447341073139544,-1.5097525483277596,-0.1921889013309754,-1.2173182542201055,1.1437160589827384,0.33412510181254906,1.1424450030415483,-0.5450780325420134,0.6936007889783729,-0.6826680894736445,-0.461414012633148,0.5131478248053657,-0.6505684099646967,0.0,0.0,0.0,0.0,-1.088879101263992,0.0,0.2926231360080952,0.7653762143753301,-0.6829968743182837,-0.651087827846492,0.49999999999999994,0.8660254037844387,0.49999999999999994,0.8660254037844387,-2.4492935982947064e-16,1.0
0.2825524729802613,-0.9307434603453393,0.09747940632609654,-1.3755357407229036,0.6043335700820621,0.17233932130760965,1.1424450030415483,-0.17423986378784168,0.4847616429070142,-0.6826680894736445,-0.36586418695739387,1.0834751950700414,-0.6505684099646967,0.0,0.0,0.0,0.0,-1.2204348473687636,0.0,0.31259915804114946,0.7653762143753301,-0.6829968743182837,-0.651087827846492,0.49999999999999994,0.8660254037844387,0.7071067811865476,0.7071067811865476,-2.4492935982947064e-16,1.0
0.26630623938339143,-0.7991504858038802,0.09747940632609654,-1.2173182542201055,0.6043335700820621,0.17233932130760965,1.3042093062739397,0.2081869977398979,-0.27324710950013964,-0.6826680894736445,0.21425975464539895,-0.22110597523598333,-0.6505684099646967,0.0,0.8787878787878787,0.0,0.0,-1.3783017426944895,0.0,0.2901834416398442,0.9811223246574435,-0.6829968743182837,-0.651087827846492,0.49999999999999994,0.8660254037844387,0.8660254037844386,0.5000000000000001,-2.4492935982947064e-16,1.0
0.2889822998644539,-0.6412389163541294,-0.350189796416651,-1.2173182542201055,0.3346423256317241,0.4959108823174885,1.1424450030415483,0.8301135099213733,-0.528494954698467,-0.6826680894736445,0.7295463145396444,-0.4943166915304388,-0.6505684099646967,0.0,0.8787878787878787,0.0,0.0,-1.3783017426944895,0.0,0.2882963560753189,0.7653762143753301,-0.6829968743182837,-0.651087827846492,0.49999999999999994,0.8660254037844387,0.9659258262890683,0.25881904510252074,-2.4492935982947064e-16,1.0
0.580515963304651,-0.5096459418126703,-0.350189796416651,-1.2173182542201055,0.3346423256317241,0.33412510181254906,1.1424450030415483,0.7605813532799661,-0.6831906184550289,-0.6826680894736445,0.5009092316726613,-0.6514128533997506,-0.6505684099646967,0.0,0.8787878787878787,0.0,0.0,-1.509857488799261,0.0,0.3035464434432368,1.1429319073690285,-0.6829968743182837,-0.651087827846492,0.49999999999999994,0.8660254037844387,1.0,6.123233995736766e-17,-2.4492935982947064e-16,1.0
0.5312911118198886,-0.19382280291316867,-0.5081906915023265,-1.3755357407229036,0.01101283229131838,0.6576966628224279,1.5198950439171286,0.5519848833557446,-0.6831906184550289,-0.6826680894736445,0.019747609519756643,-0.6514128533997506,-0.6505684099646967,0.0,0.8787878787878787,0.0,0.0,-1.6677243841249871,0.0,0.2633613499696805,1.3047414900806136,-0.6829968743182837,-0.651087827846492,0.49999999999999994,0.8660254037844387,0.9659258262890683,-0.25881904510252063,-2.4492935982947064e-16,1.0
0.22986668436231125,-0.19382280291316867,-0.5081906915023265,-1.3755357407229036,0.3346423256317241,0.6576966628224279,1.3042093062739397,0.6910491966385589,-0.6831906184550289,-0.597460900990742,0.5111467129950635,-0.6514128533997506,-0.6403193074829672,0.0,0.8787878787878787,0.0,0.0,-1.509857488799261,0.0739128992673712,0.25069257930223154,1.1429319073690285,-0.5436140351684223,-0.45965391115411347,0.49999999999999994,0.8660254037844387,0.8660254037844387,-0.4999999999999998,-2.4492935982947064e-16,1.0
0.25288025643867745,0.09568174107804124,-0.6398581040737229,-1.2173182542201055,0.17282757896152123,0.6037680693207814,1.3042093062739397,0.48245272671433737,-0.6831906184550289,-0.23726687694938117,1.0810331732754541,-0.6514128533997506,-0.565159222616951,0.0,0.0,0.0,0.0,-0.9310122059382657,0.28707564271062436,0.31642055368748945,0.6035666316637451,-0.1719264641021253,-0.3639369528079242,0.49999999999999994,0.8660254037844387,0.7071067811865476,-0.7071067811865475,-2.4492935982947064e-16,1.0
0.29381041054606755,0.09568174107804124,-0.9295264117307949,-1.085470348801107,0.17282757896152123,0.7655538498257208,1.1424450030415483,-0.27467520115876315,-0.6831906184550289,-0.15593274248842873,-0.22253944844376272,-0.6514128533997506,-0.623237470013418,0.8787878787878787,0.0,0.0,0.0,-0.7994564598334941,0.4502683309406242,0.31717968011996867,0.6035666316637451,0.2113763435599935,0.2172017228653677,0.49999999999999994,0.8660254037844387,0.49999999999999994,-0.8660254037844387,-2.4492935982947064e-16,1.0
0.3006807042375223,-0.3517343723629195,-0.9295264117307949,-0.9272528622983084,0.4964570723019269,0.7655538498257208,1.1424450030415483,-0.5296264421772562,-0.6831906184550289,0.17327684937733115,-0.49553895037448875,-0.6514128533997506,-0.6198211025195082,0.8787878787878787,0.0,0.0,0.0,-0.6415895645077683,0.5413275842323022,0.3052179455009607,0.3338839938111034,0.8347273742024292,0.7333896053751741,0.49999999999999994,0.8660254037844387,0.258819045102521,-0.9659258262890682,-2.4492935982947064e-16,1.0
0.2903494871420721,-0.3517343723629195,-0.9295264117307949,-0.9272528622983084,0.3346423256317241,1.5205541588487714,1.5198950439171286,-0.6841423458248278,-0.6831906184550289,0.2623570918821838,-0.6525136639846563,-0.6514128533997506,-0.6198211025195082,0.8787878787878787,0.0,0.0,0.0,-0.5100338184029966,0.6459354332549103,0.30935342004102995,0.3338839938111034,0.7650359546274984,0.5043525979039355,0.49999999999999994,0.8660254037844387,1.2246467991473532e-16,-1.0,-2.4492935982947064e-16,1.0
0.31315710760694476,-0.5096459418126703,-1.0875273068164708,-0.9272528622983084,0.6582718189721298,0.9812682238323067,1.5198950439171286,-0.6841423458248278,-0.6831906184550289,0.20038822753098195,-0.6525136639846563,-0.6514128533997506,-0.6334865724951475,0.8787878787878787,0.0,0.0,0.0,-0.19430002775154487,0.14413376478732562,0.30197610019424026,0.010264828387933323,0.5559616959027064,0.022349343374911013,0.49999999999999994,0.8660254037844387,-0.2588190451025208,-0.9659258262890683,-2.4492935982947064e-16,1.0
0.8468794868942148,-0.5096459418126703,-1.2191947193878672,-0.9272528622983084,0.6582718189721298,1.1430540043372461,1.5198950439171286,-0.6841423458248278,-0.6831906184550289,-0.16367885053232897,-0.6525136639846563,-0.6514128533997506,-0.6266538375073278,0.8787878787878787,0.0,0.0,0.0,-0.19430002775154487,0.021331796219945316,0.328144629130551,0.3338839938111034,0.6953445350525678,0.5146079862981701,0.49999999999999994,0.8660254037844387,-0.4999999999999997,-0.8660254037844388,-2.4492935982947064e-16,1.0
0.714229731295378,-0.6412389163541294,-1.3771956144735429,-0.9272528622983084,0.6043335700820621,1.1430540043372461,1.5198950439171286,-0.6841423458248278,-0.6831906184550289,-0.016502797698224544,-0.6525136639846563,-0.6514128533997506,-0.6471520424707868,0.0,0.0,0.0,0.0,0.09512261367895261,0.0014080759308362305,0.3515179481080407,0.17207441109951835,0.48627027632777564,1.0854912735772275,0.49999999999999994,0.8660254037844387,-0.7071067811865471,-0.7071067811865479,-2.4492935982947064e-16,1.0
0.5815799756965413,-0.9307434603453393,-1.2191947193878672,-0.9272528622983084,0.766148316752265,1.3048397848421855,1.5198950439171286,-0.6841423458248278,-0.6831906184550289,-0.46965011826638814,-0.6525136639846563,-0.6514128533997506,-0.643735674976877,0.0,0.0,0.8787878787878787,0.8787878787878787,0.09512261367895261,0.0,0.4441296314023985,0.17207441109951835,-0.27259184793258073,-0.22036151528864031,0.49999999999999994,0.8660254037844387,-0.8660254037844385,-0.5000000000000004,-2.4492935982947064e-16,1.0
0.4396830771761788,-0.9307434603453393,-1.2191947193878672,-0.9272528622983084,0.766148316752265,1.1430540043372461,1.5198950439171286,-0.6841423458248278,-0.6831906184550289,-0.6090800630565923,-0.6525136639846563,-0.6514128533997506,-0.6505684099646967,0.0,0.0,0.8787878787878787,0.8787878787878787,-0.3521669230772707,0.0,0.5067848877651979,0.4956935765226884,-0.52812705304066,-0.49383853913489534,0.49999999999999994,0.8660254037844387,-0.9659258262890683,-0.25881904510252063,-2.4492935982947064e-16,1.0
0.47282191473650176,-0.9307434603453393,-1.2191947193878672,-0.9272528622983084,1.5212838012132117,1.1430540043372461,1.5198950439171286,-0.6841423458248278,-0.6831906184550289,-0.6826680894736445,-0.6525136639846563,-0.6514128533997506,-0.6505684099646967,0.0,0.0,0.8787878787878787,0.8787878787878787,-0.3521669230772707,0.0,0.5195965612561148,0.3338839938111034,-0.6829968743182837,-0.651087827846492,0.49999999999999994,0.8660254037844387,-1.0,-1.8369701987210297e-16,-2.4492935982947064e-16,1.0
0.6538699043220334,-1.0886550297950905,-1.3771956144735429,-0.9272528622983084,0.9819013123125355,1.5205541588487714,1.5198950439171286,-0.6841423458248278,-0.6831906184550289,-0.6826680894736445,-0.6525136639846563,-0.6514128533997506,-0.6505684099646967,0.0,0.0,0.8787878787878787,0.8787878787878787,-0.5100338184029966,0.0,0.46684493153648643,0.6575031592342735,-0.6829968743182837,-0.651087827846492,0.49999999999999994,0.8660254037844387,-0.9659258262890684,0.2588190451025203,-2.4492935982947064e-16,1.0
0.5377838870501047,-1.2202480043365496,-1.3771956144735429,-0.9272528622983084,1.1437160589827384,1.3048397848421855,1.5198950439171286,-0.6841423458248278,-0.5981080033889198,-0.6826680894736445,-0.6525136639846563,-0.6411674515387086,-0.6505684099646967,0.0,0.0,0.8787878787878787,0.8787878787878787,-0.5100338184029966,0.0,0.43464631320703273,0.6575031592342735,-0.6829968743182837,-0.651087827846492,0.49999999999999994,0.8660254037844387,-0.8660254037844386,0.5000000000000001,-2.4492935982947064e-16,1.0
0.43525541270670015,-1.3781595737863004,-1.2191947193878672,-0.9272528622983084,1.1437160589827384,1.3048397848421855,1.5198950439171286,-0.6841423458248278,-0.23844058515491318,-0.6826680894736445,-0.6525136639846563,-0.5660345045577333,-0.6505684099646967,0.0,0.0,0.0,0.0,-0.6415895645077683,0.0,0.3985737990900009,0.6035666316637451,-0.6829968743182837,-0.651087827846492,0.49999999999999994,0.8660254037844387,-0.7071067811865477,0.7071067811865474,-2.4492935982947064e-16,1.0
0.5509238565992824,-1.2202480043365496,-1.0875273068164708,-0.9272528622983084,1.305530805652941,1.1430540043372461,1.5198950439171286,-0.6841423458248278,-0.1572253616827181,-0.6826680894736445,-0.6525136639846563,-0.6240917817703051,-0.6505684099646967,0.0,0.0,0.0,0.0,-0.9310122059382657,0.0,0.3688581557330384,0.7653762143753301,-0.6829968743182837,-0.651087827846492,0.49999999999999994,0.8660254037844387,-0.5000000000000004,0.8660254037844384,-2.4492935982947064e-16,1.0
0.6509924715845585,-1.2202480043365496,-0.9295264117307949,-0.9272528622983084,1.1437160589827384,1.1430540043372461,1.5198950439171286,-0.6841423458248278,0.17150292379997614,-0.6826680894736445,-0.6525136639846563,-0.6206766478166245,-0.6505684099646967,0.0,0.0,0.0,0.0,-0.9310122059382657,0.0,0.3126630801643351,0.7653762143753301,-0.6829968743182837,-0.651087827846492,0.49999999999999994,0.8660254037844387,-0.25881904510252157,0.9659258262890681,-2.4492935982947064e-16,1.0
0.6372575818163925,-1.2202480043365496,-0.9295264117307949,-1.2173182542201055,1.1437160589827384,1.5205541588487714,-0.9065695045687454,-0.6841423458248278,0.2604529304599993,-0.6826680894736445,-0.6525136639846563,-0.6206766478166245,-0.6505684099646967,0.0,0.0,0.0,0.0,-0.9310122059382657,0.0,0.3166475591762383,1.520487600362727,-0.6829968743182837,-0.651087827846492,0.49999999999999994,0.8660254037844387,-2.4492935982947064e-16,1.0,-2.4492935982947064e-16,1.0
0.6288942384782531,-1.3781595737863004,-0.9295264117307949,-0.6371874703765118,1.5212838012132117,1.5205541588487714,1.5198950439171286,-0.6841423458248278,0.1985746649573745,-0.6826680894736445,-0.6525136639846563,-0.6343371836313472,-0.6505684099646967,0.0,0.0,0.0,0.0,-1.088879101263992,0.0,0.31496524977236706,0.9811223246574435,-0.6829968743182837,-0.651087827846492,0.49999999999999994,0.8660254037844387,0.25881904510252074,0.9659258262890683,0.7818314824680298,0.6234898018587336
0.2581202257234036,-1.3781595737863004,-0.9295264117307949,-0.6371874703765118,1.305530805652941,1.5205541588487714,1.3042093062739397,-0.5991585988186634,-0.16496014487054622,-0.6826680894736445,-0.642276182662254,-0.6275069157239859,-0.6505684099646967,0.0,0.0,0.0,0.0,-1.2204348473687636,0.0,0.2992806661135968,1.1429319073690285,-0.6829968743182837,-0.651087827846492,0.49999999999999994,0.8660254037844387,0.49999999999999994,0.8660254037844387,0.7818314824680298,0.6234898018587336
0.2358388966782421,-1.2202480043365496,-0.9295264117307949,-0.7954049568793099,1.305530805652941,1.5205541588487714,0.9806806998091566,-0.23990912283805957,-0.01799926430181232,-0.6826680894736445,-0.5672013196313044,-0.64799771944607,-0.6505684099646967,0.0,0.0,0.0,0.0,-1.3783017426944895,0.0,0.3069800551195141,1.1429319073690285,-0.6829968743182837,-0.651087827846492,0.49999999999999994,0.8660254037844387,0.7071067811865476,0.7071067811865476,0.7818314824680298,0.6234898018587336
0.2368800156422165,-1.0886550297950905,-0.9295264117307949,-0.9272528622983084,1.1437160589827384,1.5205541588487714,0.1718591836471986,-0.15878827342308452,-0.4704840807897562,-0.6826680894736445,-0.6252137137915836,-0.6445825854923893,-0.6505684099646967,0.0,0.8787878787878787,0.0,0.0,-1.2204348473687636,0.0,0.3019468025544467,1.3047414900806136,-0.6829968743182837,-0.651087827846492,0.49999999999999994,0.8660254037844387,0.8660254037844386,0.5000000000000001,0.7818314824680298,0.6234898018587336
0.2345460529761347,-0.9307434603453393,-0.9295264117307949,-1.2173182542201055,1.1437160589827384,1.5205541588487714,-0.4212765948715706,0.169558021828005,-0.609710178170662,-0.6826680894736445,-0.6218012200174495,-0.6514128533997506,-0.6505684099646967,0.0,0.8787878787878787,0.0,0.0,-1.2204348473687636,0.0,0.320901812084631,1.1429319073690285,-0.6829968743182837,-0.651087827846492,0.49999999999999994,0.8660254037844387,0.9659258262890683,0.25881904510252074,0.7818314824680298,0.6234898018587336
0.23317884853702633,-0.9307434603453393,-0.9295264117307949,-1.2173182542201055,1.5212838012132117,1.5205541588487714,-0.798726635747151,0.25840466642535864,-0.6831906184550289,-0.6826680894736445,-0.6218012200174495,-0.6514128533997506,-0.6505684099646967,0.0,0.8787878787878787,0.0,0.0,-1.2204348473687636,0.0,0.35309105721813683,1.1429319073690285,-0.6829968743182837,-0.651087827846492,0.49999999999999994,0.8660254037844387,1.0,6.123233995736766e-17,0.7818314824680298,0.6234898018587336
0.5208568914603074,-0.9307434603453393,-0.9295264117307949,-1.2173182542201055,1.5212838012132117,1.5205541588487714,-1.1222552422119343,0.19659830496633002,-0.6831906184550289,-0.6826680894736445,-0.6354511951139858,-0.6514128533997506,-0.6505684099646967,0.0,0.8787878787878787,0.0,0.0,-1.3783017426944895,0.0,0.35041442074903917,1.520487600362727,-0.6829968743182837,-0.651087827846492,0.49999999999999994,0.8660254037844387,0.9659258262890683,-0.25881904510252063,0.7818314824680298,0.6234898018587336
0.2786510827690037,-0.9307434603453393,-0.9295264117307949,-1.2173182542201055,1.5212838012132117,1.5205541588487714,-1.0144123733903398,-0.16651406860546308,-0.6831906184550289,-0.4735231722883383,-0.6286262075657176,-0.6514128533997506,0.5519929478915632,0.0,0.8787878787878787,0.0,0.0,-1.3783017426944895,0.08843714529790081,0.36061670917129307,1.3047414900806136,-0.5978184726155906,-0.6408324394522574,0.49999999999999994,0.8660254037844387,0.8660254037844387,-0.4999999999999998,0.7818314824680298,0.6234898018587336
0.7067501532176445,-0.9307434603453393,-0.9295264117307949,-0.9272528622983084,1.5212838012132117,1.5205541588487714,-1.2300981110335285,-0.01972396014027013,-0.6831906184550289,0.14229241720173022,-0.6491011702105222,-0.6514128533997506,1.672561485893987,0.0,0.0,0.0,0.0,-1.2204348473687636,0.15537065544477566,0.42423095104082675,1.3047414900806136,-0.23774613814511542,-0.5656262578945372,0.49999999999999994,0.8660254037844387,0.7071067811865476,-0.7071067811865475,0.7818314824680298,0.6234898018587336
0.3853383353535622,-0.9307434603453393,-0.9295264117307949,-0.5053395649575132,1.5212838012132117,1.5205541588487714,-1.4997052830875146,-0.4716829783094169,-0.6831906184550289,0.7038852503844971,-0.645688676436388,-0.6514128533997506,2.0005327653093308,0.8787878787878787,0.0,0.0,0.0,-1.088879101263992,0.16231678958039034,0.47654096493825426,1.1429319073690285,-0.15643948197436294,-0.6237401254618664,0.49999999999999994,0.8660254037844387,0.49999999999999994,-0.8660254037844387,0.7818314824680298,0.6234898018587336
0.362261852686451,-0.9307434603453393,-0.9295264117307949,-0.5053395649575132,1.5212838012132117,1.5205541588487714,-1.1222552422119343,-0.6107472915922313,-0.6831906184550289,1.2461128134575135,-0.6525136639846563,-0.6514128533997506,2.3421695147003136,0.8787878787878787,0.0,0.0,0.0,-0.9310122059382657,0.19525135845848224,0.4687203902404644,1.1429319073690285,0.17265888824058756,-0.6203216626637883,0.49999999999999994,0.8660254037844387,0.258819045102521,-0.9659258262890682,0.7818314824680298,0.6234898018587336
0.3391853700193398,-0.9307434603453393,-1.2191947193878672,-0.3471220784547151,1.5212838012132117,-0.9062325487253197,-1.2840195454443257,-0.6841423458248278,-0.6831906184550289,1.46300383868672,-0.6525136639846563,-0.6514128533997506,2.3626677196637726,0.8787878787878787,0.0,0.0,0.0,-0.9310122059382657,0.15706145090135312,0.45227652649026506,1.520487600362727,0.26170903547522123,-0.6203216626637883,0.49999999999999994,0.8660254037844387,1.2246467991473532e-16,-1.0,0.7818314824680298,0.6234898018587336
0.3412905219689926,-0.9307434603453393,-0.6398581040737229,-0.3471220784547151,1.5212838012132117,1.5205541588487714,-0.9604909389795426,-0.6841423458248278,-0.6831906184550289,1.3042086237867652,-0.6525136639846563,-0.6514128533997506,2.1371874650657237,0.8787878787878787,0.0,0.0,0.0,-0.9310122059382657,0.12423775769519951,0.4642713490031656,1.520487600362727,0.1997611069641717,-0.633995513856101,0.49999999999999994,0.8660254037844387,-0.2588190451025208,-0.9659258262890683,0.7818314824680298,0.6234898018587336
0.5335964834433109,-0.9307434603453393,-0.6398581040737229,-0.3471220784547151,1.5212838012132117,1.3048397848421855,-0.7448052013363538,-0.6841423458248278,-0.6831906184550289,0.8433151951747012,-0.6525136639846563,-0.6514128533997506,1.4812449062350366,0.8787878787878787,0.0,0.0,0.0,-0.9310122059382657,0.16437346304626785,0.4562737079753655,1.520487600362727,-0.1641829730382441,-0.6271585882599446,0.49999999999999994,0.8660254037844387,-0.4999999999999997,-0.8660254037844388,0.7818314824680298,0.6234898018587336
0.28552141078343884,-0.9307434603453393,-0.7978589991593985,-0.3471220784547151,1.5212838012132117,0.9812682238323067,-0.6369623325147594,-0.6841423458248278,-0.6831906184550289,0.6302972239674449,-0.6525136639846563,-0.6514128533997506,1.8228816556260194,0.0,0.0,0.0,0.0,-0.9310122059382657,0.12240282492947469,0.4594553189736995,1.520487600362727,-0.017056642824501547,-0.6476693650484138,0.49999999999999994,0.8660254037844387,-0.7071067811865471,-0.7071067811865479,0.7818314824680298,0.6234898018587336
0.5694182110882949,-0.9307434603453393,-0.9295264117307949,-0.05705668653291797,1.5212838012132117,0.17233932130760965,-0.7448052013363538,-0.6841423458248278,-0.6831906184550289,0.05321217469687755,-0.6525136639846563,-0.6514128533997506,1.3787538814177416,0.0,0.0,0.8787878787878787,0.8787878787878787,-0.9310122059382657,0.03893828907247184,0.5198731985857025,1.520487600362727,-0.47005087006155105,-0.6442509022503355,0.49999999999999994,0.8660254037844387,-0.8660254037844385,-0.5000000000000004,0.7818314824680298,0.6234898018587336
0.2956409580588637,-0.9307434603453393,-1.2191947193878672,-0.18890459195191697,1.5212838012132117,-0.4208752072105015,-0.529119463693165,-0.6841423458248278,-0.6831906184550289,-0.5006345504419891,-0.6525136639846563,-0.6514128533997506,0.21718893348839993,0.0,0.0,0.8787878787878787,0.8787878787878787,-0.9310122059382657,0.0,0.5451334494687676,1.520487600362727,-0.6094337092114124,-0.651087827846492,0.49999999999999994,0.8660254037844387,-0.9659258262890683,-0.25881904510252063,0.7818314824680298,0.6234898018587336
0.5689605827908409,-1.2202480043365496,-1.2191947193878672,-0.18890459195191697,-0.9059373988398312,-0.7983753617220268,-0.6369623325147594,-0.6841423458248278,-0.6831906184550289,-0.6826680894736445,-0.6525136639846563,-0.6514128533997506,-0.6505684099646967,0.0,0.0,0.8787878787878787,0.8787878787878787,-0.9310122059382657,0.0,0.5487761909759479,1.520487600362727,-0.6829968743182837,-0.651087827846492,0.49999999999999994,0.8660254037844387,-1.0,-1.8369701987210297e-16,0.7818314824680298,0.6234898018587336
0.2252387933544671,-0.6412389163541294,-1.2191947193878672,-0.3471220784547151,1.5212838012132117,-1.1219469227319057,-0.259512291639179,-0.6841423458248278,-0.6831906184550289,-0.6826680894736445,-0.6525136639846563,-0.6514128533997506,-0.6505684099646967,0.0,0.0,0.8787878787878787,0.8787878787878787,-0.9310122059382657,0.0,0.5258298902204119,1.520487600362727,-0.6829968743182837,-0.651087827846492,0.49999999999999994,0.8660254037844387,-0.9659258262890684,0.2588190451025203,0.7818314824680298,0.6234898018587336
0.7447743178678805,-0.6412389163541294,-1.2191947193878672,-0.6371874703765118,1.305530805652941,-1.0140897357286127,-1.337940979855123,-0.6841423458248278,-0.47435147238367026,-0.6826680894736445,-0.6525136639846563,0.5507142982958534,-0.6505684099646967,0.0,0.0,0.8787878787878787,0.8787878787878787,-0.9310122059382657,0.0,0.5151211931187218,1.520487600362727,-0.6829968743182837,-0.651087827846492,0.49999999999999994,0.8660254037844387,-0.8660254037844386,0.5000000000000001,0.7818314824680298,0.6234898018587336
0.8170013153088393,-0.7991504858038802,-0.9295264117307949,-0.7954049568793099,0.9819013123125355,-1.2298041097351986,-1.2300981110335285,-0.6841423458248278,0.14056379104866373,-0.6826680894736445,-0.6525136639846563,1.6708782351031208,-0.6505684099646967,0.0,0.0,0.0,0.0,-0.9310122059382657,0.0,0.49455097192615116,1.520487600362727,-0.6829968743182837,-0.651087827846492,0.49999999999999994,0.8660254037844387,-0.7071067811865477,0.7071067811865474,0.7818314824680298,0.6234898018587336
0.8892283127497983,-0.9307434603453393,-0.5081906915023265,-0.9272528622983084,0.17282757896152123,-1.499447077243431,-1.1222552422119343,-0.6841423458248278,0.701335572166201,-0.6826680894736445,-0.6525136639846563,1.9987310946564674,-0.6505684099646967,0.0,0.0,0.0,0.0,-0.9310122059382657,0.0,0.3887736873594564,1.520487600362727,-0.6829968743182837,-0.651087827846492,0.49999999999999994,0.8660254037844387,-0.5000000000000004,0.8660254037844384,0.7818314824680298,0.6234898018587336
0.9047937843537408,-1.2202480043365496,-0.5081906915023265,-1.085470348801107,-0.42049315882922256,-1.1219469227319057,-1.0144123733903398,-0.6841423458248278,1.242770395314168,-0.6826680894736445,-0.6525136639846563,2.3402444900245367,-0.6505684099646967,0.0,0.0,0.0,0.0,-0.9310122059382657,0.0,0.36071612651192075,1.520487600362727,-0.6829968743182837,-0.651087827846492,0.49999999999999994,0.8660254037844387,-0.25881904510252157,0.9659258262890681,0.7818314824680298,0.6234898018587336
0.38160286242947866,-1.2202480043365496,-0.350189796416651,-1.6656011326447004,-0.7980609010596958,-1.283732703236845,0.4414663557011846,-0.6841423458248278,1.4593443245733546,-0.6826680894736445,-0.6525136639846563,2.360735293746621,-0.6505684099646967,0.0,0.0,0.0,0.0,-1.2204348473687636,0.0,0.3419236881508,-0.9066561403110486,-0.6829968743182837,-0.651087827846492,0.49999999999999994,0.8660254037844387,-2.4492935982947064e-16,1.0,0.7818314824680298,0.6234898018587336
0.35002002286186384,-1.2202480043365496,-0.350189796416651,-1.5073836461419021,-1.1216903944001015,-0.9601611422269661,-0.798726635747151,-0.6841423458248278,1.3007812692228786,-0.6826680894736445,-0.6525136639846563,2.135336452803695,-0.6505684099646967,0.0,0.0,0.0,0.0,-0.6415895645077683,0.0,0.33526723365794797,1.520487600362727,-0.6829968743182837,-0.651087827846492,0.49999999999999994,0.8660254037844387,0.25881904510252074,0.9659258262890683,0.9749279121818236,-0.22252093395631434
0.22674330687659985,-1.2202480043365496,-0.350189796416651,-1.8238186191474985,-1.0138138966199663,-0.7444467682203804,-0.3134337260499762,-0.47554587590060615,0.8405616695471068,-0.6826680894736445,0.5486841445105384,1.479630733697002,-0.6505684099646967,0.0,0.0,0.0,0.0,-0.6415895645077683,0.0,0.3332135817916603,1.3047414900806136,-0.6829968743182837,-0.651087827846492,0.49999999999999994,0.8660254037844387,0.49999999999999994,0.8660254037844387,0.9749279121818236,-0.22252093395631434
0.22806474162136675,-0.9307434603453393,-0.350189796416651,-2.4039494029910924,-1.2295668921802367,-0.6365895812170874,0.4414663557011846,0.1386548410984907,0.6278551318818341,-0.6826680894736445,1.6679821024265151,1.8211441290650712,-0.6505684099646967,0.0,0.0,0.0,0.0,-0.7994564598334941,0.0,0.3271395459388272,0.9811223246574435,-0.6829968743182837,-0.651087827846492,0.49999999999999994,0.8660254037844387,0.7071067811865476,0.7071067811865476,0.9749279121818236,-0.22252093395631434
0.22587950042928692,-0.5096459418126703,-0.06052148875957856,-2.4039494029910924,-1.4992581366305748,-0.7444467682203804,0.4414663557011846,0.6987749918209375,0.05161378438864058,-0.6826680894736445,1.9955815047433865,1.3771767150865812,-0.6505684099646967,0.0,0.8787878787878787,0.0,0.0,-0.9310122059382657,0.0,0.3130577275674963,0.17207441109951835,-0.6829968743182837,-0.651087827846492,0.49999999999999994,0.8660254037844387,0.8660254037844386,0.5000000000000001,0.9749279121818236,-0.22252093395631434
0.22429492169081344,-0.5096459418126703,-0.1921889013309754,-2.245731916488294,-1.1216903944001015,-0.5287323942137945,0.1179377492364014,1.239580654587438,-0.5014232135410686,-0.6826680894736445,2.336830882156794,0.21603117083514542,-0.6505684099646967,0.0,0.8787878787878787,0.0,0.0,-1.2204348473687636,0.0,0.3532906601941419,-0.42122739217629346,-0.6829968743182837,-0.651087827846492,0.49999999999999994,0.8660254037844387,0.9659258262890683,0.25881904510252074,0.9749279121818236,-0.22252093395631434
0.22517587933142402,-0.3517343723629195,-0.1921889013309754,-2.4039494029910924,-1.2835051410703044,-0.6365895812170874,-0.04382655399599019,1.455902919694038,-0.6831906184550289,-0.6826680894736445,2.357305844801598,-0.6514128533997506,-0.6505684099646967,0.0,0.8787878787878787,0.0,0.0,-1.2204348473687636,0.0,0.40674543326881185,-0.7987830851699919,-0.6829968743182837,-0.651087827846492,0.49999999999999994,0.8660254037844387,1.0,6.123233995736766e-17,0.9749279121818236,-0.22252093395631434
0.6263428740544219,-0.3517343723629195,-0.350189796416651,-2.245731916488294,-0.9598756477298988,-0.2590894267055621,-0.2055908572283818,1.2975241184552773,-0.6831906184550289,-0.6826680894736445,2.1320812557087496,-0.6514128533997506,-0.6505684099646967,0.0,0.8787878787878787,0.0,0.0,-1.2204348473687636,0.0,0.44665875527952936,-1.122402250593162,-0.6829968743182837,-0.651087827846492,0.49999999999999994,0.8660254037844387,0.9659258262890683,-0.25881904510252063,0.9749279121818236,-0.22252093395631434
0.37869687297232457,-0.3517343723629195,-0.6398581040737229,-1.955666524566497,-0.7441226521696283,-1.3376612967384915,-0.2055908572283818,0.8378393051037519,-0.6831906184550289,-0.5045076044639392,1.476882451075007,-0.6514128533997506,-0.0800350384817552,0.0,0.8787878787878787,0.0,0.0,-1.2204348473687636,0.11133224777993207,0.4520270355751712,-1.0145291954521052,-0.47392261559349164,0.5522110770770301,0.49999999999999994,0.8660254037844387,0.8660254037844387,-0.4999999999999998,0.9749279121818236,-0.22252093395631434
0.30667579625217684,-0.3517343723629195,-0.7978589991593985,-1.5073836461419021,-0.6362461543894931,-1.2298041097351986,-0.3134337260499762,0.6253799375883411,-0.6831906184550289,0.037719958609077085,1.8181318284884145,-0.6514128533997506,0.9619570471607426,0.0,0.0,0.0,0.0,-0.9310122059382657,0.22349048844900507,0.4693545407269717,-1.2302753057342186,0.1416849239850628,1.6734668748466757,0.49999999999999994,0.8660254037844387,0.7071067811865476,-0.7071067811865475,0.9749279121818236,-0.22252093395631434
0.3783936637636162,-0.06222982837170911,-0.9295264117307949,-0.9272528622983084,-0.7441226521696283,-1.1219469227319057,-0.4212765948715706,0.04980819650113706,-0.6831906184550289,0.734869682560098,1.3745076378509846,-0.6514128533997506,1.652063280930528,0.8787878787878787,0.0,0.0,0.0,-0.5100338184029966,0.2596237092356018,0.48129752895408395,-1.4999579435868604,0.7030880261164489,2.0016393034621816,0.49999999999999994,0.8660254037844387,0.49999999999999994,-0.8660254037844387,0.9749279121818236,-0.22252093395631434
0.1975973645932371,-0.19382280291316867,-1.0875273068164708,-0.6371874703765118,-0.5283696566093578,-1.0140897357286127,-0.15166942281758458,-0.5025861590389312,-0.6831906184550289,0.9982373560527059,0.21425975464539895,-0.6514128533997506,1.2625973866248075,0.8787878787878787,0.0,0.0,0.0,-0.5100338184029966,0.2563640687891104,0.4740777095310087,-1.122402250593162,1.2451324005881321,2.3434855832700006,0.49999999999999994,0.8660254037844387,0.258819045102521,-0.9659258262890682,0.9749279121818236,-0.22252093395631434
0.5112121682955086,-0.19382280291316867,-1.6668639221306147,-0.3471220784547151,-0.6362461543894931,0.441982288815842,-0.529119463693165,-0.6841423458248278,-0.6831906184550289,1.2654780835672639,-0.6525136639846563,-0.6514128533997506,1.4846612737289464,0.8787878787878787,0.0,0.0,0.0,-0.3521669230772707,0.2819644466625965,0.48605931737421226,-1.284211833304747,1.4619501503768053,2.3639963600584695,0.49999999999999994,0.8660254037844387,1.2246467991473532e-16,-1.0,0.9749279121818236,-0.22252093395631434
0.2736227661428128,-0.3517343723629195,-1.5088630270449392,-0.18890459195191697,-0.2586784121590197,-0.7983753617220268,-0.8526480701579482,-0.6841423458248278,-0.6831906184550289,1.1066828686673091,-0.6525136639846563,-0.6514128533997506,0.7057294851175054,0.8787878787878787,0.0,0.0,0.0,-0.3521669230772707,0.25549926622167385,0.5198458472926086,-0.9605926678815769,1.303208583567241,2.1383778153853092,0.49999999999999994,0.8660254037844387,-0.2588190451025208,-0.9659258262890683,0.9749279121818236,-0.22252093395631434
0.3006978657277141,-0.6412389163541294,-1.8248648172162902,-0.18890459195191697,-1.3374433899603722,-0.3130180202072086,-0.6369623325147594,-0.6841423458248278,-0.6831906184550289,0.7077583044064472,-0.6525136639846563,-0.6514128533997506,0.8013877749469807,0.8787878787878787,0.0,0.0,0.0,-0.3521669230772707,0.19811740729955102,0.5054754061935928,-0.7448465575994635,0.8424708652663103,1.4820329581542973,0.49999999999999994,0.8660254037844387,-0.4999999999999997,-0.8660254037844388,0.9749279121818236,-0.22252093395631434
0.5986671223128083,-0.7991504858038802,-2.4042014325304346,-0.3471220784547151,-1.2295668921802367,0.441982288815842,-0.3673551604607734,-0.6841423458248278,-0.6831906184550289,0.6109319538576943,-0.6525136639846563,-0.6514128533997506,1.4573303337776677,0.0,0.0,0.0,0.0,-0.3521669230772707,0.11926514825430157,0.51486232900768,-0.6369735024584068,0.6295248610095776,1.823879237962116,0.49999999999999994,0.8660254037844387,-0.7071067811865471,-0.7071067811865479,0.9749279121818236,-0.22252093395631434
0.3778444960774794,-0.9307434603453393,-2.4042014325304346,-0.3471220784547151,-1.1216903944001015,0.441982288815842,-0.6369623325147594,-0.6841423458248278,-0.6831906184550289,-0.028121959764074896,-0.6525136639846563,-0.6514128533997506,0.7911386724652512,0.0,0.0,0.8787878787878787,0.8787878787878787,-0.06274428164677277,0.01890369670368128,0.54845560718667,-0.7448465575994635,0.052634776750429144,1.3794790742119516,0.49999999999999994,0.8660254037844387,-0.8660254037844385,-0.5000000000000004,0.9749279121818236,-0.22252093395631434
0.9767805037705245,-1.0886550297950905,-2.2462005374447584,-0.6371874703765118,-1.0138138966199663,0.11841072780596318,-0.259512291639179,-0.6841423458248278,-0.6831906184550289,-0.5354920366395401,-0.6525136639846563,-0.6514128533997506,-0.23035520821378766,0.0,0.0,0.8787878787878787,0.8787878787878787,-0.19430002775154487,0.0,0.5875323586541258,-0.5291004473173502,-0.5010248343170758,0.2172017228653677,0.49999999999999994,0.8660254037844387,-0.9659258262890683,-0.25881904510252063,0.9749279121818236,-0.22252093395631434
0.8262113207655901,-1.6676641177775104,-2.4042014325304346,-0.9272528622983084,0.44251882341185933,-0.04337505269897623,-0.15166942281758458,-0.6841423458248278,-0.6831906184550289,-0.6826680894736445,-0.6525136639846563,-0.6514128533997506,-0.6505684099646967,0.0,0.0,0.8787878787878787,0.8787878787878787,-0.19430002775154487,0.0,0.5772354163186931,-0.6369735024584068,-0.6829968743182837,-0.651087827846492,0.49999999999999994,0.8660254037844387,-1.0,-1.8369701987210297e-16,0.9749279121818236,-0.22252093395631434
0.7831531418744196,-1.5097525483277596,-2.2462005374447584,-1.2173182542201055,-0.7980609010596958,-0.20516083320391562,0.1179377492364014,-0.6841423458248278,-0.6831906184550289,-0.6826680894736445,-0.6525136639846563,-0.6514128533997506,-0.6505684099646967,0.0,0.0,0.8787878787878787,0.8787878787878787,-0.3521669230772707,0.0,0.5490745966567807,-0.2594178094647084,-0.6829968743182837,-0.651087827846492,0.49999999999999994,0.8660254037844387,-0.9659258262890684,0.2588190451025203,0.9749279121818236,-0.22252093395631434
0.7400949629832493,-1.8255756872272613,-1.9565322297876868,-1.085470348801107,-0.3126166610490873,-0.20516083320391562,-0.4212765948715706,-0.6841423458248278,-0.5052906051349826,-0.6826680894736445,-0.6525136639846563,-0.0810854831350749,-0.6505684099646967,0.0,0.0,0.8787878787878787,0.8787878787878787,-0.6415895645077683,0.0,0.521221658310949,-1.3381483608752753,-0.6829968743182837,-0.651087827846492,0.49999999999999994,0.8660254037844387,-0.8660254037844386,0.5000000000000001,0.9749279121818236,-0.22252093395631434
0.6970367840920787,-2.4045847752096816,-1.5088630270449392,-1.085470348801107,0.44251882341185933,-0.3130180202072086,-0.4212765948715706,-0.6841423458248278,0.03614421801298438,-0.6826680894736445,-0.6525136639846563,0.9605303727375366,-0.6505684099646967,0.0,0.0,0.0,0.0,-0.7994564598334941,0.0,0.46809597148745485,-1.2302753057342186,-0.6829968743182837,-0.651087827846492,0.49999999999999994,0.8660254037844387,-0.7071067811865477,0.7071067811865474,0.9749279121818236,-0.22252093395631434
0.6539786052009082,-2.4045847752096816,-0.9295264117307949,-1.2173182542201055,0.44251882341185933,-0.4208752072105015,0.1179377492364014,-0.6841423458248278,0.7322747049175135,-0.6826680894736445,-0.6525136639846563,1.6503874313810367,-0.6505684099646967,0.0,0.0,0.0,0.0,-0.9310122059382657,0.0,0.40544481269665456,-1.122402250593162,-0.6829968743182837,-0.651087827846492,0.49999999999999994,0.8660254037844387,-0.5000000000000004,0.8660254037844384,0.9749279121818236,-0.22252093395631434
0.5240489629589584,-2.2466732057599303,-0.6398581040737229,-1.5073836461419021,0.11888933007145361,-0.15123223970226915,0.279702052468793,-0.6841423458248278,0.9952573333036687,-0.6826680894736445,-0.6525136639846563,1.2610621606614376,-0.6505684099646967,0.0,0.0,0.0,0.0,-1.088879101263992,0.0,0.39544381749885527,-1.0145291954521052,-0.6829968743182837,-0.651087827846492,0.49999999999999994,0.8660254037844387,-0.25881904510252157,0.9659258262890681,0.9749279121818236,-0.22252093395631434
0.9011784418609997,-2.4045847752096816,-0.350189796416651,-2.1138840110692954,-0.04292541659874924,-0.5287323942137945,1.1424450030415483,-0.6841423458248278,1.2621073532837381,-0.6826680894736445,-0.6525136639846563,1.4830458676506826,-0.6505684099646967,0.0,0.0,0.0,0.0,-1.6677243841249871,0.0,0.28913103149153097,0.44175704895216006,-0.6829968743182837,-0.651087827846492,0.49999999999999994,0.8660254037844387,-2.4492935982947064e-16,1.0,0.9749279121818236,-0.22252093395631434
0.29844401289784755,-2.2466732057599303,-0.1921889013309754,-1.6656011326447004,-0.20474016326895209,-0.8523039552236732,0.4414663557011846,-0.6841423458248278,1.1035442979332621,-0.6826680894736445,-0.6525136639846563,0.7043953262114846,-0.6505684099646967,0.0,0.0,0.0,0.0,-1.509857488799261,0.0,0.2951972819575658,-0.7987830851699919,-0.6829968743182837,-0.651087827846492,0.49999999999999994,0.8660254037844387,0.25881904510252074,0.9659258262890683,0.43388373911755823,-0.900968867902419
0.29594986488231567,-1.9571686617687203,-0.1921889013309754,-1.955666524566497,-0.20474016326895209,-0.6365895812170874,0.6032306589335762,-0.5064490566301205,0.705202963760115,-0.6826680894736445,-0.08262720370426561,0.800019076914544,-0.6505684099646967,0.0,0.0,0.0,0.0,-1.825591279450713,0.0,0.25339113778152433,-0.31335433703523674,-0.6829968743182837,-0.651087827846492,0.49999999999999994,0.8660254037844387,0.49999999999999994,0.8660254037844387,0.43388373911755823,-0.900968867902419
0.2833247400388913,-1.5097525483277596,-0.350189796416651,-2.1138840110692954,-0.3126166610490873,-0.366946613708855,0.7649949621659677,0.03435660613637991,0.6085181739122638,-0.6826680894736445,0.9581833974066275,1.4557247960212372,-0.6505684099646967,0.0,0.0,0.0,0.0,-2.4044365623117083,0.0,0.27082241394420137,0.44175704895216006,-0.6829968743182837,-0.651087827846492,0.49999999999999994,0.8660254037844387,0.7071067811865476,0.7071067811865476,0.43388373911755823,-0.900968867902419
0.2792975011877593,-0.9307434603453393,-0.350189796416651,-2.1138840110692954,-0.42049315882922256,-0.6365895812170874,0.7649949621659677,0.7296781725504519,-0.02960143908355447,-0.6826680894736445,1.6475071397817107,0.7897736750535019,-0.6505684099646967,0.0,0.8787878787878787,0.0,0.0,-2.4044365623117083,0.0,0.2636450556109666,0.44175704895216006,-0.6829968743182837,-0.651087827846492,0.49999999999999994,0.8660254037844387,0.8660254037844386,0.5000000000000001,0.43388373911755823,-0.900968867902419
0.277312486534045,-0.6412389163541294,-0.6398581040737229,-2.245731916488294,-0.15080191437888446,-0.2590894267055621,0.6032306589335762,0.9923552087513234,-0.536229737886295,-0.6826680894736445,1.258482849530426,-0.2313513770970254,-0.6505684099646967,0.0,0.8787878787878787,0.0,0.0,-2.246569666985982,0.0,0.2940947277719139,0.11813788352899002,-0.6829968743182837,-0.651087827846492,0.49999999999999994,0.8660254037844387,0.9659258262890683,0.25881904510252074,0.43388373911755823,-0.900968867902419
0.30977631120065474,-0.3517343723629195,-0.9295264117307949,-2.245731916488294,-0.5283696566093578,-0.15123223970226915,0.7649949621659677,1.2588951425433843,-0.6831906184550289,-0.6826680894736445,1.480294944849141,-0.6514128533997506,-0.6505684099646967,0.0,0.8787878787878787,0.0,0.0,-2.4044365623117083,0.0,0.3584511423697805,-0.043671699182595024,-0.6829968743182837,-0.651087827846492,0.49999999999999994,0.8660254037844387,1.0,6.123233995736766e-17,0.43388373911755823,-0.900968867902419
0.6112750856660409,-0.19382280291316867,-1.2191947193878672,-1.8238186191474985,-0.8519991499497634,0.11841072780596318,0.4414663557011846,1.1005163413046235,-0.6831906184550289,-0.6826680894736445,0.7022463643465717,-0.6514128533997506,-0.6505684099646967,0.0,0.8787878787878787,0.0,0.0,-2.246569666985982,0.0,0.3977556164010849,-0.20548128189418005,-0.6829968743182837,-0.651087827846492,0.49999999999999994,0.8660254037844387,0.9659258262890683,-0.25881904510252063,0.43388373911755823,-0.900968867902419
0.2362908101994622,-0.19382280291316867,-1.0875273068164708,-2.1138840110692954,-0.6362461543894931,-0.4208752072105015,0.9267592653983594,0.7026378894121268,-0.6831906184550289,-0.5393650906614903,0.7977961900223258,-0.6514128533997506,-0.483166402763115,0.0,0.8787878787878787,0.0,0.0,-1.9571470255554846,0.0809643703470961,0.40396896970188667,-0.20548128189418005,-0.5048965798490164,-0.08020454056743462,0.49999999999999994,0.8660254037844387,0.8660254037844387,-0.4999999999999998,0.43388373911755823,-0.900968867902419
0.189497141222718,-0.3517343723629195,-1.0875273068164708,-1.8238186191474985,-0.36655490993915496,-0.4208752072105015,0.7649949621659677,0.6060654496323946,-0.6831906184550289,-0.365077659673735,1.4529949946560685,-0.6514128533997506,-0.5514937526413116,0.0,0.0,0.0,0.0,-1.509857488799261,0.218795049561436,0.40785725821111163,-0.31335433703523674,0.03714779462266677,0.9624266128464127,0.49999999999999994,0.8660254037844387,0.7071067811865476,-0.7071067811865475,0.43388373911755823,-0.900968867902419
0.19023508530096442,-0.3517343723629195,-1.2191947193878672,-1.6656011326447004,-0.6362461543894931,0.11841072780596318,0.7649949621659677,-0.031312652913837995,-0.6831906184550289,-0.39993514587128604,0.7875587086999236,-0.6514128533997506,-0.6369029399890573,0.8787878787878787,0.0,0.0,0.0,-0.9310122059382657,0.39905649241613383,0.39659697669869565,-0.42122739217629346,0.7340619903719737,1.6529560980582065,0.49999999999999994,0.8660254037844387,0.49999999999999994,-0.8660254037844387,0.43388373911755823,-0.900968867902419
0.1920599351990169,-0.6412389163541294,-1.5088630270449392,-1.2173182542201055,-0.2586784121590197,0.2801965083109026,0.4414663557011846,-0.5373522373596348,-0.6831906184550289,0.8510613032186015,-0.23277692976616493,-0.6514128533997506,0.6647330751905876,0.8787878787878787,0.0,0.0,0.0,-0.6415895645077683,0.40996630942071743,0.40120520860815867,-0.15154475432365172,0.997340686543934,1.2632513390772933,0.49999999999999994,0.8660254037844387,0.258819045102521,-0.9659258262890682,0.43388373911755823,-0.900968867902419
0.22893424568342338,-0.9307434603453393,-2.114533124873362,-0.7954049568793099,-0.15080191437888446,1.1430540043372461,0.1718591836471986,-0.6841423458248278,-0.6831906184550289,0.9827451399649054,-0.6525136639846563,-0.6514128533997506,0.35384363324479307,0.8787878787878787,0.0,0.0,0.0,-0.3521669230772707,0.404278569457962,0.37924176171625157,-0.5291004473173502,1.264491128247835,1.4854514209523755,0.49999999999999994,0.8660254037844387,1.2246467991473532e-16,-1.0,0.43388373911755823,-0.900968867902419
0.2507979841877483,-1.2202480043365496,-1.6668639221306147,-0.7954049568793099,0.11888933007145361,0.441982288815842,-0.15166942281758458,-0.6841423458248278,-0.6831906184550289,0.3165798481894855,-0.6525136639846563,-0.6514128533997506,-0.6505684099646967,0.8787878787878787,0.0,0.0,0.0,-0.19430002775154487,0.09768942848311607,0.39729382003678904,-0.8527196127405202,1.1057495614382706,0.7060419029905486,0.49999999999999994,0.8660254037844387,-0.2588190451025208,-0.9659258262890683,0.43388373911755823,-0.900968867902419
0.22420339259902458,-1.0886550297950905,-1.9565322297876868,-0.7954049568793099,-0.42049315882922256,0.6037680693207814,-0.4212765948715706,-0.6841423458248278,-0.6831906184550289,0.335945118299236,-0.6525136639846563,-0.6514128533997506,-0.4797500352692052,0.8787878787878787,0.0,0.0,0.0,-0.19430002775154487,0.05153336413627032,0.3782281760626296,-0.6369735024584068,0.7069597716483895,0.8017588613367378,0.49999999999999994,0.8660254037844387,-0.4999999999999997,-0.8660254037844388,0.43388373911755823,-0.900968867902419
0.27447511901157173,-1.0886550297950905,-2.114533124873362,-0.7954049568793099,-0.42049315882922256,0.7655538498257208,0.010094880414807005,-0.6841423458248278,-0.6831906184550289,-0.25663214705913173,-0.6525136639846563,-0.6514128533997506,-0.5344119151717625,0.0,0.0,0.0,0.0,-0.3521669230772707,0.02444175796853034,0.370619445837192,-0.3672908646057651,0.6101661333498747,1.45810371856775,0.49999999999999994,0.8660254037844387,-0.7071067811865471,-0.7071067811865479,0.43388373911755823,-0.900968867902419
0.5973685466729769,-1.2202480043365496,-2.114533124873362,-1.3755357407229036,0.11888933007145361,0.7655538498257208,0.7649949621659677,-0.6841423458248278,-0.6831906184550289,-0.4890153883761387,-0.6525136639846563,-0.6514128533997506,-0.623237470013418,0.0,0.0,0.8787878787878787,0.8787878787878787,-0.3521669230772707,0.0,0.4461771369106877,-0.6369735024584068,-0.02867187942032333,0.7915034729425032,0.49999999999999994,0.8660254037844387,-0.8660254037844385,-0.5000000000000004,0.43388373911755823,-0.900968867902419
0.7153166199536939,-1.5097525483277596,-2.2462005374447584,-1.5073836461419021,0.2807040767416565,0.6037680693207814,0.9806806998091566,-0.6841423458248278,-0.6831906184550289,-0.6284453331663429,-0.6525136639846563,-0.6514128533997506,-0.643735674976877,0.0,0.0,0.8787878787878787,0.8787878787878787,-0.6415895645077683,0.0,0.5058175534555156,-0.2594178094647084,-0.5358705441045412,-0.23061690368287488,0.49999999999999994,0.8660254037844387,-0.9659258262890683,-0.25881904510252063,0.43388373911755823,-0.900968867902419
0.8332646932344109,-2.115080231218471,-2.2462005374447584,-1.5073836461419021,1.1437160589827384,0.7655538498257208,0.9806806998091566,-0.6841423458248278,-0.6831906184550289,-0.6826680894736445,-0.6525136639846563,-0.6514128533997506,-0.6505684099646967,0.0,0.0,0.8787878787878787,0.8787878787878787,-0.9310122059382657,0.0,0.5176317754825568,-0.15154475432365172,-0.6829968743182837,-0.651087827846492,0.49999999999999994,0.8660254037844387,-1.0,-1.8369701987210297e-16,0.43388373911755823,-0.900968867902419
0.852439844039331,-1.6676641177775104,-1.8248648172162902,-1.5073836461419021,0.44251882341185933,0.441982288815842,1.1424450030415483,-0.6841423458248278,-0.6831906184550289,-0.6826680894736445,-0.6525136639846563,-0.6514128533997506,-0.6505684099646967,0.0,0.0,0.8787878787878787,0.8787878787878787,-1.2204348473687636,0.0,0.5061788056468843,0.11813788352899002,-0.6829968743182837,-0.651087827846492,0.49999999999999994,0.8660254037844387,-0.9659258262890684,0.2588190451025203,0.43388373911755823,-0.900968867902419
0.8278702533764686,-1.9571686617687203,-2.114533124873362,-1.6656011326447004,0.6043335700820621,0.9273396303306602,1.3042093062739397,-0.6841423458248278,-0.540097129480209,-0.6826680894736445,-0.6525136639846563,-0.4840712896693967,-0.6505684099646967,0.0,0.0,0.8787878787878787,0.8787878787878787,-1.088879101263992,0.0,0.4685695995908984,-0.42122739217629346,-0.6829968743182837,-0.651087827846492,0.49999999999999994,0.8660254037844387,-0.8660254037844386,0.5000000000000001,0.43388373911755823,-0.900968867902419
0.4777072075034344,-2.115080231218471,-1.8248648172162902,-1.8238186191474985,0.766148316752265,0.7655538498257208,1.3042093062739397,-0.6841423458248278,-0.36606450775407684,-0.6826680894736445,-0.6525136639846563,-0.5523739687430106,-0.6505684099646967,0.0,0.0,0.0,0.0,-1.088879101263992,0.0,0.429704590156495,-0.42122739217629346,-0.6829968743182837,-0.651087827846492,0.49999999999999994,0.8660254037844387,-0.7071067811865477,0.7071067811865474,0.43388373911755823,-0.900968867902419
0.8896058655340174,-2.115080231218471,-1.6668639221306147,-2.1138840110692954,0.766148316752265,0.7655538498257208,1.3042093062739397,-0.6841423458248278,-0.4008710320993033,-0.6826680894736445,-0.6525136639846563,-0.6377523175850279,-0.6505684099646967,0.0,0.0,0.0,0.0,-1.2204348473687636,0.0,0.3534126654004144,0.11813788352899002,-0.6829968743182837,-0.651087827846492,0.49999999999999994,0.8660254037844387,-0.5000000000000004,0.8660254037844384,0.43388373911755823,-0.900968867902419
0.6524283391459241,-2.2466732057599303,-1.2191947193878672,-2.1138840110692954,0.6043335700820621,0.441982288815842,1.3042093062739397,-0.6841423458248278,0.8482964527349349,-0.6826680894736445,-0.6525136639846563,0.6634137187673163,-0.6505684099646967,0.0,0.0,0.0,0.0,-1.509857488799261,0.0,0.32239337951194524,0.27994746624057504,-0.6829968743182837,-0.651087827846492,0.49999999999999994,0.8660254037844387,-0.25881904510252157,0.9659258262890681,0.43388373911755823,-0.900968867902419
0.46865737023464343,-2.2466732057599303,-0.7978589991593985,-1.3755357407229036,0.766148316752265,0.17233932130760965,0.9806806998091566,-0.6841423458248278,0.9797877669280126,-0.6826680894736445,-0.6525136639846563,0.35263652898237313,-0.6505684099646967,0.0,0.0,0.0,0.0,-2.11501392088121,0.0,0.32824742696807785,1.1429319073690285,-0.6829968743182837,-0.651087827846492,0.49999999999999994,0.8660254037844387,-2.4492935982947064e-16,1.0,0.43388373911755823,-0.900968867902419
0.42879696045686766,-1.8255756872272613,-0.7978589991593985,-2.1138840110692954,0.44251882341185933,-0.15123223970226915,1.3042093062739397,-0.6841423458248278,0.314596412774796,-0.6826680894736445,-0.6525136639846563,-0.6514128533997506,-0.6505684099646967,0.0,0.0,0.0,0.0,-1.6677243841249871,0.0,0.28519444285236695,0.44175704895216006,-0.6829968743182837,-0.651087827846492,0.49999999999999994,0.8660254037844387,0.25881904510252074,0.9659258262890683,-0.433883739117558,-0.9009688679024191
0.3889365506790919,-2.115080231218471,-0.7978589991593985,-2.1138840110692954,0.9279630634224678,-0.4208752072105015,1.5198950439171286,-0.5412151349508241,0.33393337074436624,-0.6826680894736445,-0.48530146905208654,-0.480656155715716,-0.6505684099646967,0.0,0.0,0.0,0.0,-1.9571470255554846,0.0,0.2756960660799046,0.6035666316637451,-0.6829968743182837,-0.651087827846492,0.49999999999999994,0.8660254037844387,0.49999999999999994,0.8660254037844387,-0.433883739117558,-0.9009688679024191
0.24923057380406263,-1.8255756872272613,-0.7978589991593985,-2.1138840110692954,0.766148316752265,0.010553540802670241,1.3042093062739397,-0.3673847433473061,-0.2577775431244834,-0.6826680894736445,-0.5535513445347681,-0.5352982989746071,-0.6505684099646967,0.0,0.0,0.0,0.0,-2.11501392088121,0.0,0.26929069031129604,0.7653762143753301,-0.6829968743182837,-0.651087827846492,0.49999999999999994,0.8660254037844387,0.7071067811865476,0.7071067811865476,-0.433883739117558,-0.9009688679024191
0.18982320953636178,-1.6676641177775104,-1.3771956144735429,-2.1138840110692954,0.766148316752265,0.7655538498257208,1.3042093062739397,-0.4021508216680097,-0.4898210387593264,-0.6826680894736445,-0.63886368888812,-0.6240917817703051,-0.6505684099646967,0.0,0.8787878787878787,0.0,0.0,-2.11501392088121,0.0,0.32182304870932366,0.7653762143753301,-0.6829968743182837,-0.651087827846492,0.49999999999999994,0.8660254037844387,0.8660254037844386,0.5000000000000001,-0.433883739117558,-0.9009688679024191
0.18927975319416068,-1.2202480043365496,-1.5088630270449392,-2.1138840110692954,0.44251882341185933,0.9812682238323067,1.3042093062739397,0.8455651002861305,-0.6290471361402322,-0.6826680894736445,0.6612964390569628,-0.6445825854923893,-0.6505684099646967,0.0,0.8787878787878787,0.0,0.0,-2.246569666985982,0.0,0.3790472294855953,0.6035666316637451,-0.6829968743182837,-0.651087827846492,0.49999999999999994,0.8660254037844387,0.9659258262890683,0.25881904510252074,-0.433883739117558,-0.9009688679024191
0.19379324570838646,-0.7991504858038802,-1.5088630270449392,-2.1138840110692954,0.17282757896152123,0.9812682238323067,1.3042093062739397,0.9769036183865663,-0.6831906184550289,-0.6826680894736445,0.35075950561076197,-0.6514128533997506,-0.6505684099646967,0.0,0.8787878787878787,0.0,0.0,-2.246569666985982,0.0,0.45160124662481715,0.7653762143753301,-0.6829968743182837,-0.651087827846492,0.49999999999999994,0.8660254037844387,1.0,6.123233995736766e-17,-0.433883739117558,-0.9009688679024191
0.22135458179489143,-0.7991504858038802,-1.5088630270449392,-2.1138840110692954,-0.15080191437888446,1.1430540043372461,1.1424450030415483,0.3124852327020087,-0.6831906184550289,-0.6826680894736445,-0.6525136639846563,-0.6514128533997506,-0.6505684099646967,0.0,0.8787878787878787,0.0,0.0,-1.825591279450713,0.0,0.5000597477217115,0.44175704895216006,-0.6829968743182837,-0.651087827846492,0.49999999999999994,0.8660254037844387,0.9659258262890683,-0.25881904510252063,-0.433883739117558,-0.9009688679024191
0.3071563179775466,-0.7991504858038802,-1.6668639221306147,-2.1138840110692954,-0.42049315882922256,1.3048397848421855,1.1424450030415483,0.3317997206579551,-0.6831906184550289,-0.632318387188293,-0.48188897527795244,-0.6514128533997506,-0.643735674976877,0.0,0.8787878787878787,0.0,0.0,-2.11501392088121,0.025046012818449575,0.5228091601426916,0.9271857970869152,-0.5397422896364817,-0.48358315074066077,0.49999999999999994,0.8660254037844387,0.8660254037844387,-0.4999999999999998,-0.433883739117558,-0.9009688679024191
0.5575381695030368,-0.7991504858038802,-1.8248648172162902,-2.1138840110692954,0.01101283229131838,1.3048397848421855,1.3042093062739397,-0.259223610794006,-0.6831906184550289,-0.4580309562005378,-0.5364888756640976,-0.6514128533997506,-0.6266538375073278,0.0,0.0,0.0,0.0,-1.825591279450713,0.07561617182929851,0.5273864553835617,0.7653762143753301,-0.365513740699155,-0.5519524067022246,0.49999999999999994,0.8660254037844387,0.7071067811865476,-0.7071067811865475,-0.433883739117558,-0.9009688679024191
0.6017104036914966,-1.3781595737863004,-2.114533124873362,-2.1138840110692954,0.766148316752265,1.3048397848421855,1.5198950439171286,-0.49099746626536334,-0.6831906184550289,-0.32634711945423384,-0.6252137137915836,-0.6514128533997506,-0.6266538375073278,0.8787878787878787,0.0,0.0,0.0,-1.6677243841249871,0.1345322397332768,0.5136797697287463,0.7653762143753301,-0.40035945048662036,-0.6374139766541792,0.49999999999999994,0.8660254037844387,0.49999999999999994,-0.8660254037844387,-0.433883739117558,-0.9009688679024191
0.3775584826819432,-1.5097525483277596,-2.114533124873362,-1.955666524566497,0.9819013123125355,1.3048397848421855,1.5198950439171286,-0.6300617795481778,-0.6831906184550289,-0.020375851720174663,-0.645688676436388,-0.6514128533997506,-0.39434084792145946,0.8787878787878787,0.0,0.0,0.0,-1.2204348473687636,0.13397232663715375,0.5136915502482436,0.44175704895216006,0.8502143563301915,0.6650203494136103,0.49999999999999994,0.8660254037844387,0.258819045102521,-0.9659258262890682,-0.433883739117558,-0.9009688679024191
0.25488813362962526,-1.5097525483277596,-1.3771956144735429,-1.5073836461419021,0.9819013123125355,0.9812682238323067,1.3042093062739397,-0.6841423458248278,-0.6831906184550289,0.5915666837479437,-0.6525136639846563,-0.6514128533997506,-0.4080063178970988,0.8787878787878787,0.0,0.0,0.0,-0.7994564598334941,0.11254629753806408,0.5103595583575434,0.17207441109951835,0.9818537044161717,0.35394023478849523,0.49999999999999994,0.8660254037844387,1.2246467991473532e-16,-1.0,-0.433883739117558,-0.9009688679024191
0.2660659785207065,-1.5097525483277596,-2.114533124873362,-1.5073836461419021,1.1437160589827384,1.3048397848421855,1.3042093062739397,-0.6841423458248278,-0.6831906184550289,-0.28761657923473266,-0.6525136639846563,-0.6514128533997506,-0.6300702050012377,0.8787878787878787,0.0,0.0,0.0,-0.7994564598334941,0.11926514825430157,0.5181283499891951,-0.15154475432365172,0.3159134729223895,-0.651087827846492,0.49999999999999994,0.8660254037844387,-0.2588190451025208,-0.9659258262890683,-0.433883739117558,-0.9009688679024191
0.2826954625165392,-1.6676641177775104,-2.114533124873362,-1.5073836461419021,1.305530805652941,1.5205541588487714,1.3042093062739397,-0.6841423458248278,-0.6831906184550289,0.32432595623338567,-0.6525136639846563,-0.6514128533997506,-0.6471520424707868,0.8787878787878787,0.0,0.0,0.0,-0.7994564598334941,0.030844623131281394,0.5390432794261882,-0.42122739217629346,0.3352722005820925,-0.48016468794258255,0.49999999999999994,0.8660254037844387,-0.4999999999999997,-0.8660254037844388,-0.433883739117558,-0.9009688679024191
0.22726958113482093,-1.8255756872272613,-2.114533124873362,-1.3755357407229036,1.305530805652941,1.3048397848421855,1.3042093062739397,-0.6841423458248278,-0.6831906184550289,-0.25663214705913173,-0.6525136639846563,-0.6514128533997506,-0.6334865724951475,0.0,0.0,0.0,0.0,-0.7994564598334941,0.00613122801538827,0.5590290331927404,0.010264828387933323,-0.2571048658048184,-0.5348600927118335,0.49999999999999994,0.8660254037844387,-0.7071067811865471,-0.7071067811865479,-0.433883739117558,-0.9009688679024191
0.22340824584167093,-2.115080231218471,-2.114533124873362,-1.3755357407229036,1.305530805652941,1.3048397848421855,0.9806806998091566,-0.6841423458248278,-0.6831906184550289,-0.48514233435418863,-0.6525136639846563,-0.6514128533997506,-0.6471520424707868,0.0,0.0,0.8787878787878787,0.8787878787878787,-1.3783017426944895,0.0,0.6251168256191673,0.7653762143753301,-0.48940959772125403,-0.6237401254618664,0.49999999999999994,0.8660254037844387,-0.8660254037844385,-0.5000000000000004,-0.433883739117558,-0.9009688679024191
0.5568216772875301,-2.115080231218471,-2.114533124873362,-1.3755357407229036,1.305530805652941,1.3048397848421855,1.1424450030415483,-0.6841423458248278,-0.6831906184550289,-0.6284453331663429,-0.6525136639846563,-0.6514128533997506,-0.6471520424707868,0.0,0.0,0.8787878787878787,0.8787878787878787,-1.509857488799261,0.0,0.6870235067973853,0.9811223246574435,-0.6287924368711154,-0.6442509022503355,0.49999999999999994,0.8660254037844387,-0.9659258262890683,-0.25881904510252063,-0.433883739117558,-0.9009688679024191
0.8902351087333892,-1.3781595737863004,-2.114533124873362,-1.3755357407229036,0.9819013123125355,1.3048397848421855,1.1424450030415483,-0.6841423458248278,-0.6831906184550289,-0.6826680894736445,-0.6525136639846563,-0.6514128533997506,-0.6505684099646967,0.0,0.0,0.8787878787878787,0.8787878787878787,-1.509857488799261,0.0,0.6351093183550685,0.9811223246574435,-0.6829968743182837,-0.651087827846492,0.49999999999999994,0.8660254037844387,-1.0,-1.8369701987210297e-16,-0.433883739117558,-0.9009688679024191
0.578691147729579,-2.115080231218471,-2.114533124873362,-1.5073836461419021,1.305530805652941,1.1430540043372461,1.3042093062739397,-0.6841423458248278,-0.6831906184550289,-0.6826680894736445,-0.6525136639846563,-0.6514128533997506,-0.6505684099646967,0.0,0.0,0.8787878787878787,0.8787878787878787,-1.509857488799261,0.0,0.6416897628873375,1.1429319073690285,-0.6829968743182837,-0.651087827846492,0.49999999999999994,0.8660254037844387,-0.9659258262890684,0.2588190451025203,-0.433883739117558,-0.9009688679024191
0.6249013088783125,-2.115080231218471,-2.114533124873362,-1.5073836461419021,1.5212838012132117,1.1430540043372461,1.3042093062739397,-0.6841423458248278,-0.6329145277341462,-0.6826680894736445,-0.6525136639846563,-0.6445825854923893,-0.6505684099646967,0.0,0.0,0.8787878787878787,0.8787878787878787,-1.6677243841249871,0.0,0.6356995223818858,1.3047414900806136,-0.6829968743182837,-0.651087827846492,0.49999999999999994,0.8660254037844387,-0.8660254037844386,0.5000000000000001,-0.433883739117558,-0.9009688679024191
0.6720324928826584,-2.115080231218471,-2.114533124873362,-1.3755357407229036,1.305530805652941,1.3048397848421855,1.1424450030415483,-0.6841423458248278,-0.45888190600801404,-0.6826680894736445,-0.6525136639846563,-0.6275069157239859,-0.6505684099646967,0.0,0.0,0.0,0.0,-1.825591279450713,0.0,0.6272922265934778,1.3047414900806136,-0.6829968743182837,-0.651087827846492,0.49999999999999994,0.8660254037844387,-0.7071067811865477,0.7071067811865474,-0.433883739117558,-0.9009688679024191
0.34196555202419604,-2.115080231218471,-2.114533124873362,-1.3755357407229036,1.305530805652941,1.5205541588487714,1.1424450030415483,-0.6841423458248278,-0.32739059181493635,-0.6826680894736445,-0.6525136639846563,-0.6275069157239859,-0.6505684099646967,0.0,0.0,0.0,0.0,-2.11501392088121,0.0,0.5615877108079146,1.3047414900806136,-0.6829968743182837,-0.651087827846492,0.49999999999999994,0.8660254037844387,-0.5000000000000004,0.8660254037844384,-0.433883739117558,-0.9009688679024191
0.8959270258623158,-2.115080231218471,-1.9565322297876868,-1.3755357407229036,1.305530805652941,1.5205541588487714,1.1424450030415483,-0.6841423458248278,-0.02186665589572637,-0.6826680894736445,-0.6525136639846563,-0.3952778068736987,-0.6505684099646967,0.0,0.0,0.0,0.0,-2.11501392088121,0.0,0.5197659958582765,1.3047414900806136,-0.6829968743182837,-0.651087827846492,0.49999999999999994,0.8660254037844387,-0.25881904510252157,0.9659258262890681,-0.433883739117558,-0.9009688679024191
0.36093469630085423,-2.115080231218471,-1.5088630270449392,-1.3755357407229036,1.305530805652941,1.3048397848421855,-0.5830408981039622,-0.6841423458248278,0.5891812159426936,-0.6826680894736445,-0.6525136639846563,-0.40893834268842144,-0.6505684099646967,0.0,0.0,0.0,0.0,-1.3783017426944895,0.0,0.49402095098807053,0.9811223246574435,-0.6829968743182837,-0.651087827846492,0.49999999999999994,0.8660254037844387,-2.4492935982947064e-16,1.0,-0.433883739117558,-0.9009688679024191
0.34075851577304755,-2.115080231218471,-1.5088630270449392,-1.5073836461419021,1.1437160589827384,1.3048397848421855,1.3042093062739397,-0.6841423458248278,-0.2887166758757958,-0.6826680894736445,-0.6525136639846563,-0.6309220496776665,-0.6505684099646967,0.0,0.0,0.0,0.0,-2.11501392088121,0.0,0.4628759720785297,1.3047414900806136,-0.6829968743182837,-0.651087827846492,0.49999999999999994,0.8660254037844387,0.25881904510252074,0.9659258262890683,-0.9749279121818236,-0.2225209339563146
0.19093870639882732,-2.115080231218471,-1.5088630270449392,-1.5073836461419021,1.1437160589827384,1.3048397848421855,1.3042093062739397,-0.633924677139367,0.3223311959626241,-0.6826680894736445,-0.645688676436388,-0.64799771944607,-0.6505684099646967,0.0,0.0,0.0,0.0,-2.11501392088121,0.0,0.4680321005839193,1.520487600362727,-0.6829968743182837,-0.651087827846492,0.49999999999999994,0.8660254037844387,0.49999999999999994,0.8660254037844387,-0.9749279121818236,-0.2225209339563146
0.1351352585036978,-2.115080231218471,-1.3771956144735429,-1.5073836461419021,1.305530805652941,1.3048397848421855,1.5198950439171286,-0.460094285535849,-0.2577775431244834,-0.6826680894736445,-0.6286262075657176,-0.6343371836313472,-0.6505684099646967,0.0,0.0,0.0,0.0,-2.11501392088121,0.0,0.4636852937679976,1.3047414900806136,-0.6829968743182837,-0.651087827846492,0.49999999999999994,0.8660254037844387,0.7071067811865476,0.7071067811865476,-0.9749279121818236,-0.2225209339563146
0.13416849684442636,-2.115080231218471,-1.3771956144735429,-1.5073836461419021,1.5212838012132117,0.9812682238323067,1.5198950439171286,-0.32875576743541324,-0.4859536471654124,-0.6826680894736445,-0.6286262075657176,-0.64799771944607,-0.6505684099646967,0.0,0.8787878787878787,0.0,0.0,-2.11501392088121,0.0,0.46564383074425675,1.3047414900806136,-0.6829968743182837,-0.651087827846492,0.49999999999999994,0.8660254037844387,0.8660254037844386,0.5000000000000001,-0.9749279121818236,-0.2225209339563146
0.13333330203356114,-1.9571686617687203,-1.3771956144735429,-1.5073836461419021,1.5212838012132117,1.1430540043372461,1.5198950439171286,-0.02358685773145942,-0.6290471361402322,-0.6826680894736445,-0.39657663092460055,-0.64799771944607,-0.6505684099646967,0.0,0.8787878787878787,0.0,0.0,-2.11501392088121,0.0,0.5187071832537149,1.3047414900806136,-0.6829968743182837,-0.651087827846492,0.49999999999999994,0.8660254037844387,0.9659258262890683,0.25881904510252074,-0.9749279121818236,-0.2225209339563146
0.13336762844624273,-1.5097525483277596,-1.3771956144735429,-1.5073836461419021,1.305530805652941,1.1430540043372461,1.5198950439171286,0.5867509616764481,-0.6831906184550289,-0.6826680894736445,-0.41022660602113686,-0.6514128533997506,-0.6505684099646967,0.0,0.8787878787878787,0.0,0.0,-2.11501392088121,0.0,0.5613240832694238,1.3047414900806136,-0.6829968743182837,-0.651087827846492,0.49999999999999994,0.8660254037844387,1.0,6.123233995736766e-17,-0.9749279121818236,-0.2225209339563146
0.116509323437087,-1.5097525483277596,-1.5088630270449392,-1.3755357407229036,1.305530805652941,1.3048397848421855,1.3042093062739397,-0.29012679152352033,-0.6831906184550289,-0.6826680894736445,-0.6320387013398517,-0.6514128533997506,-0.6505684099646967,0.0,0.8787878787878787,0.0,0.0,-2.11501392088121,0.0,0.606242691916315,1.1429319073690285,-0.6829968743182837,-0.651087827846492,0.49999999999999994,0.8660254037844387,0.9659258262890683,-0.25881904510252063,-0.9749279121818236,-0.2225209339563146
0.10563466372862786,-1.5097525483277596,-1.5088630270449392,-1.3755357407229036,1.305530805652941,1.3048397848421855,1.3042093062739397,0.32021102788438727,-0.6831906184550289,-0.5587303607712408,-0.6491011702105222,-0.6514128533997506,-0.6471520424707868,0.0,0.8787878787878787,0.0,0.0,-2.11501392088121,0.06745460026004747,0.6097278305604806,1.1429319073690285,-0.632664182403056,-0.6442509022503355,0.49999999999999994,0.8660254037844387,0.8660254037844387,-0.4999999999999998,-0.9749279121818236,-0.2225209339563146
0.13998624201943902,-1.3781595737863004,-1.3771956144735429,-1.3755357407229036,1.305530805652941,1.1430540043372461,1.5198950439171286,-0.259223610794006,-0.6831906184550289,-0.22564771488353083,-0.6354511951139858,-0.6514128533997506,-0.6505684099646967,0.0,0.0,0.0,0.0,-2.11501392088121,0.21694902869633115,0.6337391927178769,1.3047414900806136,-0.45843563346572924,-0.6271585882599446,0.49999999999999994,0.8660254037844387,0.7071067811865476,-0.7071067811865475,-0.9749279121818236,-0.2225209339563146
0.23622787901492895,-1.3781595737863004,-1.3771956144735429,-1.3755357407229036,0.9819013123125355,1.1430540043372461,1.5198950439171286,-0.48713456867417404,-0.6831906184550289,-0.004883635632374196,-0.6491011702105222,-0.6514128533997506,-0.6471520424707868,0.8787878787878787,0.0,0.0,0.0,-2.11501392088121,0.3865279512704775,0.5940248590473646,1.520487600362727,-0.3267962853797491,-0.6271585882599446,0.49999999999999994,0.8660254037844387,0.49999999999999994,-0.8660254037844387,-0.9749279121818236,-0.2225209339563146
0.2087942758999214,-1.3781595737863004,-1.3771956144735429,-1.2173182542201055,1.1437160589827384,1.1430540043372461,1.1424450030415483,-0.6300617795481778,-0.6831906184550289,0.21975349764073254,-0.6491011702105222,-0.6514128533997506,-0.6471520424707868,0.8787878787878787,0.0,0.0,0.0,-1.9571470255554846,0.23558292961688554,0.5922314030030182,1.520487600362727,-0.020928388356442142,-0.3947031179906279,0.49999999999999994,0.8660254037844387,0.258819045102521,-0.9659258262890682,-0.9749279121818236,-0.2225209339563146
0.10780844790985565,-1.3781595737863004,-1.3771956144735429,-1.3755357407229036,1.1437160589827384,-0.582660987715441,1.3042093062739397,-0.6841423458248278,-0.6831906184550289,-0.028121959764074896,-0.6525136639846563,-0.6514128533997506,-0.6505684099646967,0.8787878787878787,0.0,0.0,0.0,-1.509857488799261,0.5499257440601635,0.5654121796332539,1.3047414900806136,0.5908074056901716,-0.40837696918294064,0.49999999999999994,0.8660254037844387,1.2246467991473532e-16,-1.0,-0.9749279121818236,-0.2225209339563146
0.12145755425314896,-1.5097525483277596,-1.5088630270449392,-1.3755357407229036,1.305530805652941,1.3048397848421855,0.9806806998091566,-0.6841423458248278,-0.6831906184550289,-0.02424890574212478,-0.6525136639846563,-0.6514128533997506,-0.6471520424707868,0.8787878787878787,0.0,0.0,0.0,-1.509857488799261,0.6356797795216456,0.5630611464791331,1.3047414900806136,-0.2880788300603431,-0.6305770510580229,0.49999999999999994,0.8660254037844387,-0.2588190451025208,-0.9659258262890683,-0.9749279121818236,-0.2225209339563146
0.16298263887642128,-1.5097525483277596,-1.5088630270449392,-1.6656011326447004,1.305530805652941,1.3048397848421855,1.3042093062739397,-0.6841423458248278,-0.6831906184550289,0.1848960114431815,-0.6525136639846563,-0.6514128533997506,-0.6471520424707868,0.8787878787878787,0.0,0.0,0.0,-1.509857488799261,0.5758919866382948,0.5373443236360707,1.3047414900806136,0.3236569639862707,-0.6476693650484138,0.49999999999999994,0.8660254037844387,-0.4999999999999997,-0.8660254037844388,-0.9749279121818236,-0.2225209339563146
0.12176073943577101,-1.3781595737863004,-1.5088630270449392,-1.6656011326447004,1.1437160589827384,1.5205541588487714,1.1424450030415483,-0.6841423458248278,-0.6831906184550289,0.05321217469687755,-0.6525136639846563,-0.6514128533997506,-0.6471520424707868,0.0,0.0,0.0,0.0,-1.3783017426944895,0.4288866462562617,0.5565855485703903,1.3047414900806136,-0.2571048658048184,-0.633995513856101,0.49999999999999994,0.8660254037844387,-0.7071067811865471,-0.7071067811865479,-0.9749279121818236,-0.2225209339563146
0.2439448348249951,-1.3781595737863004,-1.5088630270449392,-1.3755357407229036,1.1437160589827384,1.5205541588487714,0.6032306589335762,-0.6841423458248278,-0.6831906184550289,-0.2914896332566828,-0.6525136639846563,-0.6514128533997506,-0.6505684099646967,0.0,0.0,0.8787878787878787,0.8787878787878787,-1.3783017426944895,0.13532497098520863,0.6243993407621288,0.9811223246574435,-0.4855378521893134,-0.6476693650484138,0.49999999999999994,0.8660254037844387,-0.8660254037844385,-0.5000000000000004,-0.9749279121818236,-0.2225209339563146
0.6129655181921664,-1.3781595737863004,-1.5088630270449392,-1.3755357407229036,1.1437160589827384,1.5205541588487714,0.6032306589335762,-0.6841423458248278,-0.6831906184550289,-0.6168261711004925,-0.6525136639846563,-0.6514128533997506,-0.6505684099646967,0.0,0.0,0.8787878787878787,0.8787878787878787,-1.3783017426944895,0.0,0.6600146170637136,1.1429319073690285,-0.6287924368711154,-0.6476693650484138,0.49999999999999994,0.8660254037844387,-0.9659258262890683,-0.25881904510252063,-0.9749279121818236,-0.2225209339563146
0.9819862015593376,-1.3781595737863004,-1.5088630270449392,-1.5073836461419021,-0.5823079054994255,1.5205541588487714,0.6032306589335762,-0.6841423458248278,-0.6831906184550289,-0.6826680894736445,-0.6525136639846563,-0.6514128533997506,-0.6505684099646967,0.0,0.0,0.8787878787878787,0.8787878787878787,-1.3783017426944895,0.0,0.6640424278995072,1.1429319073690285,-0.6829968743182837,-0.651087827846492,0.49999999999999994,0.8660254037844387,-1.0,-1.8369701987210297e-16,-0.9749279121818236,-0.2225209339563146
0.7888965091509411,-1.5097525483277596,-1.3771956144735429,-1.5073836461419021,1.305530805652941,1.3048397848421855,0.6032306589335762,-0.6841423458248278,-0.6831906184550289,-0.6826680894736445,-0.6525136639846563,-0.6514128533997506,-0.6505684099646967,0.0,0.0,0.8787878787878787,0.8787878787878787,-1.509857488799261,0.0,0.6443126187239472,1.3047414900806136,-0.6829968743182837,-0.651087827846492,0.49999999999999994,0.8660254037844387,-0.9659258262890684,0.2588190451025203,-0.9749279121818236,-0.2225209339563146
0.5552656792948218,-1.5097525483277596,-1.3771956144735429,-1.5073836461419021,1.305530805652941,1.3048397848421855,0.4414663557011846,-0.6841423458248278,-0.5594340874497793,-0.6826680894736445,-0.6525136639846563,-0.64799771944607,-0.6505684099646967,0.0,0.0,0.8787878787878787,0.8787878787878787,-1.509857488799261,0.0,0.6257772517861188,1.3047414900806136,-0.6829968743182837,-0.651087827846492,0.49999999999999994,0.8660254037844387,-0.8660254037844386,0.5000000000000001,-0.9749279121818236,-0.2225209339563146
0.2854584761666076,-1.5097525483277596,-1.3771956144735429,-1.5073836461419021,1.5212838012132117,1.5205541588487714,0.279702052468793,-0.6841423458248278,-0.226838410373171,-0.6826680894736445,-0.6525136639846563,-0.6514128533997506,-0.6505684099646967,0.0,0.0,0.0,0.0,-1.3783017426944895,0.0,0.5981467091605369,1.1429319073690285,-0.6829968743182837,-0.651087827846492,0.49999999999999994,0.8660254037844387,-0.7071067811865477,0.7071067811865474,-0.9749279121818236,-0.2225209339563146
0.4531891356341276,-1.5097525483277596,-1.3771956144735429,-1.5073836461419021,1.5212838012132117,1.5205541588487714,-0.15166942281758458,-0.6841423458248278,-0.006397089520070169,-0.6826680894736445,-0.6525136639846563,-0.64799771944607,-0.6505684099646967,0.0,0.0,0.0,0.0,-1.3783017426944895,0.0,0.5424999399449603,1.1429319073690285,-0.6829968743182837,-0.651087827846492,0.49999999999999994,0.8660254037844387,-0.5000000000000004,0.8660254037844384,-0.9749279121818236,-0.2225209339563146
0.3094845590027985,-1.5097525483277596,-1.2191947193878672,-1.3755357407229036,1.5212838012132117,1.1430540043372461,-0.5830408981039622,-0.6841423458248278,0.21791162292694474,-0.6826680894736445,-0.6525136639846563,-0.64799771944607,-0.6505684099646967,0.0,0.0,0.0,0.0,-1.3783017426944895,0.0,0.5105098368106096,1.1429319073690285,-0.6829968743182837,-0.651087827846492,0.49999999999999994,0.8660254037844387,-0.25881904510252157,0.9659258262890681,-0.9749279121818236,-0.2225209339563146
0.13465474021062607,-1.5097525483277596,-1.3771956144735429,-1.8238186191474985,1.5212838012132117,1.3048397848421855,-0.3134337260499762,-0.6841423458248278,-0.02960143908355447,-0.6826680894736445,-0.6525136639846563,-0.6514128533997506,-0.6505684099646967,0.0,0.0,0.0,0.0,-1.3783017426944895,0.0,0.5291726382376096,-0.5830369748878784,-0.6829968743182837,-0.651087827846492,0.49999999999999994,0.8660254037844387,-2.4492935982947064e-16,1.0,-0.9749279121818236,-0.2225209339563146
0.1315771118254679,-1.3781595737863004,-1.3771956144735429,-1.5073836461419021,1.305530805652941,0.9812682238323067,-0.3134337260499762,-0.6841423458248278,-0.025734047489640418,-0.6826680894736445,-0.6525136639846563,-0.64799771944607,-0.6505684099646967,0.0,0.0,0.0,0.0,-1.509857488799261,0.0,0.5005889491453924,1.3047414900806136,-0.6829968743182837,-0.651087827846492,0.49999999999999994,0.8660254037844387,0.25881904510252074,0.9659258262890683,-0.7818314824680299,0.6234898018587334
0.13182309432898273,-1.3781595737863004,-1.6668639221306147,-1.8238186191474985,1.305530805652941,1.3048397848421855,0.4414663557011846,-0.5605296229067706,0.18310509858171828,-0.6826680894736445,-0.6491011702105222,-0.64799771944607,-0.6505684099646967,0.0,0.0,0.0,0.0,-1.509857488799261,0.0,0.4855179768934841,1.3047414900806136,-0.6829968743182837,-0.651087827846492,0.49999999999999994,0.8660254037844387,0.49999999999999994,0.8660254037844387,-0.7818314824680299,0.6234898018587334
0.13198898759007058,-1.3781595737863004,-1.6668639221306147,-2.4039494029910924,1.5212838012132117,1.1430540043372461,1.1424450030415483,-0.2283204300644917,0.05161378438864058,-0.6826680894736445,-0.6525136639846563,-0.64799771944607,-0.6505684099646967,0.0,0.0,0.0,0.0,-1.509857488799261,0.0,0.478618024184587,1.520487600362727,-0.6829968743182837,-0.651087827846492,0.49999999999999994,0.8660254037844387,0.7071067811865476,0.7071067811865476,-0.7818314824680299,0.6234898018587334
0.13162287122291527,-1.3781595737863004,-1.3771956144735429,-2.535797308410091,1.5212838012132117,0.6037680693207814,1.1424450030415483,-0.008135267366702266,-0.2925840674697099,-0.6826680894736445,-0.6491011702105222,-0.6514128533997506,-0.6505684099646967,0.0,0.8787878787878787,0.0,0.0,-1.509857488799261,0.0,0.45410501677520365,1.520487600362727,-0.6829968743182837,-0.651087827846492,0.49999999999999994,0.8660254037844387,0.8660254037844386,0.5000000000000001,-0.7818314824680299,0.6234898018587334
0.13107942860990635,-1.2202480043365496,-1.3771956144735429,-2.535797308410091,1.1437160589827384,0.6037680693207814,1.3042093062739397,0.21591279292227647,-0.6174449613584901,-0.6826680894736445,-0.6491011702105222,-0.6514128533997506,-0.6505684099646967,0.0,0.8787878787878787,0.0,0.0,-1.509857488799261,0.0,0.46453221068055695,1.520487600362727,-0.6829968743182837,-0.651087827846492,0.49999999999999994,0.8660254037844387,0.9659258262890683,0.25881904510252074,-0.7818314824680299,0.6234898018587334
0.13092497519818036,-1.3781595737863004,-1.5088630270449392,-2.8258627003318875,1.305530805652941,0.6037680693207814,1.1424450030415483,-0.031312652913837995,-0.6831906184550289,-0.6826680894736445,-0.6525136639846563,-0.6514128533997506,-0.6505684099646967,0.0,0.8787878787878787,0.0,0.0,-1.509857488799261,0.0,0.5293770046410636,1.520487600362727,-0.6829968743182837,-0.651087827846492,0.49999999999999994,0.8660254037844387,1.0,6.123233995736766e-17,-0.7818314824680299,0.6234898018587334
0.12252728485357108,-1.3781595737863004,-1.5088630270449392,-2.8258627003318875,0.9819013123125355,0.6037680693207814,1.5198950439171286,-0.02744975532264871,-0.6831906184550289,-0.6826680894736445,-0.6491011702105222,-0.6514128533997506,-0.6505684099646967,0.0,0.8787878787878787,0.0,0.0,-1.3783017426944895,0.0,0.5637569142045764,1.3047414900806136,-0.6829968743182837,-0.651087827846492,0.49999999999999994,0.8660254037844387,0.9659258262890683,-0.25881904510252063,-0.7818314824680299,0.6234898018587334
0.42893994999314555,-1.6676641177775104,-1.5088630270449392,-2.535797308410091,1.305530805652941,0.441982288815842,1.5198950439171286,0.18114671460157286,-0.6831906184550289,-0.5277459285956398,-0.6491011702105222,-0.6514128533997506,-0.4353372578483774,0.0,0.8787878787878787,0.0,0.0,-1.3783017426944895,0.06371820879324865,0.5912489076769393,1.3047414900806136,-0.5591010172961847,-0.6476693650484138,0.49999999999999994,0.8660254037844387,0.8660254037844387,-0.4999999999999998,-0.7818314824680299,0.6234898018587334
0.1308105629753698,-1.6676641177775104,-1.5088630270449392,-1.8238186191474985,1.1437160589827384,0.2801965083109026,1.1424450030415483,0.04980819650113706,-0.6831906184550289,-0.020375851720174663,-0.6491011702105222,-0.6514128533997506,0.5383274779159238,0.0,0.0,0.0,0.0,-1.3783017426944895,0.14924496615721547,0.6240601642399051,1.520487600362727,-0.22613090154929363,-0.651087827846492,0.49999999999999994,0.8660254037844387,0.7071067811865476,-0.7071067811865475,-0.7818314824680299,0.6234898018587334
0.4059006837336642,-1.3781595737863004,-1.5088630270449392,-1.2173182542201055,0.6043335700820621,-0.15123223970226915,0.6032306589335762,-0.29398968911470963,-0.6831906184550289,0.5993127917918439,-0.6525136639846563,-0.6514128533997506,1.194270036746611,0.8787878787878787,0.0,0.0,0.0,-1.3783017426944895,0.21557143812036947,0.5771007086392234,1.520487600362727,-0.005441406228679766,-0.6476693650484138,0.49999999999999994,0.8660254037844387,0.49999999999999994,-0.8660254037844387,-0.7818314824680299,0.6234898018587334
0.28135116866683685,-1.3781595737863004,-1.3771956144735429,-0.5053395649575132,0.6043335700820621,-0.582660987715441,-1.1222552422119343,-0.6184730867746099,-0.6831906184550289,1.0911906525795088,-0.6525136639846563,-0.6514128533997506,1.5393231536315037,0.8787878787878787,0.0,0.0,0.0,-1.2204348473687636,0.3511098423792214,0.5846732777917691,1.1429319073690285,0.2191198346238747,-0.6476693650484138,0.49999999999999994,0.8660254037844387,0.258819045102521,-0.9659258262890682,-0.7818314824680299,0.6234898018587334
0.3164006429823829,-1.5097525483277596,-1.8248648172162902,-0.3471220784547151,0.6043335700820621,-0.3130180202072086,-0.7448052013363538,-0.6841423458248278,-0.6831906184550289,1.3274469479184658,-0.6525136639846563,-0.6514128533997506,1.6383978109548887,0.8787878787878787,0.0,0.0,0.0,-1.3783017426944895,0.4358327670872215,0.5981854824355783,1.3047414900806136,-0.02867187942032333,-0.651087827846492,0.49999999999999994,0.8660254037844387,1.2246467991473532e-16,-1.0,-0.7818314824680299,0.6234898018587334
0.4571305807634928,-1.5097525483277596,-1.5088630270449392,-0.3471220784547151,0.6043335700820621,-0.3130180202072086,-0.9604909389795426,-0.6841423458248278,-0.6831906184550289,1.3313200019404159,-0.6525136639846563,-0.6514128533997506,1.652063280930528,0.8787878787878787,0.0,0.0,0.0,-1.3783017426944895,0.4374570525740356,0.5935586577931695,0.9811223246574435,-0.024800133888382737,-0.6476693650484138,0.49999999999999994,0.8660254037844387,-0.2588190451025208,-0.9659258262890683,-0.7818314824680299,0.6234898018587334
0.38683711693797096,-1.5097525483277596,-1.8248648172162902,-0.3471220784547151,0.44251882341185933,0.441982288815842,-0.6369623325147594,-0.6841423458248278,-0.6831906184550289,1.0718253824697581,-0.6525136639846563,-0.6514128533997506,1.5085758461863152,0.8787878787878787,0.0,0.0,0.0,-1.6677243841249871,0.3913508886657965,0.6042473792313641,1.3047414900806136,0.18427412483640934,-0.6476693650484138,0.49999999999999994,0.8660254037844387,-0.4999999999999997,-0.8660254037844388,-0.7818314824680299,0.6234898018587334
0.32464387648296816,-1.5097525483277596,-2.4042014325304346,-0.18890459195191697,0.2807040767416565,1.1430540043372461,-0.7448052013363538,-0.6841423458248278,-0.6831906184550289,0.6031858458137941,-0.6525136639846563,-0.6514128533997506,1.21135187421616,0.0,0.0,0.0,0.0,-1.6677243841249871,0.21336785465526684,0.5667862491834947,1.1429319073690285,0.052634776750429144,-0.6476693650484138,0.49999999999999994,0.8660254037844387,-0.7071067811865471,-0.7071067811865479,-0.7818314824680299,0.6234898018587334
0.3476059503595669,-1.5097525483277596,-2.535868845101831,-0.18890459195191697,-0.15080191437888446,1.1430540043372461,-0.7448052013363538,-0.6841423458248278,-0.6831906184550289,-0.01262974367627443,-0.6525136639846563,-0.6514128533997506,0.5929893578184812,0.0,0.0,0.8787878787878787,0.8787878787878787,-1.3783017426944895,0.028621638818427435,0.5744397966026722,0.6035666316637451,-0.2919505755922837,-0.651087827846492,0.49999999999999994,0.8660254037844387,-0.8660254037844385,-0.5000000000000004,-0.7818314824680299,0.6234898018587334
0.3417538822041707,-1.3781595737863004,-2.535868845101831,-0.3471220784547151,-0.5823079054994255,1.3048397848421855,-0.8526480701579482,-0.6841423458248278,-0.6831906184550289,-0.5277459285956398,-0.6525136639846563,-0.6514128533997506,-0.43192089035446757,0.0,0.0,0.8787878787878787,0.8787878787878787,-1.3783017426944895,0.0,0.600212397644572,0.6035666316637451,-0.6171772002752937,-0.651087827846492,0.49999999999999994,0.8660254037844387,-0.9659258262890683,-0.25881904510252063,-0.7818314824680299,0.6234898018587334
0.2603626661622926,-1.8255756872272613,-2.825537152758903,-0.7954049568793099,-0.3126166610490873,1.1430540043372461,-0.259512291639179,-0.6841423458248278,-0.6831906184550289,-0.6826680894736445,-0.6525136639846563,-0.6514128533997506,-0.6505684099646967,0.0,0.0,0.8787878787878787,0.8787878787878787,-1.509857488799261,0.0,0.618035709008261,0.6035666316637451,-0.6829968743182837,-0.651087827846492,0.49999999999999994,0.8660254037844387,-1.0,-1.8369701987210297e-16,-0.7818314824680299,0.6234898018587334
0.38488072421759845,-1.5097525483277596,-2.825537152758903,-0.7954049568793099,-0.3126166610490873,1.5205541588487714,-1.7153910207307033,-0.6841423458248278,-0.6831906184550289,-0.6826680894736445,-0.6525136639846563,-0.6514128533997506,-0.6505684099646967,0.0,0.0,0.8787878787878787,0.8787878787878787,-1.509857488799261,0.0,0.5952331818102427,0.6035666316637451,-0.6829968743182837,-0.651087827846492,0.49999999999999994,0.8660254037844387,-0.9659258262890684,0.2588190451025203,-0.7818314824680299,0.6234898018587334
0.5093987822729042,-1.8255756872272613,-2.535868845101831,-0.9272528622983084,0.44251882341185933,1.5205541588487714,-1.7153910207307033,-0.6841423458248278,-0.528494954698467,-0.6826680894736445,-0.6525136639846563,-0.436259414317867,-0.6505684099646967,0.0,0.0,0.8787878787878787,0.8787878787878787,-1.509857488799261,0.0,0.5798940746906447,0.44175704895216006,-0.6829968743182837,-0.651087827846492,0.49999999999999994,0.8660254037844387,-0.8660254037844386,0.5000000000000001,-0.7818314824680299,0.6234898018587334
0.5753446571421823,-2.4045847752096816,-1.8248648172162902,-1.2173182542201055,1.1437160589827384,1.1430540043372461,-1.6614695863199063,-0.6841423458248278,-0.02186665589572637,-0.6826680894736445,-0.6525136639846563,0.5370537624811306,-0.6505684099646967,0.0,0.0,0.0,0.0,-1.509857488799261,0.0,0.5270360105383404,0.27994746624057504,-0.6829968743182837,-0.651087827846492,0.49999999999999994,0.8660254037844387,-0.7071067811865477,0.7071067811865474,-0.7818314824680299,0.6234898018587334
0.6876379507587477,-2.5361777497511406,-1.2191947193878672,-1.8238186191474985,1.1437160589827384,0.6037680693207814,-0.8526480701579482,-0.6841423458248278,0.5969159991305216,-0.6826680894736445,-0.6525136639846563,1.1927594815878237,-0.6505684099646967,0.0,0.0,0.0,0.0,-1.509857488799261,0.0,0.5025341690126546,-0.15154475432365172,-0.6829968743182837,-0.651087827846492,0.49999999999999994,0.8660254037844387,-0.5000000000000004,0.8660254037844384,-0.7818314824680299,0.6234898018587334
0.36138662698356444,-2.5361777497511406,-0.5081906915023265,-1.8238186191474985,1.305530805652941,-1.1219469227319057,-0.6908837669255565,-0.6841423458248278,1.0880747315576058,-0.6826680894736445,-0.6525136639846563,1.5376880109095736,-0.6505684099646967,0.0,0.0,0.0,0.0,-1.3783017426944895,0.0,0.5527468919020042,-0.5830369748878784,-0.6829968743182837,-0.651087827846492,0.49999999999999994,0.8660254037844387,-0.25881904510252157,0.9659258262890681,-0.7818314824680299,0.6234898018587334
0.6116354769600683,-2.8256822937423505,-0.350189796416651,-1.6656011326447004,1.1437160589827384,-0.7444467682203804,-0.798726635747151,-0.6841423458248278,1.323985618786363,-0.6826680894736445,-0.6525136639846563,1.636726895566314,-0.6505684099646967,0.0,0.0,0.0,0.0,-1.825591279450713,0.0,0.473530171472632,-0.31335433703523674,-0.6829968743182837,-0.651087827846492,0.49999999999999994,0.8660254037844387,-2.4492935982947064e-16,1.0,-0.7818314824680299,0.6234898018587334
0.68272983320986,-2.8256822937423505,-0.350189796416651,-2.1138840110692954,1.5212838012132117,-0.9601611422269661,-0.2055908572283818,-0.6841423458248278,1.327853010380277,-0.6826680894736445,-0.6525136639846563,1.6503874313810367,-0.6505684099646967,0.0,0.0,0.0,0.0,-1.509857488799261,0.0,0.4475098209837378,-0.31335433703523674,-0.6829968743182837,-0.651087827846492,0.49999999999999994,0.8660254037844387,0.25881904510252074,0.9659258262890683,-2.4492935982947064e-16,1.0
0.2714604183786488,-2.5361777497511406,-0.350189796416651,-2.245731916488294,1.5212838012132117,-0.6365895812170874,-0.2055908572283818,-0.5296264421772562,1.0687377735880357,-0.6826680894736445,-0.43752655621420944,1.5069518053264475,-0.6505684099646967,0.0,0.0,0.0,0.0,-1.825591279450713,0.0,0.44201958670147345,0.44175704895216006,-0.6829968743182837,-0.651087827846492,0.49999999999999994,0.8660254037844387,0.49999999999999994,0.8660254037844387,-2.4492935982947064e-16,1.0
0.1401578569213568,-1.8255756872272613,-0.1921889013309754,-2.245731916488294,1.1437160589827384,-0.7444467682203804,-0.2055908572283818,-0.02358685773145942,0.6007833907244357,-0.6826680894736445,0.5350341694140021,1.209835151356227,-0.6505684099646967,0.0,0.0,0.0,0.0,-2.4044365623117083,0.0,0.4395681630333751,1.1429319073690285,-0.6829968743182837,-0.651087827846492,0.49999999999999994,0.8660254037844387,0.7071067811865476,0.7071067811865476,-2.4492935982947064e-16,1.0
0.13843027148511522,-1.2202480043365496,-0.1921889013309754,-2.245731916488294,0.6043335700820621,-0.7444467682203804,-0.2055908572283818,0.5944767568588267,-0.01413187270789827,-0.6826680894736445,1.1902329740477446,0.5916959057400217,-0.6505684099646967,0.0,0.8787878787878787,0.0,0.0,-2.53599230841648,0.0,0.4301358596093978,1.1429319073690285,-0.6829968743182837,-0.651087827846492,0.49999999999999994,0.8660254037844387,0.8660254037844386,0.5000000000000001,-2.4492935982947064e-16,1.0
0.13504373284420704,-0.5096459418126703,-0.350189796416651,-2.694014794912889,-1.1216903944001015,-0.8523039552236732,0.2257806180579958,1.0850647509398663,-0.528494954698467,-0.6826680894736445,1.5348948452352862,-0.4328442803641863,-0.6505684099646967,0.0,0.8787878787878787,0.0,0.0,-2.53599230841648,0.0,0.4398375783923145,1.3047414900806136,-0.6829968743182837,-0.651087827846492,0.49999999999999994,0.8660254037844387,0.9659258262890683,0.25881904510252074,-2.4492935982947064e-16,1.0
0.13583888646615677,-0.3517343723629195,-0.7978589991593985,-2.4039494029910924,-0.7441226521696283,-0.2590894267055621,-0.2055908572283818,1.320701504002413,-0.6831906184550289,-0.6826680894736445,1.6338571646851745,-0.6514128533997506,-0.6505684099646967,0.0,0.8787878787878787,0.0,0.0,-2.8254149498469774,0.0,0.45549552783309066,1.1429319073690285,-0.6829968743182837,-0.651087827846492,0.49999999999999994,0.8660254037844387,1.0,6.123233995736766e-17,-2.4492935982947064e-16,1.0
0.1055488494130729,-0.3517343723629195,-0.7978589991593985,-2.4039494029910924,-0.9598756477298988,-1.7151614512500166,-0.2055908572283818,1.3245644015936022,-0.6831906184550289,-0.6826680894736445,1.6475071397817107,-0.6514128533997506,-0.6505684099646967,0.0,0.8787878787878787,0.0,0.0,-2.8254149498469774,0.0,0.45279256446389893,1.520487600362727,-0.6829968743182837,-0.651087827846492,0.49999999999999994,0.8660254037844387,0.9659258262890683,-0.25881904510252063,-2.4492935982947064e-16,1.0
0.136897173784919,-0.3517343723629195,-0.9295264117307949,-2.245731916488294,-0.6362461543894931,-1.7151614512500166,-0.2055908572283818,1.06575026298392,-0.6831906184550289,-0.4773962263102884,1.5041824012680796,-0.6514128533997506,0.28893265086050635,0.0,0.8787878787878787,0.0,0.0,-2.53599230841648,0.09284986026919255,0.47254444930860373,1.520487600362727,-0.52812705304066,-0.4357246715675661,0.49999999999999994,0.8660254037844387,0.8660254037844387,-0.4999999999999998,-2.4492935982947064e-16,1.0
0.134431644270431,-0.19382280291316867,-1.2191947193878672,-1.5073836461419021,-0.7441226521696283,-1.6612328577483704,-0.798726635747151,0.598339654450016,-0.6831906184550289,0.14616547122368034,1.207295442918415,-0.6514128533997506,1.5393231536315037,0.0,0.0,0.0,0.0,-1.825591279450713,0.21184891542582135,0.5230780120854812,1.1429319073690285,-0.020928388356442142,0.5385372258847173,0.49999999999999994,0.8660254037844387,0.7071067811865476,-0.7071067811865475,-2.4492935982947064e-16,1.0
0.1746295725081065,-0.19382280291316867,-1.8248648172162902,-0.9272528622983084,-0.7441226521696283,-0.8523039552236732,-0.9065695045687454,-0.015861062549080842,-0.6831906184550289,0.7813463308234994,0.5896340698001472,-0.6514128533997506,2.027863705260609,0.8787878787878787,0.0,0.0,0.0,-1.2204348473687636,0.38766438167201833,0.5470553643952851,0.6035666316637451,0.5985508967540529,1.1948820831157294,0.49999999999999994,0.8660254037844387,0.49999999999999994,-0.8660254037844387,-2.4492935982947064e-16,1.0
0.3524569544690963,-0.3517343723629195,-1.8248648172162902,-0.5053395649575132,-0.8519991499497634,-0.6905181747187339,-0.9065695045687454,-0.5296264421772562,-0.6831906184550289,1.2538589215014135,-0.4341140624400754,-0.6514128533997506,2.249927592364748,0.8787878787878787,0.0,0.0,0.0,-0.5100338184029966,0.5322083609005782,0.5230134753264958,-1.122402250593162,1.0902625793105083,1.5401468257216264,0.49999999999999994,0.8660254037844387,0.258819045102521,-0.9659258262890682,-2.4492935982947064e-16,1.0
0.3494822504052143,-0.7991504858038802,-1.6668639221306147,-0.18890459195191697,-0.2586784121590197,-0.7983753617220268,-0.7448052013363538,-0.6841423458248278,-0.6831906184550289,1.4901152168403706,-0.6525136639846563,-0.6514128533997506,2.3250876772307643,0.8787878787878787,0.0,0.0,0.0,-0.3521669230772707,0.6069860693877134,0.5338024848393677,-0.7448465575994635,1.3264390567588846,1.6392822468658939,0.49999999999999994,0.8660254037844387,1.2246467991473532e-16,-1.0,-2.4492935982947064e-16,1.0
0.3551741675341409,-0.7991504858038802,-2.114533124873362,0.1011607999698797,-1.7150111321908454,-0.20516083320391562,-0.8526480701579482,-0.6841423458248278,-0.6831906184550289,1.4901152168403706,-0.6525136639846563,-0.6514128533997506,2.3250876772307643,0.8787878787878787,0.0,0.0,0.0,-0.3521669230772707,0.6206178059070113,0.5543487352357437,-0.9605926678815769,1.3303108022908252,1.6529560980582065,0.49999999999999994,0.8660254037844387,-0.2588190451025208,-0.9659258262890683,-2.4492935982947064e-16,1.0
0.22394025203761603,-0.9307434603453393,-2.2462005374447584,0.1011607999698797,-1.7150111321908454,-0.20516083320391562,-0.8526480701579482,-0.6841423458248278,-0.6831906184550289,1.002110410074656,-0.6525136639846563,-0.6514128533997506,1.7374724682782736,0.8787878787878787,0.0,0.0,0.0,-0.3521669230772707,0.5549426899329956,0.5267941001314449,-0.6369735024584068,1.0709038516508054,1.5093806605389228,0.49999999999999994,0.8660254037844387,-0.4999999999999997,-0.8660254037844388,-2.4492935982947064e-16,1.0
0.3230535726713667,-1.2202480043365496,-2.2462005374447584,0.1011607999698797,-1.6610728833007777,-0.20516083320391562,-0.47519802928236776,-0.6841423458248278,-0.6831906184550289,0.5993127917918439,-0.6525136639846563,-0.6514128533997506,1.0337007645328489,0.0,0.0,0.0,0.0,-0.19430002775154487,0.3210635012018893,0.5375610851948217,-0.7448465575994635,0.6024226422859935,1.2119743971061203,0.49999999999999994,0.8660254037844387,-0.7071067811865471,-0.7071067811865479,-2.4492935982947064e-16,1.0
0.23751499077931224,-1.8255756872272613,-2.2462005374447584,-0.05705668653291797,-0.8519991499497634,-0.20516083320391562,-0.3673551604607734,-0.6841423458248278,-0.6831906184550289,0.0648313367627279,-0.6525136639846563,-0.6514128533997506,0.6954803826357759,0.0,0.0,0.8787878787878787,0.8787878787878787,-0.19430002775154487,0.04534115423522289,0.5648862562671723,-0.7448465575994635,-0.013184897292560954,0.5932326306539684,0.49999999999999994,0.8660254037844387,-0.8660254037844385,-0.5000000000000004,-2.4492935982947064e-16,1.0
0.22141178104170064,-1.8255756872272613,-2.6938697401875067,-0.5053395649575132,-0.6901844032795607,0.22626791480925612,-0.09774798840678739,-0.6841423458248278,-0.6831906184550289,-0.5238728745736898,-0.6525136639846563,-0.6514128533997506,-0.5754083250986803,0.0,0.0,0.8787878787878787,0.8787878787878787,-0.3521669230772707,0.0,0.5990213359037401,-0.8527196127405202,-0.52812705304066,-0.43230620876948794,0.49999999999999994,0.8660254037844387,-0.9659258262890683,-0.25881904510252063,-2.4492935982947064e-16,1.0
0.26520220639637393,-1.6676641177775104,-2.4042014325304346,-0.7954049568793099,-0.7980609010596958,-0.20516083320391562,0.010094880414807005,-0.6841423458248278,-0.6831906184550289,-0.6826680894736445,-0.6525136639846563,-0.6514128533997506,-0.6505684099646967,0.0,0.0,0.8787878787878787,0.8787878787878787,-0.7994564598334941,0.0,0.6059718936268259,-0.2594178094647084,-0.6829968743182837,-0.651087827846492,0.49999999999999994,0.8660254037844387,-1.0,-1.8369701987210297e-16,-2.4492935982947064e-16,1.0
0.2554887857863375,-2.115080231218471,-2.4042014325304346,-0.9272528622983084,-0.20474016326895209,-0.20516083320391562,0.279702052468793,-0.6841423458248278,-0.6831906184550289,-0.6826680894736445,-0.6525136639846563,-0.6514128533997506,-0.6505684099646967,0.0,0.0,0.8787878787878787,0.8787878787878787,-0.7994564598334941,0.0,0.5991863656160029,-1.7157040538689736,-0.6829968743182837,-0.651087827846492,0.49999999999999994,0.8660254037844387,-0.9659258262890684,0.2588190451025203,-2.4492935982947064e-16,1.0
0.2991075790776028,-2.2466732057599303,-2.2462005374447584,-1.085470348801107,-0.20474016326895209,-0.20516083320391562,-1.1222552422119343,-0.6841423458248278,-0.4782188639775843,-0.6826680894736445,-0.6525136639846563,0.28774898386243997,-0.6505684099646967,0.0,0.0,0.8787878787878787,0.8787878787878787,-0.9310122059382657,0.0,0.6151753988743047,-1.7157040538689736,-0.6829968743182837,-0.651087827846492,0.49999999999999994,0.8660254037844387,-0.8660254037844386,0.5000000000000001,-2.4492935982947064e-16,1.0
0.3780904888778883,-2.2466732057599303,-1.5088630270449392,-1.085470348801107,-0.20474016326895209,-0.7983753617220268,-1.2300981110335285,-0.6841423458248278,0.1444311826425778,-0.6826680894736445,-0.6525136639846563,1.5376880109095736,-0.6505684099646967,0.0,0.0,0.0,0.0,-1.2204348473687636,0.0,0.6127147044495584,-1.6617675262984453,-0.6829968743182837,-0.651087827846492,0.49999999999999994,0.8660254037844387,-0.7071067811865477,0.7071067811865474,-2.4492935982947064e-16,1.0
0.37450946936553076,-2.2466732057599303,-0.9295264117307949,-1.085470348801107,-0.20474016326895209,-0.9062325487253197,-1.337940979855123,-0.6841423458248278,0.778683404044482,-0.6826680894736445,-0.6525136639846563,2.026052166285913,-0.6505684099646967,0.0,0.0,0.0,0.0,-1.825591279450713,0.0,0.5483786752723873,-0.8527196127405202,-0.6829968743182837,-0.651087827846492,0.49999999999999994,0.8660254037844387,-0.5000000000000004,0.8660254037844384,-2.4492935982947064e-16,1.0
0.2856129330106316,-2.6940893192008915,-0.5081906915023265,-1.5073836461419021,0.22676582785158886,-0.9062325487253197,-0.9604909389795426,-0.6841423458248278,1.250505178501996,-0.6826680894736445,-0.6525136639846563,2.2480358732751577,-0.6505684099646967,0.0,0.0,0.0,0.0,-1.825591279450713,0.0,0.5973147483857743,-0.6909100300289351,-0.6829968743182837,-0.651087827846492,0.49999999999999994,0.8660254037844387,-0.25881904510252157,0.9659258262890681,-2.4492935982947064e-16,1.0
0.2682283434463607,-2.4045847752096816,-0.1921889013309754,-1.8238186191474985,-0.20474016326895209,-0.7444467682203804,-0.15166942281758458,-0.6841423458248278,1.486416065730753,-0.6826680894736445,-0.6525136639846563,2.323168820256133,-0.6505684099646967,0.0,0.0,0.0,0.0,-1.6677243841249871,0.0,0.5698051353538153,-0.7987830851699919,-0.6829968743182837,-0.651087827846492,0.49999999999999994,0.8660254037844387,-2.4492935982947064e-16,1.0,-2.4492935982947064e-16,1.0
0.2791201749419057,-2.4045847752096816,0.09747940632609654,-2.1138840110692954,-0.20474016326895209,-0.8523039552236732,-0.47519802928236776,-0.6841423458248278,1.486416065730753,-0.6826680894736445,-0.6525136639846563,2.323168820256133,-0.6505684099646967,0.0,0.0,0.0,0.0,-2.11501392088121,0.0,0.5551266592797686,-0.20548128189418005,-0.6829968743182837,-0.651087827846492,0.49999999999999994,0.8660254037844387,0.25881904510252074,0.9659258262890683,0.7818314824680298,0.6234898018587336
0.17031630996454425,-2.2466732057599303,0.09747940632609654,-2.1138840110692954,-0.20474016326895209,-0.8523039552236732,-0.3134337260499762,-0.47940877349179545,0.9991247248975827,-0.6826680894736445,0.28592212390221455,1.735765780223054,-0.6505684099646967,0.0,0.0,0.0,0.0,-2.246569666985982,0.0,0.5495264051893289,-0.20548128189418005,-0.6829968743182837,-0.651087827846492,0.49999999999999994,0.8660254037844387,0.49999999999999994,0.8660254037844387,0.7818314824680298,0.6234898018587336
0.1332303365247085,-1.5097525483277596,0.09747940632609654,-2.245731916488294,-0.7980609010596958,-0.47480380071214795,-0.2055908572283818,0.14251773868967998,0.5969159991305216,-0.6826680894736445,1.5348948452352862,1.0322481857648311,-0.6505684099646967,0.0,0.0,0.0,0.0,-2.246569666985982,0.0,0.5592834924138832,-0.20548128189418005,-0.6829968743182837,-0.651087827846492,0.49999999999999994,0.8660254037844387,0.7071067811865476,0.7071067811865476,0.7818314824680298,0.6234898018587336
0.13277269793036045,-0.9307434603453393,-0.06052148875957856,-2.4039494029910924,-0.9059373988398312,-0.366946613708855,-0.2055908572283818,0.7760329436447233,0.06321595917038274,-0.6826680894736445,2.022881454936459,0.6941499243504425,-0.6505684099646967,0.0,0.8787878787878787,0.0,0.0,-2.246569666985982,0.0,0.5653889259121591,-0.20548128189418005,-0.6829968743182837,-0.651087827846492,0.49999999999999994,0.8660254037844387,0.8660254037844386,0.5000000000000001,0.7818314824680298,0.6234898018587336
0.132646838993592,-0.5096459418126703,-0.5081906915023265,-2.694014794912889,-0.9059373988398312,-0.09730364620062269,-0.04382655399599019,1.2473064497698165,-0.5246275631045528,-0.6826680894736445,2.244693550255174,-0.5762799064187755,-0.6505684099646967,0.0,0.8787878787878787,0.0,0.0,-2.693859203742206,0.0,0.597995355094821,0.2260109386700467,-0.6829968743182837,-0.651087827846492,0.49999999999999994,0.8660254037844387,0.9659258262890683,0.25881904510252074,0.7818314824680298,0.6234898018587336
0.33637661756561227,-0.19382280291316867,-0.7978589991593985,-2.694014794912889,-0.7441226521696283,0.010553540802670241,-0.2055908572283818,1.482943202832363,-0.6831906184550289,-0.6826680894736445,2.3197684132861234,-0.6514128533997506,-0.6505684099646967,0.0,0.8787878787878787,0.0,0.0,-2.4044365623117083,0.0,0.6614169086410981,-0.20548128189418005,-0.6829968743182837,-0.651087827846492,0.49999999999999994,0.8660254037844387,1.0,6.123233995736766e-17,0.7818314824680298,0.6234898018587336
0.26519647445864986,0.09568174107804124,-0.9295264117307949,-2.694014794912889,-0.8519991499497634,0.2801965083109026,-0.47519802928236776,1.482943202832363,-0.6831906184550289,-0.6826680894736445,2.3197684132861234,-0.6514128533997506,-0.6505684099646967,0.0,0.8787878787878787,0.0,0.0,-2.4044365623117083,0.0,0.6049030419708664,-0.20548128189418005,-0.6829968743182837,-0.651087827846492,0.49999999999999994,0.8660254037844387,0.9659258262890683,-0.25881904510252063,0.7818314824680298,0.6234898018587336
0.11350033758039792,0.09568174107804124,-1.0875273068164708,-2.1138840110692954,-0.8519991499497634,-1.1219469227319057,-0.5830408981039622,0.9962181063425127,-0.6831906184550289,-0.5122537125078395,1.7328194841350626,-0.6514128533997506,-0.24060431069551716,0.0,0.8787878787878787,0.0,0.0,-2.246569666985982,0.025528306557981474,0.5941991082966254,-0.20548128189418005,-0.4777943611254322,0.28898944162500967,0.49999999999999994,0.8660254037844387,0.8660254037844387,-0.4999999999999998,0.7818314824680298,0.6234898018587336
0.101910613492416,0.09568174107804124,-1.0875273068164708,-1.5073836461419021,-0.47443140771929015,-1.2298041097351986,-0.9604909389795426,0.5944767568588267,-0.6831906184550289,0.07257744480662813,1.029845766663443,-0.6514128533997506,0.6886476476479564,0.0,0.0,0.0,0.0,-1.509857488799261,0.05320198871594966,0.6375594103122671,-0.7987830851699919,0.14555666951700338,1.5401468257216264,0.49999999999999994,0.8660254037844387,0.7071067811865476,-0.7071067811865475,0.7818314824680298,0.6234898018587336
0.10192777841490581,-0.06222982837170911,-1.0875273068164708,-0.7954049568793099,-0.36655490993915496,-1.3376612967384915,-1.337940979855123,0.06139688927470493,-0.6831906184550289,0.6845199802747465,0.6920088830241695,-0.6514128533997506,1.2830955915882665,0.8787878787878787,0.0,0.0,0.0,-0.9310122059382657,0.07110229225366804,0.660759248335246,-0.9066561403110486,0.7805229367552609,2.0289870058468074,0.49999999999999994,0.8660254037844387,0.49999999999999994,-0.8660254037844387,0.7818314824680298,0.6234898018587336
0.10201357900126863,-0.5096459418126703,-1.5088630270449392,-0.3471220784547151,-0.09686366548881685,-0.9601611422269661,-0.8526480701579482,-0.5257635445860669,-0.6831906184550289,0.7387427365820481,-0.5774388009537066,-0.6514128533997506,0.5519929478915632,0.8787878787878787,0.0,0.0,0.0,-0.5100338184029966,0.13747589462628182,0.6629522176495024,-0.9066561403110486,1.2528758916520133,2.2511870877218896,0.49999999999999994,0.8660254037844387,0.258819045102521,-0.9659258262890682,0.7818314824680298,0.6234898018587336
0.10159027025190019,-0.7991504858038802,-1.8248648172162902,-0.3471220784547151,0.01101283229131838,-0.15123223970226915,-0.09774798840678739,-0.6841423458248278,-0.6831906184550289,1.1105559226892594,-0.6525136639846563,-0.6514128533997506,1.0268680295450292,0.8787878787878787,0.0,0.0,0.0,-0.19430002775154487,0.0598044237019553,0.6353060530306743,-0.7448465575994635,1.4890523691003894,2.3263932692796097,0.49999999999999994,0.8660254037844387,1.2246467991473532e-16,-1.0,0.7818314824680298,0.6234898018587336
0.09938215622569276,-0.9307434603453393,-2.114533124873362,-0.3471220784547151,0.2807040767416565,-0.47480380071214795,-0.09774798840678739,-0.6841423458248278,-0.6831906184550289,1.1454134088868104,-0.6525136639846563,-0.6514128533997506,0.9790388846302917,0.8787878787878787,0.0,0.0,0.0,0.09512261367895261,0.0301239552120613,0.6221386078509377,-0.8527196127405202,1.4890523691003894,2.3263932692796097,0.49999999999999994,0.8660254037844387,-0.2588190451025208,-0.9659258262890683,0.7818314824680298,0.6234898018587336
0.09870713303508544,-1.0886550297950905,-2.114533124873362,-0.18890459195191697,-1.1216903944001015,-0.3130180202072086,-0.3673551604607734,-0.6841423458248278,-0.6831906184550289,0.9401415457234542,-0.6525136639846563,-0.6514128533997506,0.8594660223434478,0.8787878787878787,0.0,0.0,0.0,0.09512261367895261,0.03702020221372427,0.5984851173880108,-0.8527196127405202,1.0012124320758746,1.7384176680101613,0.49999999999999994,0.8660254037844387,-0.4999999999999997,-0.8660254037844388,0.7818314824680298,0.6234898018587336
0.09859844931770093,-1.0886550297950905,-2.2462005374447584,-0.18890459195191697,-1.2295668921802367,-0.20516083320391562,-0.529119463693165,-0.6841423458248278,-0.6831906184550289,0.6574086021210956,-0.6525136639846563,-0.6514128533997506,1.4778285387411267,0.0,0.0,0.0,0.0,0.09512261367895261,0.033466751082040974,0.6004936959623088,-0.47516391974682176,0.5985508967540529,1.0342143316060546,0.49999999999999994,0.8660254037844387,-0.7071067811865471,-0.7071067811865479,0.7818314824680298,0.6234898018587336
0.248801519387778,-1.0886550297950905,-2.4042014325304346,-0.3471220784547151,-1.3374433899603722,-0.20516083320391562,-0.3673551604607734,-0.6841423458248278,-0.6831906184550289,0.0648313367627279,-0.6525136639846563,-0.6514128533997506,0.8526332873556282,0.0,0.0,0.8787878787878787,0.8787878787878787,-0.06274428164677277,0.014768166920838793,0.6237703634602704,-0.3672908646057651,0.06425001334625093,0.695786514596314,0.49999999999999994,0.8660254037844387,-0.8660254037844385,-0.5000000000000004,0.7818314824680298,0.6234898018587336
0.5752330902944456,-1.5097525483277596,-2.6938697401875067,-0.6371874703765118,-0.9598756477298988,-0.04337505269897623,-0.259512291639179,-0.6841423458248278,-0.6831906184550289,-0.5045076044639392,-0.6525136639846563,-0.6514128533997506,-0.20302426826250902,0.0,0.0,0.8787878787878787,0.8787878787878787,-0.5100338184029966,0.0,0.6254901656479334,-0.09760822675312336,-0.5242553075087194,-0.5758816462887718,0.49999999999999994,0.8660254037844387,-0.9659258262890683,-0.25881904510252063,0.7818314824680298,0.6234898018587336
0.901664661201113,-1.8255756872272613,-2.6938697401875067,-1.085470348801107,-0.15080191437888446,-0.20516083320391562,0.1718591836471986,-0.6841423458248278,-0.6831906184550289,-0.6826680894736445,-0.6525136639846563,-0.6514128533997506,-0.6505684099646967,0.0,0.0,0.8787878787878787,0.8787878787878787,-0.7994564598334941,0.0,0.6251516549811594,0.010264828387933323,-0.6829968743182837,-0.651087827846492,0.49999999999999994,0.8660254037844387,-1.0,-1.8369701987210297e-16,0.7818314824680298,0.6234898018587336
0.8475029981558623,-2.115080231218471,-2.6938697401875067,-1.085470348801107,-0.47443140771929015,-0.47480380071214795,0.1718591836471986,-0.6841423458248278,-0.6831906184550289,-0.6826680894736445,-0.6525136639846563,-0.6514128533997506,-0.6505684099646967,0.0,0.0,0.8787878787878787,0.8787878787878787,-0.9310122059382657,0.0,0.6205390694014475,0.27994746624057504,-0.6829968743182837,-0.651087827846492,0.49999999999999994,0.8660254037844387,-0.9659258262890684,0.2588190451025203,0.7818314824680298,0.6234898018587336
0.8960242285427619,-2.115080231218471,-2.114533124873362,-1.2173182542201055,-0.3126166610490873,-0.582660987715441,0.6032306589335762,-0.6841423458248278,-0.5130253883228107,-0.6826680894736445,-0.6525136639846563,-0.24159677895806747,-0.6505684099646967,0.0,0.0,0.8787878787878787,0.8787878787878787,-1.088879101263992,0.0,0.6007712040259463,-1.122402250593162,-0.6829968743182837,-0.651087827846492,0.49999999999999994,0.8660254037844387,-0.8660254037844386,0.5000000000000001,0.7818314824680298,0.6234898018587336
0.5960414143134664,-2.2466732057599303,-1.5088630270449392,-1.2173182542201055,-0.20474016326895209,-0.9601611422269661,0.4414663557011846,-0.6841423458248278,0.07095074235821083,-0.6826680894736445,-0.6525136639846563,0.6873196564430811,-0.6505684099646967,0.0,0.0,0.0,0.0,-1.088879101263992,0.0,0.5750826544296775,-1.2302753057342186,-0.6829968743182837,-0.651087827846492,0.49999999999999994,0.8660254037844387,-0.7071067811865477,0.7071067811865474,0.7818314824680298,0.6234898018587336
0.6832675370205488,-2.4045847752096816,-0.7978589991593985,-1.3755357407229036,-0.20474016326895209,-1.3376612967384915,0.6032306589335762,-0.6841423458248278,0.6819986141966308,-0.6826680894736445,-0.6525136639846563,1.2815529643835217,-0.6505684099646967,0.0,0.0,0.0,0.0,-1.088879101263992,0.0,0.521692213235393,-1.3381483608752753,-0.6829968743182837,-0.651087827846492,0.49999999999999994,0.8660254037844387,-0.5000000000000004,0.8660254037844384,0.7818314824680298,0.6234898018587336
0.6315199121546147,-2.6940893192008915,-0.350189796416651,-1.6656011326447004,-0.04292541659874924,-0.8523039552236732,-0.15166942281758458,-0.6841423458248278,0.7361420965114275,-0.6826680894736445,-0.6525136639846563,0.5507142982958534,-0.6505684099646967,0.0,0.0,0.0,0.0,-1.509857488799261,0.0,0.5057509166908807,-0.9605926678815769,-0.6829968743182837,-0.651087827846492,0.49999999999999994,0.8660254037844387,-0.25881904510252157,0.9659258262890681,0.7818314824680298,0.6234898018587336
0.2711057590223455,-2.6940893192008915,-0.350189796416651,-1.2173182542201055,-0.20474016326895209,-0.09730364620062269,-1.2300981110335285,-0.6841423458248278,1.1074116895271762,-0.6826680894736445,-0.6525136639846563,1.0254179178574698,-0.6505684099646967,0.0,0.0,0.0,0.0,-1.825591279450713,0.0,0.538373172745389,-0.15154475432365172,-0.6829968743182837,-0.651087827846492,0.49999999999999994,0.8660254037844387,-2.4492935982947064e-16,1.0,0.7818314824680298,0.6234898018587336
0.26144955482060844,-2.6940893192008915,-0.350189796416651,-2.1138840110692954,-0.47443140771929015,-0.09730364620062269,0.279702052468793,-0.6841423458248278,1.1422182138724026,-0.6826680894736445,-0.6525136639846563,0.9776060425059401,-0.6505684099646967,0.0,0.0,0.0,0.0,-2.11501392088121,0.0,0.5433152543334768,-0.47516391974682176,-0.6829968743182837,-0.651087827846492,0.49999999999999994,0.8660254037844387,0.25881904510252074,0.9659258262890683,0.9749279121818236,-0.22252093395631434
0.1345174448567938,-2.115080231218471,-0.1921889013309754,-2.4039494029910924,-0.5823079054994255,-0.366946613708855,0.6032306589335762,-0.5141748518124991,0.9372464593949581,-0.6826680894736445,-0.24301441108856717,0.8580763541271158,-0.6505684099646967,0.0,0.0,0.0,0.0,-2.11501392088121,0.0,0.4796822148523975,-0.31335433703523674,-0.6829968743182837,-0.651087827846492,0.49999999999999994,0.8660254037844387,0.49999999999999994,0.8660254037844387,0.9749279121818236,-0.22252093395631434
0.13286994523068119,-1.5097525483277596,-0.1921889013309754,-2.694014794912889,-0.9598756477298988,-0.5287323942137945,0.9267592653983594,0.0691226844570835,0.6549268730392324,-0.6826680894736445,0.6851838954759013,1.4762155997433213,-0.6505684099646967,0.0,0.0,0.0,0.0,-2.246569666985982,0.0,0.4787080683292666,-0.20548128189418005,-0.6829968743182837,-0.651087827846492,0.49999999999999994,0.8660254037844387,0.7071067811865476,0.7071067811865476,0.9749279121818236,-0.22252093395631434
0.13218920383154195,-0.7991504858038802,-0.350189796416651,-2.694014794912889,-1.3374433899603722,-0.366946613708855,0.7649949621659677,0.6794605038649911,0.06321595917038274,-0.6826680894736445,1.2789578121752305,0.8512460862197544,-0.6505684099646967,0.0,0.8787878787878787,0.0,0.0,-2.4044365623117083,0.0,0.4993582433954693,-0.20548128189418005,-0.6829968743182837,-0.651087827846492,0.49999999999999994,0.8660254037844387,0.8660254037844386,0.5000000000000001,0.9749279121818236,-0.22252093395631434
0.4712773806192418,-0.3517343723629195,-0.6398581040737229,-2.4039494029910924,-0.8519991499497634,-0.2590894267055621,0.279702052468793,0.7335410701416412,-0.5052906051349826,-0.6826680894736445,0.5486841445105384,-0.20403030546757986,-0.6505684099646967,0.0,0.8787878787878787,0.0,0.0,-2.693859203742206,0.0,0.5768737543701243,-0.043671699182595024,-0.6829968743182837,-0.651087827846492,0.49999999999999994,0.8660254037844387,0.9659258262890683,0.25881904510252074,0.9749279121818236,-0.22252093395631434
0.5919798730757391,-0.3517343723629195,-1.0875273068164708,-2.694014794912889,-0.09686366548881685,0.17233932130760965,0.6032306589335762,1.104379238895813,-0.6831906184550289,-0.6826680894736445,1.0230207791151749,-0.6514128533997506,-0.6505684099646967,0.0,0.8787878787878787,0.0,0.0,-2.693859203742206,0.0,0.6282126949234207,-0.20548128189418005,-0.6829968743182837,-0.651087827846492,0.49999999999999994,0.8660254037844387,1.0,6.123233995736766e-17,0.9749279121818236,-0.22252093395631434
0.26899489572875684,-0.3517343723629195,-1.0875273068164708,-2.694014794912889,-0.09686366548881685,0.17233932130760965,0.0640163148256042,1.1391453172165165,-0.6831906184550289,-0.6826680894736445,0.9752458662772978,-0.6514128533997506,-0.6505684099646967,0.0,0.8787878787878787,0.0,0.0,-2.693859203742206,0.0,0.578728776433757,-0.47516391974682176,-0.6829968743182837,-0.651087827846492,0.49999999999999994,0.8660254037844387,0.9659258262890683,-0.25881904510252063,0.9749279121818236,-0.22252093395631434
0.45648990801165334,-0.19382280291316867,-1.2191947193878672,-2.4039494029910924,-0.36655490993915496,0.6037680693207814,0.279702052468793,0.9344117448834841,-0.6831906184550289,-0.5199998205517397,0.8558085841826051,-0.6514128533997506,-0.34651170300672185,0.0,0.8787878787878787,0.0,0.0,-2.11501392088121,0.030678314945235912,0.5492828045339838,-0.5830369748878784,-0.5126400709128975,-0.24087229207710945,0.49999999999999994,0.8660254037844387,0.8660254037844387,-0.4999999999999998,0.9749279121818236,-0.22252093395631434
0.10050337472898825,-0.19382280291316867,-1.2191947193878672,-1.2173182542201055,-0.5283696566093578,0.441982288815842,-0.798726635747151,0.6524202207266661,-0.6831906184550289,0.07645049882857824,1.473469957300873,-0.6514128533997506,1.0849462769414964,0.0,0.0,0.0,0.0,-1.509857488799261,0.028433154433621908,0.5507263791492588,-0.9605926678815769,0.07199350441013211,0.6889495890001576,0.49999999999999994,0.8660254037844387,0.7071067811865476,-0.7071067811865475,0.9749279121818236,-0.22252093395631434
0.10068642948026787,-0.3517343723629195,-1.3771956144735429,-0.5053395649575132,-0.36655490993915496,0.6037680693207814,-1.2840195454443257,0.06139688927470493,-0.6831906184550289,0.6612816561430458,0.848983596634337,-0.6514128533997506,1.5939850335340608,0.8787878787878787,0.0,0.0,0.0,-0.7994564598334941,0.030412224508494116,0.6185155346893529,-1.3381483608752753,0.6837292984567459,1.2837621158657624,0.49999999999999994,0.8660254037844387,0.49999999999999994,-0.8660254037844387,0.9749279121818236,-0.22252093395631434
0.0942966334880966,-0.6412389163541294,-1.6668639221306147,0.23300870538887822,-0.2586784121590197,-0.15123223970226915,-1.877155323963095,-0.5064490566301205,-0.6831906184550289,1.1299211927990098,-0.20547697957309233,-0.6514128533997506,1.6759778533878968,0.8787878787878787,0.0,0.0,0.0,-0.3521669230772707,0.004141073832532499,0.6207127040149084,-0.8527196127405202,0.7379337359039143,0.5522110770770301,0.49999999999999994,0.8660254037844387,0.258819045102521,-0.9659258262890682,0.9749279121818236,-0.22252093395631434
0.09496593160557593,-1.0886550297950905,-1.2191947193878672,0.5230740973106753,0.17282757896152123,-1.2298041097351986,-1.9310767583738921,-0.6841423458248278,-0.6831906184550289,1.3506852720501665,-0.6525136639846563,-0.6514128533997506,1.7306397332904542,0.8787878787878787,0.0,0.0,0.0,-0.3521669230772707,0.011763531472640094,0.604536155617999,-0.09760822675312336,1.1096213069702112,1.0273774060098984,0.49999999999999994,0.8660254037844387,1.2246467991473532e-16,-1.0,0.9749279121818236,-0.22252093395631434
0.22566784433845366,-1.0886550297950905,-2.114533124873362,1.1295744622380688,0.17282757896152123,0.2801965083109026,-2.146762496017081,-0.6841423458248278,-0.6831906184550289,1.397161920313568,-0.6525136639846563,-0.6514128533997506,1.6998924258452657,0.8787878787878787,0.0,0.0,0.0,-0.3521669230772707,0.03300662954987266,0.6077040909697861,-0.09760822675312336,1.1444670167576767,0.9795189268368036,0.49999999999999994,0.8660254037844387,-0.2588190451025208,-0.9659258262890683,0.9749279121818236,-0.22252093395631434
0.21213314678567288,-1.2202480043365496,-2.4042014325304346,0.9713569757352701,0.6043335700820621,0.6037680693207814,-1.9849981927846894,-0.6841423458248278,-0.6831906184550289,0.6419163860332953,-0.6525136639846563,-0.6514128533997506,0.5519929478915632,0.8787878787878787,0.0,0.0,0.0,-0.19430002775154487,0.03924873190673373,0.6190229165421388,-0.3672908646057651,0.9392645035648252,0.859872728904067,0.49999999999999994,0.8660254037844387,-0.4999999999999997,-0.8660254037844388,0.9749279121818236,-0.22252093395631434
0.3315942800106382,-1.2202480043365496,-2.6938697401875067,0.23300870538887822,0.44251882341185933,0.9273396303306602,-0.6369623325147594,-0.6841423458248278,-0.6831906184550289,0.5373439274406421,-0.6525136639846563,-0.6514128533997506,0.6271530327575794,0.0,0.0,0.0,0.0,-0.19430002775154487,0.00498370206386064,0.6263757533962341,-0.5291004473173502,0.6566270797331618,1.478614495356219,0.49999999999999994,0.8660254037844387,-0.7071067811865471,-0.7071067811865479,0.9749279121818236,-0.22252093395631434
0.8606201086001046,-1.3781595737863004,-2.6938697401875067,0.1011607999698797,0.6043335700820621,0.7655538498257208,-0.259512291639179,-0.6841423458248278,-0.6831906184550289,0.037719958609077085,-0.6525136639846563,-0.6514128533997506,0.37434183820825206,0.0,0.0,0.8787878787878787,0.8787878787878787,-0.3521669230772707,0.004601193102909483,0.642900851511315,-0.3672908646057651,0.06425001334625093,0.8530358033079106,0.49999999999999994,0.8660254037844387,-0.8660254037844385,-0.5000000000000004,0.9749279121818236,-0.22252093395631434
0.8266517875728524,-1.6676641177775104,-2.4042014325304346,-0.18890459195191697,-0.15080191437888446,0.2801965083109026,0.010094880414807005,-0.6841423458248278,-0.6831906184550289,-0.496761496420039,-0.6525136639846563,-0.6514128533997506,-0.5173300777022133,0.0,0.0,0.8787878787878787,0.8787878787878787,-0.6415895645077683,0.0,0.6927782393521902,-0.2594178094647084,-0.5048965798490164,-0.20326920129824938,0.49999999999999994,0.8660254037844387,-0.9659258262890683,-0.25881904510252063,0.9749279121818236,-0.22252093395631434
0.7926834665456001,-1.2202480043365496,-2.6938697401875067,-0.3471220784547151,-1.2295668921802367,0.6037680693207814,-0.09774798840678739,-0.6841423458248278,-0.6831906184550289,-0.6826680894736445,-0.6525136639846563,-0.6514128533997506,-0.6505684099646967,0.0,0.0,0.8787878787878787,0.8787878787878787,-1.088879101263992,0.0,0.6754913513828305,0.17207441109951835,-0.6829968743182837,-0.651087827846492,0.49999999999999994,0.8660254037844387,-1.0,-1.8369701987210297e-16,0.9749279121818236,-0.22252093395631434
0.5581316481568488,-2.115080231218471,-2.6938697401875067,-0.3471220784547151,0.2807040767416565,0.06448213430431671,-1.7693124551415005,-0.6841423458248278,-0.6831906184550289,-0.6826680894736445,-0.6525136639846563,-0.6514128533997506,-0.6505684099646967,0.0,0.0,0.8787878787878787,0.8787878787878787,-1.088879101263992,0.0,0.6578951991668407,0.17207441109951835,-0.6829968743182837,-0.651087827846492,0.49999999999999994,0.8660254037844387,-0.9659258262890684,0.2588190451025203,0.9749279121818236,-0.22252093395631434
0.4321835059623719,-2.4045847752096816,-2.4042014325304346,-0.3471220784547151,0.6043335700820621,0.2801965083109026,-1.8232338895522977,-0.6841423458248278,-0.5207601715106388,-0.6826680894736445,-0.6525136639846563,-0.347465931522169,-0.6505684099646967,0.0,0.0,0.8787878787878787,0.8787878787878787,-1.2204348473687636,0.0,0.6163626703610374,0.6035666316637451,-0.6829968743182837,-0.651087827846492,0.49999999999999994,0.8660254037844387,-0.8660254037844386,0.5000000000000001,0.9749279121818236,-0.22252093395631434
0.3780733273876965,-2.6940893192008915,-1.2191947193878672,-0.5053395649575132,0.9279630634224678,-0.7983753617220268,-1.6614695863199063,-0.6841423458248278,0.07481813395212489,-0.6826680894736445,-0.6525136639846563,1.0834751950700414,-0.6505684099646967,0.0,0.0,0.0,0.0,-1.2204348473687636,0.0,0.5524820350919138,0.44175704895216006,-0.6829968743182837,-0.651087827846492,0.49999999999999994,0.8660254037844387,-0.7071067811865477,0.7071067811865474,0.9749279121818236,-0.22252093395631434
0.3584691736509622,-2.6940893192008915,-0.5081906915023265,-0.7954049568793099,0.766148316752265,-1.283732703236845,-1.4457838486767174,-0.6841423458248278,0.6587942646331465,-0.6826680894736445,-0.6525136639846563,1.592330154168465,-0.6505684099646967,0.0,0.0,0.0,0.0,-1.3783017426944895,0.0,0.42686778984188334,0.6035666316637451,-0.6829968743182837,-0.651087827846492,0.49999999999999994,0.8660254037844387,-0.5000000000000004,0.8660254037844384,0.9749279121818236,-0.22252093395631434
0.3090498138363662,-2.4045847752096816,0.22914681889749292,-0.7954049568793099,0.2807040767416565,-1.876947231754956,-1.4457838486767174,-0.6841423458248278,1.1267486474967463,-0.6826680894736445,-0.6525136639846563,1.6742933690568014,-0.6505684099646967,0.0,0.0,0.0,0.0,-1.6677243841249871,0.0,0.41548376165509526,-0.15154475432365172,-0.6829968743182837,-0.651087827846492,0.49999999999999994,0.8660254037844387,-0.25881904510252157,0.9659258262890681,0.9749279121818236,-0.22252093395631434
0.304187380174369,-2.6940893192008915,0.5188151265545653,-1.085470348801107,0.6043335700820621,-1.9308758252566025,0.9806806998091566,-0.6841423458248278,1.3471899683498472,-0.6826680894736445,-0.6525136639846563,1.7289355123156926,-0.6505684099646967,0.0,0.0,0.0,0.0,-1.2204348473687636,0.0,0.3857098303364459,-1.2302753057342186,-0.6829968743182837,-0.651087827846492,0.49999999999999994,0.8660254037844387,-2.4492935982947064e-16,1.0,0.9749279121818236,-0.22252093395631434
0.3252330990872127,-2.6940893192008915,1.1244852243829888,-1.3755357407229036,0.064951081181386,-2.1465901992631884,-1.0144123733903398,-0.6841423458248278,1.393598667476816,-0.6826680894736445,-0.6525136639846563,1.6981993067325662,-0.6505684099646967,0.0,0.0,0.0,0.0,-2.11501392088121,0.0,0.33789480170235675,0.27994746624057504,-0.6829968743182837,-0.651087827846492,0.49999999999999994,0.8660254037844387,0.25881904510252074,0.9659258262890683,0.43388373911755823,-0.900968867902419
0.3406097942990456,-2.4045847752096816,0.9664843292973129,-1.955666524566497,0.2807040767416565,-1.984804418758249,-0.47519802928236776,-0.5219006469948776,0.6394573066635763,-0.6826680894736445,-0.3488017180867235,0.5507142982958534,-0.6505684099646967,0.0,0.0,0.0,0.0,-2.4044365623117083,0.0,0.33085312422194135,0.6035666316637451,-0.6829968743182837,-0.651087827846492,0.49999999999999994,0.8660254037844387,0.49999999999999994,0.8660254037844387,0.43388373911755823,-0.900968867902419
0.3319546713046655,-1.2202480043365496,0.22914681889749292,-1.8238186191474985,-0.7980609010596958,-0.6365895812170874,-0.5830408981039622,0.0729855820482728,0.5350377336278969,-0.6826680894736445,1.0810331732754541,0.6258472452768287,-0.6505684099646967,0.0,0.0,0.0,0.0,-2.693859203742206,0.0,0.34174534132954004,0.9271857970869152,-0.6829968743182837,-0.651087827846492,0.49999999999999994,0.8660254037844387,0.7071067811865476,0.7071067811865476,0.43388373911755823,-0.900968867902419
0.3319546713046655,-0.5096459418126703,0.09747940632609654,-1.8238186191474985,-1.2835051410703044,-0.2590894267055621,-0.5830408981039622,0.6562831183178554,0.03614421801298438,-0.6826680894736445,1.5894947456214314,0.3731273327044573,-0.6505684099646967,0.0,0.8787878787878787,0.0,0.0,-2.693859203742206,0.0,0.34775550627883756,0.7653762143753301,-0.6829968743182837,-0.651087827846492,0.49999999999999994,0.8660254037844387,0.8660254037844386,0.5000000000000001,0.43388373911755823,-0.900968867902419
0.33419424577469253,0.22727471561950033,-0.1921889013309754,-2.245731916488294,-1.8768258788610481,0.010553540802670241,-0.04382655399599019,1.1236937268517593,-0.49755582194715453,-0.6826680894736445,1.6713945962006493,-0.5182226292062037,-0.6505684099646967,0.0,0.8787878787878787,0.0,0.0,-2.4044365623117083,0.0,0.35974828000573855,0.27994746624057504,-0.6829968743182837,-0.651087827846492,0.49999999999999994,0.8660254037844387,0.9659258262890683,0.25881904510252074,0.43388373911755823,-0.900968867902419
0.5561008946994753,0.5167792596107107,-0.350189796416651,-2.1138840110692954,-1.9307641277511158,-0.09730364620062269,-0.3134337260499762,1.3438788895495488,-0.6831906184550289,-0.6826680894736445,1.7259944965867944,-0.6514128533997506,-0.6505684099646967,0.0,0.8787878787878787,0.0,0.0,-2.693859203742206,0.0,0.44337998060516726,0.6035666316637451,-0.6829968743182837,-0.651087827846492,0.49999999999999994,0.8660254037844387,1.0,6.123233995736766e-17,0.43388373911755823,-0.900968867902419
0.3405296844628304,1.1221069425014227,-0.350189796416651,-1.955666524566497,-2.146517123311386,-1.769090044751663,-0.3134337260499762,1.3902336606438201,-0.6831906184550289,-0.6826680894736445,1.6952820526195878,-0.6514128533997506,-0.6505684099646967,0.0,0.8787878787878787,0.0,0.0,-2.693859203742206,0.0,0.473814491749718,0.06420135595846167,-0.6829968743182837,-0.651087827846492,0.49999999999999994,0.8660254037844387,0.9659258262890683,-0.25881904510252063,0.43388373911755823,-0.900968867902419
0.32228132277422694,0.9641953730516715,-0.350189796416651,-1.955666524566497,-1.9847023766411835,-1.8230186382533096,-0.2055908572283818,0.6369686303619089,-0.6831906184550289,-0.5045076044639392,0.5486841445105384,-0.6514128533997506,0.0839506012259166,0.0,0.8787878787878787,0.0,0.0,-2.4044365623117083,0.04800762793117513,0.45810685924845307,0.27994746624057504,-0.5203835619767787,-0.34684463881753325,0.49999999999999994,0.8660254037844387,0.8660254037844387,-0.4999999999999998,0.43388373911755823,-0.900968867902419
0.25326923877536434,0.22727471561950033,-0.5081906915023265,-1.2173182542201055,-0.6362461543894931,-1.6612328577483704,-0.798726635747151,0.5326703953997981,-0.6831906184550289,-0.1017099861811271,0.6237590075414879,-0.6514128533997506,-0.1278641833964928,0.0,0.0,0.0,0.0,-1.2204348473687636,0.10240149818928967,0.44414520217599507,-0.7987830851699919,0.07586524994207271,1.0854912735772275,0.49999999999999994,0.8660254037844387,0.7071067811865476,-0.7071067811865475,0.43388373911755823,-0.900968867902419
0.2673759837130057,0.09568174107804124,-0.7978589991593985,-0.9272528622983084,-0.2586784121590197,-1.4455184837417845,-0.4212765948715706,0.03435660613637991,-0.6831906184550289,0.21200738959683232,0.37123446825556644,-0.6514128533997506,-0.42167178787273807,0.8787878787878787,0.0,0.0,0.0,-0.5100338184029966,0.12841209848680307,0.45569513080909574,-1.284211833304747,0.6604988252651024,1.5948422304908774,0.49999999999999994,0.8660254037844387,0.49999999999999994,-0.8660254037844387,0.43388373911755823,-0.900968867902419
0.25287452450095343,-0.19382280291316867,-0.7978589991593985,-0.18890459195191697,0.01101283229131838,-1.4455184837417845,0.1718591836471986,-0.49872326144774193,-0.6831906184550289,0.4598828470016398,-0.5194264067934272,-0.6514128533997506,0.06345239626245763,0.8787878787878787,0.0,0.0,0.0,0.22667835978372425,0.16115263227807197,0.44827161083801637,-1.8775136365805587,1.1289800346299144,1.676885337644754,0.49999999999999994,0.8660254037844387,0.258819045102521,-0.9659258262890682,0.43388373911755823,-0.900968867902419
0.3177049025077659,-0.3517343723629195,-1.0875273068164708,-0.05705668653291797,-0.09686366548881685,0.9812682238323067,0.1718591836471986,-0.6841423458248278,-0.6831906184550289,1.4204002444452686,-0.6525136639846563,-0.6514128533997506,1.874127168034667,0.8787878787878787,0.0,0.0,0.0,0.5161010012142222,0.41184005718659983,0.4380283466957716,-1.931450164151087,1.3496695299505281,1.7315807424140048,0.49999999999999994,0.8660254037844387,1.2246467991473532e-16,-1.0,0.43388373911755823,-0.900968867902419
0.10189345200222422,-0.3517343723629195,-1.3771956144735429,0.23300870538887822,-1.768949381080913,-1.0140897357286127,-0.3673551604607734,-0.6841423458248278,-0.6831906184550289,1.3506852720501665,-0.6525136639846563,-0.6514128533997506,1.3685047789360123,0.8787878787878787,0.0,0.0,0.0,1.121257433296172,0.570631113222826,0.43833561337605254,-2.1471962744332003,1.3961304763338152,1.7008145772313013,0.49999999999999994,0.8660254037844387,-0.2588190451025208,-0.9659258262890683,0.43388373911755823,-0.900968867902419
0.16452145478514937,-0.3517343723629195,-1.9565322297876868,0.39122619189167684,-1.8228876299709806,-0.47480380071214795,-0.3673551604607734,-0.6841423458248278,-0.6831906184550289,1.1531595169307105,-0.6525136639846563,-0.6514128533997506,1.535906786137594,0.8787878787878787,0.0,0.0,0.0,0.9633905379704456,0.564937825218984,0.4348526771768363,-1.9853866917216154,0.6411400976053995,0.5522110770770301,0.49999999999999994,0.8660254037844387,-0.4999999999999997,-0.8660254037844388,0.43388373911755823,-0.900968867902419
0.22608543831158823,-0.5096459418126703,-1.8248648172162902,0.1011607999698797,-1.6610728833007777,-0.582660987715441,-0.259512291639179,-0.6841423458248278,-0.6831906184550289,0.6574086021210956,-0.6525136639846563,-0.6514128533997506,1.3411738389847336,0.0,0.0,0.0,0.0,0.22667835978372425,0.2822859802571694,0.4409899180777551,-0.6369735024584068,0.5366029682430034,0.6274172586347502,0.49999999999999994,0.8660254037844387,-0.7071067811865471,-0.7071067811865479,0.43388373911755823,-0.900968867902419
0.3771580364698083,-0.7991504858038802,-1.8248648172162902,-0.05705668653291797,-1.4453198877405073,-0.582660987715441,-0.09774798840678739,-0.6841423458248278,-0.6831906184550289,0.1384193631797801,-0.6525136639846563,-0.6514128533997506,1.1361917893501439,0.0,0.0,0.8787878787878787,0.8787878787878787,0.09512261367895261,0.09994013703581656,0.48093048894226653,-0.2594178094647084,0.03714779462266677,0.37445101157696437,0.49999999999999994,0.8660254037844387,-0.8660254037844385,-0.5000000000000004,0.43388373911755823,-0.900968867902419
0.5723699874012806,-0.7991504858038802,-2.2462005374447584,-0.18890459195191697,-1.4453198877405073,-0.04337505269897623,0.3336234868795902,-0.6841423458248278,-0.6831906184550289,-0.48514233435418863,-0.6525136639846563,-0.6514128533997506,0.036121456311178995,0.0,0.0,0.8787878787878787,0.8787878787878787,-0.19430002775154487,0.0,0.537160137774712,0.010264828387933323,-0.4971530887851352,-0.5177677787214426,0.49999999999999994,0.8660254037844387,-0.9659258262890683,-0.25881904510252063,0.43388373911755823,-0.900968867902419
0.6928179063122731,-1.0886550297950905,-2.114533124873362,-0.5053395649575132,0.9819013123125355,-0.3130180202072086,0.4953877901119818,-0.6841423458248278,-0.6831906184550289,-0.6826680894736445,-0.6525136639846563,-0.6514128533997506,-0.6505684099646967,0.0,0.0,0.8787878787878787,0.8787878787878787,-0.3521669230772707,0.0,0.5379002617170454,-0.09760822675312336,-0.6829968743182837,-0.651087827846492,0.49999999999999994,0.8660254037844387,-1.0,-1.8369701987210297e-16,0.43388373911755823,-0.900968867902419
0.8132658252232657,-1.3781595737863004,-1.9565322297876868,-0.5053395649575132,-1.0138138966199663,-0.3130180202072086,0.6571520933443734,-0.6841423458248278,-0.6831906184550289,-0.6826680894736445,-0.6525136639846563,-0.6514128533997506,-0.6505684099646967,0.0,0.0,0.8787878787878787,0.8787878787878787,-0.3521669230772707,0.0,0.49985696912740707,-1.769640581439502,-0.6829968743182837,-0.651087827846492,0.49999999999999994,0.8660254037844387,-0.9659258262890684,0.2588190451025203,0.43388373911755823,-0.900968867902419
0.6942279973153708,-1.9571686617687203,-1.9565322297876868,-0.6371874703765118,-0.47443140771929015,-0.20516083320391562,0.6032306589335762,-0.6841423458248278,-0.5052906051349826,-0.6826680894736445,-0.6525136639846563,0.08284094664159838,-0.6505684099646967,0.0,0.0,0.8787878787878787,0.8787878787878787,-0.3521669230772707,0.0,0.46862061436228675,-1.8235771090100303,-0.6829968743182837,-0.651087827846492,0.49999999999999994,0.8660254037844387,-0.8660254037844386,0.5000000000000001,0.43388373911755823,-0.900968867902419
0.8691321390892657,-1.8255756872272613,-1.2191947193878672,-0.7954049568793099,-0.5823079054994255,-0.7983753617220268,0.818916396576765,-0.6841423458248278,-0.10308187936792142,-0.6826680894736445,-0.6525136639846563,-0.1288973584866046,-0.6505684099646967,0.0,0.0,0.0,0.0,-0.5100338184029966,0.0,0.3974985961974429,-1.6617675262984453,-0.6829968743182837,-0.651087827846492,0.49999999999999994,0.8660254037844387,-0.7071067811865477,0.7071067811865474,0.43388373911755823,-0.900968867902419
0.5180881939246875,-1.8255756872272613,-0.9295264117307949,-1.085470348801107,-0.5823079054994255,-0.4208752072105015,0.9806806998091566,-0.6841423458248278,0.21017683973911663,-0.6826680894736445,-0.6525136639846563,-0.4225988785031442,-0.6505684099646967,0.0,0.0,0.0,0.0,-0.7994564598334941,0.0,0.324412150796591,-1.446021416016332,-0.6829968743182837,-0.651087827846492,0.49999999999999994,0.8660254037844387,-0.5000000000000004,0.8660254037844384,0.43388373911755823,-0.900968867902419
0.7406383987316619,-2.2466732057599303,-0.1921889013309754,-1.085470348801107,-0.04292541659874924,0.17233932130760965,0.9806806998091566,-0.6841423458248278,0.4576899017496158,-0.6826680894736445,-0.6525136639846563,0.062350142919514226,-0.6505684099646967,0.0,0.0,0.0,0.0,-0.7994564598334941,0.0,0.32601471120543035,-1.446021416016332,-0.6829968743182837,-0.651087827846492,0.49999999999999994,0.8660254037844387,-0.25881904510252157,0.9659258262890681,0.43388373911755823,-0.900968867902419
0.3047451286056018,-2.115080231218471,-0.06052148875957856,-1.3755357407229036,-0.3126166610490873,0.17233932130760965,1.1424450030415483,-0.6841423458248278,1.4168030170403,-0.6826680894736445,-0.6525136639846563,1.8723711383702817,-0.6505684099646967,0.0,0.0,0.0,0.0,-1.088879101263992,0.0,0.26695553524867166,0.9811223246574435,-0.6829968743182837,-0.651087827846492,0.49999999999999994,0.8660254037844387,-2.4492935982947064e-16,1.0,0.43388373911755823,-0.900968867902419
0.2801040774975807,-1.9571686617687203,0.22914681889749292,-1.2173182542201055,-0.3126166610490873,-0.366946613708855,0.9806806998091566,-0.6841423458248278,1.3471899683498472,-0.6826680894736445,-0.6525136639846563,1.366931313225539,-0.6505684099646967,0.0,0.0,0.0,0.0,-1.3783017426944895,0.0,0.2594246332813914,-1.0145291954521052,-0.6829968743182837,-0.651087827846492,0.49999999999999994,0.8660254037844387,0.25881904510252074,0.9659258262890683,-0.433883739117558,-0.9009688679024191
0.168256938006127,-1.9571686617687203,0.38714771398316894,-1.3755357407229036,-0.20474016326895209,-0.366946613708855,1.1424450030415483,-0.5064490566301205,1.1499529970602307,-0.6826680894736445,0.08117249745417,1.534272876955893,-0.6505684099646967,0.0,0.0,0.0,0.0,-1.9571470255554846,0.0,0.22308214551123529,-0.47516391974682176,-0.6829968743182837,-0.651087827846492,0.49999999999999994,0.8660254037844387,0.49999999999999994,0.8660254037844387,-0.433883739117558,-0.9009688679024191
0.16752471213641246,-1.2202480043365496,0.09747940632609654,-1.6656011326447004,-0.7980609010596958,-0.2590894267055621,1.1424450030415483,-0.10470770714643447,0.6549268730392324,-0.6826680894736445,-0.13040211654214268,1.3396102415960935,-0.6505684099646967,0.0,0.0,0.0,0.0,-1.825591279450713,0.0,0.2190996333338916,-0.5830369748878784,-0.6829968743182837,-0.651087827846492,0.49999999999999994,0.8660254037844387,0.7071067811865476,0.7071067811865476,-0.433883739117558,-0.9009688679024191
0.1668268126793795,-0.9307434603453393,-0.06052148875957856,-1.8238186191474985,-0.42049315882922256,-0.09730364620062269,1.3042093062739397,0.2081869977398979,0.13669639945474968,-0.6826680894736445,-0.4238765811176732,1.134702204375252,-0.6505684099646967,0.0,0.8787878787878787,0.0,0.0,-1.825591279450713,0.0,0.21180610883448292,-0.5830369748878784,-0.6829968743182837,-0.651087827846492,0.49999999999999994,0.8660254037844387,0.8660254037844386,0.5000000000000001,-0.433883739117558,-0.9009688679024191
0.1662948064834344,-0.19382280291316867,-0.1921889013309754,-1.8238186191474985,0.17282757896152123,0.33412510181254906,1.1424450030415483,0.45541244357601235,-0.4859536471654124,-0.6826680894736445,0.06069753480936555,0.03502907129006868,-0.6505684099646967,0.0,0.8787878787878787,0.0,0.0,-2.246569666985982,0.0,0.23013951669240695,-0.043671699182595024,-0.6829968743182837,-0.651087827846492,0.49999999999999994,0.8660254037844387,0.9659258262890683,0.25881904510252074,-0.433883739117558,-0.9009688679024191
0.22618269247650505,-0.06222982837170911,-0.5081906915023265,-1.8238186191474985,0.17282757896152123,0.4959108823174885,0.9267592653983594,1.413411046190956,-0.6831906184550289,-0.6826680894736445,1.8693192351004255,-0.6514128533997506,-0.6505684099646967,0.0,0.8787878787878787,0.0,0.0,-2.11501392088121,0.0,0.30127531294309795,-0.31335433703523674,-0.6829968743182837,-0.651087827846492,0.49999999999999994,0.8660254037844387,1.0,6.123233995736766e-17,-0.433883739117558,-0.9009688679024191
0.3051369940726409,0.22727471561950033,-0.5081906915023265,-2.1138840110692954,-0.36655490993915496,0.6576966628224279,1.1424450030415483,1.3438788895495488,-0.6831906184550289,-0.6826680894736445,1.3642701565285824,-0.6514128533997506,-0.6505684099646967,0.0,0.8787878787878787,0.0,0.0,-1.9571470255554846,0.0,0.32112159560273146,-0.31335433703523674,-0.6829968743182837,-0.651087827846492,0.49999999999999994,0.8660254037844387,0.9659258262890683,-0.25881904510252063,-0.433883739117558,-0.9009688679024191
0.20877520948431832,0.3851862850692516,-0.6398581040737229,-1.955666524566497,-0.36655490993915496,0.6037680693207814,0.9267592653983594,1.146871112398895,-0.6831906184550289,-0.53161898261759,1.5314823514611522,-0.6514128533997506,-0.44216999283619707,0.0,0.8787878787878787,0.0,0.0,-1.9571470255554846,0.009579351516219758,0.3234991605355464,-0.20548128189418005,-0.5048965798490164,0.0838816737403184,0.49999999999999994,0.8660254037844387,0.8660254037844387,-0.4999999999999998,-0.433883739117558,-0.9009688679024191
0.14054112448180978,0.09568174107804124,-0.7978589991593985,-1.3755357407229036,-0.2586784121590197,0.8194824433273673,0.6032306589335762,0.6524202207266661,-0.6831906184550289,0.006735526433476152,1.3369702063355098,-0.6514128533997506,0.5895729903245713,0.0,0.0,0.0,0.0,-1.2204348473687636,0.020716455931577036,0.3214270695952627,-0.7987830851699919,-0.10223504452719462,-0.12806301974052925,0.49999999999999994,0.8660254037844387,0.7071067811865476,-0.7071067811865475,-0.433883739117558,-0.9009688679024191
0.2326926120354227,-0.06222982837170911,-1.0875273068164708,-0.6371874703765118,-0.09686366548881685,0.9812682238323067,0.010094880414807005,0.13479194350730142,-0.6831906184550289,0.6109319538576943,1.1322205798874654,-0.6514128533997506,1.1669390967953324,0.8787878787878787,0.0,0.0,0.0,-0.9310122059382657,0.03447014291753839,0.3301827102232423,-0.42122739217629346,0.2113763435599935,-0.4220508203752534,0.49999999999999994,0.8660254037844387,0.49999999999999994,-0.8660254037844387,-0.433883739117558,-0.9009688679024191
0.29558947358828835,-0.19382280291316867,-1.0875273068164708,-0.18890459195191697,0.3346423256317241,0.9812682238323067,-0.09774798840678739,-0.48713456867417404,-0.6831906184550289,1.0950637066014588,0.03339758461629295,-0.6514128533997506,1.4812449062350366,0.8787878787878787,0.0,0.0,0.0,-0.19430002775154487,0.038273056328289916,0.36417975290309124,0.17207441109951835,0.4591680576041915,0.06337089695184926,0.49999999999999994,0.8660254037844387,0.258819045102521,-0.9659258262890682,-0.433883739117558,-0.9009688679024191
0.39888448305259894,-0.5096459418126703,-1.3771956144735429,-0.18890459195191697,0.4964570723019269,1.1430540043372461,-0.09774798840678739,-0.6841423458248278,-0.6831906184550289,1.3894158122696676,-0.6525136639846563,-0.6514128533997506,1.5495722561132332,0.8787878787878787,0.0,0.0,0.0,-0.06274428164677277,0.05708251350049941,0.3648532400807897,0.17207441109951835,1.4193609495254589,1.8751561799332888,0.49999999999999994,0.8660254037844387,1.2246467991473532e-16,-1.0,-0.433883739117558,-0.9009688679024191
0.3972312823794446,-0.5096459418126703,-1.2191947193878672,-0.05705668653291797,0.6582718189721298,0.9812682238323067,-0.7448052013363538,-0.6841423458248278,-0.6831906184550289,1.3894158122696676,-0.6525136639846563,-0.6514128533997506,1.5871522985462412,0.8787878787878787,0.0,0.0,0.0,0.22667835978372425,0.049421247512561724,0.3974333423633575,-0.3672908646057651,1.3496695299505281,1.3692236858177171,0.49999999999999994,0.8660254037844387,-0.2588190451025208,-0.9659258262890683,-0.433883739117558,-0.9009688679024191
0.13138833543335834,-0.6412389163541294,-1.3771956144735429,0.1011607999698797,0.6043335700820621,1.1430540043372461,-0.09774798840678739,-0.6841423458248278,-0.6831906184550289,1.13379424682096,-0.6525136639846563,-0.6514128533997506,1.4607467012715776,0.8787878787878787,0.0,0.0,0.0,0.3845452551094506,0.005039138037178102,0.41315941393861844,-0.3672908646057651,1.1522105078215579,1.5367283629235482,0.49999999999999994,0.8660254037844387,-0.4999999999999997,-0.8660254037844388,-0.433883739117558,-0.9009688679024191
0.3857845684215288,-0.7991504858038802,-1.6668639221306147,0.1011607999698797,0.8200865656423326,1.1430540043372461,0.1718591836471986,-0.6841423458248278,-0.6831906184550289,0.6496624940771955,-0.6525136639846563,-0.6514128533997506,1.2079355067222501,0.0,0.0,0.0,0.0,0.09512261367895261,0.0037530214871240746,0.4491191936060257,-0.2594178094647084,0.6566270797331618,1.3418759834330916,0.49999999999999994,0.8660254037844387,-0.7071067811865471,-0.7071067811865479,-0.433883739117558,-0.9009688679024191
0.3887134169836184,-1.0886550297950905,-1.8248648172162902,-0.05705668653291797,0.9819013123125355,1.3048397848421855,-0.09774798840678739,-0.6841423458248278,-0.6831906184550289,0.037719958609077085,-0.6525136639846563,-0.6514128533997506,0.6271530327575794,0.0,0.0,0.8787878787878787,0.8787878787878787,-0.06274428164677277,0.00028826752691372027,0.43155361952107885,-0.09760822675312336,0.13781317845312221,1.1367682155484002,0.49999999999999994,0.8660254037844387,-0.8660254037844385,-0.5000000000000004,-0.433883739117558,-0.9009688679024191
0.5439448277059726,-1.0886550297950905,-1.8248648172162902,-0.3471220784547151,0.9819013123125355,1.1430540043372461,0.1718591836471986,-0.6841423458248278,-0.6831906184550289,-0.5161267665297895,-0.6525136639846563,-0.6514128533997506,-0.4011735829092791,0.0,0.0,0.8787878787878787,0.8787878787878787,-0.19430002775154487,0.0,0.4971731106876611,0.3338839938111034,-0.4855378521893134,0.03602319456722376,0.49999999999999994,0.8660254037844387,-0.9659258262890683,-0.25881904510252063,-0.433883739117558,-0.9009688679024191
0.568464025369036,-1.3781595737863004,-1.8248648172162902,-0.6371874703765118,1.1437160589827384,0.9273396303306602,0.3336234868795902,-0.6841423458248278,-0.6831906184550289,-0.6826680894736445,-0.6525136639846563,-0.6514128533997506,-0.6505684099646967,0.0,0.0,0.8787878787878787,0.8787878787878787,-0.5100338184029966,0.0,0.4761248565017481,0.4956935765226884,-0.6829968743182837,-0.651087827846492,0.49999999999999994,0.8660254037844387,-1.0,-1.8369701987210297e-16,-0.433883739117558,-0.9009688679024191
0.5929832230320994,-1.2202480043365496,-2.114533124873362,-0.7954049568793099,0.9819013123125355,1.1430540043372461,1.1424450030415483,-0.6841423458248278,-0.6831906184550289,-0.6826680894736445,-0.6525136639846563,-0.6514128533997506,-0.6505684099646967,0.0,0.0,0.8787878787878787,0.8787878787878787,-0.5100338184029966,0.0,0.43505135819914165,0.6575031592342735,-0.6829968743182837,-0.651087827846492,0.49999999999999994,0.8660254037844387,-0.9659258262890684,0.2588190451025203,-0.433883739117558,-0.9009688679024191
0.6175024206951627,-1.3781595737863004,-1.9565322297876868,-0.7954049568793099,1.1437160589827384,0.9273396303306602,1.1424450030415483,-0.6841423458248278,-0.532362346292381,-0.6826680894736445,-0.6525136639846563,-0.4430896822252284,-0.6505684099646967,0.0,0.0,0.8787878787878787,0.8787878787878787,-0.6415895645077683,0.0,0.38465168358733404,0.6035666316637451,-0.6829968743182837,-0.651087827846492,0.49999999999999994,0.8660254037844387,-0.8660254037844386,0.5000000000000001,-0.433883739117558,-0.9009688679024191
0.6420216183582261,-1.6676641177775104,-1.3771956144735429,-0.7954049568793099,1.1437160589827384,0.6037680693207814,0.6032306589335762,-0.6841423458248278,0.005205085261671982,-0.6826680894736445,-0.6525136639846563,0.588280771786341,-0.6505684099646967,0.0,0.0,0.0,0.0,-0.7994564598334941,0.0,0.3089849970986629,0.8193127419458585,-0.6829968743182837,-0.651087827846492,0.49999999999999994,0.8660254037844387,-0.7071067811865477,0.7071067811865474,-0.433883739117558,-0.9009688679024191
0.6665408160212896,-1.8255756872272613,-0.6398581040737229,-0.9272528622983084,1.305530805652941,0.010553540802670241,0.9806806998091566,-0.6841423458248278,0.6085181739122638,-0.6826680894736445,-0.6525136639846563,1.165438409958378,-0.6505684099646967,0.0,0.0,0.0,0.0,-1.088879101263992,0.0,0.21481603156605567,0.9811223246574435,-0.6829968743182837,-0.651087827846492,0.49999999999999994,0.8660254037844387,-0.5000000000000004,0.8660254037844384,-0.433883739117558,-0.9009688679024191
0.807179262465889,-1.8255756872272613,-0.1921889013309754,-1.085470348801107,1.1437160589827384,-0.09730364620062269,1.1424450030415483,-0.6841423458248278,1.09194212315152,-0.6826680894736445,-0.6525136639846563,1.479630733697002,-0.6505684099646967,0.0,0.0,0.0,0.0,-1.088879101263992,0.0,0.196027434678684,0.9811223246574435,-0.6829968743182837,-0.651087827846492,0.49999999999999994,0.8660254037844387,-0.25881904510252157,0.9659258262890681,-0.433883739117558,-0.9009688679024191
0.2704536120981638,-1.8255756872272613,-0.1921889013309754,-1.2173182542201055,0.9279630634224678,-0.09730364620062269,-0.529119463693165,-0.6841423458248278,1.3858638842889877,-0.6826680894736445,-0.6525136639846563,1.547933412770616,-0.6505684099646967,0.0,0.0,0.0,0.0,-1.3783017426944895,0.0,0.21118445594257285,1.1429319073690285,-0.6829968743182837,-0.651087827846492,0.49999999999999994,0.8660254037844387,-2.4492935982947064e-16,1.0,-0.433883739117558,-0.9009688679024191
0.23931121531172486,-2.115080231218471,-0.06052148875957856,-1.5073836461419021,1.1437160589827384,-0.7444467682203804,1.1424450030415483,-0.6841423458248278,1.3858638842889877,-0.6826680894736445,-0.6525136639846563,1.5854998862611034,-0.6505684099646967,0.0,0.0,0.0,0.0,-1.2204348473687636,0.0,0.19883150563695295,0.9811223246574435,-0.6829968743182837,-0.651087827846492,0.49999999999999994,0.8660254037844387,0.25881904510252074,0.9659258262890683,-0.9749279121818236,-0.2225209339563146
0.13290426477876668,-1.9571686617687203,0.09747940632609654,-1.6656011326447004,0.9279630634224678,-0.09730364620062269,1.1424450030415483,-0.5334893397684455,1.1306160390906606,-0.6826680894736445,-0.4443515437624776,1.4591399299749177,-0.6505684099646967,0.0,0.0,0.0,0.0,-1.3783017426944895,0.0,0.18874312971627327,1.1429319073690285,-0.6829968743182837,-0.651087827846492,0.49999999999999994,0.8660254037844387,0.49999999999999994,0.8660254037844387,-0.9749279121818236,-0.2225209339563146
0.13308732296234435,-1.3781595737863004,0.09747940632609654,-1.6656011326447004,0.6043335700820621,0.17233932130760965,1.1424450030415483,0.0034534254068656007,0.6471920898514043,-0.6826680894736445,0.5862215760260132,1.2064200174025466,-0.6505684099646967,0.0,0.0,0.0,0.0,-1.6677243841249871,0.0,0.19013420419031024,1.1429319073690285,-0.6829968743182837,-0.651087827846492,0.49999999999999994,0.8660254037844387,0.7071067811865476,0.7071067811865476,-0.9749279121818236,-0.2225209339563146
0.13285278030819136,-0.6412389163541294,-0.06052148875957856,-1.955666524566497,0.01101283229131838,-0.09730364620062269,1.3042093062739397,0.6060654496323946,0.03614421801298438,-0.6826680894736445,1.162933023854672,0.6258472452768287,-0.6505684099646967,0.0,0.8787878787878787,0.0,0.0,-1.825591279450713,0.0,0.1898183326088313,1.3047414900806136,-0.6829968743182837,-0.651087827846492,0.49999999999999994,0.8660254037844387,0.8660254037844386,0.5000000000000001,-0.9749279121818236,-0.2225209339563146
0.13191462342077157,-0.19382280291316867,-0.350189796416651,-1.8238186191474985,-0.09686366548881685,0.17233932130760965,1.1424450030415483,1.0889276485310557,-0.5168927799167248,-0.6826680894736445,1.476882451075007,-0.4021080747810601,-0.6505684099646967,0.0,0.8787878787878787,0.0,0.0,-1.825591279450713,0.0,0.2590902253085816,1.1429319073690285,-0.6829968743182837,-0.651087827846492,0.49999999999999994,0.8660254037844387,0.9659258262890683,0.25881904510252074,-0.9749279121818236,-0.2225209339563146
0.24678792742059633,-0.19382280291316867,-0.6398581040737229,-1.6656011326447004,-0.09686366548881685,0.33412510181254906,0.7649949621659677,1.3825078654614416,-0.6831906184550289,-0.6826680894736445,1.5451323265576884,-0.6514128533997506,-0.6505684099646967,0.0,0.8787878787878787,0.0,0.0,-1.825591279450713,0.0,0.34798630202168557,0.9271857970869152,-0.6829968743182837,-0.651087827846492,0.49999999999999994,0.8660254037844387,1.0,6.123233995736766e-17,-0.9749279121818236,-0.2225209339563146
0.26512782849788274,-0.06222982837170911,-0.7978589991593985,-1.6656011326447004,-0.7441226521696283,1.1430540043372461,0.6032306589335762,1.3825078654614416,-0.6831906184550289,-0.6826680894736445,1.5826697580731632,-0.6514128533997506,-0.6505684099646967,0.0,0.8787878787878787,0.0,0.0,-2.11501392088121,0.0,0.3675451400055839,1.1429319073690285,-0.6829968743182837,-0.651087827846492,0.49999999999999994,0.8660254037844387,0.9659258262890683,-0.25881904510252063,-0.9749279121818236,-0.2225209339563146
0.24463700920890005,0.09568174107804124,-0.7978589991593985,-1.6656011326447004,-0.09686366548881685,1.1430540043372461,0.7649949621659677,1.1275566244429485,-0.6831906184550289,-0.4928884423980888,1.4564074884302025,-0.6514128533997506,0.11128154117719523,0.0,0.8787878787878787,0.0,0.0,-1.9571470255554846,0.10402022765222442,0.36252873870536284,0.9271857970869152,-0.5319987985726006,-0.4425615971637225,0.49999999999999994,0.8660254037844387,0.8660254037844387,-0.4999999999999998,-0.9749279121818236,-0.2225209339563146
0.3598878453991557,0.09568174107804124,-0.7978589991593985,-1.3755357407229036,0.17282757896152123,0.6037680693207814,0.6032306589335762,0.6446944255442875,-0.6831906184550289,0.13067325513587988,1.2038829491442808,-0.6514128533997506,1.3616720439481926,0.0,0.0,0.0,0.0,-1.3783017426944895,0.18682508146706278,0.38098497128395925,0.6035666316637451,0.0061738303671420155,0.5898141678558901,0.49999999999999994,0.8660254037844387,0.7071067811865476,-0.7071067811865475,-0.9749279121818236,-0.2225209339563146
0.12036493708940708,-0.06222982837170911,-0.9295264117307949,-0.6371874703765118,-0.09686366548881685,0.9812682238323067,0.1718591836471986,0.03435660613637991,-0.6831906184550289,0.769727168757649,0.6237590075414879,-0.6514128533997506,1.8809599030224866,0.8787878787878787,0.0,0.0,0.0,-0.6415895645077683,0.2427711552527629,0.3675512351439325,0.010264828387933323,0.6101661333498747,1.167534380731104,0.49999999999999994,0.8660254037844387,0.49999999999999994,-0.8660254037844387,-0.9749279121818236,-0.2225209339563146
0.33713172656634854,-0.3517343723629195,-1.0875273068164708,-0.05705668653291797,0.17282757896152123,1.1430540043372461,-0.6369623325147594,-0.5180377494036883,-0.6831906184550289,1.2577319755233638,-0.4034016184728687,-0.6514128533997506,2.130354730077904,0.8787878787878787,0.0,0.0,0.0,-0.19430002775154487,0.49464488971399034,0.3559760552233875,-0.09760822675312336,1.0941343248424489,1.4820329581542973,0.49999999999999994,0.8660254037844387,0.258819045102521,-0.9659258262890682,-0.9749279121818236,-0.2225209339563146
0.10229388791746505,-0.6412389163541294,-1.2191947193878672,0.5230740973106753,0.3346423256317241,-0.5287323942137945,-1.337940979855123,-0.6841423458248278,-0.6831906184550289,1.5249727030379217,-0.6525136639846563,-0.6514128533997506,2.2430948573769283,0.8787878787878787,0.0,0.0,0.0,-0.19430002775154487,0.372546967560484,0.3385882645435506,-0.09760822675312336,1.388386985269934,1.5504022141158609,0.49999999999999994,0.8660254037844387,1.2246467991473532e-16,-1.0,-0.9749279121818236,-0.2225209339563146
0.33575880391870827,-0.7991504858038802,-1.5088630270449392,0.9713569757352701,1.1437160589827384,1.1430540043372461,-1.9310767583738921,-0.6841423458248278,-0.6831906184550289,1.5443379731476723,-0.6525136639846563,-0.6514128533997506,2.2635930623403873,0.8787878787878787,0.0,0.0,0.0,-0.06274428164677277,0.3610107274900141,0.3382858637300187,-0.7448465575994635,1.388386985269934,1.5880053048947211,0.49999999999999994,0.8660254037844387,-0.2588190451025208,-0.9659258262890683,-0.9749279121818236,-0.2225209339563146
0.10343798611948422,-0.7991504858038802,-1.6668639221306147,1.1295744622380688,1.1437160589827384,1.1430540043372461,-1.8232338895522977,-0.6841423458248278,-0.6831906184550289,1.2925894617209148,-0.6525136639846563,-0.6514128533997506,2.1576856700291827,0.8787878787878787,0.0,0.0,0.0,0.09512261367895261,0.10173071740402129,0.3550832455044385,-0.09760822675312336,1.132851780161855,1.4615221813658281,0.49999999999999994,0.8660254037844387,-0.4999999999999997,-0.8660254037844388,-0.9749279121818236,-0.2225209339563146
0.4286310431696936,-0.7991504858038802,-1.6668639221306147,0.8131394892324716,0.6043335700820621,1.1430540043372461,-0.5830408981039622,-0.6841423458248278,-0.6831906184550289,0.7968385469112998,-0.6525136639846563,-0.6514128533997506,1.8843762705163964,0.0,0.0,0.0,0.0,0.09512261367895261,0.15322527186199603,0.36528958027904157,0.17207441109951835,0.6488835886692806,1.2085559343080423,0.49999999999999994,0.8660254037844387,-0.7071067811865471,-0.7071067811865479,-0.9749279121818236,-0.2225209339563146
0.47805043730727,-0.9307434603453393,-1.9565322297876868,0.39122619189167684,0.9819013123125355,1.3048397848421855,-0.09774798840678739,-0.6841423458248278,-0.6831906184550289,0.16553074133343093,-0.6525136639846563,-0.6514128533997506,1.389002983899471,0.0,0.0,0.8787878787878787,0.8787878787878787,-0.06274428164677277,0.14899550387814725,0.41799572694947995,-0.09760822675312336,0.03714779462266677,0.6274172586347502,0.49999999999999994,0.8660254037844387,-0.8660254037844385,-0.5000000000000004,-0.9749279121818236,-0.2225209339563146
0.7219381063603483,-1.0886550297950905,-1.8248648172162902,-0.05705668653291797,1.1437160589827384,1.1430540043372461,0.3336234868795902,-0.6841423458248278,-0.6831906184550289,-0.46965011826638814,-0.6525136639846563,-0.6514128533997506,0.22060530098230977,0.0,0.0,0.8787878787878787,0.8787878787878787,-0.3521669230772707,0.0,0.49719969368600514,0.17207441109951835,-0.5165118164448381,-0.40154004358678425,0.49999999999999994,0.8660254037844387,-0.9659258262890683,-0.25881904510252063,-0.9749279121818236,-0.2225209339563146
0.9658257754134266,-1.2202480043365496,-1.6668639221306147,-0.6371874703765118,-0.5283696566093578,0.7655538498257208,0.9806806998091566,-0.6841423458248278,-0.6831906184550289,-0.6787950354516944,-0.6525136639846563,-0.6514128533997506,-0.6471520424707868,0.0,0.0,0.8787878787878787,0.8787878787878787,-0.6415895645077683,0.0,0.5209609502925076,0.3338839938111034,-0.6829968743182837,-0.651087827846492,0.49999999999999994,0.8660254037844387,-1.0,-1.8369701987210297e-16,-0.9749279121818236,-0.2225209339563146
0.7933985171959306,-1.5097525483277596,-1.6668639221306147,-0.6371874703765118,1.1437160589827384,0.6037680693207814,1.1424450030415483,-0.6841423458248278,-0.6831906184550289,-0.6826680894736445,-0.6525136639846563,-0.6514128533997506,-0.6505684099646967,0.0,0.0,0.8787878787878787,0.8787878787878787,-0.7994564598334941,0.0,0.5097353957027839,1.1429319073690285,-0.6829968743182837,-0.651087827846492,0.49999999999999994,0.8660254037844387,-0.9659258262890684,0.2588190451025203,-0.9749279121818236,-0.2225209339563146
0.765425305344823,-1.6676641177775104,-1.6668639221306147,-0.6371874703765118,1.1437160589827384,0.7655538498257208,1.1424450030415483,-0.6841423458248278,-0.4936884303532405,-0.6826680894736445,-0.6525136639846563,0.11016201827104392,-0.6505684099646967,0.0,0.0,0.8787878787878787,0.8787878787878787,-0.7994564598334941,0.0,0.4895382584407294,1.1429319073690285,-0.6829968743182837,-0.651087827846492,0.49999999999999994,0.8660254037844387,-0.8660254037844386,0.5000000000000001,-0.9749279121818236,-0.2225209339563146
0.7374520934937154,-1.6676641177775104,-1.3771956144735429,-0.6371874703765118,1.1437160589827384,0.6037680693207814,-1.4997052830875146,-0.6841423458248278,0.1289616162669216,-0.6826680894736445,-0.6525136639846563,1.3601010453181777,-0.6505684099646967,0.0,0.0,0.0,0.0,-0.7994564598334941,0.0,0.44178238850237683,0.6035666316637451,-0.6829968743182837,-0.651087827846492,0.49999999999999994,0.8660254037844387,-0.7071067811865477,0.7071067811865474,-0.9749279121818236,-0.2225209339563146
0.3387849444009931,-1.9571686617687203,-0.6398581040737229,-0.7954049568793099,1.305530805652941,0.17233932130760965,-1.4997052830875146,-0.6841423458248278,0.7670812292627398,-0.6826680894736445,-0.6525136639846563,1.879201406277643,-0.6505684099646967,0.0,0.0,0.0,0.0,-0.9310122059382657,0.0,0.3945927517946468,0.9811223246574435,-0.6829968743182837,-0.651087827846492,0.49999999999999994,0.8660254037844387,-0.5000000000000004,0.8660254037844384,-0.9749279121818236,-0.2225209339563146
0.27859959829842834,-1.8255756872272613,-0.06052148875957856,-1.085470348801107,1.1437160589827384,-0.6365895812170874,-0.529119463693165,-0.6841423458248278,1.25437257009591,-0.6826680894736445,-0.6525136639846563,2.1285061848963336,-0.6505684099646967,0.0,0.0,0.0,0.0,-1.088879101263992,0.0,0.38779759448962603,1.1429319073690285,-0.6829968743182837,-0.651087827846492,0.49999999999999994,0.8660254037844387,-0.25881904510252157,0.9659258262890681,-0.9749279121818236,-0.2225209339563146
0.21919794880696128,-1.6676641177775104,0.5188151265545653,-1.085470348801107,0.766148316752265,-1.3376612967384915,0.279702052468793,-0.6841423458248278,1.5212225900759795,-0.6826680894736445,-0.6525136639846563,2.2412056053677967,-0.6505684099646967,0.0,0.0,0.0,0.0,-1.2204348473687636,0.0,0.3950152626874017,-0.5291004473173502,-0.6829968743182837,-0.651087827846492,0.49999999999999994,0.8660254037844387,-2.4492935982947064e-16,1.0,-0.9749279121818236,-0.2225209339563146
0.35067785710389515,-1.6676641177775104,0.9664843292973129,-1.2173182542201055,0.6043335700820621,-1.9308758252566025,-1.0144123733903398,-0.6841423458248278,1.5405595480455498,-0.6826680894736445,-0.6525136639846563,2.261696409089881,-0.6505684099646967,0.0,0.0,0.0,0.0,-1.509857488799261,0.0,0.3933793582864199,1.1429319073690285,-0.6829968743182837,-0.651087827846492,0.49999999999999994,0.8660254037844387,0.25881904510252074,0.9659258262890683,-0.7818314824680299,0.6234898018587334
0.34214859647858153,-1.6676641177775104,1.1244852243829888,-1.6656011326447004,0.766148316752265,-1.8230186382533096,-0.798726635747151,-0.49486036385655263,1.2891790944411365,-0.6826680894736445,0.1084724476472426,2.1558272565257792,-0.6505684099646967,0.0,0.0,0.0,0.0,-1.6677243841249871,0.0,0.40818726641598735,1.1429319073690285,-0.6829968743182837,-0.651087827846492,0.49999999999999994,0.8660254037844387,0.49999999999999994,0.8660254037844387,-0.7818314824680299,0.6234898018587334
0.5492191371325724,-1.3781595737863004,0.8084834342116368,-1.8238186191474985,0.6043335700820621,-0.582660987715441,-0.7448052013363538,0.12706614832492283,0.7941529704201382,-0.6826680894736445,1.3574451689803142,1.8826165402313237,-0.6505684099646967,0.0,0.0,0.0,0.0,-1.6677243841249871,0.0,0.42435034404494987,1.1429319073690285,-0.6829968743182837,-0.651087827846492,0.49999999999999994,0.8660254037844387,0.7071067811865476,0.7071067811865476,-0.7818314824680299,0.6234898018587334
0.466689530800313,-0.6412389163541294,0.38714771398316894,-1.955666524566497,0.17282757896152123,-0.09730364620062269,-0.5830408981039622,0.7644442508711554,0.16376814061214803,-0.6826680894736445,1.8761442226486937,1.3874221169476233,-0.6505684099646967,0.0,0.8787878787878787,0.0,0.0,-1.9571470255554846,0.0,0.40645880810747637,1.3047414900806136,-0.6829968743182837,-0.651087827846492,0.49999999999999994,0.8660254037844387,0.8660254037844386,0.5000000000000001,-0.7818314824680299,0.6234898018587334
0.14693664554710903,-0.06222982837170911,-0.06052148875957856,-1.8238186191474985,-0.6362461543894931,0.33412510181254906,-0.9604909389795426,1.2511693473610057,-0.4704840807897562,-0.6826680894736445,2.125256268160481,0.21944630478882612,-0.6505684099646967,0.0,0.8787878787878787,0.0,0.0,-1.825591279450713,0.0,0.42204458906141884,1.1429319073690285,-0.6829968743182837,-0.651087827846492,0.49999999999999994,0.8660254037844387,0.9659258262890683,0.25881904510252074,-0.7818314824680299,0.6234898018587334
0.4333848102757964,0.5167792596107107,-0.6398581040737229,-2.1138840110692954,-1.3374433899603722,0.9812682238323067,-0.5830408981039622,1.5177092811530668,-0.6793232268611149,-0.6826680894736445,2.2378685627069057,-0.64799771944607,-0.6505684099646967,0.0,0.8787878787878787,0.0,0.0,-1.6677243841249871,0.0,0.39725479066349767,0.7653762143753301,-0.6829968743182837,-0.651087827846492,0.49999999999999994,0.8660254037844387,1.0,6.123233995736766e-17,-0.7818314824680299,0.6234898018587334
0.4296893579468401,0.9641953730516715,-0.6398581040737229,-2.1138840110692954,-1.9307641277511158,1.1430540043372461,-0.5830408981039622,1.5370237691090132,-0.6831906184550289,-0.6826680894736445,2.25834352535171,-0.6514128533997506,-0.6505684099646967,0.0,0.8787878787878787,0.0,0.0,-1.6677243841249871,0.0,0.40299108414430684,0.6035666316637451,-0.6829968743182837,-0.651087827846492,0.49999999999999994,0.8660254037844387,0.9659258262890683,-0.25881904510252063,-0.7818314824680299,0.6234898018587334
0.13927118107221428,1.1221069425014227,-0.6398581040737229,-1.8238186191474985,-1.8228876299709806,1.1430540043372461,-0.6908837669255565,1.2859354256817095,-0.6831906184550289,-0.46965011826638814,2.152556218353554,-0.6514128533997506,0.42900371811080934,0.0,0.8787878787878787,0.0,0.0,-1.6677243841249871,0.057304259522514035,0.42988959553225325,0.7653762143753301,-0.4932813432531946,0.1112293761249439,0.49999999999999994,0.8660254037844387,0.8660254037844387,-0.4999999999999998,-0.7818314824680299,0.6234898018587334
0.16507634067981816,0.8062838036019201,-0.6398581040737229,-1.085470348801107,-0.5823079054994255,-1.499447077243431,-1.0144123733903398,0.7914845340094805,-0.6831906184550289,0.07645049882857824,1.879556716422828,-0.6514128533997506,1.2216009766978895,0.0,0.0,0.0,0.0,-1.3783017426944895,0.23280929490863853,0.4405970633623436,0.6035666316637451,0.13006968738924102,1.3623867602215607,0.49999999999999994,0.8660254037844387,0.7071067811865476,-0.7071067811865475,-0.7818314824680299,0.6234898018587334
0.28568156180990856,0.3851862850692516,-0.7978589991593985,-0.18890459195191697,-0.09686366548881685,-1.499447077243431,-1.5536267174983118,0.16183222664562644,-0.6831906184550289,0.835569087130801,1.3847451191733868,-0.6514128533997506,2.1406038325596337,0.8787878787878787,0.0,0.0,0.0,-0.6415895645077683,0.4582067794560802,0.46671969949226455,0.17207441109951835,0.768907700159439,1.8819931055294452,0.49999999999999994,0.8660254037844387,0.49999999999999994,-0.8660254037844387,-0.7818314824680299,0.6234898018587334
0.37782733458728757,-0.06222982837170911,-1.0875273068164708,0.39122619189167684,0.3346423256317241,-0.5287323942137945,-1.9849981927846894,-0.4716829783094169,-0.6831906184550289,1.2925894617209148,0.21767224841953303,-0.6514128533997506,2.2977567372794856,0.8787878787878787,0.0,0.0,0.0,-0.06274428164677277,0.5955252134918141,0.4799606448697348,-0.6369735024584068,1.2567476371839539,2.131540889789153,0.49999999999999994,0.8660254037844387,0.258819045102521,-0.9659258262890682,-0.7818314824680299,0.6234898018587334
0.33862762158810705,-0.6412389163541294,-1.0875273068164708,0.8131394892324716,0.9819013123125355,0.2801965083109026,-2.200683930427878,-0.6802794482336385,-0.6831906184550289,1.5908146214110737,-0.6491011702105222,-0.6514128533997506,2.4378278045297885,0.8787878787878787,0.0,0.0,0.0,0.5161010012142222,0.5967248543087071,0.47961091709961345,-1.3381483608752753,1.523898078887855,2.244350162125733,0.49999999999999994,0.8660254037844387,1.2246467991473532e-16,-1.0,-0.7818314824680299,0.6234898018587334
0.27714087163212725,-0.6412389163541294,-1.2191947193878672,1.2614223676570673,1.1437160589827384,-1.0140897357286127,-1.8232338895522977,-0.6841423458248278,-0.6831906184550289,1.3739235961818672,-0.6525136639846563,-0.6514128533997506,2.109856525114445,0.8787878787878787,0.0,0.0,0.0,0.9633905379704456,0.28632725587341973,0.47713485677987066,-1.931450164151087,1.5432568065475578,2.264860938914202,0.49999999999999994,0.8660254037844387,-0.2588190451025208,-0.9659258262890683,-0.7818314824680299,0.6234898018587334
0.23714888470905107,-0.6412389163541294,-1.6668639221306147,1.1295744622380688,1.1437160589827384,-0.7983753617220268,-1.4997052830875146,-0.6841423458248278,-0.6831906184550289,1.2616050295453138,-0.6525136639846563,-0.6514128533997506,2.2020984474500103,0.8787878787878787,0.0,0.0,0.0,1.121257433296172,0.5134321800006982,0.49175038390408143,-1.8235771090100303,1.2915933469714191,2.1588885921737786,0.49999999999999994,0.8660254037844387,-0.4999999999999997,-0.8660254037844388,-0.7818314824680299,0.6234898018587334
0.2970882551726971,-0.6412389163541294,-1.8248648172162902,0.8131394892324716,-1.4992581366305748,-0.7444467682203804,-1.337940979855123,-0.6841423458248278,-0.6831906184550289,0.769727168757649,-0.6525136639846563,-0.6514128533997506,1.8057998181564703,0.0,0.0,0.0,0.0,0.8055236426447192,0.5038971728992057,0.5248318753403866,-0.5830369748878784,0.7960099188830232,1.8854115683275234,0.49999999999999994,0.8660254037844387,-0.7071067811865471,-0.7071067811865479,-0.7818314824680299,0.6234898018587334
0.29381041054606755,-0.7991504858038802,-1.9565322297876868,0.5230740973106753,-1.4992581366305748,-0.582660987715441,-1.068333807801137,-0.6841423458248278,-0.6831906184550289,0.12292714709197965,-0.6525136639846563,-0.6514128533997506,1.2830955915882665,0.0,0.0,0.8787878787878787,0.8787878787878787,0.3845452551094506,0.17993990926012496,0.5379895887866254,-0.09760822675312336,0.16491539717670636,1.3897344626061863,0.49999999999999994,0.8660254037844387,-0.8660254037844385,-0.5000000000000004,-0.7818314824680299,0.6234898018587334
0.4643898911146148,-1.0886550297950905,-1.8248648172162902,0.23300870538887822,-0.5283696566093578,-0.9601611422269661,-0.6369623325147594,-0.6841423458248278,-0.6831906184550289,-0.4541579021785877,-0.6525136639846563,-0.6514128533997506,-0.04245499604874707,0.0,0.0,0.8787878787878787,0.8787878787878787,-0.06274428164677277,0.0,0.5903776614306353,0.3338839938111034,-0.47005087006155105,0.2206201856634459,0.49999999999999994,0.8660254037844387,-0.9659258262890683,-0.25881904510252063,-0.7818314824680299,0.6234898018587334
0.6360505627267342,-1.0886550297950905,-2.114533124873362,-0.6371874703765118,0.2807040767416565,-0.582660987715441,0.9806806998091566,-0.6841423458248278,-0.6831906184550289,-0.6710489274077942,-0.6525136639846563,-0.6514128533997506,-0.643735674976877,0.0,0.0,0.8787878787878787,0.8787878787878787,-0.6415895645077683,0.0,0.5623962642026327,0.9811223246574435,-0.6791251287863431,-0.6476693650484138,0.49999999999999994,0.8660254037844387,-1.0,-1.8369701987210297e-16,-0.7818314824680299,0.6234898018587334
0.8077112343388536,-1.2202480043365496,-2.114533124873362,-0.6371874703765118,-1.0138138966199663,-0.582660987715441,0.818916396576765,-0.6841423458248278,-0.6831906184550289,-0.6826680894736445,-0.6525136639846563,-0.6514128533997506,-0.6505684099646967,0.0,0.0,0.8787878787878787,0.8787878787878787,-0.6415895645077683,0.0,0.5411639265946611,1.1429319073690285,-0.6829968743182837,-0.651087827846492,0.49999999999999994,0.8660254037844387,-0.9659258262890684,0.2588190451025203,-0.7818314824680299,0.6234898018587334
0.6314741596217635,-1.6676641177775104,-1.8248648172162902,-0.6371874703765118,-0.7980609010596958,-0.6905181747187339,0.6032306589335762,-0.6841423458248278,-0.4704840807897562,-0.6826680894736445,-0.6525136639846563,0.4277694759633484,-0.6505684099646967,0.0,0.0,0.8787878787878787,0.8787878787878787,-0.6415895645077683,0.0,0.5110856993354301,1.1429319073690285,-0.6829968743182837,-0.651087827846492,0.49999999999999994,0.8660254037844387,-0.8660254037844386,0.5000000000000001,-0.7818314824680299,0.6234898018587334
0.23316168361453654,-1.8255756872272613,-1.0875273068164708,-0.6371874703765118,-0.7441226521696283,-1.0140897357286127,0.818916396576765,-0.6841423458248278,0.07481813395212489,-0.6826680894736445,-0.6525136639846563,1.2200805532172692,-0.6505684099646967,0.0,0.0,0.0,0.0,-0.6415895645077683,0.0,0.5113896879581117,-1.4999579435868604,-0.6829968743182837,-0.651087827846492,0.49999999999999994,0.8660254037844387,-0.7071067811865477,0.7071067811865474,-0.7818314824680299,0.6234898018587334
0.7657341950067849,-1.9571686617687203,-0.1921889013309754,-0.7954049568793099,-0.5823079054994255,-1.5533756707450774,1.1424450030415483,-0.6841423458248278,0.8328268863592787,-0.6826680894736445,-0.6525136639846563,2.1387515867573756,-0.6505684099646967,0.0,0.0,0.0,0.0,-0.7994564598334941,0.0,0.42969485842299715,-1.4999579435868604,-0.6829968743182837,-0.651087827846492,0.49999999999999994,0.8660254037844387,-0.5000000000000004,0.8660254037844384,-0.7818314824680299,0.6234898018587334
0.5215490830057026,-1.8255756872272613,0.38714771398316894,-0.9272528622983084,-0.9598756477298988,-1.984804418758249,0.7649949621659677,-0.6841423458248278,1.2891790944411365,-0.6826680894736445,-0.6525136639846563,2.2958477486266875,-0.6505684099646967,0.0,0.0,0.0,0.0,-1.088879101263992,0.0,0.41148990944724406,-0.5291004473173502,-0.6829968743182837,-0.651087827846492,0.49999999999999994,0.8660254037844387,-0.25881904510252157,0.9659258262890681,-0.7818314824680299,0.6234898018587334
0.9331531468956535,-2.115080231218471,0.8084834342116368,-1.085470348801107,-0.5823079054994255,-2.200518792764835,-0.9065695045687454,-0.6841423458248278,1.5869682471725184,-0.6826680894736445,-0.6525136639846563,2.4358682407275962,-0.6505684099646967,0.0,0.0,0.0,0.0,-1.088879101263992,0.0,0.37947522088089913,0.27994746624057504,-0.6829968743182837,-0.651087827846492,0.49999999999999994,0.8660254037844387,-2.4492935982947064e-16,1.0,-0.7818314824680299,0.6234898018587334
0.4179966511885153,-2.115080231218471,1.2561526369543852,-1.5073836461419021,-0.5823079054994255,-1.8230186382533096,-0.04382655399599019,-0.6841423458248278,1.3703943179133315,-0.6826680894736445,-0.6525136639846563,2.1080153811742495,-0.6505684099646967,0.0,0.0,0.0,0.0,-1.2204348473687636,0.0,0.34776513557303546,-1.0145291954521052,-0.6829968743182837,-0.651087827846492,0.49999999999999994,0.8660254037844387,0.25881904510252074,0.9659258262890683,-2.4492935982947064e-16,1.0
0.26475027571366366,-1.8255756872272613,1.1244852243829888,-1.5073836461419021,-0.6901844032795607,-1.499447077243431,-0.4212765948715706,-0.4716829783094169,1.258239961689824,-0.6826680894736445,0.42583436864171165,2.2002239979236284,-0.6505684099646967,0.0,0.0,0.0,0.0,-1.6677243841249871,0.0,0.3563524172115028,-0.7987830851699919,-0.6829968743182837,-0.651087827846492,0.49999999999999994,0.8660254037844387,0.49999999999999994,0.8660254037844387,-2.4492935982947064e-16,1.0
0.26229046440770754,-1.0886550297950905,0.8084834342116368,-1.5073836461419021,-1.0138138966199663,-1.3376612967384915,-0.6908837669255565,0.0729855820482728,0.7670812292627398,-0.6826680894736445,1.2175329242408173,1.8040684592966678,-0.6505684099646967,0.0,0.0,0.0,0.0,-1.825591279450713,0.0,0.358346807942754,-0.7448465575994635,-0.6829968743182837,-0.651087827846492,0.49999999999999994,0.8660254037844387,0.7071067811865476,0.7071067811865476,-2.4492935982947064e-16,1.0
0.26182711103712564,-0.19382280291316867,0.5188151265545653,-1.6656011326447004,-1.5531963855206425,-1.0680183292302592,-0.798726635747151,0.8301135099213733,0.12122683307909349,-0.6826680894736445,2.1354937494828836,1.2815529643835217,-0.6505684099646967,0.0,0.8787878787878787,0.0,0.0,-1.9571470255554846,0.0,0.3679205288203494,-0.5830369748878784,-0.6829968743182837,-0.651087827846492,0.49999999999999994,0.8660254037844387,0.8660254037844386,0.5000000000000001,-2.4492935982947064e-16,1.0
0.3105828840781781,0.3851862850692516,0.22914681889749292,-2.245731916488294,-1.9847023766411835,-0.6365895812170874,-0.04382655399599019,1.2859354256817095,-0.45501451441409996,-0.6826680894736445,2.292468463093051,-0.04351900964458727,-0.6505684099646967,0.0,0.8787878787878787,0.0,0.0,-1.825591279450713,0.0,0.3978418702916656,-0.9605926678815769,-0.6829968743182837,-0.651087827846492,0.49999999999999994,0.8660254037844387,0.9659258262890683,0.25881904510252074,-2.4492935982947064e-16,1.0
0.38072762642969804,0.8062838036019201,-0.6398581040737229,-2.245731916488294,-2.200455372201454,0.9812682238323067,-0.04382655399599019,1.5833785402032845,-0.6715884436732867,-0.6826680894736445,2.432380707832548,-0.6445825854923893,-0.6505684099646967,0.0,0.8787878787878787,0.0,0.0,-2.11501392088121,0.0,0.4027032809310216,-0.5830369748878784,-0.6829968743182837,-0.651087827846492,0.49999999999999994,0.8660254037844387,1.0,6.123233995736766e-17,-2.4492935982947064e-16,1.0
0.23912817085733937,1.2536999170428818,-0.6398581040737229,-2.245731916488294,-1.8228876299709806,0.8194824433273673,-0.3134337260499762,1.3670562750966844,-0.6831906184550289,-0.6826680894736445,2.1047813055156768,-0.6514128533997506,-0.6505684099646967,0.0,0.8787878787878787,0.0,0.0,-2.11501392088121,0.0,0.3691551784833216,-0.5830369748878784,-0.6829968743182837,-0.651087827846492,0.49999999999999994,0.8660254037844387,0.9659258262890683,-0.25881904510252063,-2.4492935982947064e-16,1.0
0.27043072896714215,1.1221069425014227,-0.6398581040737229,-1.955666524566497,-1.4992581366305748,0.6037680693207814,-0.3134337260499762,1.2550322449521951,-0.6831906184550289,-0.4890153883761387,2.196918637417297,-0.6514128533997506,0.12494701115283455,0.0,0.8787878787878787,0.0,0.0,-1.825591279450713,0.05186598050836128,0.36768102573700334,-0.6909100300289351,-0.47005087006155105,0.42914641634621536,0.49999999999999994,0.8660254037844387,0.8660254037844387,-0.4999999999999998,-2.4492935982947064e-16,1.0
0.3397517197894567,0.8062838036019201,-0.6398581040737229,-0.9272528622983084,-1.3374433899603722,0.8194824433273673,-1.0144123733903398,0.7644442508711554,-0.6831906184550289,0.14229241720173022,1.801069359617744,-0.6514128533997506,1.3958357188872907,0.0,0.0,0.0,0.0,-1.088879101263992,0.21348981842658513,0.3863566320765004,-1.0145291954521052,0.07586524994207271,1.222229785500355,0.49999999999999994,0.8660254037844387,0.7071067811865476,-0.7071067811865475,-2.4492935982947064e-16,1.0
0.3659229923319179,0.5167792596107107,-0.7978589991593985,0.1011607999698797,-1.067752145510034,1.1430540043372461,-1.5536267174983118,0.11934035314254425,-0.6831906184550289,0.7890924388673997,1.2789578121752305,-0.6514128533997506,1.911707210467675,0.8787878787878787,0.0,0.0,0.0,-0.19430002775154487,0.39889574557582974,0.40912765918977567,-1.5538944711573888,0.8347273742024292,2.1417962781833872,0.49999999999999994,0.8660254037844387,0.49999999999999994,-0.8660254037844387,-2.4492935982947064e-16,1.0
0.19881011562061945,0.22727471561950033,-0.9295264117307949,0.8131394892324716,-0.6362461543894931,0.7655538498257208,-2.146762496017081,-0.4562313879446597,-0.6831906184550289,1.2848433536770145,-0.04508977218879079,-0.6514128533997506,2.1645184050170023,0.8787878787878787,0.0,0.0,0.0,0.3845452551094506,0.4157649037679634,0.41377860828732904,-1.9853866917216154,1.2915933469714191,2.2990455668949843,0.49999999999999994,0.8660254037844387,0.258819045102521,-0.9659258262890682,-2.4492935982947064e-16,1.0
0.25306330089306295,-0.6412389163541294,-1.0875273068164708,1.2614223676570673,0.9819013123125355,-0.9062325487253197,-2.36244823366027,-0.6725536530512599,-0.6831906184550289,1.5714493513013232,-0.645688676436388,-0.6514128533997506,2.2977567372794856,0.8787878787878787,0.0,0.0,0.0,0.8055236426447192,0.462436542118067,0.3836932102770998,-2.2011328020037286,1.5897177529308448,2.43920254161619,0.49999999999999994,0.8660254037844387,1.2246467991473532e-16,-1.0,-2.4492935982947064e-16,1.0
0.25469364246128184,-0.6412389163541294,-1.5088630270449392,1.8415531515006607,0.8200865656423326,-0.04337505269897623,-2.5781339713034583,-0.6841423458248278,-0.6831906184550289,1.5830685133671736,-0.6525136639846563,-0.6514128533997506,2.3011731047733957,0.8787878787878787,0.0,0.0,0.0,1.2528131794009436,0.45672662329562047,0.3801477348852478,-1.8235771090100303,1.3729000031421716,2.111030113000684,0.49999999999999994,0.8660254037844387,-0.2588190451025208,-0.9659258262890683,-2.4492935982947064e-16,1.0
0.2644756918705952,-0.6412389163541294,-1.5088630270449392,1.5514877595788634,0.6043335700820621,-0.4208752072105015,-1.8232338895522977,-0.6841423458248278,-0.6831906184550289,1.1570325709526608,-0.6525136639846563,-0.6514128533997506,1.8194652881321096,0.8787878787878787,0.0,0.0,0.0,1.121257433296172,0.4790340990854061,0.39668517693597594,-1.4999579435868604,1.2606193827158945,2.203328608548795,0.49999999999999994,0.8660254037844387,-0.4999999999999997,-0.8660254037844388,-2.4492935982947064e-16,1.0
0.4307762294436657,-0.6412389163541294,-1.5088630270449392,1.1295744622380688,0.8200865656423326,-0.6905181747187339,-1.7693124551415005,-0.6841423458248278,-0.6831906184550289,0.7581080066917987,-0.6525136639846563,-0.6514128533997506,1.7682197757234621,0.0,0.0,0.0,0.0,0.8055236426447192,0.129398851520903,0.4445383129896565,-1.3381483608752753,0.768907700159439,1.8067869239717251,0.49999999999999994,0.8660254037844387,-0.7071067811865471,-0.7071067811865479,-2.4492935982947064e-16,1.0
0.3918253786460542,-0.7991504858038802,-1.6668639221306147,0.8131394892324716,1.1437160589827384,-0.7983753617220268,-1.4997052830875146,-0.6841423458248278,-0.6831906184550289,0.19264211948708174,-0.6525136639846563,-0.6514128533997506,1.433415761320299,0.0,0.0,0.8787878787878787,0.8787878787878787,0.5161010012142222,0.017955740043222035,0.4928540649220331,-1.0684657230226335,0.12232619632535983,1.2837621158657624,0.49999999999999994,0.8660254037844387,-0.8660254037844385,-0.5000000000000004,-2.4492935982947064e-16,1.0
0.27632283487915577,-0.9307434603453393,-2.2462005374447584,0.23300870538887822,0.766148316752265,-0.04337505269897623,-1.2840195454443257,-0.6841423458248278,-0.6831906184550289,-0.44641179413468746,-0.6525136639846563,-0.6514128533997506,0.3094308558239653,0.0,0.0,0.8787878787878787,0.8787878787878787,0.22667835978372425,0.0,0.5238202360334642,-0.6369735024584068,-0.45456388793378866,-0.04260144978857455,0.49999999999999994,0.8660254037844387,-0.9659258262890683,-0.25881904510252063,-2.4492935982947064e-16,1.0
0.31981576580135457,-1.0886550297950905,-2.2462005374447584,-0.3471220784547151,-0.9059373988398312,-0.04337505269897623,-0.09774798840678739,-0.6841423458248278,-0.6831906184550289,-0.6749219814297444,-0.6525136639846563,-0.6514128533997506,-0.643735674976877,0.0,0.0,0.8787878787878787,0.8787878787878787,-0.6415895645077683,0.0,0.5344737183524666,0.9811223246574435,-0.671381637722462,-0.6442509022503355,0.49999999999999994,0.8660254037844387,-1.0,-1.8369701987210297e-16,-2.4492935982947064e-16,1.0
0.5830873208645557,-1.5097525483277596,-2.2462005374447584,-0.5053395649575132,-0.04292541659874924,-0.3130180202072086,0.6571520933443734,-0.6841423458248278,-0.6831906184550289,-0.6826680894736445,-0.6525136639846563,-0.6514128533997506,-0.6505684099646967,0.0,0.0,0.8787878787878787,0.8787878787878787,-0.6415895645077683,0.0,0.5291161429636724,0.8193127419458585,-0.6829968743182837,-0.651087827846492,0.49999999999999994,0.8660254037844387,-0.9659258262890684,0.2588190451025203,-2.4492935982947064e-16,1.0
0.8463588759277569,-1.5097525483277596,-1.9565322297876868,-0.5053395649575132,-0.42049315882922256,-0.3130180202072086,0.4953877901119818,-0.6841423458248278,-0.4898210387593264,-0.6826680894736445,-0.6525136639846563,0.1238225540857667,-0.6505684099646967,0.0,0.0,0.8787878787878787,0.8787878787878787,-0.6415895645077683,0.0,0.5368176319752391,0.6035666316637451,-0.6829968743182837,-0.651087827846492,0.49999999999999994,0.8660254037844387,-0.8660254037844386,0.5000000000000001,-2.4492935982947064e-16,1.0
0.6505405752248286,-1.5097525483277596,-0.9295264117307949,-0.5053395649575132,-0.6901844032795607,-1.0140897357286127,-0.3673551604607734,-0.6841423458248278,0.14056379104866373,-0.6826680894736445,-0.6525136639846563,1.3942523848549846,-0.6505684099646967,0.0,0.0,0.0,0.0,-0.6415895645077683,0.0,0.5194293803185523,0.8193127419458585,-0.6829968743182837,-0.651087827846492,0.49999999999999994,0.8660254037844387,-0.7071067811865477,0.7071067811865474,-2.4492935982947064e-16,1.0
0.669355300412741,-1.6676641177775104,0.09747940632609654,-1.085470348801107,-0.7980609010596958,-1.5533756707450774,-0.15166942281758458,-0.6841423458248278,0.78641818723231,-0.6826680894736445,-0.6525136639846563,1.9099376118607694,-0.6505684099646967,0.0,0.0,0.0,0.0,-0.7994564598334941,0.0,0.426313900546908,1.1429319073690285,-0.6829968743182837,-0.651087827846492,0.49999999999999994,0.8660254037844387,-0.5000000000000004,0.8660254037844384,-2.4492935982947064e-16,1.0
0.3844974223341651,-2.2466732057599303,0.8084834342116368,-0.7954049568793099,-0.04292541659874924,-2.1465901992631884,-1.0144123733903398,-0.6841423458248278,1.2814443112533085,-0.6826680894736445,-0.6525136639846563,2.1626575244331407,-0.6505684099646967,0.0,0.0,0.0,0.0,-0.9310122059382657,0.0,0.37353522685208584,0.7653762143753301,-0.6829968743182837,-0.651087827846492,0.49999999999999994,0.8660254037844387,-0.25881904510252157,0.9659258262890681,-2.4492935982947064e-16,1.0
0.21742460397327235,-2.2466732057599303,1.2561526369543852,-0.3471220784547151,-0.04292541659874924,-2.3623045732697743,-1.6614695863199063,-0.6841423458248278,1.567631289202948,-0.6826680894736445,-0.6525136639846563,2.2958477486266875,-0.6505684099646967,0.0,0.0,0.0,0.0,-1.088879101263992,0.0,0.37591376495825046,-0.9066561403110486,-0.6829968743182837,-0.651087827846492,0.49999999999999994,0.8660254037844387,-2.4492935982947064e-16,1.0,-2.4492935982947064e-16,1.0
0.17131739803649731,-2.2466732057599303,1.835489252268529,-1.2173182542201055,-0.3126166610490873,-2.57801894727636,-1.0144123733903398,-0.6841423458248278,1.5792334639846903,-0.6826680894736445,-0.6525136639846563,2.2992628825803685,-0.6505684099646967,0.0,0.0,0.0,0.0,-1.509857488799261,0.0,0.3755752030718268,-0.043671699182595024,-0.6829968743182837,-0.651087827846492,0.49999999999999994,0.8660254037844387,0.25881904510252074,0.9659258262890683,0.7818314824680298,0.6234898018587336
0.18156281797788276,-1.9571686617687203,1.5458209446114568,-1.8238186191474985,-0.3126166610490873,-1.8230186382533096,-0.5830408981039622,-0.49099746626536334,1.1538203886541447,-0.6826680894736445,0.12212242274377891,1.8177289951113906,-0.6505684099646967,0.0,0.0,0.0,0.0,-1.509857488799261,0.0,0.37526030466369764,-0.42122739217629346,-0.6829968743182837,-0.651087827846492,0.49999999999999994,0.8660254037844387,0.49999999999999994,0.8660254037844387,0.7818314824680298,0.6234898018587336
0.25836620136232236,-0.9307434603453393,1.1244852243829888,-1.5073836461419021,-1.0138138966199663,-1.769090044751663,-1.2840195454443257,0.1386548410984907,0.7554790544809977,-0.6826680894736445,1.391570106721655,1.7665019858061801,-0.6505684099646967,0.0,0.0,0.0,0.0,-1.509857488799261,0.0,0.37718810984996376,-0.6909100300289351,-0.6829968743182837,-0.651087827846492,0.49999999999999994,0.8660254037844387,0.7071067811865476,0.7071067811865476,0.7818314824680298,0.6234898018587336
0.2653223368277164,0.09568174107804124,0.8084834342116368,-1.2173182542201055,-1.5531963855206425,-1.499447077243431,-1.8232338895522977,0.7837587388271019,0.1908398817695464,-0.6826680894736445,1.9068566666159004,1.4318188583454723,-0.6505684099646967,0.0,0.8787878787878787,0.0,0.0,-1.6677243841249871,0.0,0.3918669956812103,-0.7987830851699919,-0.6829968743182837,-0.651087827846492,0.49999999999999994,0.8660254037844387,0.8660254037844386,0.5000000000000001,0.7818314824680298,0.6234898018587336
0.2465018934312719,0.8062838036019201,0.22914681889749292,-0.7954049568793099,-2.146517123311386,-1.283732703236845,-2.0928410616062836,1.278209630499331,-0.4472797312262719,-0.6826680894736445,2.159381205901822,0.30823978758452414,-0.6505684099646967,0.0,0.8787878787878787,0.0,0.0,-2.246569666985982,0.0,0.4258621944536596,-0.043671699182595024,-0.6829968743182837,-0.651087827846492,0.49999999999999994,0.8660254037844387,0.9659258262890683,0.25881904510252074,0.7818314824680298,0.6234898018587336
0.13267544719774169,1.2536999170428818,-0.350189796416651,-1.2173182542201055,-2.3622701188716566,-0.09730364620062269,-1.8232338895522977,1.5640640522473381,-0.6754558352672009,-0.6826680894736445,2.292468463093051,-0.6445825854923893,-0.6505684099646967,0.0,0.8787878787878787,0.0,0.0,-2.246569666985982,0.0,0.45532020297118014,-0.043671699182595024,-0.6829968743182837,-0.651087827846492,0.49999999999999994,0.8660254037844387,1.0,6.123233995736766e-17,0.7818314824680298,0.6234898018587336
0.09821517489265187,1.8327090050253017,-0.5081906915023265,-0.9272528622983084,-2.5780231144319274,0.6576966628224279,-2.0928410616062836,1.5756527450209061,-0.6831906184550289,-0.6826680894736445,2.295880956867185,-0.6514128533997506,-0.6505684099646967,0.0,0.8787878787878787,0.0,0.0,-2.246569666985982,0.0,0.42415340449074423,-0.31335433703523674,-0.6829968743182837,-0.651087827846492,0.49999999999999994,0.8660254037844387,0.9659258262890683,-0.25881904510252063,0.7818314824680298,0.6234898018587336
0.21134371823685114,1.5432044610340911,-0.5081906915023265,-0.9272528622983084,-1.8228876299709806,0.4959108823174885,-1.7153910207307033,1.1507340099900842,-0.6831906184550289,-0.5277459285956398,1.8147193347142805,-0.6514128533997506,-0.483166402763115,0.0,0.8787878787878787,0.0,0.0,-1.9571470255554846,0.07149588918095268,0.4295637873386765,-0.31335433703523674,-0.48940959772125403,0.12490322731725664,0.49999999999999994,0.8660254037844387,0.8660254037844387,-0.4999999999999998,0.7818314824680298,0.6234898018587336
0.2680338522780173,1.1221069425014227,-0.5081906915023265,0.5230740973106753,-1.768949381080913,-0.366946613708855,-2.36244823366027,0.7528555580975875,-0.6831906184550289,0.010608580455426269,1.7635319281022692,-0.6514128533997506,0.4870819655072764,0.0,0.0,0.0,0.0,-0.9310122059382657,0.21735371638392678,0.4324259925996825,-1.0145291954521052,0.1416849239850628,1.3965713882023425,0.49999999999999994,0.8660254037844387,0.7071067811865476,-0.7071067811865475,0.7818314824680298,0.6234898018587336
0.26194724146846804,0.8062838036019201,-1.0875273068164708,1.2614223676570673,-1.4992581366305748,-0.15123223970226915,-2.36244823366027,0.18887250978395145,-0.6831906184550289,0.6380433320113451,1.4291075382371299,-0.6514128533997506,1.1020281144110455,0.8787878787878787,0.0,0.0,0.0,0.09512261367895261,0.4250338310764381,0.4712900800803861,-1.5538944711573888,0.788266427819142,1.9127592707121488,0.49999999999999994,0.8660254037844387,0.49999999999999994,-0.8660254037844387,0.7818314824680298,0.6234898018587336
0.20010294216123664,0.22727471561950033,-0.7978589991593985,1.9997706380034583,-1.2835051410703044,-1.0140897357286127,-2.632055405714256,-0.44850559276228114,-0.6831906184550289,1.13379424682096,0.30639708654701897,-0.6514128533997506,1.4231666588385694,0.8787878787878787,0.0,0.0,0.0,0.8055236426447192,0.5793234833119182,0.47397296534678224,-2.1471962744332003,1.283849855907538,2.1657255177699346,0.49999999999999994,0.8660254037844387,0.258819045102521,-0.9659258262890682,0.7818314824680298,0.6234898018587336
0.11449570744381907,-0.3517343723629195,-0.350189796416651,2.2898360299252554,-0.09686366548881685,-1.6612328577483704,-2.9016625777682417,-0.6764165506424492,-0.6831906184550289,1.4126541364013683,-0.645688676436388,-0.6514128533997506,1.5734868285706018,0.8787878787878787,0.0,0.0,0.0,1.2528131794009436,0.6626771328532588,0.44204314774046816,-2.3629423847153137,1.570359025271142,2.2990455668949843,0.49999999999999994,0.8660254037844387,1.2246467991473532e-16,-1.0,0.7818314824680298,0.6234898018587336
0.11475312979669573,-0.5096459418126703,-1.2191947193878672,2.5799014218470524,0.6582718189721298,-1.0140897357286127,-3.009505446589836,-0.6841423458248278,-0.6831906184550289,1.432019406511119,-0.6525136639846563,-0.6514128533997506,1.5871522985462412,0.8787878787878787,0.0,0.0,0.0,1.8316584622619385,0.6803889546671027,0.4240179797361746,-2.578688494997427,1.5819742618669637,2.3024640296930623,0.49999999999999994,0.8660254037844387,-0.2588190451025208,-0.9659258262890683,0.7818314824680298,0.6234898018587336
0.11026826608040788,-0.5096459418126703,-1.8248648172162902,2.8699668137688485,0.4964570723019269,-0.582660987715441,-2.955584012179039,-0.6841423458248278,-0.6831906184550289,1.1802708950843614,-0.6525136639846563,-0.6514128533997506,1.4573303337776677,0.8787878787878787,0.0,0.0,0.0,1.5422358208314406,0.6214881299062245,0.41785774121241104,-1.8235771090100303,1.1560822533534985,1.8204607751640378,0.49999999999999994,0.8660254037844387,-0.4999999999999997,-0.8660254037844388,0.7818314824680298,0.6234898018587336
0.11340881878550321,-0.5096459418126703,-1.5088630270449392,2.73811890834985,-0.36655490993915496,-1.283732703236845,-2.73989827453585,-0.6841423458248278,-0.6831906184550289,0.6922660883186468,-0.6525136639846563,-0.6514128533997506,1.1464408918318734,0.0,0.0,0.0,0.0,1.121257433296172,0.4809521912660156,0.4714787732709437,-1.769640581439502,0.7572924635636172,1.769183833192865,0.49999999999999994,0.8660254037844387,-0.7071067811865471,-0.7071067811865479,0.7818314824680298,0.6234898018587336
0.16290827470712227,-1.0886550297950905,-1.2191947193878672,1.9997706380034583,-0.15080191437888446,-1.8230186382533096,-2.200683930427878,-0.6841423458248278,-0.6831906184550289,0.06870439078467801,-0.6525136639846563,-0.6514128533997506,0.555409315385473,0.0,0.0,0.8787878787878787,0.8787878787878787,0.8055236426447192,0.1807548326764027,0.5196854273488447,-1.4999579435868604,0.1920176159002905,1.4341744789812025,0.49999999999999994,0.8660254037844387,-0.8660254037844385,-0.5000000000000004,0.7818314824680298,0.6234898018587336
0.18521820852413537,-0.7991504858038802,-0.7978589991593985,1.5514877595788634,-1.0138138966199663,-2.092661605761542,-2.5242125368926613,-0.6841423458248278,-0.6831906184550289,-0.5199998205517397,-0.6525136639846563,-0.6514128533997506,-0.44216999283619707,0.0,0.0,0.8787878787878787,0.8787878787878787,0.22667835978372425,0.0,0.5605886203152394,-1.284211833304747,-0.4468203968699075,0.3095002184134788,0.49999999999999994,0.8660254037844387,-0.9659258262890683,-0.25881904510252063,0.7818314824680298,0.6234898018587336
0.4911045994054888,-0.3517343723629195,-1.2191947193878672,1.419639854159865,-1.6610728833007777,-1.8230186382533096,-2.416369668071067,-0.6841423458248278,-0.6831906184550289,-0.6826680894736445,-0.6525136639846563,-0.6514128533997506,-0.6505684099646967,0.0,0.0,0.8787878787878787,0.8787878787878787,-0.3521669230772707,0.0,0.5938001584428652,-0.09760822675312336,-0.6752533832544025,-0.6442509022503355,0.49999999999999994,0.8660254037844387,-1.0,-1.8369701987210297e-16,0.7818314824680298,0.6234898018587336
0.46607744909113313,-1.2202480043365496,-0.9295264117307949,1.2614223676570673,-1.0138138966199663,-2.092661605761542,-2.9016625777682417,-0.6841423458248278,-0.6831906184550289,-0.6826680894736445,-0.6525136639846563,-0.6514128533997506,-0.6505684099646967,0.0,0.0,0.8787878787878787,0.8787878787878787,-0.5100338184029966,0.0,0.5520741730190557,0.6575031592342735,-0.6829968743182837,-0.651087827846492,0.49999999999999994,0.8660254037844387,-0.9659258262890684,0.2588190451025203,0.7818314824680298,0.6234898018587336
0.6739717069513489,-1.8255756872272613,-0.9295264117307949,1.2614223676570673,-0.5823079054994255,-1.7151614512500166,-2.9016625777682417,-0.6841423458248278,-0.528494954698467,-0.6826680894736445,-0.6525136639846563,-0.4840712896693967,-0.6505684099646967,0.0,0.0,0.8787878787878787,0.8787878787878787,-0.5100338184029966,0.0,0.5400124576432701,0.4956935765226884,-0.6829968743182837,-0.651087827846492,0.49999999999999994,0.8660254037844387,-0.8660254037844386,0.5000000000000001,0.7818314824680298,0.6234898018587336
0.7361020333833087,-1.5097525483277596,0.5188151265545653,1.1295744622380688,-1.2835051410703044,-2.3623045732697743,-2.8477411433574447,-0.6841423458248278,0.009072476855586032,-0.6826680894736445,-0.6525136639846563,0.48582675317592017,-0.6505684099646967,0.0,0.0,0.0,0.0,-0.5100338184029966,0.0,0.4770459906871407,-0.3672908646057651,-0.6829968743182837,-0.651087827846492,0.49999999999999994,0.8660254037844387,-0.7071067811865477,0.7071067811865474,0.7818314824680298,0.6234898018587336
0.5180138503491767,-1.2202480043365496,1.2561526369543852,0.5230740973106753,-1.8228876299709806,-2.3623045732697743,-2.5781339713034583,-0.6841423458248278,0.6355899150696621,-0.6826680894736445,-0.6525136639846563,1.100550864838445,-0.6505684099646967,0.0,0.0,0.0,0.0,-1.088879101263992,0.0,0.3809606931698647,-0.15154475432365172,-0.6829968743182837,-0.651087827846492,0.49999999999999994,0.8660254037844387,-0.5000000000000004,0.8660254037844384,0.7818314824680298,0.6234898018587336
0.33413418055902133,-0.7991504858038802,1.9934901473542042,-0.3471220784547151,-2.0925788744213185,-2.6319475407780066,-1.4997052830875146,-0.6841423458248278,1.1306160390906606,-0.6826680894736445,-0.6525136639846563,1.4215734564844302,-0.6505684099646967,0.0,0.0,0.0,0.0,-0.7994564598334941,0.0,0.3653014120181888,-1.0145291954521052,-0.6829968743182837,-0.651087827846492,0.49999999999999994,0.8660254037844387,-0.25881904510252157,0.9659258262890681,0.7818314824680298,0.6234898018587336
0.5770035897530607,-1.2202480043365496,2.2831584550112765,0.1011607999698797,-1.8228876299709806,-2.901590508286239,-1.1761766766227313,-0.6841423458248278,1.409068233852472,-0.6826680894736445,-0.6525136639846563,1.5718393504463806,-0.6505684099646967,0.0,0.0,0.0,0.0,-0.3521669230772707,0.0,0.3678743799157098,-1.6617675262984453,-0.6829968743182837,-0.651087827846492,0.49999999999999994,0.8660254037844387,-2.4492935982947064e-16,1.0,0.7818314824680298,0.6234898018587336
0.26758192159530697,-0.9307434603453393,2.572826762668349,-0.3471220784547151,-2.0925788744213185,-3.009447695289532,-1.8232338895522977,-0.6841423458248278,1.4284051918220424,-0.6826680894736445,-0.6525136639846563,1.5854998862611034,-0.6505684099646967,0.0,0.0,0.0,0.0,-1.2204348473687636,0.0,0.38089170030133024,-1.0145291954521052,-0.6829968743182837,-0.651087827846492,0.49999999999999994,0.8660254037844387,0.25881904510252074,0.9659258262890683,0.9749279121818236,-0.22252093395631434
0.24487727007158494,-0.9307434603453393,2.8624950703254206,-0.6371874703765118,-1.7150111321908454,-2.9555191017878855,-1.3918624142659202,-0.5296264421772562,1.177024738217629,-0.6826680894736445,-0.48530146905208654,1.4557247960212372,-0.6505684099646967,0.0,0.0,0.0,0.0,-1.825591279450713,0.0,0.37243477267208336,-0.5830369748878784,-0.6829968743182837,-0.651087827846492,0.49999999999999994,0.8660254037844387,0.49999999999999994,0.8660254037844387,0.9749279121818236,-0.22252093395631434
0.2627137903185661,0.5167792596107107,2.7308276577540243,-0.7954049568793099,-2.3622701188716566,-2.7398047277812996,-1.4457838486767174,0.007316322998054889,0.6897333973844588,-0.6826680894736445,0.4838467628019909,1.144947606236294,-0.6505684099646967,0.0,0.0,0.0,0.0,-1.509857488799261,0.0,0.3853008926509379,-1.284211833304747,-0.6829968743182837,-0.651087827846492,0.49999999999999994,0.8660254037844387,0.7071067811865476,0.7071067811865476,0.9749279121818236,-0.22252093395631434
0.19770033353438776,1.2536999170428818,1.9934901473542042,-0.9272528622983084,-2.3622701188716566,-2.200518792764835,-1.2300981110335285,0.6331057327707196,0.06708335076429678,-0.6826680894736445,1.0980956421461245,0.554129432249534,-0.6505684099646967,0.0,0.8787878787878787,0.0,0.0,-1.2204348473687636,0.0,0.394463063640876,-1.8235771090100303,-0.6829968743182837,-0.651087827846492,0.49999999999999994,0.8660254037844387,0.8660254037844386,0.5000000000000001,0.9749279121818236,-0.22252093395631434
0.32648586727742424,1.990620574475052,1.5458209446114568,-0.7954049568793099,-2.6319613633219947,-2.5240903537747137,-1.4997052830875146,1.1275566244429485,-0.5207601715106388,-0.6826680894736445,1.4188700569147277,-0.4430896822252284,-0.6505684099646967,0.0,0.8787878787878787,0.0,0.0,-0.7994564598334941,0.0,0.43705727335164024,-2.093259746862672,-0.6829968743182837,-0.651087827846492,0.49999999999999994,0.8660254037844387,0.9659258262890683,0.25881904510252074,0.9749279121818236,-0.22252093395631434
0.4646072585493839,2.2801251184662625,1.4141535320400604,-0.7954049568793099,-2.901652607772333,-2.4162331667714207,-1.7153910207307033,1.4056852510085773,-0.6831906184550289,-0.6826680894736445,1.569019782976627,-0.6514128533997506,-0.6505684099646967,0.0,0.8787878787878787,0.0,0.0,-1.2204348473687636,0.0,0.5126133253963363,-1.8235771090100303,-0.6829968743182837,-0.651087827846492,0.49999999999999994,0.8660254037844387,1.0,6.123233995736766e-17,0.9749279121818236,-0.22252093395631434
0.3786854090968765,2.569629662457473,1.2561526369543852,-0.7954049568793099,-3.009529105552468,-2.901590508286239,-1.7153910207307033,1.4249997389645237,-0.6831906184550289,-0.6826680894736445,1.5826697580731632,-0.6514128533997506,-0.6505684099646967,0.0,0.8787878787878787,0.0,0.0,-0.9310122059382657,0.0,0.5506509838244759,-2.093259746862672,-0.6829968743182837,-0.651087827846492,0.49999999999999994,0.8660254037844387,0.9659258262890683,-0.25881904510252063,0.9749279121818236,-0.22252093395631434
0.26413246206675967,2.859134206448682,1.2561526369543852,-0.05705668653291797,-2.9555908566624005,-2.901590508286239,-1.9849981927846894,1.17391139553722,-0.6831906184550289,-0.496761496420039,1.4529949946560685,-0.6514128533997506,-0.5514937526413116,0.0,0.8787878787878787,0.0,0.0,-0.9310122059382657,0.0463833530880849,0.5485499537819487,-1.7157040538689736,-0.52812705304066,-0.48358315074066077,0.49999999999999994,0.8660254037844387,0.8660254037844387,-0.4999999999999998,0.9749279121818236,-0.22252093395631434
0.09097874080795551,2.727541231907223,1.1244852243829888,0.39122619189167684,-2.73983786110213,-2.8476619147845925,-1.8232338895522977,0.6871862990473697,-0.6831906184550289,0.0183546884993265,1.1424580612098676,-0.6514128533997506,0.3572600007387029,0.0,0.0,0.0,0.0,0.5161010012142222,0.22303590830559578,0.5264131795944805,-2.3629423847153137,0.01004557589908261,0.48726028391354453,0.49999999999999994,0.8660254037844387,0.7071067811865476,-0.7071067811865475,0.9749279121818236,-0.22252093395631434
0.07914875928958673,1.990620574475052,0.5188151265545653,0.9713569757352701,-2.200455372201454,-2.57801894727636,-1.7693124551415005,0.06525978686589422,-0.6831906184550289,0.235245713728533,0.5520966382846724,-0.6514128533997506,0.05320329378072814,0.8787878787878787,0.0,0.0,0.0,1.2528131794009436,0.4341530810174719,0.5225925010232404,-2.3629423847153137,0.6372683520734588,1.1025835875676184,0.49999999999999994,0.8660254037844387,0.49999999999999994,-0.8660254037844387,0.9749279121818236,-0.22252093395631434
0.08309590203369563,1.5432044610340911,-0.350189796416651,1.7097052460816622,-2.5240848655418597,-1.499447077243431,-2.3085267992494725,-0.5219006469948776,-0.6831906184550289,0.1848960114431815,-0.4443515437624776,-0.6514128533997506,-0.643735674976877,0.8787878787878787,0.0,0.0,0.0,1.989525357587664,0.588764240238215,0.5261570301248882,-2.6326250225679555,1.132851780161855,1.423919090586968,0.49999999999999994,0.8660254037844387,0.258819045102521,-0.9659258262890682,0.9749279121818236,-0.22252093395631434
0.31411815105768437,1.4116114864926321,0.09747940632609654,2.2898360299252554,-2.4162083677617243,-1.1758755162335521,-2.2546053648386755,-0.6841423458248278,-0.6831906184550289,0.13067325513587988,-0.6525136639846563,-0.6514128533997506,-0.6164047350255983,0.8787878787878787,0.0,0.0,0.0,2.278947999018162,0.6748675361950476,0.49264365459988035,-2.9023076604205973,1.4116174584615777,1.5743314537024082,0.49999999999999994,0.8660254037844387,1.2246467991473532e-16,-1.0,0.9749279121818236,-0.22252093395631434
0.06976142415468427,1.2536999170428818,-0.350189796416651,2.5799014218470524,-2.901652607772333,-1.8230186382533096,-2.416369668071067,-0.6841423458248278,-0.6831906184550289,0.23137265970658288,-0.6525136639846563,-0.6514128533997506,-0.6471520424707868,0.8787878787878787,0.0,0.0,0.0,2.5683706404486597,0.6803390622112889,0.4927617158931038,-3.010180715561654,1.4309761861212806,1.5880053048947211,0.49999999999999994,0.8660254037844387,-0.2588190451025208,-0.9659258262890683,0.9749279121818236,-0.22252093395631434
0.06605454227326027,1.2536999170428818,-0.6398581040737229,2.131618543422457,-2.901652607772333,-1.391589890240138,-2.0928410616062836,-0.6841423458248278,-0.6831906184550289,0.14229241720173022,-0.6525136639846563,-0.6514128533997506,-0.6334865724951475,0.8787878787878787,0.0,0.0,0.0,2.857793281879157,0.6061489937210545,0.488473555576419,-2.9562441879911256,1.179312726545142,1.45810371856775,0.49999999999999994,0.8660254037844387,-0.4999999999999997,-0.8660254037844388,0.9749279121818236,-0.22252093395631434
0.06812536094563545,1.1221069425014227,-0.7978589991593985,2.131618543422457,-2.847714358882265,-1.4455184837417845,-2.2546053648386755,-0.6841423458248278,-0.6831906184550289,0.05321217469687755,-0.6525136639846563,-0.6514128533997506,-0.6300702050012377,0.0,0.0,0.0,0.0,2.726237535774385,0.46313503649945803,0.5052656617268899,-2.740498077709012,0.6914727895206272,1.147023603942635,0.49999999999999994,0.8660254037844387,-0.7071067811865471,-0.7071067811865479,0.9749279121818236,-0.22252093395631434
0.545552310169256,0.5167792596107107,-0.9295264117307949,1.419639854159865,-2.5780231144319274,-1.2298041097351986,-1.2840195454443257,-0.6841423458248278,-0.6831906184550289,-0.2759974171688823,-0.6525136639846563,-0.6514128533997506,-0.6300702050012377,0.0,0.0,0.8787878787878787,0.8787878787878787,1.989525357587664,0.11610529271943741,0.5421925196057295,-2.2011328020037286,0.06812175887819152,0.5556295398751083,0.49999999999999994,0.8660254037844387,-0.8660254037844385,-0.5000000000000004,0.9749279121818236,-0.22252093395631434
0.6320319080529962,-0.3517343723629195,-0.7978589991593985,0.8131394892324716,-1.4992581366305748,-1.499447077243431,-1.4457838486767174,-0.6841423458248278,-0.6831906184550289,-0.53161898261759,-0.6525136639846563,-0.6514128533997506,-0.643735674976877,0.0,0.0,0.8787878787878787,0.8787878787878787,1.5422358208314406,0.0,0.5402921681518572,-2.524751967426899,-0.5203835619767787,-0.4425615971637225,0.49999999999999994,0.8660254037844387,-0.9659258262890683,-0.25881904510252063,0.9749279121818236,-0.22252093395631434
0.7185115059367364,0.09568174107804124,-0.7978589991593985,0.23300870538887822,-1.1756286432901693,-1.7151614512500166,-0.8526480701579482,-0.6841423458248278,-0.6831906184550289,-0.6749219814297444,-0.6525136639846563,-0.6514128533997506,-0.6505684099646967,0.0,0.0,0.8787878787878787,0.8787878787878787,1.410680074726669,0.0,0.5442918081801571,-2.416878912285842,-0.6829968743182837,-0.651087827846492,0.49999999999999994,0.8660254037844387,-1.0,-1.8369701987210297e-16,0.9749279121818236,-0.22252093395631434
0.38600763347104156,-0.3517343723629195,-0.7978589991593985,0.23300870538887822,-1.8228876299709806,-1.7151614512500166,-0.8526480701579482,-0.6841423458248278,-0.6831906184550289,-0.6826680894736445,-0.6525136639846563,-0.6514128533997506,-0.6505684099646967,0.0,0.0,0.8787878787878787,0.8787878787878787,1.2528131794009436,0.0,0.533396569113209,-2.9023076604205973,-0.6829968743182837,-0.651087827846492,0.49999999999999994,0.8660254037844387,-0.9659258262890684,0.2588190451025203,0.9749279121818236,-0.22252093395631434
0.8688862149348174,-0.6412389163541294,-0.06052148875957856,0.23300870538887822,-1.3913816388504396,-1.984804418758249,-1.068333807801137,-0.6841423458248278,-0.49755582194715453,-0.6826680894736445,-0.6525136639846563,-0.5523739687430106,-0.6505684099646967,0.0,0.0,0.8787878787878787,0.8787878787878787,1.2528131794009436,0.0,0.5367635952445012,-2.9023076604205973,-0.6829968743182837,-0.651087827846492,0.49999999999999994,0.8660254037844387,-0.8660254037844386,0.5000000000000001,0.9749279121818236,-0.22252093395631434
0.7010811638396143,-0.7991504858038802,0.38714771398316894,0.23300870538887822,-1.4453198877405073,-1.8230186382533096,-0.9604909389795426,-0.6841423458248278,0.01680726004341413,-0.6826680894736445,-0.6525136639846563,0.35605166293605384,-0.6505684099646967,0.0,0.0,0.0,0.0,1.121257433296172,0.0,0.4767395435212597,-2.848371132850069,-0.6829968743182837,-0.651087827846492,0.49999999999999994,0.8660254037844387,-0.7071067811865477,0.7071067811865474,0.9749279121818236,-0.22252093395631434
0.6573479548932403,-0.9307434603453393,0.9664843292973129,0.23300870538887822,-1.2295668921802367,-1.769090044751663,-1.2840195454443257,-0.6841423458248278,0.23338118930260093,-0.6826680894736445,-0.6525136639846563,0.05210474105847215,-0.6505684099646967,0.0,0.0,0.0,0.0,0.5161010012142222,0.0,0.3325597117399074,-2.578688494997427,-0.6829968743182837,-0.651087827846492,0.49999999999999994,0.8660254037844387,-0.5000000000000004,0.8660254037844384,0.9749279121818236,-0.22252093395631434
0.49927350305975543,-0.7991504858038802,1.7038218396971327,0.23300870538887822,-1.4992581366305748,-2.308375979768128,-1.2840195454443257,-0.6841423458248278,0.18310509858171828,-0.6826680894736445,-0.6525136639846563,-0.6445825854923893,-0.6505684099646967,0.0,0.0,0.0,0.0,-0.3521669230772707,0.0,0.28909579237233896,-1.4999579435868604,-0.6829968743182837,-0.651087827846492,0.49999999999999994,0.8660254037844387,-0.25881904510252157,0.9659258262890681,0.9749279121818236,-0.22252093395631434
0.08397971877857219,-0.7991504858038802,2.2831584550112765,-0.5053395649575132,-1.7150111321908454,-2.2544473862664813,0.4953877901119818,-0.6841423458248278,0.1289616162669216,-0.6826680894736445,-0.6525136639846563,-0.6172615138629437,-0.6505684099646967,0.0,0.0,0.0,0.0,0.09512261367895261,0.0,0.3404329402378854,-1.1763387781636903,-0.6829968743182837,-0.651087827846492,0.49999999999999994,0.8660254037844387,-2.4492935982947064e-16,1.0,0.9749279121818236,-0.22252093395631434
0.07856526862306629,-0.7991504858038802,2.572826762668349,-0.18890459195191697,-1.7150111321908454,-2.4162331667714207,-1.068333807801137,-0.6841423458248278,0.22951379770868688,-0.6826680894736445,-0.6525136639846563,-0.64799771944607,-0.6505684099646967,0.0,0.0,0.0,0.0,-0.3521669230772707,0.0,0.3411858690927161,-1.8235771090100303,-0.6829968743182837,-0.651087827846492,0.49999999999999994,0.8660254037844387,0.25881904510252074,0.9659258262890683,0.43388373911755823,-0.900968867902419
0.07806186719897283,-0.06222982837170911,2.1251575599256007,-0.18890459195191697,-1.9847023766411835,-2.092661605761542,-1.068333807801137,-0.49872326144774193,0.14056379104866373,-0.6826680894736445,-0.5535513445347681,-0.6343371836313472,-0.6505684099646967,0.0,0.0,0.0,0.0,-0.6415895645077683,0.0,0.3327603903285622,-1.3920848884458037,-0.6829968743182837,-0.651087827846492,0.49999999999999994,0.8660254037844387,0.49999999999999994,0.8660254037844387,0.43388373911755823,-0.900968867902419
0.07830212806165772,0.3851862850692516,2.1251575599256007,-0.3471220784547151,-1.8228876299709806,-2.2544473862664813,-1.1222552422119343,0.015042118180433467,0.05161378438864058,-0.6826680894736445,0.354171999384896,-0.6309220496776665,-0.6505684099646967,0.0,0.0,0.0,0.0,-0.7994564598334941,0.0,0.3397034187630996,-1.446021416016332,-0.6829968743182837,-0.651087827846492,0.49999999999999994,0.8660254037844387,0.7071067811865476,0.7071067811865476,0.43388373911755823,-0.900968867902419
0.07821632061069883,0.9641953730516715,1.4141535320400604,-0.7954049568793099,-1.768949381080913,-1.283732703236845,-0.529119463693165,0.23136438328703363,-0.27711450109405367,-0.6826680894736445,0.05046005348696332,-0.6309220496776665,-0.6505684099646967,0.0,0.8787878787878787,0.0,0.0,-0.9310122059382657,0.0,0.3427502708623139,-1.2302753057342186,-0.6829968743182837,-0.651087827846492,0.49999999999999994,0.8660254037844387,0.8660254037844386,0.5000000000000001,0.43388373911755823,-0.900968867902419
0.07753557921155961,1.7011160304838424,0.8084834342116368,-0.7954049568793099,-2.3083318699815893,-1.4455184837417845,-0.798726635747151,0.18114671460157286,-0.532362346292381,-0.6826680894736445,-0.645688676436388,-0.6445825854923893,-0.6505684099646967,0.0,0.8787878787878787,0.0,0.0,-0.7994564598334941,0.0,0.37940243775826543,-1.4999579435868604,-0.6829968743182837,-0.651087827846492,0.49999999999999994,0.8660254037844387,0.9659258262890683,0.25881904510252074,0.43388373911755823,-0.900968867902419
0.26603167613411116,2.2801251184662625,0.22914681889749292,-0.7954049568793099,-2.2543936210915216,-0.8523039552236732,-0.798726635747151,0.12706614832492283,-0.6754558352672009,-0.6826680894736445,-0.6183887262433154,-0.6514128533997506,-0.6505684099646967,0.0,0.8787878787878787,0.0,0.0,-0.7994564598334941,0.0,0.4091032786363813,-1.7157040538689736,-0.6829968743182837,-0.651087827846492,0.49999999999999994,0.8660254037844387,1.0,6.123233995736766e-17,0.43388373911755823,-0.900968867902419
0.23667407775991514,2.569629662457473,0.22914681889749292,-0.7954049568793099,-2.4162083677617243,-0.8523039552236732,-0.9065695045687454,0.22750148569584433,-0.6831906184550289,-0.6826680894736445,-0.6491011702105222,-0.6514128533997506,-0.6505684099646967,0.0,0.8787878787878787,0.0,0.0,-0.7994564598334941,0.0,0.45308943355523223,-1.7157040538689736,-0.6829968743182837,-0.651087827846492,0.49999999999999994,0.8660254037844387,0.9659258262890683,-0.25881904510252063,0.43388373911755823,-0.900968867902419
0.14757162068420482,2.122213549016511,0.22914681889749292,-0.3471220784547151,-2.0925788744213185,-1.0680183292302592,-1.1761766766227313,0.1386548410984907,-0.6831906184550289,-0.5393650906614903,-0.6354511951139858,-0.6514128533997506,-0.6505684099646967,0.0,0.8787878787878787,0.0,0.0,-0.06274428164677277,0.0533184044461815,0.46904845209864066,-1.9853866917216154,-0.4971530887851352,-0.5519524067022246,0.49999999999999994,0.8660254037844387,0.8660254037844387,-0.4999999999999998,0.43388373911755823,-0.900968867902419
0.34693092030436345,2.122213549016511,0.22914681889749292,-0.05705668653291797,-2.2543936210915216,-0.9601611422269661,-1.2840195454443257,0.04980819650113706,-0.6831906184550289,-0.23726687694938117,-0.6320387013398517,-0.6514128533997506,-0.6505684099646967,0.0,0.0,0.0,0.0,0.3845452551094506,0.22254251848389095,0.4659127339066963,-1.8235771090100303,0.017789066962963798,0.3573586975865734,0.49999999999999994,0.8660254037844387,0.7071067811865476,-0.7071067811865475,0.43388373911755823,-0.900968867902419
0.08376520015117496,1.4116114864926321,0.22914681889749292,0.1011607999698797,-1.2835051410703044,-1.283732703236845,-0.9604909389795426,-0.27853809874995245,-0.6831906184550289,0.026100796543226733,-0.6320387013398517,-0.6514128533997506,-0.6471520424707868,0.8787878787878787,0.0,0.0,0.0,0.9633905379704456,0.4235093571105611,0.45775180463473286,-1.769640581439502,0.23460681675163705,0.0531155085576147,0.49999999999999994,0.8660254037844387,0.49999999999999994,-0.8660254037844387,0.43388373911755823,-0.900968867902419
0.08775238751649735,0.8062838036019201,0.22914681889749292,0.5230740973106753,-1.4453198877405073,-1.283732703236845,-1.1761766766227313,-0.5334893397684455,-0.6831906184550289,0.3320720642772859,-0.645688676436388,-0.6514128533997506,-0.643735674976877,0.8787878787878787,0.0,0.0,0.0,1.700102716157167,0.5712907846212665,0.4724702832554205,-2.3090058571447853,0.18427412483640934,-0.6442509022503355,0.49999999999999994,0.8660254037844387,0.258819045102521,-0.9659258262890682,0.43388373911755823,-0.900968867902419
0.0861334857976403,0.22727471561950033,-0.5081906915023265,1.2614223676570673,-0.8519991499497634,0.4959108823174885,-1.607548151909109,-0.6764165506424492,-0.6831906184550289,0.901411005503953,-0.6525136639846563,-0.6514128533997506,0.04637055879290848,0.8787878787878787,0.0,0.0,0.0,2.278947999018162,0.539725490909834,0.4964846673721661,-2.255069329574257,0.13006968738924102,-0.6169031998657101,0.49999999999999994,0.8660254037844387,1.2246467991473532e-16,-1.0,0.43388373911755823,-0.900968867902419
0.08576737629508106,0.22727471561950033,-0.1921889013309754,1.5514877595788634,-0.8519991499497634,-1.0680183292302592,-1.8232338895522977,-0.6841423458248278,-0.6831906184550289,0.33981817232118616,-0.6525136639846563,-0.6514128533997506,-0.3533444379945415,0.8787878787878787,0.0,0.0,0.0,2.5683706404486597,0.5340654778478561,0.5014938467017387,-2.416878912285842,0.23073507121969647,-0.6476693650484138,0.49999999999999994,0.8660254037844387,-0.2588190451025208,-0.9659258262890683,0.43388373911755823,-0.900968867902419
0.08297577160235318,0.22727471561950033,-0.1921889013309754,1.8415531515006607,-1.067752145510034,-1.0680183292302592,-2.0389196271954866,-0.6841423458248278,-0.6831906184550289,0.734869682560098,-0.6525136639846563,-0.6514128533997506,0.31626359081178496,0.8787878787878787,0.0,0.0,0.0,2.1210811036924357,0.24975609906667315,0.4786454266973307,-2.093259746862672,0.1416849239850628,-0.633995513856101,0.49999999999999994,0.8660254037844387,-0.4999999999999997,-0.8660254037844388,0.43388373911755823,-0.900968867902419
0.10499968515923404,0.22727471561950033,-0.350189796416651,1.419639854159865,-0.9598756477298988,-1.1219469227319057,-0.5830408981039622,-0.6841423458248278,-0.6831906184550289,0.3204529022114356,-0.6525136639846563,-0.6514128533997506,-0.27476798563461546,0.0,0.0,0.0,0.0,2.1210811036924357,0.11582256880316008,0.48669797518991864,-2.255069329574257,0.052634776750429144,-0.6305770510580229,0.49999999999999994,0.8660254037844387,-0.7071067811865471,-0.7071067811865479,0.43388373911755823,-0.900968867902419
0.49242887780918054,0.22727471561950033,-0.7978589991593985,0.681291583813473,-1.2835051410703044,-0.5287323942137945,-0.09774798840678739,-0.6841423458248278,-0.6831906184550289,0.002862472411526036,-0.6525136639846563,-0.6514128533997506,-0.052704098530476556,0.0,0.0,0.8787878787878787,0.8787878787878787,1.410680074726669,0.035578865044818594,0.50850904362311,-1.284211833304747,-0.2764635934645213,-0.6305770510580229,0.49999999999999994,0.8660254037844387,-0.8660254037844385,-0.5000000000000004,0.43388373911755823,-0.900968867902419
0.8798580704591269,0.22727471561950033,-0.7978589991593985,0.23300870538887822,-1.2835051410703044,-0.7983753617220268,-0.2055908572283818,-0.6841423458248278,-0.6831906184550289,-0.4347926320688371,-0.6525136639846563,-0.6514128533997506,-0.5822410600865,0.0,0.0,0.8787878787878787,0.8787878787878787,0.8055236426447192,0.0,0.5736390798144024,-1.446021416016332,-0.5319987985726006,-0.6442509022503355,0.49999999999999994,0.8660254037844387,-0.9659258262890683,-0.25881904510252063,0.43388373911755823,-0.900968867902419
0.6008580611196318,-0.5096459418126703,-0.7978589991593985,0.1011607999698797,0.4964570723019269,-0.7983753617220268,-0.09774798840678739,-0.6841423458248278,-0.6831906184550289,-0.6787950354516944,-0.6525136639846563,-0.6514128533997506,-0.6505684099646967,0.0,0.0,0.8787878787878787,0.8787878787878787,0.22667835978372425,0.0,0.5680489159950105,-0.8527196127405202,-0.6752533832544025,-0.651087827846492,0.49999999999999994,0.8660254037844387,-1.0,-1.8369701987210297e-16,0.43388373911755823,-0.900968867902419
0.4908185860099526,-0.19382280291316867,-0.7978589991593985,0.1011607999698797,-1.067752145510034,-0.9062325487253197,0.1718591836471986,-0.6841423458248278,-0.6831906184550289,-0.6826680894736445,-0.6525136639846563,-0.6514128533997506,-0.6505684099646967,0.0,0.0,0.8787878787878787,0.8787878787878787,0.22667835978372425,0.0,0.556920320202715,-0.8527196127405202,-0.6829968743182837,-0.651087827846492,0.49999999999999994,0.8660254037844387,-0.9659258262890684,0.2588190451025203,0.43388373911755823,-0.900968867902419
0.6691607920829075,-0.19382280291316867,-0.350189796416651,-0.05705668653291797,-1.067752145510034,-1.1758755162335521,0.3336234868795902,-0.6841423458248278,-0.540097129480209,-0.6826680894736445,-0.6525136639846563,-0.6514128533997506,-0.6505684099646967,0.0,0.0,0.8787878787878787,0.8787878787878787,0.22667835978372425,0.0,0.5314940664340372,-1.0684657230226335,-0.6829968743182837,-0.651087827846492,0.49999999999999994,0.8660254037844387,-0.8660254037844386,0.5000000000000001,0.43388373911755823,-0.900968867902419
0.3511812722571807,-0.3517343723629195,-0.06052148875957856,-0.05705668653291797,-1.1216903944001015,-1.283732703236845,0.4953877901119818,-0.6841423458248278,-0.23844058515491318,-0.6826680894736445,-0.6525136639846563,-0.6514128533997506,-0.6505684099646967,0.0,0.0,0.0,0.0,0.22667835978372425,0.0,0.5088979032058224,-0.9605926678815769,-0.6829968743182837,-0.651087827846492,0.49999999999999994,0.8660254037844387,-0.7071067811865477,0.7071067811865474,0.43388373911755823,-0.900968867902419
0.6460328352421151,-0.7991504858038802,0.09747940632609654,-0.05705668653291797,-0.5283696566093578,-0.9601611422269661,0.4953877901119818,-0.6841423458248278,0.024542043231242233,-0.6826680894736445,-0.6525136639846563,-0.64799771944607,-0.6505684099646967,0.0,0.0,0.0,0.0,0.22667835978372425,0.0,0.3625773461532019,-1.284211833304747,-0.6829968743182837,-0.651087827846492,0.49999999999999994,0.8660254037844387,-0.5000000000000004,0.8660254037844384,0.43388373911755823,-0.900968867902419
0.6710256625760872,-0.7991504858038802,0.5188151265545653,-0.18890459195191697,-0.7980609010596958,-1.1758755162335521,0.1718591836471986,-0.6841423458248278,0.3300659791504522,-0.6826680894736445,-0.6525136639846563,-0.6445825854923893,-0.6505684099646967,0.0,0.0,0.0,0.0,0.22667835978372425,0.0,0.3094003372404194,-1.284211833304747,-0.6829968743182837,-0.651087827846492,0.49999999999999994,0.8660254037844387,-0.25881904510252157,0.9659258262890681,0.43388373911755823,-0.900968867902419
0.19625018761318255,-0.7991504858038802,1.2561526369543852,-0.5053395649575132,-0.7980609010596958,-1.607304264246724,1.1424450030415483,-0.6841423458248278,0.8985725434558176,-0.6826680894736445,-0.6525136639846563,0.04527447315111076,-0.6505684099646967,0.0,0.0,0.0,0.0,-0.5100338184029966,0.0,0.3338806665131101,0.4956935765226884,-0.6829968743182837,-0.651087827846492,0.49999999999999994,0.8660254037844387,-2.4492935982947064e-16,1.0,0.43388373911755823,-0.900968867902419
0.07950915058361406,-0.7991504858038802,1.5458209446114568,-0.5053395649575132,-0.9059373988398312,-1.8230186382533096,0.6571520933443734,-0.6841423458248278,0.33780076233828027,-0.6826680894736445,-0.6525136639846563,-0.35429619942953033,-0.6505684099646967,0.0,0.0,0.0,0.0,-0.19430002775154487,0.0,0.2889783969345654,-1.0684657230226335,-0.6829968743182837,-0.651087827846492,0.49999999999999994,0.8660254037844387,0.25881904510252074,0.9659258262890683,-0.433883739117558,-0.9009688679024191
0.07926888972092917,-0.3517343723629195,1.835489252268529,-0.6371874703765118,-1.1756286432901693,-2.0387330122598954,0.818916396576765,-0.5412151349508241,0.7322747049175135,-0.6826680894736445,-0.6525136639846563,0.31507005549188555,-0.6505684099646967,0.0,0.0,0.0,0.0,-0.19430002775154487,0.0,0.2804915570297254,-1.0684657230226335,-0.6829968743182837,-0.651087827846492,0.49999999999999994,0.8660254037844387,0.49999999999999994,0.8660254037844387,-0.433883739117558,-0.9009688679024191
0.0789828660284989,-0.06222982837170911,1.4141535320400604,-0.6371874703765118,-1.2835051410703044,-0.582660987715441,0.818916396576765,-0.23990912283805957,0.31846380436871,-0.6826680894736445,-0.6525136639846563,-0.2757481184948744,-0.6505684099646967,0.0,0.0,0.0,0.0,-0.3521669230772707,0.0,0.2633007571237441,-1.122402250593162,-0.6829968743182837,-0.651087827846492,0.49999999999999994,0.8660254037844387,0.7071067811865476,0.7071067811865476,-0.433883739117558,-0.9009688679024191
0.07854238549204458,0.09568174107804124,0.6768160216402405,-0.6371874703765118,-0.9598756477298988,-0.09730364620062269,0.6032306589335762,0.02276791336281204,0.0013376936677579315,-0.6826680894736445,-0.6491011702105222,-0.05376441150562935,-0.6505684099646967,0.0,0.8787878787878787,0.0,0.0,-0.7994564598334941,0.0,0.28235436448015616,-0.5291004473173502,-0.6829968743182837,-0.651087827846492,0.49999999999999994,0.8660254037844387,0.8660254037844386,0.5000000000000001,-0.433883739117558,-0.9009688679024191
0.07842225506070213,0.5167792596107107,0.22914681889749292,-0.6371874703765118,-1.1756286432901693,-0.20516083320391562,0.010094880414807005,0.32793682306676586,-0.4356775564445297,-0.6826680894736445,-0.645688676436388,-0.5831101743261368,-0.6505684099646967,0.0,0.8787878787878787,0.0,0.0,-0.7994564598334941,0.0,0.3542301310142304,-0.7987830851699919,-0.6829968743182837,-0.651087827846492,0.49999999999999994,0.8660254037844387,0.9659258262890683,0.25881904510252074,-0.433883739117558,-0.9009688679024191
0.18708881438733718,1.2536999170428818,0.09747940632609654,-0.6371874703765118,-1.60713463441071,-0.09730364620062269,0.1718591836471986,0.8957827689715913,-0.6793232268611149,-0.6826680894736445,0.04363506593869517,-0.6514128533997506,-0.6505684099646967,0.0,0.8787878787878787,0.0,0.0,-0.7994564598334941,0.0,0.4698286298072649,-0.7987830851699919,-0.6829968743182837,-0.651087827846492,0.49999999999999994,0.8660254037844387,1.0,6.123233995736766e-17,-0.433883739117558,-0.9009688679024191
0.5145700884353731,1.5432044610340911,0.09747940632609654,-0.5053395649575132,-1.8228876299709806,0.17233932130760965,-0.09774798840678739,0.3356626182491444,-0.6831906184550289,-0.6826680894736445,-0.35562670563499166,-0.6514128533997506,-0.6505684099646967,0.0,0.8787878787878787,0.0,0.0,-0.7994564598334941,0.0,0.5067673706449018,-0.9066561403110486,-0.6829968743182837,-0.651087827846492,0.49999999999999994,0.8660254037844387,0.9659258262890683,-0.25881904510252063,-0.433883739117558,-0.9009688679024191
0.3042674556876039,1.8327090050253017,-0.06052148875957856,-0.5053395649575132,-2.0386406255312512,0.33412510181254906,-0.09774798840678739,0.7296781725504519,-0.6831906184550289,-0.5703495228370912,0.31322207409528713,-0.6514128533997506,-0.643735674976877,0.0,0.8787878787878787,0.0,0.0,-0.3521669230772707,0.05238153588510228,0.5386256344001823,-1.1763387781636903,-0.5397422896364817,-0.651087827846492,0.49999999999999994,0.8660254037844387,0.8660254037844387,-0.4999999999999998,-0.433883739117558,-0.9009688679024191
0.2382128799394511,1.4116114864926321,-0.06052148875957856,-0.18890459195191697,-0.5823079054994255,0.4959108823174885,-0.259512291639179,0.31634813029319797,-0.6831906184550289,-0.41155430793713643,-0.2771393488299079,-0.6514128533997506,-0.6300702050012377,0.0,0.0,0.0,0.0,-0.06274428164677277,0.04886689044031809,0.4964830795630164,-1.284211833304747,-0.23774613814511542,-0.651087827846492,0.49999999999999994,0.8660254037844387,0.7071067811865476,-0.7071067811865475,-0.433883739117558,-0.9009688679024191
0.38251815334736694,0.6746908290604611,-0.06052148875957856,-0.05705668653291797,-0.09686366548881685,0.4959108823174885,-0.259512291639179,-0.00040947218432368785,-0.6831906184550289,-0.03586806780797513,-0.05532725351119302,-0.6514128533997506,-0.6300702050012377,0.8787878787878787,0.0,0.0,0.0,0.09512261367895261,0.12428764749008217,0.5089424130816624,-0.9605926678815769,0.025532558026844985,-0.6476693650484138,0.49999999999999994,0.8660254037844387,0.49999999999999994,-0.8660254037844387,-0.433883739117558,-0.9009688679024191
0.273451151240895,0.22727471561950033,-0.1921889013309754,0.23300870538887822,-0.20474016326895209,0.17233932130760965,0.4953877901119818,-0.4369168999887133,-0.6831906184550289,-0.039741121829925244,-0.5842637885019747,-0.6514128533997506,-0.6334865724951475,0.8787878787878787,0.0,0.0,0.0,0.5161010012142222,0.5982548896203256,0.49505492206238777,-1.1763387781636903,0.3314004550501519,-0.6442509022503355,0.49999999999999994,0.8660254037844387,0.258819045102521,-0.9659258262890682,-0.433883739117558,-0.9009688679024191
0.2123447994442081,0.09568174107804124,-0.5081906915023265,0.5230740973106753,-0.09686366548881685,1.1430540043372461,-0.6908837669255565,-0.6802794482336385,-0.6831906184550289,0.5063594952650412,-0.6525136639846563,-0.6514128533997506,-0.623237470013418,0.8787878787878787,0.0,0.0,0.0,1.2528131794009436,0.57324215174374,0.48386716757435566,-1.607830998727917,0.9005470482454192,0.04627858296145833,0.49999999999999994,0.8660254037844387,1.2246467991473532e-16,-1.0,-0.433883739117558,-0.9009688679024191
0.3118414047999019,0.09568174107804124,-0.5081906915023265,0.681291583813473,0.17282757896152123,0.6576966628224279,-0.9604909389795426,-0.6841423458248278,-0.6831906184550289,0.1616576873114808,-0.6525136639846563,-0.6514128533997506,-0.6369029399890573,0.8787878787878787,0.0,0.0,0.0,1.5422358208314406,0.3369293021506283,0.49233572206414977,-1.8235771090100303,0.3391439461140331,-0.35368156441368964,0.49999999999999994,0.8660254037844387,-0.2588190451025208,-0.9659258262890683,-0.433883739117558,-0.9009688679024191
0.07196953474859367,-0.06222982837170911,-0.6398581040737229,0.8131394892324716,0.3346423256317241,0.8194824433273673,-1.337940979855123,-0.6841423458248278,-0.6831906184550289,0.27010319992608406,-0.6525136639846563,-0.6514128533997506,-0.6505684099646967,0.8787878787878787,0.0,0.0,0.0,1.8316584622619385,0.046161611057466745,0.5019217868773923,-2.0393232192921436,0.7340619903719737,0.31633714400963514,0.49999999999999994,0.8660254037844387,-0.4999999999999997,-0.8660254037844388,-0.433883739117558,-0.9009688679024191
0.38056174346550437,-0.06222982837170911,-0.6398581040737229,0.5230740973106753,0.4964570723019269,0.8194824433273673,-0.09774798840678739,-0.6841423458248278,-0.6831906184550289,-0.04361417585187536,-0.6525136639846563,-0.6514128533997506,-0.643735674976877,0.0,0.0,0.0,0.0,1.410680074726669,0.0,0.5003395606695985,-0.5830369748878784,0.3197852184543301,-0.27505692005789134,0.49999999999999994,0.8660254037844387,-0.7071067811865471,-0.7071067811865479,-0.433883739117558,-0.9009688679024191
0.22158912788134244,-0.06222982837170911,-0.6398581040737229,0.1011607999698797,0.4964570723019269,0.6037680693207814,-0.09774798840678739,-0.6841423458248278,-0.6831906184550289,-0.2759974171688823,-0.6525136639846563,-0.6514128533997506,-0.6471520424707868,0.0,0.0,0.8787878787878787,0.8787878787878787,0.6739678965399476,0.0,0.5020545482101625,-0.09760822675312336,0.0023020848352014217,-0.05285683818280912,0.49999999999999994,0.8660254037844387,-0.8660254037844385,-0.5000000000000004,-0.433883739117558,-0.9009688679024191
0.6166065771779597,-0.19382280291316867,-0.6398581040737229,-0.05705668653291797,0.17282757896152123,0.010553540802670241,0.4953877901119818,-0.6841423458248278,-0.6831906184550289,-0.5897147929468417,-0.6525136639846563,-0.6514128533997506,-0.6505684099646967,0.0,0.0,0.8787878787878787,0.8787878787878787,0.22667835978372425,0.0,0.5482319821948203,-0.20548128189418005,-0.4352051602740857,-0.5827185718849281,0.49999999999999994,0.8660254037844387,-0.9659258262890683,-0.25881904510252063,-0.433883739117558,-0.9009688679024191
0.613900793665383,-0.5096459418126703,-0.6398581040737229,-0.18890459195191697,1.1437160589827384,0.17233932130760965,0.3336234868795902,-0.6841423458248278,-0.6831906184550289,-0.6749219814297444,-0.6525136639846563,-0.6514128533997506,-0.6505684099646967,0.0,0.0,0.8787878787878787,0.8787878787878787,0.09512261367895261,0.0,0.554716236224411,-0.09760822675312336,-0.6791251287863431,-0.651087827846492,0.49999999999999994,0.8660254037844387,-1.0,-1.8369701987210297e-16,-0.433883739117558,-0.9009688679024191
0.4222984876119079,-0.5096459418126703,-0.5081906915023265,-0.18890459195191697,0.6582718189721298,-0.09730364620062269,0.6571520933443734,-0.6841423458248278,-0.6831906184550289,-0.6826680894736445,-0.6525136639846563,-0.6514128533997506,-0.6505684099646967,0.0,0.0,0.8787878787878787,0.8787878787878787,0.09512261367895261,0.0,0.5528215189320375,0.17207441109951835,-0.6829968743182837,-0.651087827846492,0.49999999999999994,0.8660254037844387,-0.9659258262890684,0.2588190451025203,-0.433883739117558,-0.9009688679024191
0.4296779283943724,-0.6412389163541294,-0.5081906915023265,-0.18890459195191697,0.8200865656423326,-0.09730364620062269,0.818916396576765,-0.6841423458248278,-0.5710362622315215,-0.6826680894736445,-0.6525136639846563,-0.6445825854923893,-0.6505684099646967,0.0,0.0,0.8787878787878787,0.8787878787878787,-0.06274428164677277,0.0,0.5180911645233035,0.3338839938111034,-0.6829968743182837,-0.651087827846492,0.49999999999999994,0.8660254037844387,-0.8660254037844386,0.5000000000000001,-0.433883739117558,-0.9009688679024191
0.6936044517307427,-0.6412389163541294,-0.1921889013309754,-0.3471220784547151,0.8200865656423326,-0.2590894267055621,0.6571520933443734,-0.6841423458248278,-0.41247320688104544,-0.6826680894736445,-0.6525136639846563,-0.6309220496776665,-0.6505684099646967,0.0,0.0,0.0,0.0,-0.06274428164677277,0.0,0.4784716384249199,0.4956935765226884,-0.6829968743182837,-0.651087827846492,0.49999999999999994,0.8660254037844387,-0.7071067811865477,0.7071067811865474,-0.433883739117558,-0.9009688679024191
0.3768433977086322,-0.6412389163541294,-0.06052148875957856,-0.5053395649575132,0.6043335700820621,-0.2590894267055621,0.818916396576765,-0.6841423458248278,-0.03733622227138257,-0.6826680894736445,-0.6525136639846563,-0.6309220496776665,-0.6505684099646967,0.0,0.0,0.0,0.0,-0.06274428164677277,0.0,0.35780311135812637,0.4956935765226884,-0.6829968743182837,-0.651087827846492,0.49999999999999994,0.8660254037844387,-0.5000000000000004,0.8660254037844384,-0.433883739117558,-0.9009688679024191
0.5901435936252187,-0.6412389163541294,0.22914681889749292,-0.5053395649575132,0.01101283229131838,0.4959108823174885,0.9806806998091566,-0.6841423458248278,-0.04120361386529662,-0.6826680894736445,-0.6525136639846563,-0.6343371836313472,-0.6505684099646967,0.0,0.0,0.0,0.0,-0.19430002775154487,0.0,0.33882541152299717,0.17207441109951835,-0.6829968743182837,-0.651087827846492,0.49999999999999994,0.8660254037844387,-0.25881904510252157,0.9659258262890681,-0.433883739117558,-0.9009688679024191
0.5910474206676589,-0.6412389163541294,0.5188151265545653,-0.6371874703765118,0.17282757896152123,-0.6905181747187339,0.9806806998091566,-0.6841423458248278,0.5040986008765844,-0.6826680894736445,-0.6525136639846563,-0.6240917817703051,-0.6505684099646967,0.0,0.0,0.0,0.0,-0.5100338184029966,0.0,0.30886985532548883,1.1429319073690285,-0.6829968743182837,-0.651087827846492,0.49999999999999994,0.8660254037844387,-2.4492935982947064e-16,1.0,-0.433883739117558,-0.9009688679024191
0.29302670020577765,-0.5096459418126703,0.6768160216402405,-0.5053395649575132,-0.09686366548881685,-0.9601611422269661,1.1424450030415483,-0.6841423458248278,0.15990074901823398,-0.6826680894736445,-0.6525136639846563,-0.6377523175850279,-0.6505684099646967,0.0,0.0,0.0,0.0,-0.5100338184029966,0.0,0.2975670615035825,0.6575031592342735,-0.6829968743182837,-0.651087827846492,0.49999999999999994,0.8660254037844387,0.25881904510252074,0.9659258262890683,-0.9749279121818236,-0.2225209339563146
0.3900749066464929,-0.5096459418126703,0.8084834342116368,-0.5053395649575132,-0.09686366548881685,-1.3376612967384915,1.3042093062739397,-0.5721183156803384,0.2681877136478274,-0.6826680894736445,-0.645688676436388,-0.6514128533997506,-0.6505684099646967,0.0,0.0,0.0,0.0,-0.6415895645077683,0.0,0.292726036284922,0.8193127419458585,-0.6829968743182837,-0.651087827846492,0.49999999999999994,0.8660254037844387,0.49999999999999994,0.8660254037844387,-0.9749279121818236,-0.2225209339563146
0.43452889818092144,-0.19382280291316867,0.5188151265545653,-0.5053395649575132,-0.2586784121590197,-0.09730364620062269,1.1424450030415483,-0.4137395144415776,-0.04507100545921067,-0.6826680894736445,-0.6320387013398517,-0.6445825854923893,-0.6505684099646967,0.0,0.0,0.0,0.0,-0.6415895645077683,0.0,0.2869520963613714,0.8193127419458585,-0.6829968743182837,-0.651087827846492,0.49999999999999994,0.8660254037844387,0.7071067811865476,0.7071067811865476,-0.9749279121818236,-0.2225209339563146
0.43882785147396175,-0.06222982837170911,0.09747940632609654,-0.6371874703765118,-0.2586784121590197,-0.09730364620062269,1.3042093062739397,-0.03903844809621657,-0.27711450109405367,-0.6826680894736445,-0.6320387013398517,-0.64799771944607,-0.6505684099646967,0.0,0.8787878787878787,0.0,0.0,-0.6415895645077683,0.0,0.30267448012183296,0.6035666316637451,-0.6829968743182837,-0.651087827846492,0.49999999999999994,0.8660254037844387,0.8660254037844386,0.5000000000000001,-0.9749279121818236,-0.2225209339563146
0.4501744452980987,0.22727471561950033,-0.06052148875957856,-0.6371874703765118,0.4964570723019269,0.4959108823174885,1.3042093062739397,-0.04290134568740586,-0.5903732202010917,-0.6826680894736445,-0.6354511951139858,-0.6514128533997506,-0.6505684099646967,0.0,0.8787878787878787,0.0,0.0,-0.6415895645077683,0.0,0.358039797360723,0.010264828387933323,-0.6829968743182837,-0.651087827846492,0.49999999999999994,0.8660254037844387,0.9659258262890683,0.25881904510252074,-0.9749279121818236,-0.2225209339563146
0.6180595719065368,0.5167792596107107,-0.1921889013309754,-0.6371874703765118,-0.6901844032795607,0.33412510181254906,1.3042093062739397,0.5017672146702838,-0.6754558352672009,-0.6826680894736445,-0.6252137137915836,-0.6514128533997506,-0.6505684099646967,0.0,0.8787878787878787,0.0,0.0,-0.6415895645077683,0.0,0.4405678681618501,0.17207441109951835,-0.6829968743182837,-0.651087827846492,0.49999999999999994,0.8660254037844387,1.0,6.123233995736766e-17,-0.9749279121818236,-0.2225209339563146
0.26902921870914037,0.6746908290604611,-0.1921889013309754,-0.6371874703765118,-0.9598756477298988,0.6576966628224279,1.3042093062739397,0.15796932905443714,-0.6831906184550289,-0.6826680894736445,-0.63886368888812,-0.6514128533997506,-0.6505684099646967,0.0,0.8787878787878787,0.0,0.0,-0.5100338184029966,0.0,0.4540747971817104,-0.09760822675312336,-0.6829968743182837,-0.651087827846492,0.49999999999999994,0.8660254037844387,0.9659258262890683,-0.25881904510252063,-0.9749279121818236,-0.2225209339563146
0.49793487250181634,0.8062838036019201,-0.1921889013309754,-0.6371874703765118,-1.3374433899603722,0.8194824433273673,1.3042093062739397,0.26613046160773723,-0.6831906184550289,-0.5548573067492907,-0.6525136639846563,-0.6514128533997506,-0.6505684099646967,0.0,0.8787878787878787,0.0,0.0,-0.5100338184029966,0.030800276055623247,0.46492076294536955,-0.09760822675312336,-0.5707162538920065,-0.6442509022503355,0.49999999999999994,0.8660254037844387,0.8660254037844387,-0.4999999999999998,-0.9749279121818236,-0.2225209339563146
0.35221096166868743,0.5167792596107107,-0.350189796416651,-0.6371874703765118,-0.09686366548881685,0.6576966628224279,1.1424450030415483,-0.04676424327859515,-0.6831906184550289,-0.15980579651037885,-0.645688676436388,-0.6514128533997506,-0.6505684099646967,0.0,0.0,0.0,0.0,-0.19430002775154487,0.0399915733637829,0.47479652609894696,-0.2594178094647084,-0.4119746870824421,-0.6305770510580229,0.49999999999999994,0.8660254037844387,0.7071067811865476,-0.7071067811865475,-0.9749279121818236,-0.2225209339563146
0.39589838375922964,0.09568174107804124,-0.5081906915023265,-0.3471220784547151,-0.09686366548881685,0.8194824433273673,0.9806806998091566,-0.27853809874995245,-0.6831906184550289,0.40953314471628827,-0.6491011702105222,-0.6514128533997506,0.03270508881726917,0.8787878787878787,0.0,0.0,0.0,-0.06274428164677277,0.11047297994892717,0.47984929335065973,-0.2594178094647084,-0.03641537048420452,-0.6305770510580229,0.49999999999999994,0.8660254037844387,0.49999999999999994,-0.8660254037844387,-0.9749279121818236,-0.2225209339563146
0.3596247254315354,-0.06222982837170911,-0.5081906915023265,-0.18890459195191697,0.4964570723019269,0.9812682238323067,0.818916396576765,-0.5914328036362848,-0.6831906184550289,0.6961391423405968,-0.6525136639846563,-0.6514128533997506,0.5793238878428418,0.8787878787878787,0.0,0.0,0.0,0.22667835978372425,0.016619731835633655,0.47889107613867554,0.4956935765226884,-0.04028711601614511,-0.633995513856101,0.49999999999999994,0.8660254037844387,0.258819045102521,-0.9659258262890682,-0.9749279121818236,-0.2225209339563146
0.38581885707893193,-0.19382280291316867,-0.6398581040737229,-0.05705668653291797,0.3346423256317241,0.9812682238323067,0.818916396576765,-0.6764165506424492,-0.6831906184550289,1.0447140043161074,-0.6525136639846563,-0.6514128533997506,0.6169039302758499,0.8787878787878787,0.0,0.0,0.0,0.5161010012142222,0.005454908502291806,0.4754300619496543,-0.6909100300289351,0.5056290039874787,-0.6237401254618664,0.49999999999999994,0.8660254037844387,1.2246467991473532e-16,-1.0,-0.9749279121818236,-0.2225209339563146
0.4088038243834465,-0.19382280291316867,-0.5081906915023265,0.23300870538887822,0.6582718189721298,1.1430540043372461,0.6571520933443734,-0.6841423458248278,-0.6831906184550289,0.9982373560527059,-0.6525136639846563,-0.6514128533997506,0.4426691880864486,0.8787878787878787,0.0,0.0,0.0,0.6739678965399476,0.02589418456728153,0.47170019581784384,-0.9605926678815769,0.16104365164476578,-0.6374139766541792,0.49999999999999994,0.8660254037844387,-0.2588190451025208,-0.9659258262890683,-0.9749279121818236,-0.2225209339563146
0.4360219478276061,-0.19382280291316867,-0.5081906915023265,0.39122619189167684,0.8200865656423326,1.3048397848421855,0.3336234868795902,-0.6841423458248278,-0.6831906184550289,1.1647786789965608,-0.6525136639846563,-0.6514128533997506,1.5939850335340608,0.8787878787878787,0.0,0.0,0.0,0.8055236426447192,0.07790429573246276,0.48003680848926766,-1.3381483608752753,0.2694525265391024,-0.651087827846492,0.49999999999999994,0.8660254037844387,-0.4999999999999997,-0.8660254037844388,-0.9749279121818236,-0.2225209339563146
0.4602597039161204,-0.3517343723629195,-0.5081906915023265,0.23300870538887822,0.6582718189721298,1.1430540043372461,0.3336234868795902,-0.6841423458248278,-0.6831906184550289,0.30883374014558523,-0.6525136639846563,-0.6514128533997506,0.4495019230742683,0.0,0.0,0.0,0.0,0.5161010012142222,0.09763398798621595,0.45945670190424914,-0.09760822675312336,-0.0441588615480857,-0.6442509022503355,0.49999999999999994,0.8660254037844387,-0.7071067811865471,-0.7071067811865479,-0.9749279121818236,-0.2225209339563146
0.6001658695742367,-0.5096459418126703,-0.6398581040737229,0.1011607999698797,0.8200865656423326,1.3048397848421855,0.4953877901119818,-0.6841423458248278,-0.6831906184550289,0.2274996056846328,-0.6525136639846563,-0.6514128533997506,0.9687897821485623,0.0,0.0,0.8787878787878787,0.8787878787878787,0.09512261367895261,0.0010699160412414499,0.4794279605098546,-0.09760822675312336,-0.2764635934645213,-0.6476693650484138,0.49999999999999994,0.8660254037844387,-0.8660254037844385,-0.5000000000000004,-0.9749279121818236,-0.2225209339563146
0.7215262305957456,-0.5096459418126703,-0.6398581040737229,-0.18890459195191697,0.9819013123125355,1.3048397848421855,0.6571520933443734,-0.6841423458248278,-0.6831906184550289,-0.4076812539151863,-0.6525136639846563,-0.6514128533997506,-0.14836238835995177,0.0,0.0,0.8787878787878787,0.8787878787878787,-0.06274428164677277,0.0,0.5190505085675876,0.4956935765226884,-0.5900749815517095,-0.651087827846492,0.49999999999999994,0.8660254037844387,-0.9659258262890683,-0.25881904510252063,-0.9749279121818236,-0.2225209339563146
0.670425010419375,-0.6412389163541294,-0.6398581040737229,-0.5053395649575132,0.9819013123125355,1.3048397848421855,0.818916396576765,-0.6841423458248278,-0.6831906184550289,-0.667175873385844,-0.6525136639846563,-0.6514128533997506,-0.6300702050012377,0.0,0.0,0.8787878787878787,0.8787878787878787,-0.19430002775154487,0.0,0.506082871242456,0.3338839938111034,-0.6752533832544025,-0.651087827846492,0.49999999999999994,0.8660254037844387,-1.0,-1.8369701987210297e-16,-0.9749279121818236,-0.2225209339563146
0.47480691566102395,-0.5096459418126703,-0.6398581040737229,-0.5053395649575132,1.1437160589827384,1.3048397848421855,0.9806806998091566,-0.6841423458248278,-0.6831906184550289,-0.6826680894736445,-0.6525136639846563,-0.6514128533997506,-0.6505684099646967,0.0,0.0,0.8787878787878787,0.8787878787878787,-0.19430002775154487,0.0,0.47929356014828495,0.6575031592342735,-0.6829968743182837,-0.651087827846492,0.49999999999999994,0.8660254037844387,-0.9659258262890684,0.2588190451025203,-0.9749279121818236,-0.2225209339563146
0.3793261161716963,-0.5096459418126703,-0.6398581040737229,-0.5053395649575132,1.305530805652941,1.3048397848421855,0.9806806998091566,-0.6841423458248278,-0.5555666958558653,-0.6826680894736445,-0.6525136639846563,-0.6514128533997506,-0.6505684099646967,0.0,0.0,0.8787878787878787,0.8787878787878787,-0.19430002775154487,0.0,0.47698211978360516,0.8193127419458585,-0.6829968743182837,-0.651087827846492,0.49999999999999994,0.8660254037844387,-0.8660254037844386,0.5000000000000001,-0.9749279121818236,-0.2225209339563146
0.57458381963602,-0.5096459418126703,-0.6398581040737229,-0.5053395649575132,1.1437160589827384,1.1430540043372461,0.9806806998091566,-0.6841423458248278,-0.16109275327663217,-0.6826680894736445,-0.6525136639846563,-0.6514128533997506,-0.6505684099646967,0.0,0.0,0.0,0.0,-0.3521669230772707,0.0,0.45537997630271665,0.6575031592342735,-0.6829968743182837,-0.651087827846492,0.49999999999999994,0.8660254037844387,-0.7071067811865477,0.7071067811865474,-0.9749279121818236,-0.2225209339563146
0.5126194104912345,-0.6412389163541294,-0.350189796416651,-0.5053395649575132,1.305530805652941,0.9812682238323067,0.9806806998091566,-0.6841423458248278,0.4074138110287332,-0.6826680894736445,-0.6525136639846563,0.03161393733638798,-0.6505684099646967,0.0,0.0,0.0,0.0,-0.5100338184029966,0.0,0.3903870038947933,0.8193127419458585,-0.6829968743182837,-0.651087827846492,0.49999999999999994,0.8660254037844387,-0.5000000000000004,0.8660254037844384,-0.9749279121818236,-0.2225209339563146
0.48285565456096774,-0.6412389163541294,-0.1921889013309754,-0.6371874703765118,1.305530805652941,0.8194824433273673,1.1424450030415483,-0.6841423458248278,0.6936007889783729,-0.6826680894736445,-0.6525136639846563,0.5780353699252989,-0.6505684099646967,0.0,0.0,0.0,0.0,-0.5100338184029966,0.0,0.31834917838815546,0.9811223246574435,-0.6829968743182837,-0.651087827846492,0.49999999999999994,0.8660254037844387,-0.25881904510252157,0.9659258262890681,-0.9749279121818236,-0.2225209339563146
0.23523824452152986,-0.6412389163541294,-0.06052148875957856,-0.7954049568793099,1.305530805652941,0.8194824433273673,1.1424450030415483,-0.6841423458248278,1.0416660324306373,-0.6826680894736445,-0.6525136639846563,0.6156018434157865,-0.6505684099646967,0.0,0.0,0.0,0.0,-0.6415895645077683,0.0,0.2765758660077565,0.9811223246574435,-0.6829968743182837,-0.651087827846492,0.49999999999999994,0.8660254037844387,-2.4492935982947064e-16,1.0,-0.9749279121818236,-0.2225209339563146
0.18668836817520224,-0.6412389163541294,0.22914681889749292,-0.6371874703765118,1.305530805652941,0.6576966628224279,0.818916396576765,-0.6841423458248278,0.9952573333036687,-0.6826680894736445,-0.6525136639846563,0.4414300117780712,-0.6505684099646967,0.0,0.0,0.0,0.0,-0.5100338184029966,0.0,0.2232499103528075,1.1429319073690285,-0.6829968743182837,-0.651087827846492,0.49999999999999994,0.8660254037844387,0.25881904510252074,0.9659258262890683,-0.7818314824680299,0.6234898018587334
0.185635805929568,-0.6412389163541294,0.38714771398316894,-0.7954049568793099,1.305530805652941,0.33412510181254906,0.9806806998091566,-0.5566667253155813,1.1615551718419728,-0.6826680894736445,-0.6525136639846563,1.592330154168465,-0.6505684099646967,0.0,0.0,0.0,0.0,-0.5100338184029966,0.0,0.21682855405340262,1.3047414900806136,-0.6829968743182837,-0.651087827846492,0.49999999999999994,0.8660254037844387,0.49999999999999994,0.8660254037844387,-0.7818314824680299,0.6234898018587334
0.4370973897719641,-0.6412389163541294,0.22914681889749292,-1.085470348801107,1.1437160589827384,0.33412510181254906,1.1424450030415483,-0.16265117101427382,0.3068616295869679,-0.6826680894736445,-0.6525136639846563,0.4482602796854326,-0.6505684099646967,0.0,0.0,0.0,0.0,-0.5100338184029966,0.0,0.23330251446993522,1.1429319073690285,-0.6829968743182837,-0.651087827846492,0.49999999999999994,0.8660254037844387,0.7071067811865476,0.7071067811865476,-0.7818314824680299,0.6234898018587334
0.3595217221674043,-0.3517343723629195,0.09747940632609654,-1.085470348801107,0.9819013123125355,0.4959108823174885,1.1424450030415483,0.4051947748905516,0.22564640611477285,-0.6826680894736445,0.02998509084215887,0.9673606406448979,-0.6505684099646967,0.0,0.8787878787878787,0.0,0.0,-0.6415895645077683,0.0,0.20692175179193217,1.3047414900806136,-0.6829968743182837,-0.651087827846492,0.49999999999999994,0.8660254037844387,0.8660254037844386,0.5000000000000001,-0.7818314824680299,0.6234898018587334
0.20630968340212832,-0.19382280291316867,-0.1921889013309754,-1.085470348801107,0.8200865656423326,0.6576966628224279,1.1424450030415483,0.6910491966385589,-0.40860581528713136,-0.6826680894736445,0.5759840947036109,-0.14938816220868875,-0.6505684099646967,0.0,0.8787878787878787,0.0,0.0,-0.6415895645077683,0.0,0.23255511733730339,1.3047414900806136,-0.6829968743182837,-0.651087827846492,0.49999999999999994,0.8660254037844387,0.9659258262890683,0.25881904510252074,-0.7818314824680299,0.6234898018587334
0.44641034700837534,-0.06222982837170911,-0.5081906915023265,-1.085470348801107,0.8200865656423326,0.8194824433273673,1.1424450030415483,1.038709979845595,-0.6677210520793727,-0.6826680894736445,0.6135215262190857,-0.6309220496776665,-0.6505684099646967,0.0,0.8787878787878787,0.0,0.0,-0.6415895645077683,0.0,0.2824223841753407,1.3047414900806136,-0.6829968743182837,-0.651087827846492,0.49999999999999994,0.8660254037844387,1.0,6.123233995736766e-17,-0.7818314824680299,0.6234898018587334
0.4193238178710063,0.22727471561950033,-0.5081906915023265,-1.085470348801107,0.6582718189721298,0.9812682238323067,1.1424450030415483,0.9923552087513234,-0.6831906184550289,-0.6826680894736445,0.4394843437382479,-0.6514128533997506,-0.6505684099646967,0.0,0.8787878787878787,0.0,0.0,-0.6415895645077683,0.0,0.29848286884537634,1.3047414900806136,-0.6829968743182837,-0.651087827846492,0.49999999999999994,0.8660254037844387,0.9659258262890683,-0.25881904510252063,-0.7818314824680299,0.6234898018587334
0.16549965972608072,0.3851862850692516,-0.5081906915023265,-1.085470348801107,0.3346423256317241,0.9812682238323067,1.1424450030415483,1.1584598051724628,-0.6831906184550289,-0.5354920366395401,1.5894947456214314,-0.6514128533997506,-0.5924901625682295,0.0,0.8787878787878787,0.0,0.0,-0.6415895645077683,0.06019802062923993,0.33620501422958704,1.3047414900806136,-0.5552292717642441,-0.651087827846492,0.49999999999999994,0.8660254037844387,0.8660254037844387,-0.4999999999999998,-0.7818314824680299,0.6234898018587334
0.1834677262276799,0.22727471561950033,-0.5081906915023265,-0.7954049568793099,0.3346423256317241,0.9812682238323067,1.3042093062739397,0.3047594375196301,-0.6831906184550289,-0.19079022868597978,0.44630933128651606,-0.6514128533997506,-0.3977572154153693,0.0,0.0,0.0,0.0,-0.6415895645077683,0.28192563698430095,0.35041682807258856,1.1429319073690285,-0.16031122750630353,-0.651087827846492,0.49999999999999994,0.8660254037844387,0.7071067811865476,-0.7071067811865475,-0.7818314824680299,0.6234898018587334
0.3916795059794241,0.09568174107804124,-0.5081906915023265,-0.3471220784547151,0.4964570723019269,0.9812682238323067,0.9806806998091566,0.22363858810465503,-0.6831906184550289,0.3475642803650864,0.9650083849548956,-0.6514128533997506,-0.07320230349393553,0.8787878787878787,0.0,0.0,0.0,-0.3521669230772707,0.4386600062499947,0.34457030990500437,0.9811223246574435,0.4088353656889638,0.03260473176914557,0.49999999999999994,0.8660254037844387,0.49999999999999994,-0.8660254037844387,-0.7818314824680299,0.6234898018587334
0.5998912857311682,-0.19382280291316867,-0.6398581040737229,0.1011607999698797,0.6582718189721298,1.1430540043372461,0.6571520933443734,-0.4098766168503883,-0.6831906184550289,1.0137295721405064,-0.15087707918694712,-0.6514128533997506,0.3572600007387029,0.8787878787878787,0.0,0.0,0.0,-0.19430002775154487,0.5926392209730748,0.3628380029519933,0.8193127419458585,0.6953445350525678,0.5795587794616556,0.49999999999999994,0.8660254037844387,0.258819045102521,-0.9659258262890682,-0.7818314824680299,0.6234898018587334
0.29174529978533015,-0.5096459418126703,-0.7978589991593985,0.23300870538887822,0.8200865656423326,1.1430540043372461,0.4953877901119818,-0.6686907554600706,-0.6831906184550289,1.2770972456331142,-0.6320387013398517,-0.6514128533997506,0.8594660223434478,0.8787878787878787,0.0,0.0,0.0,-0.06274428164677277,0.3177927779778798,0.3486545135754353,0.8193127419458585,1.0438016329272213,0.6171618702405156,0.49999999999999994,0.8660254037844387,1.2246467991473532e-16,-1.0,-0.7818314824680299,0.6234898018587334
0.3588753518008212,-0.5096459418126703,-0.6398581040737229,0.39122619189167684,0.9819013123125355,0.8194824433273673,0.1718591836471986,-0.6841423458248278,-0.6831906184550289,1.4436385685769693,-0.6525136639846563,-0.6514128533997506,1.9082908429737653,0.8787878787878787,0.0,0.0,0.0,0.22667835978372425,0.20134932084526497,0.3446206076012931,0.6575031592342735,0.997340686543934,0.4428202675385281,0.49999999999999994,0.8660254037844387,-0.2588190451025208,-0.9659258262890683,-0.7818314824680299,0.6234898018587334
0.3758137426201059,-0.5096459418126703,-0.7978589991593985,0.39122619189167684,0.9819013123125355,0.9812682238323067,0.1718591836471986,-0.6841423458248278,-0.6831906184550289,0.9323954376795539,-0.6525136639846563,-0.6514128533997506,0.6783985451662269,0.8787878787878787,0.0,0.0,0.0,0.3845452551094506,0.22041933504825012,0.3526327950096899,0.3338839938111034,1.1638257444173796,1.5948422304908774,0.49999999999999994,0.8660254037844387,-0.4999999999999997,-0.8660254037844388,-0.7818314824680299,0.6234898018587334
0.33098791650999015,-0.5096459418126703,-1.0875273068164708,0.39122619189167684,0.9819013123125355,1.1430540043372461,0.0640163148256042,-0.6841423458248278,-0.6831906184550289,0.3940409286284878,-0.6525136639846563,-0.6514128533997506,0.14544521611629352,0.0,0.0,0.0,0.0,0.22667835978372425,0.21135553890877137,0.36181028067497445,0.3338839938111034,0.30816998185850836,0.44965719313468444,0.49999999999999994,0.8660254037844387,-0.7071067811865471,-0.7071067811865479,-0.7818314824680299,0.6234898018587334
0.42825352470845485,-0.5096459418126703,-1.0875273068164708,0.23300870538887822,0.9819013123125355,1.1430540043372461,-0.2055908572283818,-0.6841423458248278,-0.6831906184550289,0.09581576893832883,-0.6525136639846563,-0.6514128533997506,0.555409315385473,0.0,0.0,0.8787878787878787,0.8787878787878787,0.09512261367895261,0.05423309946943165,0.41987886860095613,0.4956935765226884,0.22686332568775586,0.9692635384425691,0.49999999999999994,0.8660254037844387,-0.8660254037844385,-0.5000000000000004,-0.7818314824680299,0.6234898018587334
0.9460157181173713,-0.6412389163541294,-1.0875273068164708,0.1011607999698797,1.1437160589827384,1.1430540043372461,0.4953877901119818,-0.6841423458248278,-0.6831906184550289,-0.44253874011273736,-0.6525136639846563,-0.6514128533997506,-0.24402067818942696,0.0,0.0,0.8787878787878787,0.8787878787878787,-0.19430002775154487,0.0,0.4586968071770202,0.6575031592342735,-0.40810294155050153,-0.14857379652899838,0.49999999999999994,0.8660254037844387,-0.9659258262890683,-0.25881904510252063,-0.7818314824680299,0.6234898018587334
0.6791316178843304,-0.7991504858038802,-1.0875273068164708,-0.18890459195191697,1.1437160589827384,1.1430540043372461,0.818916396576765,-0.6841423458248278,-0.6831906184550289,-0.6749219814297444,-0.6525136639846563,-0.6514128533997506,-0.6471520424707868,0.0,0.0,0.8787878787878787,0.8787878787878787,-0.5100338184029966,0.0,0.4649147190266708,0.8193127419458585,-0.6675098921905214,-0.6305770510580229,0.49999999999999994,0.8660254037844387,-1.0,-1.8369701987210297e-16,-0.7818314824680299,0.6234898018587334
0.6051541656053003,-0.6412389163541294,-1.0875273068164708,-0.3471220784547151,0.8200865656423326,1.1430540043372461,0.9806806998091566,-0.6841423458248278,-0.6831906184550289,-0.6826680894736445,-0.6525136639846563,-0.6514128533997506,-0.6505684099646967,0.0,0.0,0.8787878787878787,0.8787878787878787,-0.5100338184029966,0.0,0.45225219715652054,0.9811223246574435,-0.6829968743182837,-0.651087827846492,0.49999999999999994,0.8660254037844387,-0.9659258262890684,0.2588190451025203,-0.7818314824680299,0.6234898018587334
0.4268520144504531,-0.7991504858038802,-1.0875273068164708,-0.5053395649575132,0.9819013123125355,1.1430540043372461,1.1424450030415483,-0.6841423458248278,-0.536229737886295,-0.6826680894736445,-0.6525136639846563,-0.5933555761871789,-0.6505684099646967,0.0,0.0,0.8787878787878787,0.8787878787878787,-0.5100338184029966,0.0,0.42744436944180353,0.9811223246574435,-0.6829968743182837,-0.651087827846492,0.49999999999999994,0.8660254037844387,-0.8660254037844386,0.5000000000000001,-0.7818314824680299,0.6234898018587334
0.5826554176408992,-1.0886550297950905,-0.7978589991593985,-0.5053395649575132,1.1437160589827384,1.3048397848421855,1.1424450030415483,-0.6841423458248278,-0.19203188602794458,-0.6826680894736445,-0.6525136639846563,-0.3986929408273794,-0.6505684099646967,0.0,0.0,0.0,0.0,-0.5100338184029966,0.0,0.390988425024958,0.9811223246574435,-0.6829968743182837,-0.651087827846492,0.49999999999999994,0.8660254037844387,-0.7071067811865477,0.7071067811865474,-0.7818314824680299,0.6234898018587334
0.30539441642551757,-1.0886550297950905,-0.350189796416651,-0.6371874703765118,1.1437160589827384,0.9812682238323067,1.1424450030415483,-0.6841423458248278,0.3455355455261084,-0.6826680894736445,-0.6525136639846563,-0.07425521522771351,-0.6505684099646967,0.0,0.0,0.0,0.0,-0.5100338184029966,0.0,0.3326640461669339,0.9811223246574435,-0.6829968743182837,-0.651087827846492,0.49999999999999994,0.8660254037844387,-0.5000000000000004,0.8660254037844384,-0.7818314824680299,0.6234898018587334
0.25117553697196743,-1.0886550297950905,0.09747940632609654,-0.7954049568793099,1.1437160589827384,0.6576966628224279,1.1424450030415483,-0.6841423458248278,1.0107268996793248,-0.6826680894736445,-0.6525136639846563,0.35605166293605384,-0.6505684099646967,0.0,0.0,0.0,0.0,-0.6415895645077683,0.0,0.30605313311367266,1.1429319073690285,-0.6829968743182837,-0.651087827846492,0.49999999999999994,0.8660254037844387,-0.25881904510252157,0.9659258262890681,-0.7818314824680299,0.6234898018587334
0.212510699569892,-1.0886550297950905,0.22914681889749292,-0.7954049568793099,1.1437160589827384,0.4959108823174885,0.9806806998091566,-0.6841423458248278,1.2737095280654802,-0.6826680894736445,-0.6525136639846563,0.8580763541271158,-0.6505684099646967,0.0,0.0,0.0,0.0,-0.7994564598334941,0.0,0.25540739930332046,1.1429319073690285,-0.6829968743182837,-0.651087827846492,0.49999999999999994,0.8660254037844387,-2.4492935982947064e-16,1.0,-0.7818314824680299,0.6234898018587334
0.19425659564667036,-1.0886550297950905,0.38714771398316894,-0.7954049568793099,1.1437160589827384,0.17233932130760965,1.1424450030415483,-0.6841423458248278,1.4400073666037845,-0.6826680894736445,-0.6525136639846563,1.9065224779070886,-0.6505684099646967,0.0,0.0,0.0,0.0,-0.6415895645077683,0.0,0.2557610402547009,0.8193127419458585,-0.6829968743182837,-0.651087827846492,0.49999999999999994,0.8660254037844387,0.25881904510252074,0.9659258262890683,-2.4492935982947064e-16,1.0
0.5241976844329604,-1.0886550297950905,0.38714771398316894,-0.9272528622983084,1.1437160589827384,0.17233932130760965,0.9806806998091566,-0.5373522373596348,0.9295116762071299,-0.6826680894736445,-0.5945012698243769,0.6770742545820391,-0.6505684099646967,0.0,0.0,0.0,0.0,-0.7994564598334941,0.0,0.24173912838599654,0.9811223246574435,-0.6829968743182837,-0.651087827846492,0.49999999999999994,0.8660254037844387,0.49999999999999994,0.8660254037844387,-2.4492935982947064e-16,1.0
0.5135003784287392,-0.7991504858038802,0.38714771398316894,-0.9272528622983084,1.305530805652941,0.06448213430431671,0.9806806998091566,-0.1935543517437881,0.391944244653077,-0.6826680894736445,-0.39998912469873465,0.14431335780785087,-0.6505684099646967,0.0,0.0,0.0,0.0,-1.088879101263992,0.0,0.2536328945294699,1.1429319073690285,-0.6829968743182837,-0.651087827846492,0.49999999999999994,0.8660254037844387,0.7071067811865476,0.7071067811865476,-2.4492935982947064e-16,1.0
0.18798121874190568,-0.3517343723629195,0.22914681889749292,-1.3755357407229036,0.9819013123125355,-0.20516083320391562,1.1424450030415483,0.343388413431523,0.09415509192169513,-0.6826680894736445,-0.07580221615599747,0.554129432249534,-0.6505684099646967,0.0,0.8787878787878787,0.0,0.0,-1.088879101263992,0.0,0.2538018681547818,1.1429319073690285,-0.6829968743182837,-0.651087827846492,0.49999999999999994,0.8660254037844387,0.8660254037844386,0.5000000000000001,-2.4492935982947064e-16,1.0
0.5195640820811803,0.09568174107804124,0.09747940632609654,-1.3755357407229036,0.6582718189721298,0.4959108823174885,0.9806806998091566,1.0078067991160806,-0.4434123396323578,-0.6826680894736445,0.354171999384896,-0.24501191291174818,-0.6505684099646967,0.0,0.8787878787878787,0.0,0.0,-1.088879101263992,0.0,0.26114797474686857,1.1429319073690285,-0.6829968743182837,-0.651087827846492,0.49999999999999994,0.8660254037844387,0.9659258262890683,0.25881904510252074,-2.4492935982947064e-16,1.0
0.47284477384143725,0.22727471561950033,-0.1921889013309754,-1.3755357407229036,0.4964570723019269,0.8194824433273673,0.9806806998091566,1.2704838353169523,-0.6754558352672009,-0.6826680894736445,0.8558085841826051,-0.64799771944607,-0.6505684099646967,0.0,0.8787878787878787,0.0,0.0,-1.088879101263992,0.0,0.288771418328962,1.1429319073690285,-0.6829968743182837,-0.651087827846492,0.49999999999999994,0.8660254037844387,1.0,6.123233995736766e-17,-2.4492935982947064e-16,1.0
0.17535607330469308,0.3851862850692516,-0.350189796416651,-1.3755357407229036,0.17282757896152123,0.9812682238323067,0.9806806998091566,1.4365884317380917,-0.6831906184550289,-0.6826680894736445,1.9034441728417664,-0.6514128533997506,-0.6505684099646967,0.0,0.8787878787878787,0.0,0.0,-1.088879101263992,0.0,0.25969704498985513,1.1429319073690285,-0.6829968743182837,-0.651087827846492,0.49999999999999994,0.8660254037844387,0.9659258262890683,-0.25881904510252063,-2.4492935982947064e-16,1.0
0.43923684410821223,0.3851862850692516,-0.5081906915023265,-1.5073836461419021,0.17282757896152123,1.1430540043372461,1.3042093062739397,0.9266859497011055,-0.6831906184550289,-0.4928884423980888,0.6749464141534991,-0.6514128533997506,-0.1517787558538616,0.0,0.8787878787878787,0.0,0.0,-1.088879101263992,0.08669090934442325,0.2697543305829917,1.1429319073690285,-0.5358705441045412,-0.5929739602791627,0.49999999999999994,0.8660254037844387,0.8660254037844387,-0.4999999999999998,-2.4492935982947064e-16,1.0
0.5576683222446511,0.3851862850692516,-0.5081906915023265,-0.9272528622983084,0.064951081181386,1.1430540043372461,0.7649949621659677,0.38974318452579443,-0.6831906184550289,0.13067325513587988,0.14259738538858335,-0.6514128533997506,1.0644480719780374,0.0,0.0,0.0,0.0,-0.7994564598334941,0.11132115169775911,0.290975143769716,1.3047414900806136,-0.1912851917618283,-0.3981215807887061,0.49999999999999994,0.8660254037844387,0.7071067811865476,-0.7071067811865475,-2.4492935982947064e-16,1.0
0.7070190394459692,0.22727471561950033,-0.6398581040737229,-0.3471220784547151,-0.20474016326895209,1.1430540043372461,0.3336234868795902,0.09230007000421923,-0.6831906184550289,0.769727168757649,0.5520966382846724,-0.6514128533997506,1.5939850335340608,0.8787878787878787,0.0,0.0,0.0,-0.3521669230772707,0.13754795263713163,0.27765009572696475,0.9811223246574435,0.34688743717791426,-0.07336761497127824,0.49999999999999994,0.8660254037844387,0.49999999999999994,-0.8660254037844387,-2.4492935982947064e-16,1.0
0.5351409832375906,0.09568174107804124,-0.7978589991593985,0.1011607999698797,0.4964570723019269,1.1430540043372461,-0.09774798840678739,-0.44464269517109184,-0.6831906184550289,1.2887164076989646,-0.24642690486270125,-0.6514128533997506,1.894625372998126,0.8787878787878787,0.0,0.0,0.0,0.09512261367895261,0.06528150574207617,0.28704183318815124,0.6575031592342735,1.0128276686716964,0.3573586975865734,0.49999999999999994,0.8660254037844387,0.258819045102521,-0.9659258262890682,-2.4492935982947064e-16,1.0
0.8977861644177713,-0.19382280291316867,-0.7978589991593985,0.39122619189167684,0.8200865656423326,0.9812682238323067,0.1718591836471986,-0.6764165506424492,-0.6831906184550289,1.536591865103772,-0.6491011702105222,-0.6514128533997506,1.969785457864142,0.8787878787878787,0.0,0.0,0.0,0.22667835978372425,0.011281239063573686,0.2938159904366766,0.4956935765226884,1.2761063648436568,0.859872728904067,0.49999999999999994,0.8660254037844387,1.2246467991473532e-16,-1.0,-2.4492935982947064e-16,1.0
0.5019621250821404,-0.3517343723629195,-0.7978589991593985,0.39122619189167684,0.9819013123125355,1.1430540043372461,0.3336234868795902,-0.6841423458248278,-0.6831906184550289,1.5714493513013232,-0.6525136639846563,-0.6514128533997506,2.0005327653093308,0.8787878787878787,0.0,0.0,0.0,0.3845452551094506,0.023809789522488488,0.3063821681451986,0.17207441109951835,1.4425914227171024,1.9093408079140708,0.49999999999999994,0.8660254037844387,-0.2588190451025208,-0.9659258262890683,-2.4492935982947064e-16,1.0
0.468537239803301,-0.5096459418126703,-0.9295264117307949,0.39122619189167684,1.1437160589827384,0.9812682238323067,0.0640163148256042,-0.6841423458248278,-0.6831906184550289,1.3390661099843162,-0.6525136639846563,-0.6514128533997506,1.9014581079859456,0.8787878787878787,0.0,0.0,0.0,0.3845452551094506,0.002117657613327986,0.340844131587993,0.17207441109951835,0.931521012500944,0.678694200605923,0.49999999999999994,0.8660254037844387,-0.4999999999999997,-0.8660254037844388,-2.4492935982947064e-16,1.0
0.81604028901959,-0.5096459418126703,-0.9295264117307949,0.39122619189167684,1.1437160589827384,0.9812682238323067,0.1718591836471986,-0.6841423458248278,-0.6831906184550289,0.870426573328352,-0.6525136639846563,-0.6514128533997506,1.6691451184000772,0.0,0.0,0.0,0.0,0.3845452551094506,0.0,0.358222036875382,0.06420135595846167,0.3933483835612014,0.14541400410572577,0.49999999999999994,0.8660254037844387,-0.7071067811865471,-0.7071067811865479,-2.4492935982947064e-16,1.0
0.4716492014657368,-0.6412389163541294,-1.3771956144735429,0.39122619189167684,1.1437160589827384,1.1430540043372461,0.3336234868795902,-0.6841423458248278,-0.6831906184550289,0.235245713728533,-0.6525136639846563,-0.6514128533997506,1.173771831783152,0.0,0.0,0.8787878787878787,0.8787878787878787,0.22667835978372425,0.0,0.3893747499520711,-0.20548128189418005,0.09522397760177567,0.5556295398751083,0.49999999999999994,0.8660254037844387,-0.8660254037844385,-0.5000000000000004,-2.4492935982947064e-16,1.0
0.8042388813823905,-0.7991504858038802,-1.3771956144735429,0.1011607999698797,1.1437160589827384,0.9812682238323067,0.6571520933443734,-0.6841423458248278,-0.6831906184550289,-0.4076812539151863,-0.6525136639846563,-0.6514128533997506,0.12153064365892473,0.0,0.0,0.8787878787878787,0.8787878787878787,0.09512261367895261,0.0,0.45475770877500665,0.4956935765226884,-0.4429486513379669,-0.24429075487518762,0.49999999999999994,0.8660254037844387,-0.9659258262890683,-0.25881904510252063,-2.4492935982947064e-16,1.0
0.46774781125447923,-0.7991504858038802,-1.3771956144735429,-0.3471220784547151,0.9819013123125355,0.9812682238323067,0.9806806998091566,-0.6841423458248278,-0.6831906184550289,-0.667175873385844,-0.6525136639846563,-0.6514128533997506,-0.643735674976877,0.0,0.0,0.8787878787878787,0.8787878787878787,-0.19430002775154487,0.0,0.3959851067599335,0.8193127419458585,-0.6752533832544025,-0.6476693650484138,0.49999999999999994,0.8660254037844387,-1.0,-1.8369701987210297e-16,-2.4492935982947064e-16,1.0
0.8002517180431544,-0.7991504858038802,-1.3771956144735429,-0.3471220784547151,1.1437160589827384,0.9812682238323067,1.1424450030415483,-0.6841423458248278,-0.6831906184550289,-0.6826680894736445,-0.6525136639846563,-0.6514128533997506,-0.6505684099646967,0.0,0.0,0.8787878787878787,0.8787878787878787,-0.3521669230772707,0.0,0.3841701676577923,0.9811223246574435,-0.6829968743182837,-0.651087827846492,0.49999999999999994,0.8660254037844387,-0.9659258262890684,0.2588190451025203,-2.4492935982947064e-16,1.0
0.5599450685024335,-0.9307434603453393,-1.5088630270449392,-0.3471220784547151,0.9819013123125355,1.3048397848421855,0.9806806998091566,-0.6841423458248278,-0.4936884303532405,-0.6826680894736445,-0.6525136639846563,-0.15280329616236946,-0.6505684099646967,0.0,0.0,0.8787878787878787,0.8787878787878787,-0.5100338184029966,0.0,0.37142717971751027,1.1429319073690285,-0.6829968743182837,-0.651087827846492,0.49999999999999994,0.8660254037844387,-0.8660254037844386,0.5000000000000001,-2.4492935982947064e-16,1.0
0.659624735474003,-0.9307434603453393,-0.9295264117307949,-0.6371874703765118,0.9819013123125355,0.7655538498257208,1.1424450030415483,-0.6841423458248278,0.1289616162669216,-0.6826680894736445,-0.6525136639846563,1.0629843913479573,-0.6505684099646967,0.0,0.0,0.0,0.0,-0.5100338184029966,0.0,0.3516758582889553,1.1429319073690285,-0.6829968743182837,-0.651087827846492,0.49999999999999994,0.8660254037844387,-0.7071067811865477,0.7071067811865474,-2.4492935982947064e-16,1.0
0.6528573764007185,-1.3781595737863004,-0.350189796416651,-0.6371874703765118,1.1437160589827384,0.33412510181254906,1.1424450030415483,-0.6841423458248278,0.7670812292627398,-0.6826680894736445,-0.6525136639846563,1.592330154168465,-0.6505684099646967,0.0,0.0,0.0,0.0,-0.6415895645077683,0.0,0.2625119437821316,1.1429319073690285,-0.6829968743182837,-0.651087827846492,0.49999999999999994,0.8660254037844387,-0.5000000000000004,0.8660254037844384,-2.4492935982947064e-16,1.0
0.6551856071290764,-1.3781595737863004,0.09747940632609654,-0.7954049568793099,0.9819013123125355,-0.09730364620062269,1.1424450030415483,-0.6841423458248278,1.2853117028472225,-0.6826680894736445,-0.6525136639846563,1.8928619420923658,-0.6505684099646967,0.0,0.0,0.0,0.0,-0.7994564598334941,0.0,0.2524116336830047,1.1429319073690285,-0.6829968743182837,-0.651087827846492,0.49999999999999994,0.8660254037844387,-0.25881904510252157,0.9659258262890681,-2.4492935982947064e-16,1.0
0.5126050978084146,-1.3781595737863004,0.38714771398316894,-0.18890459195191697,0.9819013123125355,0.17233932130760965,-1.2840195454443257,-0.6841423458248278,1.5328247648577216,-0.6826680894736445,-0.6525136639846563,1.9679948890733412,-0.6505684099646967,0.0,0.0,0.0,0.0,-0.7994564598334941,0.0,0.24880354739100674,0.9811223246574435,-0.6829968743182837,-0.651087827846492,0.49999999999999994,0.8660254037844387,-2.4492935982947064e-16,1.0,-2.4492935982947064e-16,1.0
0.5639493933318614,-1.3781595737863004,0.38714771398316894,-0.9272528622983084,0.9819013123125355,0.33412510181254906,0.6032306589335762,-0.6841423458248278,1.567631289202948,-0.6826680894736445,-0.6525136639846563,1.9987310946564674,-0.6505684099646967,0.0,0.0,0.0,0.0,-0.7994564598334941,0.0,0.25943818087881343,1.1429319073690285,-0.6829968743182837,-0.651087827846492,0.49999999999999994,0.8660254037844387,0.25881904510252074,0.9659258262890683,0.7818314824680298,0.6234898018587336
0.5346318704695613,-1.5097525483277596,0.38714771398316894,-1.2173182542201055,1.305530805652941,0.06448213430431671,0.4414663557011846,-0.49486036385655263,1.335587793568105,-0.6826680894736445,-0.1542895729610812,1.8996922099997273,-0.6505684099646967,0.0,0.0,0.0,0.0,-0.9310122059382657,0.0,0.250419865397833,0.9811223246574435,-0.6829968743182837,-0.651087827846492,0.49999999999999994,0.8660254037844387,0.49999999999999994,0.8660254037844387,0.7818314824680298,0.6234898018587336
0.4347577294911386,-0.9307434603453393,0.38714771398316894,-1.3755357407229036,0.766148316752265,0.17233932130760965,0.4414663557011846,0.12706614832492283,0.8676334107045052,-0.6826680894736445,1.0605582106306497,1.66746310114944,-0.6505684099646967,0.0,0.0,0.0,0.0,-0.9310122059382657,0.0,0.2312177415443144,0.9811223246574435,-0.6829968743182837,-0.651087827846492,0.49999999999999994,0.8660254037844387,0.7071067811865476,0.7071067811865476,0.7818314824680298,0.6234898018587336
0.45644412115582167,-0.3517343723629195,0.38714771398316894,-1.3755357407229036,0.3346423256317241,0.33412510181254906,0.279702052468793,0.7644442508711554,0.23338118930260093,-0.6826680894736445,1.5894947456214314,1.1722686778657396,-0.6505684099646967,0.0,0.8787878787878787,0.0,0.0,-1.3783017426944895,0.0,0.23659894967961337,1.1429319073690285,-0.6829968743182837,-0.651087827846492,0.49999999999999994,0.8660254037844387,0.8660254037844386,0.5000000000000001,0.7818314824680298,0.6234898018587336
0.45103251980768766,0.09568174107804124,0.09747940632609654,-1.6656011326447004,-0.09686366548881685,0.6576966628224279,0.279702052468793,1.28207252809052,-0.40860581528713136,-0.6826680894736445,1.8897941977452302,0.12040742013208601,-0.6505684099646967,0.0,0.8787878787878787,0.0,0.0,-1.3783017426944895,0.0,0.3160397868094752,0.9811223246574435,-0.6829968743182837,-0.651087827846492,0.49999999999999994,0.8660254037844387,0.9659258262890683,0.25881904510252074,0.7818314824680298,0.6234898018587336
0.4871918139647438,0.3851862850692516,-0.350189796416651,-1.6656011326447004,0.17282757896152123,0.9812682238323067,0.279702052468793,1.5292979739266346,-0.6677210520793727,-0.6826680894736445,1.9648690607761798,-0.6445825854923893,-0.6505684099646967,0.0,0.8787878787878787,0.0,0.0,-1.3783017426944895,0.0,0.46367510105764986,0.9811223246574435,-0.6829968743182837,-0.651087827846492,0.49999999999999994,0.8660254037844387,1.0,6.123233995736766e-17,0.7818314824680298,0.6234898018587336
0.3594760039575335,0.3851862850692516,-0.350189796416651,-1.8238186191474985,0.3346423256317241,1.1430540043372461,0.6032306589335762,1.5640640522473381,-0.6831906184550289,-0.6826680894736445,1.9955815047433865,-0.6514128533997506,-0.6505684099646967,0.0,0.8787878787878787,0.0,0.0,-1.3783017426944895,0.0,0.42646284728907446,0.9811223246574435,-0.6829968743182837,-0.651087827846492,0.49999999999999994,0.8660254037844387,0.9659258262890683,-0.25881904510252063,0.7818314824680298,0.6234898018587336
0.42483835383731067,0.3851862850692516,-0.350189796416651,-1.2173182542201055,0.064951081181386,0.9812682238323067,0.279702052468793,1.3322901967759808,-0.6831906184550289,-0.5161267665297895,1.8966191852934982,-0.6514128533997506,-0.46608456529356584,0.0,0.8787878787878787,0.0,0.0,-1.509857488799261,0.12032951532313069,0.43080135652169804,1.3047414900806136,-0.4932813432531946,-0.15199225932707655,0.49999999999999994,0.8660254037844387,0.8660254037844387,-0.4999999999999998,0.7818314824680298,0.6234898018587336
0.36613466215194324,0.3851862850692516,-0.6398581040737229,-0.18890459195191697,0.17282757896152123,1.1430540043372461,-0.6369623325147594,0.8648795882420769,-0.6831906184550289,0.04546606665297732,1.6645696086523811,-0.6514128533997506,0.4870819655072764,0.0,0.0,0.0,0.0,-0.9310122059382657,0.10389272382261255,0.4635252835814335,0.7653762143753301,0.13006968738924102,1.0649804967887584,0.49999999999999994,0.8660254037844387,0.7071067811865476,-0.7071067811865475,0.7818314824680298,0.6234898018587336
0.09576108179522766,0.3851862850692516,-0.6398581040737229,0.39122619189167684,0.3346423256317241,1.1430540043372461,-1.068333807801137,0.23136438328703363,-0.6831906184550289,0.7116313584283973,1.1697580114029402,-0.6514128533997506,1.0234516620511194,0.8787878787878787,0.0,0.0,0.0,-0.3521669230772707,0.1962214939786325,0.4761257784554478,0.3338839938111034,0.768907700159439,1.5948422304908774,0.49999999999999994,0.8660254037844387,0.49999999999999994,-0.8660254037844387,0.7818314824680298,0.6234898018587336
0.3662318991553698,0.09568174107804124,-0.7978589991593985,0.9713569757352701,0.6582718189721298,1.1430540043372461,-1.4457838486767174,-0.4098766168503883,-0.6831906184550289,1.0911906525795088,0.11870992896964483,-0.6514128533997506,1.1088608493988652,0.8787878787878787,0.0,0.0,0.0,0.09512261367895261,0.05309665975463236,0.46469555014437014,-0.09760822675312336,1.2877216014394786,1.895666956721758,0.49999999999999994,0.8660254037844387,0.258819045102521,-0.9659258262890682,0.7818314824680298,0.6234898018587336
0.37695783052523096,-0.3517343723629195,-0.1921889013309754,1.2614223676570673,0.9819013123125355,-1.283732703236845,-1.7693124551415005,-0.6686907554600706,-0.6831906184550289,1.3739235961818672,-0.645688676436388,-0.6514128533997506,1.2216009766978895,0.8787878787878787,0.0,0.0,0.0,0.3845452551094506,0.08580394122195059,0.46119955293440695,0.17207441109951835,1.5355133154836766,1.970873138279478,0.49999999999999994,0.8660254037844387,1.2246467991473532e-16,-1.0,0.7818314824680298,0.6234898018587336
0.39068129074092917,-0.3517343723629195,-0.9295264117307949,1.5514877595788634,1.1437160589827384,0.6037680693207814,-1.9849981927846894,-0.6841423458248278,-0.6831906184550289,1.3855427582477176,-0.6525136639846563,-0.6514128533997506,0.8628823898373577,0.8787878787878787,0.0,0.0,0.0,0.3845452551094506,0.16508305350983182,0.4627032081991185,0.3338839938111034,1.570359025271142,2.0016393034621816,0.49999999999999994,0.8660254037844387,-0.2588190451025208,-0.9659258262890683,0.7818314824680298,0.6234898018587336
0.3400148397570771,-0.3517343723629195,-1.2191947193878672,1.7097052460816622,0.9819013123125355,0.441982288815842,-2.0928410616062836,-0.6841423458248278,-0.6831906184550289,1.0911906525795088,-0.6525136639846563,-0.6514128533997506,0.5622420503732927,0.8787878787878787,0.0,0.0,0.0,0.3845452551094506,0.5641062842887565,0.4668371461496882,0.06420135595846167,1.3380542933547064,1.9025038823179143,0.49999999999999994,0.8660254037844387,-0.4999999999999997,-0.8660254037844388,0.7818314824680298,0.6234898018587336
0.30220807686459056,-0.6412389163541294,-1.3771956144735429,1.2614223676570673,1.1437160589827384,0.441982288815842,-1.3918624142659202,-0.6841423458248278,-0.6831906184550289,0.32432595623338567,-0.6525136639846563,-0.6514128533997506,-0.2576861481650663,0.0,0.0,0.0,0.0,0.3845452551094506,0.0920016885203606,0.4657378188019856,0.17207441109951835,0.8695730839898944,1.6700484120485974,0.49999999999999994,0.8660254037844387,-0.7071067811865471,-0.7071067811865479,0.7818314824680298,0.6234898018587336
0.16865164541594183,-0.6412389163541294,-1.3771956144735429,0.9713569757352701,1.1437160589827384,0.2801965083109026,-0.9065695045687454,-0.6841423458248278,-0.6831906184550289,0.10356187698222906,-0.6525136639846563,-0.6514128533997506,0.12153064365892473,0.0,0.0,0.8787878787878787,0.8787878787878787,0.3845452551094506,0.043112625872678924,0.4999985914596252,0.3338839938111034,0.23460681675163705,1.1743713063272603,0.49999999999999994,0.8660254037844387,-0.8660254037844385,-0.5000000000000004,0.7818314824680298,0.6234898018587336
0.5122590191972071,-0.7991504858038802,-1.6668639221306147,0.5230740973106753,1.1437160589827384,0.2801965083109026,-1.1761766766227313,-0.6841423458248278,-0.6831906184550289,-0.4619040102224879,-0.6525136639846563,-0.6514128533997506,-0.5002482402326641,0.0,0.0,0.8787878787878787,0.8787878787878787,0.09512261367895261,0.0,0.5480810891059542,0.6575031592342735,-0.40810294155050153,0.12148476451917846,0.49999999999999994,0.8660254037844387,-0.9659258262890683,-0.25881904510252063,0.7818314824680298,0.6234898018587336
0.6680109722400583,-0.19382280291316867,-1.6668639221306147,0.1011607999698797,-1.2835051410703044,0.2801965083109026,-1.1761766766227313,-0.6841423458248278,-0.6831906184550289,-0.6749219814297444,-0.6525136639846563,-0.6514128533997506,-0.6505684099646967,0.0,0.0,0.8787878787878787,0.8787878787878787,-0.3521669230772707,0.0,0.534573852768194,0.9811223246574435,-0.6675098921905214,-0.6442509022503355,0.49999999999999994,0.8660254037844387,-1.0,-1.8369701987210297e-16,0.7818314824680298,0.6234898018587336
0.455872060041769,-0.9307434603453393,-1.8248648172162902,0.23300870538887822,0.6043335700820621,0.6037680693207814,-0.8526480701579482,-0.6841423458248278,-0.6831906184550289,-0.6826680894736445,-0.6525136639846563,-0.6514128533997506,-0.6505684099646967,0.0,0.0,0.8787878787878787,0.8787878787878787,-0.3521669230772707,0.0,0.5270614667043848,1.1429319073690285,-0.6829968743182837,-0.651087827846492,0.49999999999999994,0.8660254037844387,-0.9659258262890684,0.2588190451025203,0.7818314824680298,0.6234898018587336
0.7210686022982916,-1.2202480043365496,-1.2191947193878672,0.23300870538887822,0.44251882341185933,0.2801965083109026,-1.2840195454443257,-0.6841423458248278,-0.5168927799167248,-0.6826680894736445,-0.6525136639846563,-0.46699561990099325,-0.6505684099646967,0.0,0.0,0.8787878787878787,0.8787878787878787,-0.3521669230772707,0.0,0.510614785873436,0.9811223246574435,-0.6829968743182837,-0.651087827846492,0.49999999999999994,0.8660254037844387,-0.8660254037844386,0.5000000000000001,0.7818314824680298,0.6234898018587336
0.7508895403138774,-1.3781595737863004,-0.1921889013309754,0.1011607999698797,0.44251882341185933,-0.6365895812170874,-1.4457838486767174,-0.6841423458248278,0.043879001200812486,-0.6826680894736445,-0.6525136639846563,0.48582675317592017,-0.6505684099646967,0.0,0.0,0.0,0.0,-0.6415895645077683,0.0,0.49719006439180724,1.1429319073690285,-0.6829968743182837,-0.651087827846492,0.49999999999999994,0.8660254037844387,-0.7071067811865477,0.7071067811865474,0.7818314824680298,0.6234898018587336
0.46717005252568283,-1.3781595737863004,0.38714771398316894,-0.18890459195191697,0.2807040767416565,-1.0680183292302592,-1.068333807801137,-0.6841423458248278,0.7090703553540291,-0.6826680894736445,-0.6525136639846563,1.022002783903789,-0.6505684099646967,0.0,0.0,0.0,0.0,-0.6415895645077683,0.0,0.3703683671129486,1.1429319073690285,-0.6829968743182837,-0.651087827846492,0.49999999999999994,0.8660254037844387,-0.5000000000000004,0.8660254037844384,0.7818314824680298,0.6234898018587336
0.6499599333656799,-1.6676641177775104,0.9664843292973129,-0.18890459195191697,0.2807040767416565,-1.4455184837417845,-1.1761766766227313,-0.6841423458248278,1.0880747315576058,-0.6826680894736445,-0.6525136639846563,1.1073811327458063,-0.6505684099646967,0.0,0.0,0.0,0.0,-0.7994564598334941,0.0,0.32131730588533747,1.1429319073690285,-0.6829968743182837,-0.651087827846492,0.49999999999999994,0.8660254037844387,-0.25881904510252157,0.9659258262890681,0.7818314824680298,0.6234898018587336
0.5821548856179658,-1.6676641177775104,1.2561526369543852,-0.18890459195191697,0.2807040767416565,-1.769090044751663,-0.259512291639179,-0.6841423458248278,1.3703943179133315,-0.6826680894736445,-0.6525136639846563,1.2200805532172692,-0.6505684099646967,0.0,0.0,0.0,0.0,-0.19430002775154487,0.0,0.3154245363738136,-1.284211833304747,-0.6829968743182837,-0.651087827846492,0.49999999999999994,0.8660254037844387,-2.4492935982947064e-16,1.0,0.7818314824680298,0.6234898018587336
0.46583145629072414,-1.8255756872272613,1.5458209446114568,-0.5053395649575132,0.6043335700820621,-1.984804418758249,-1.2300981110335285,-0.6841423458248278,1.3819964926950736,-0.6826680894736445,-0.6525136639846563,0.8614914880807965,-0.6505684099646967,0.0,0.0,0.0,0.0,-0.9310122059382657,0.0,0.33924013702895395,0.6035666316637451,-0.6829968743182837,-0.651087827846492,0.49999999999999994,0.8660254037844387,0.25881904510252074,0.9659258262890683,0.9749279121818236,-0.22252093395631434
0.4636176240559848,-1.2202480043365496,1.7038218396971327,-0.5053395649575132,0.2807040767416565,-2.092661605761542,-1.2840195454443257,-0.5180377494036883,1.0880747315576058,-0.6826680894736445,-0.4682390001814161,0.5609597001568954,-0.6505684099646967,0.0,0.0,0.0,0.0,-1.2204348473687636,0.0,0.33233921114670695,0.44175704895216006,-0.6829968743182837,-0.651087827846492,0.49999999999999994,0.8660254037844387,0.49999999999999994,0.8660254037844387,0.9749279121818236,-0.22252093395631434
0.4742062635043117,-0.19382280291316867,1.2561526369543852,-0.5053395649575132,-0.6362461543894931,-1.391589890240138,-1.2840195454443257,0.04208240131875848,0.3223311959626241,-0.6826680894736445,0.4838467628019909,-0.25867244872647094,-0.6505684099646967,0.0,0.0,0.0,0.0,-1.3783017426944895,0.0,0.3271220800381811,0.44175704895216006,-0.6829968743182837,-0.651087827846492,0.49999999999999994,0.8660254037844387,0.7071067811865476,0.7071067811865476,0.9749279121818236,-0.22252093395631434
0.47230707003074845,0.3851862850692516,0.9664843292973129,-0.9272528622983084,-1.067752145510034,-0.9062325487253197,-0.9065695045687454,0.7065007870033161,0.10188987510952323,-0.6826680894736445,1.0196082853410409,0.12040742013208601,-0.6505684099646967,0.0,0.8787878787878787,0.0,0.0,-1.3783017426944895,0.0,0.33236533316820105,0.27994746624057504,-0.6829968743182837,-0.651087827846492,0.49999999999999994,0.8660254037844387,0.8660254037844386,0.5000000000000001,0.9749279121818236,-0.22252093395631434
0.469309506861931,0.9641953730516715,0.5188151265545653,-0.9272528622983084,-1.4453198877405073,-1.1758755162335521,-1.1222552422119343,1.0850647509398663,-0.46274929760192807,-0.6826680894736445,1.1049206296943928,-0.5011469594378002,-0.6505684099646967,0.0,0.8787878787878787,0.0,0.0,-1.6677243841249871,0.0,0.38147934334564804,0.27994746624057504,-0.6829968743182837,-0.651087827846492,0.49999999999999994,0.8660254037844387,0.9659258262890683,0.25881904510252074,0.9749279121818236,-0.22252093395631434
0.5105371382403052,1.2536999170428818,0.09747940632609654,-0.6371874703765118,-1.768949381080913,-1.1758755162335521,-1.337940979855123,1.3670562750966844,-0.6754558352672009,-0.6826680894736445,1.2175329242408173,-0.6514128533997506,-0.6505684099646967,0.0,0.8787878787878787,0.0,0.0,-1.6677243841249871,0.0,0.4742864296047118,0.27994746624057504,-0.6829968743182837,-0.651087827846492,0.49999999999999994,0.8660254037844387,1.0,6.123233995736766e-17,0.9749279121818236,-0.22252093395631434
0.2965562318152618,1.5432044610340911,0.22914681889749292,-0.6371874703765118,-1.9847023766411835,-0.8523039552236732,-1.337940979855123,1.3786449678702524,-0.6831906184550289,-0.6787950354516944,0.8592210779567392,-0.6514128533997506,-0.6505684099646967,0.0,0.8787878787878787,0.0,0.0,-1.825591279450713,0.0,0.5022899025018596,0.6035666316637451,-0.6829968743182837,-0.651087827846492,0.49999999999999994,0.8660254037844387,0.9659258262890683,-0.25881904510252063,0.9749279121818236,-0.22252093395631434
0.565991610664683,1.7011160304838424,0.22914681889749292,-0.6371874703765118,-2.0925788744213185,-1.283732703236845,-1.2300981110335285,1.0850647509398663,-0.6831906184550289,-0.597460900990742,0.5589216258329406,-0.6514128533997506,-0.6471520424707868,0.0,0.8787878787878787,0.0,0.0,-1.2204348473687636,0.13005300148756685,0.5258845928065995,0.27994746624057504,-0.5165118164448381,-0.4664908367502698,0.49999999999999994,0.8660254037844387,0.8660254037844387,-0.4999999999999998,0.9749279121818236,-0.22252093395631434
0.09699670908903565,1.2536999170428818,0.09747940632609654,-0.5053395649575132,-1.3913816388504396,-1.4455184837417845,-1.1222552422119343,0.32021102788438727,-0.6831906184550289,-0.25275909303718164,-0.26007687995923756,-0.6514128533997506,-0.6334865724951475,0.0,0.0,0.0,0.0,-0.19430002775154487,0.24548196538064937,0.5285858659273417,-0.6369735024584068,0.04489128568654795,0.48726028391354453,0.49999999999999994,0.8660254037844387,0.7071067811865476,-0.7071067811865475,0.9749279121818236,-0.22252093395631434
0.09776897614766565,0.9641953730516715,-0.1921889013309754,-0.3471220784547151,-0.9059373988398312,-1.0680183292302592,-1.1761766766227313,0.10002586518659781,-0.6831906184550289,-0.13269441835672804,0.11870992896964483,-0.6514128533997506,-0.6369029399890573,0.8787878787878787,0.0,0.0,0.0,0.3845452551094506,0.5153558069177394,0.5263502818642947,-1.0684657230226335,0.7108315171803301,1.0239589432118201,0.49999999999999994,0.8660254037844387,0.49999999999999994,-0.8660254037844387,0.9749279121818236,-0.22252093395631434
0.09802068372430846,0.5167792596107107,-0.1921889013309754,0.23300870538887822,-1.1756286432901693,-1.1758755162335521,-1.4457838486767174,-0.4639571831270383,-0.6831906184550289,0.1384193631797801,-0.5023639379227569,-0.6514128533997506,-0.623237470013418,0.8787878787878787,0.0,0.0,0.0,0.9633905379704456,0.5536676782461868,0.5370187203210939,-1.446021416016332,1.0902625793105083,1.1094205131637749,0.49999999999999994,0.8660254037844387,0.258819045102521,-0.9659258262890682,0.9749279121818236,-0.22252093395631434
0.09795775253977519,0.09568174107804124,-0.1921889013309754,0.681291583813473,-1.1756286432901693,-0.2590894267055621,-1.7693124551415005,-0.6764165506424492,-0.6831906184550289,0.3049606861236351,-0.6525136639846563,-0.6514128533997506,-0.5959065300621393,0.8787878787878787,0.0,0.0,0.0,1.2528131794009436,0.22849636484897407,0.5349398171673617,-1.769640581439502,1.3729000031421716,1.222229785500355,0.49999999999999994,0.8660254037844387,1.2246467991473532e-16,-1.0,0.9749279121818236,-0.22252093395631434
0.09616724278359645,0.22727471561950033,-0.5081906915023265,0.9713569757352701,-0.8519991499497634,-1.2298041097351986,-1.7693124551415005,-0.6841423458248278,-0.6831906184550289,0.870426573328352,-0.6525136639846563,-0.6514128533997506,0.15911068609193285,0.8787878787878787,0.0,0.0,0.0,1.5422358208314406,0.3786781782798209,0.5279840862596271,-1.9853866917216154,1.3845152397379934,0.8632911917021452,0.49999999999999994,0.8660254037844387,-0.2588190451025208,-0.9659258262890683,0.9749279121818236,-0.22252093395631434
0.09831242562527064,0.22727471561950033,-0.5081906915023265,1.2614223676570673,-1.2835051410703044,-1.283732703236845,-1.9849981927846894,-0.6841423458248278,-0.6831906184550289,1.0718253824697581,-0.6525136639846563,-0.6514128533997506,0.7672241000078824,0.8787878787878787,0.0,0.0,0.0,1.700102716157167,0.5059649291426012,0.522221107341174,-2.093259746862672,1.0902625793105083,0.5624664654712647,0.49999999999999994,0.8660254037844387,-0.4999999999999997,-0.8660254037844388,0.9749279121818236,-0.22252093395631434
0.0933069886978034,0.09568174107804124,-0.5081906915023265,0.8131394892324716,-1.4453198877405073,-1.283732703236845,-1.607548151909109,-0.6841423458248278,-0.6831906184550289,0.049339120674927434,-0.6525136639846563,-0.6514128533997506,-0.4011735829092791,0.0,0.0,0.0,0.0,1.2528131794009436,0.15824223902227605,0.5235430352877266,-1.3920848884458037,0.3236569639862707,-0.2579646060675004,0.49999999999999994,0.8660254037844387,-0.7071067811865471,-0.7071067811865479,0.9749279121818236,-0.22252093395631434
0.1267661729309402,-0.19382280291316867,-0.9295264117307949,0.5230740973106753,-1.067752145510034,-0.9062325487253197,-1.337940979855123,-0.6841423458248278,-0.6831906184550289,-0.2217746608615807,-0.6525136639846563,-0.6514128533997506,-0.643735674976877,0.0,0.0,0.8787878787878787,0.8787878787878787,0.9633905379704456,0.03102756346639691,0.5459109125359426,-0.9066561403110486,0.10296746866565687,0.12148476451917846,0.49999999999999994,0.8660254037844387,-0.8660254037844385,-0.5000000000000004,0.9749279121818236,-0.22252093395631434
0.17378866292100745,-0.19382280291316867,-0.9295264117307949,0.39122619189167684,-1.1756286432901693,-1.1219469227319057,-1.1761766766227313,-0.6841423458248278,-0.6831906184550289,-0.5199998205517397,-0.6525136639846563,-0.6514128533997506,-0.6471520424707868,0.0,0.0,0.8787878787878787,0.8787878787878787,0.5161010012142222,0.0,0.5542124397471243,-1.1763387781636903,-0.4623073789976698,-0.5006754647310517,0.49999999999999994,0.8660254037844387,-0.9659258262890683,-0.25881904510252063,0.9749279121818236,-0.22252093395631434
0.22627992947993164,-0.19382280291316867,-0.6398581040737229,0.1011607999698797,-0.2586784121590197,-1.3376612967384915,-0.7448052013363538,-0.6841423458248278,-0.6831906184550289,-0.663302819363894,-0.6525136639846563,-0.6514128533997506,-0.6505684099646967,0.0,0.0,0.8787878787878787,0.8787878787878787,0.09512261367895261,0.0,0.5470750839605307,-1.1763387781636903,-0.6752533832544025,-0.651087827846492,0.49999999999999994,0.8660254037844387,-1.0,-1.8369701987210297e-16,0.9749279121818236,-0.22252093395631434
0.5905239694745744,-0.5096459418126703,-0.6398581040737229,0.23300870538887822,-1.2295668921802367,-1.3376612967384915,-0.7448052013363538,-0.6841423458248278,-0.6793232268611149,-0.6826680894736445,-0.6525136639846563,-0.6514128533997506,-0.6505684099646967,0.0,0.0,0.8787878787878787,0.8787878787878787,0.22667835978372425,0.0,0.5450465809423871,-0.8527196127405202,-0.6829968743182837,-0.651087827846492,0.49999999999999994,0.8660254037844387,-0.9659258262890684,0.2588190451025203,0.9749279121818236,-0.22252093395631434
0.9547680094692174,-0.5096459418126703,-0.6398581040737229,0.1011607999698797,-1.2835051410703044,-1.2298041097351986,-0.9604909389795426,-0.6841423458248278,-0.5981080033889198,-0.6826680894736445,-0.6525136639846563,-0.64799771944607,-0.6505684099646967,0.0,0.0,0.8787878787878787,0.8787878787878787,0.22667835978372425,0.0,0.5230634144852345,-1.284211833304747,-0.6829968743182837,-0.651087827846492,0.49999999999999994,0.8660254037844387,-0.8660254037844386,0.5000000000000001,0.9749279121818236,-0.22252093395631434
0.9522967548816014,-0.5096459418126703,-0.5081906915023265,0.1011607999698797,-1.2835051410703044,-1.1219469227319057,-0.7448052013363538,-0.6841423458248278,-0.2539101515305694,-0.6826680894736445,-0.6525136639846563,-0.6343371836313472,-0.6505684099646967,0.0,0.0,0.0,0.0,0.09512261367895261,0.0,0.49316737552101253,-1.446021416016332,-0.6829968743182837,-0.651087827846492,0.49999999999999994,0.8660254037844387,-0.7071067811865477,0.7071067811865474,0.9749279121818236,-0.22252093395631434
0.929609264848071,-0.9307434603453393,-0.350189796416651,0.1011607999698797,-0.9059373988398312,-1.1758755162335521,0.0640163148256042,-0.6841423458248278,-0.1340210121192338,-0.6826680894736445,-0.6525136639846563,-0.6377523175850279,-0.6505684099646967,0.0,0.0,0.0,0.0,-0.19430002775154487,0.0,0.40069859505012273,-1.0684657230226335,-0.6829968743182837,-0.651087827846492,0.49999999999999994,0.8660254037844387,-0.5000000000000004,0.8660254037844384,0.9749279121818236,-0.22252093395631434
0.9069217748145408,-0.9307434603453393,0.22914681889749292,-0.05705668653291797,-1.1216903944001015,-1.4455184837417845,-0.3673551604607734,-0.6841423458248278,0.13669639945474968,-0.6826680894736445,-0.6525136639846563,-0.6240917817703051,-0.6505684099646967,0.0,0.0,0.0,0.0,-0.19430002775154487,0.0,0.2886519741051887,-1.1763387781636903,-0.6829968743182837,-0.651087827846492,0.49999999999999994,0.8660254037844387,-0.25881904510252157,0.9659258262890681,0.9749279121818236,-0.22252093395631434
0.8763943668937203,-0.6412389163541294,0.6768160216402405,-0.9272528622983084,-1.3374433899603722,-1.769090044751663,0.4414663557011846,-0.6841423458248278,0.30299423799305386,-0.6826680894736445,-0.6525136639846563,-0.5967707101408596,-0.6505684099646967,0.0,0.0,0.0,0.0,-0.19430002775154487,0.0,0.2637705181436134,-0.2594178094647084,-0.6829968743182837,-0.651087827846492,0.49999999999999994,0.8660254037844387,-2.4492935982947064e-16,1.0,0.9749279121818236,-0.22252093395631434
0.20025739557296265,-0.6412389163541294,0.9664843292973129,-0.3471220784547151,-1.3374433899603722,-1.769090044751663,-0.3673551604607734,-0.6802794482336385,0.8676334107045052,-0.6826680894736445,-0.6525136639846563,0.15797389362257364,-0.6505684099646967,0.0,0.0,0.0,0.0,-0.5100338184029966,0.0,0.25288716715742765,-1.2302753057342186,-0.6829968743182837,-0.651087827846492,0.49999999999999994,0.8660254037844387,0.25881904510252074,0.9659258262890683,0.43388373911755823,-0.900968867902419
0.16826837785548884,-0.6412389163541294,1.2561526369543852,-0.3471220784547151,-1.2295668921802367,-1.984804418758249,-0.3673551604607734,-0.5991585988186634,1.0687377735880357,-0.6826680894736445,-0.6491011702105222,0.7658677373777371,-0.6505684099646967,0.0,0.0,0.0,0.0,-0.5100338184029966,0.0,0.26043947381643806,-1.284211833304747,-0.6829968743182837,-0.651087827846492,0.49999999999999994,0.8660254037844387,0.49999999999999994,0.8660254037844387,0.43388373911755823,-0.900968867902419
0.5138149828669348,-0.5096459418126703,0.8084834342116368,-0.3471220784547151,-1.1216903944001015,-1.607304264246724,-0.3673551604607734,-0.2553607132028167,0.04774639279472653,-0.6826680894736445,-0.6354511951139858,-0.4021080747810601,-0.6505684099646967,0.0,0.0,0.0,0.0,-0.5100338184029966,0.0,0.2899474727123472,-1.284211833304747,-0.6829968743182837,-0.651087827846492,0.49999999999999994,0.8660254037844387,0.7071067811865476,0.7071067811865476,0.43388373911755823,-0.900968867902419
0.2454321696954459,-0.3517343723629195,0.5188151265545653,-0.5053395649575132,-1.1756286432901693,-1.3376612967384915,-0.09774798840678739,-0.1356108878759488,-0.22297101877925699,-0.6826680894736445,-0.63886368888812,-0.6445825854923893,-0.6505684099646967,0.0,0.8787878787878787,0.0,0.0,-0.9310122059382657,0.0,0.2903230664057128,-0.9066561403110486,-0.6829968743182837,-0.651087827846492,0.49999999999999994,0.8660254037844387,0.8660254037844386,0.5000000000000001,0.43388373911755823,-0.900968867902419
0.540358076255891,0.22727471561950033,0.38714771398316894,-0.7954049568793099,-1.4453198877405073,-1.1758755162335521,0.010094880414807005,0.13479194350730142,-0.5207601715106388,-0.6826680894736445,-0.6252137137915836,-0.64799771944607,-0.6505684099646967,0.0,0.8787878787878787,0.0,0.0,-0.9310122059382657,0.0,0.3387090404782235,-1.122402250593162,-0.6829968743182837,-0.651087827846492,0.49999999999999994,0.8660254037844387,0.9659258262890683,0.25881904510252074,0.43388373911755823,-0.900968867902419
0.7063554732662141,0.6746908290604611,0.09747940632609654,-0.9272528622983084,-1.768949381080913,-0.7444467682203804,0.1718591836471986,0.30089653992844084,-0.6638536604854587,-0.6826680894736445,-0.597913763598511,-0.6514128533997506,-0.6505684099646967,0.0,0.8787878787878787,0.0,0.0,-0.6415895645077683,0.0,0.4599347861172415,-1.3381483608752753,-0.6829968743182837,-0.651087827846492,0.49999999999999994,0.8660254037844387,1.0,6.123233995736766e-17,0.43388373911755823,-0.900968867902419
0.5424575099970119,0.9641953730516715,0.22914681889749292,-1.085470348801107,-1.768949381080913,-0.7444467682203804,0.279702052468793,0.8648795882420769,-0.6831906184550289,-0.6787950354516944,0.15624736048511967,-0.6514128533997506,-0.6471520424707868,0.0,0.8787878787878787,0.0,0.0,-0.6415895645077683,0.013110629110073987,0.49373094532983575,-1.3381483608752753,-0.6791251287863431,-0.651087827846492,0.49999999999999994,0.8660254037844387,0.9659258262890683,-0.25881904510252063,0.43388373911755823,-0.900968867902419
0.24879008983531029,1.2536999170428818,0.09747940632609654,-0.7954049568793099,-1.9847023766411835,-0.9601611422269661,0.010094880414807005,1.06575026298392,-0.6831906184550289,-0.45028484815663755,0.7636712522809851,-0.6514128533997506,0.38459094068998156,0.0,0.8787878787878787,0.0,0.0,-0.6415895645077683,0.053390470439824214,0.49672504118956196,-1.2302753057342186,-0.5978184726155906,-0.6476693650484138,0.49999999999999994,0.8660254037844387,0.8660254037844387,-0.4999999999999998,0.43388373911755823,-0.900968867902419
0.19742574969131935,0.8062838036019201,0.09747940632609654,-0.3471220784547151,-1.60713463441071,-0.7444467682203804,-0.3673551604607734,0.04594529890994777,-0.6831906184550289,0.2274996056846328,-0.4034016184728687,-0.6514128533997506,1.5598213585949625,0.0,0.0,0.0,0.0,-0.5100338184029966,0.24609175762793117,0.5044965474626629,-1.122402250593162,-0.25323312027287775,-0.633995513856101,0.49999999999999994,0.8660254037844387,0.7071067811865476,-0.7071067811865475,0.43388373911755823,-0.900968867902419
0.10002857121215038,0.5167792596107107,0.09747940632609654,0.1011607999698797,-1.3374433899603722,0.06448213430431671,-0.47519802928236776,-0.2244575324733024,-0.6831906184550289,0.8975379514820029,-0.645688676436388,-0.6514128533997506,2.027863705260609,0.8787878787878787,0.0,0.0,0.0,-0.3521669230772707,0.45866689433592106,0.5097925568321712,-1.1763387781636903,-0.13320900878271938,-0.6374139766541792,0.49999999999999994,0.8660254037844387,0.49999999999999994,-0.8660254037844387,0.43388373911755823,-0.900968867902419
0.10261424145487497,0.3851862850692516,-0.06052148875957856,0.5230740973106753,-1.1756286432901693,-0.366946613708855,-0.6908837669255565,-0.5219006469948776,-0.6831906184550289,1.401034974335518,-0.6491011702105222,-0.6514128533997506,2.2430948573769283,0.8787878787878787,0.0,0.0,0.0,0.22667835978372425,0.6133556729132553,0.4956607993021014,-1.446021416016332,0.13781317845312221,-0.6237401254618664,0.49999999999999994,0.8660254037844387,0.258819045102521,-0.9659258262890682,0.43388373911755823,-0.900968867902419
0.10425601944015767,0.09568174107804124,-0.9295264117307949,0.681291583813473,-0.7441226521696283,0.441982288815842,-0.9604909389795426,-0.6648278578688813,-0.6831906184550289,1.5869415673891236,-0.6525136639846563,-0.6514128533997506,2.0449455427301584,0.8787878787878787,0.0,0.0,0.0,0.6739678965399476,0.7016930865181483,0.4862020665387301,-1.769640581439502,0.3042982363265678,-0.5963924230772409,0.49999999999999994,0.8660254037844387,1.2246467991473532e-16,-1.0,0.43388373911755823,-0.900968867902419
0.10321489017928916,0.22727471561950033,-0.350189796416651,0.8131394892324716,-0.7441226521696283,-0.366946613708855,-0.798726635747151,-0.6841423458248278,-0.6831906184550289,1.594687675433024,-0.6525136639846563,-0.6514128533997506,2.1406038325596337,0.8787878787878787,0.0,0.0,0.0,0.9633905379704456,0.707835313491729,0.47248785159536655,-1.769640581439502,0.8695730839898944,0.1590878552980385,0.49999999999999994,0.8660254037844387,-0.2588190451025208,-0.9659258262890683,0.43388373911755823,-0.900968867902419
0.10255131027034171,0.09568174107804124,-0.350189796416651,0.681291583813473,-0.9598756477298988,-0.366946613708855,-0.5830408981039622,-0.6841423458248278,-0.6831906184550289,1.4513846766208696,-0.6525136639846563,-0.6514128533997506,2.2396784898830187,0.8787878787878787,0.0,0.0,0.0,1.2528131794009436,0.6377087393914004,0.4834970031638889,-1.9853866917216154,1.0709038516508054,0.7675742333559559,0.49999999999999994,0.8660254037844387,-0.4999999999999997,-0.8660254037844388,0.43388373911755823,-0.900968867902419
0.09802068372430846,0.09568174107804124,-0.350189796416651,0.681291583813473,-0.7441226521696283,-0.366946613708855,-0.6908837669255565,-0.6841423458248278,-0.6831906184550289,0.8162038170210505,-0.6525136639846563,-0.6514128533997506,1.6759778533878968,0.0,0.0,0.0,0.0,0.8055236426447192,0.48961129971789874,0.49873766611620896,-1.607830998727917,0.04876303121848855,-0.40154004358678425,0.49999999999999994,0.8660254037844387,-0.7071067811865471,-0.7071067811865479,0.43388373911755823,-0.900968867902419
0.09264340535655793,0.09568174107804124,-0.5081906915023265,0.23300870538887822,0.064951081181386,-0.09730364620062269,0.1718591836471986,-0.6841423458248278,-0.6831906184550289,0.2817223619919344,-0.6525136639846563,-0.6514128533997506,1.334341103996914,0.0,0.0,0.8787878787878787,0.8787878787878787,0.5161010012142222,0.2095760280134298,0.5077054073147907,-1.3381483608752753,-0.22225915601735302,-0.6442509022503355,0.49999999999999994,0.8660254037844387,-0.8660254037844385,-0.5000000000000004,0.43388373911755823,-0.900968867902419
0.1165207598541508,-0.06222982837170911,-0.7978589991593985,0.1011607999698797,-0.36655490993915496,0.010553540802670241,0.3336234868795902,-0.6841423458248278,-0.6831906184550289,-0.34183933554203433,-0.6525136639846563,-0.6514128533997506,0.61348756278194,0.0,0.0,0.8787878787878787,0.8787878787878787,0.3845452551094506,0.0,0.545322757295125,-1.1763387781636903,-0.5203835619767787,-0.6476693650484138,0.49999999999999994,0.8660254037844387,-0.9659258262890683,-0.25881904510252063,0.43388373911755823,-0.900968867902419
0.17166063470492893,-0.9307434603453393,-0.9295264117307949,-0.18890459195191697,0.44251882341185933,0.17233932130760965,0.6571520933443734,-0.6841423458248278,-0.6831906184550289,-0.6555567113199937,-0.6525136639846563,-0.6514128533997506,-0.5890737950743197,0.0,0.0,0.8787878787878787,0.8787878787878787,0.09512261367895261,0.0,0.5522091367967752,-0.7448465575994635,-0.6636381466585808,-0.651087827846492,0.49999999999999994,0.8660254037844387,-1.0,-1.8369701987210297e-16,0.43388373911755823,-0.900968867902419
0.3067330126604762,-0.3517343723629195,-1.0875273068164708,-0.3471220784547151,-0.36655490993915496,0.2801965083109026,0.818916396576765,-0.6841423458248278,-0.6793232268611149,-0.6826680894736445,-0.6525136639846563,-0.64799771944607,-0.6505684099646967,0.0,0.0,0.8787878787878787,0.8787878787878787,0.22667835978372425,0.0,0.5157311167107846,-0.7448465575994635,-0.6829968743182837,-0.651087827846492,0.49999999999999994,0.8660254037844387,-0.9659258262890684,0.2588190451025203,0.43388373911755823,-0.900968867902419
0.5175790468336778,-0.3517343723629195,-0.7978589991593985,-0.5053395649575132,-0.36655490993915496,0.010553540802670241,0.9806806998091566,-0.6841423458248278,-0.45114712282018593,-0.6826680894736445,-0.6525136639846563,0.3833727345654994,-0.6505684099646967,0.0,0.0,0.8787878787878787,0.8787878787878787,0.09512261367895261,0.0,0.4797155076248899,-0.9605926678815769,-0.6829968743182837,-0.651087827846492,0.49999999999999994,0.8660254037844387,-0.8660254037844386,0.5000000000000001,0.43388373911755823,-0.900968867902419
0.6343629704272356,-0.3517343723629195,-0.350189796416651,-0.5053395649575132,-0.36655490993915496,-0.366946613708855,1.1424450030415483,-0.6841423458248278,0.22564640611477285,-0.6826680894736445,-0.6525136639846563,1.558178814631658,-0.6505684099646967,0.0,0.0,0.0,0.0,0.09512261367895261,0.0,0.40785961431501105,-0.7448465575994635,-0.6829968743182837,-0.651087827846492,0.49999999999999994,0.8660254037844387,-0.7071067811865477,0.7071067811865474,0.43388373911755823,-0.900968867902419
0.7511468940207934,-0.5096459418126703,0.09747940632609654,-0.5053395649575132,-0.09686366548881685,-0.47480380071214795,0.4953877901119818,-0.6841423458248278,0.8947051518619035,-0.6826680894736445,-0.6525136639846563,2.026052166285913,-0.6505684099646967,0.0,0.0,0.0,0.0,0.09512261367895261,0.0,0.3434674484014526,0.06420135595846167,-0.6829968743182837,-0.651087827846492,0.49999999999999994,0.8660254037844387,-0.5000000000000004,0.8660254037844384,0.43388373911755823,-0.900968867902419
0.8594760206949795,-0.7991504858038802,0.5188151265545653,-0.5053395649575132,0.01101283229131838,-0.6905181747187339,0.010094880414807005,-0.6841423458248278,1.39746605907073,-0.6826680894736445,-0.6525136639846563,2.2412056053677967,-0.6505684099646967,0.0,0.0,0.0,0.0,-0.06274428164677277,0.0,0.29180044598998034,-0.3672908646057651,-0.6829968743182837,-0.651087827846492,0.49999999999999994,0.8660254037844387,-0.25881904510252157,0.9659258262890681,0.43388373911755823,-0.900968867902419
0.8063183048259479,-0.9307434603453393,0.6768160216402405,-0.3471220784547151,0.17282757896152123,-0.9601611422269661,1.1424450030415483,-0.6841423458248278,1.5831008555786044,-0.6826680894736445,-0.6525136639846563,2.043127836054316,-0.6505684099646967,0.0,0.0,0.0,0.0,-0.9310122059382657,0.0,0.24877004973991423,0.44175704895216006,-0.6829968743182837,-0.651087827846492,0.49999999999999994,0.8660254037844387,-2.4492935982947064e-16,1.0,0.43388373911755823,-0.900968867902419
0.5805102656899074,-1.0886550297950905,0.8084834342116368,-1.085470348801107,0.2807040767416565,-0.7983753617220268,0.6032306589335762,-0.6802794482336385,1.5908356387664324,-0.6826680894736445,-0.6491011702105222,2.1387515867573756,-0.6505684099646967,0.0,0.0,0.0,0.0,-0.3521669230772707,0.0,0.22788585209291423,-0.3672908646057651,-0.6829968743182837,-0.651087827846492,0.49999999999999994,0.8660254037844387,0.25881904510252074,0.9659258262890683,-0.433883739117558,-0.9009688679024191
0.11453003385650065,-0.7991504858038802,0.6768160216402405,-1.2173182542201055,0.01101283229131838,-0.582660987715441,0.7649949621659677,-0.45236849035347043,1.4477421497916125,-0.6826680894736445,0.38147194957796865,2.2377904714141157,-0.6505684099646967,0.0,0.0,0.0,0.0,-0.3521669230772707,0.0,0.2317242526630504,-0.3672908646057651,-0.6829968743182837,-0.651087827846492,0.49999999999999994,0.8660254037844387,0.49999999999999994,0.8660254037844387,-0.433883739117558,-0.9009688679024191
0.09878722570981048,-0.3517343723629195,0.6768160216402405,-1.3755357407229036,-0.36655490993915496,-0.6905181747187339,0.6032306589335762,0.22363858810465503,0.8134899283897085,-0.6826680894736445,1.5553698078800906,1.6742933690568014,-0.6505684099646967,0.0,0.0,0.0,0.0,-0.3521669230772707,0.0,0.23321474447771495,-0.3672908646057651,-0.6829968743182837,-0.651087827846492,0.49999999999999994,0.8660254037844387,0.7071067811865476,0.7071067811865476,-0.433883739117558,-0.9009688679024191
0.41014815255612924,0.09568174107804124,0.22914681889749292,-1.3755357407229036,-0.47443140771929015,0.17233932130760965,0.6032306589335762,0.891919871380402,0.27978988842956953,-0.6826680894736445,2.022881454936459,1.332779973688732,-0.6505684099646967,0.0,0.8787878787878787,0.0,0.0,-0.5100338184029966,0.0,0.2343084888835688,-0.09760822675312336,-0.6829968743182837,-0.651087827846492,0.49999999999999994,0.8660254037844387,0.8660254037844386,0.5000000000000001,-0.433883739117558,-0.9009688679024191
0.39262627107032405,0.5167792596107107,0.09747940632609654,-1.3755357407229036,-0.6901844032795607,0.33412510181254906,0.6032306589335762,1.3940965582350096,-0.3428601581905925,-0.6826680894736445,2.2378685627069057,0.6121867094621058,-0.6505684099646967,0.0,0.8787878787878787,0.0,0.0,-0.7994564598334941,0.0,0.26942642238376546,0.010264828387933323,-0.6829968743182837,-0.651087827846492,0.49999999999999994,0.8660254037844387,0.9659258262890683,0.25881904510252074,-0.433883739117558,-0.9009688679024191
0.732137729149008,0.6746908290604611,-0.1921889013309754,-1.3755357407229036,-0.9598756477298988,0.6576966628224279,0.4414663557011846,1.5795156426120953,-0.6561188772976306,-0.6826680894736445,2.0399439238071295,-0.5899404422334982,-0.6505684099646967,0.0,0.8787878787878787,0.0,0.0,-0.9310122059382657,0.0,0.3773492980884774,0.17207441109951835,-0.6829968743182837,-0.651087827846492,0.49999999999999994,0.8660254037844387,1.0,6.123233995736766e-17,-0.433883739117558,-0.9009688679024191
0.26353180991004743,0.8062838036019201,-0.350189796416651,-1.3755357407229036,-0.7980609010596958,0.8194824433273673,0.4414663557011846,1.587241437794474,-0.6831906184550289,-0.6787950354516944,2.1354937494828836,-0.6514128533997506,-0.6471520424707868,0.0,0.8787878787878787,0.0,0.0,-1.088879101263992,0.013565203931621313,0.4173991716860642,0.27994746624057504,-0.6791251287863431,-0.6476693650484138,0.49999999999999994,0.8660254037844387,0.9659258262890683,-0.25881904510252063,-0.433883739117558,-0.9009688679024191
0.23473482936824425,0.6746908290604611,-0.5081906915023265,-1.2173182542201055,-0.5823079054994255,0.9812682238323067,0.279702052468793,1.4443142269204703,-0.6831906184550289,-0.46577706424443804,2.2344560689327717,-0.6514128533997506,0.056619661274637974,0.0,0.8787878787878787,0.0,0.0,-0.7994564598334941,0.05449364718694892,0.437529569744184,0.010264828387933323,-0.4506921424018481,0.3847063999711989,0.49999999999999994,0.8660254037844387,0.8660254037844387,-0.4999999999999998,-0.433883739117558,-0.9009688679024191
0.44325263281308824,0.6746908290604611,-0.5081906915023265,-0.7954049568793099,-0.6901844032795607,1.1430540043372461,0.1718591836471986,0.8107990219654269,-0.6831906184550289,0.11905409307002952,1.6713945962006493,-0.6514128533997506,0.8936296972825459,0.0,0.0,0.0,0.0,-0.3521669230772707,0.24397965696980842,0.41641047878233683,-0.3672908646057651,0.22686332568775586,1.5606576025100956,0.49999999999999994,0.8660254037844387,0.7071067811865476,-0.7071067811865475,-0.433883739117558,-0.9009688679024191
0.09774323391237798,0.22727471561950033,-0.5081906915023265,-0.18890459195191697,0.17282757896152123,0.4959108823174885,-0.259512291639179,0.27771915438130507,-0.6831906184550289,0.8162038170210505,1.3301452187872418,-0.6514128533997506,1.4641630687654874,0.8787878787878787,0.0,0.0,0.0,0.09512261367895261,0.4564411453157823,0.3856574326345077,-0.47516391974682176,0.8966753027134786,2.0289870058468074,0.49999999999999994,0.8660254037844387,0.49999999999999994,-0.8660254037844387,-0.433883739117558,-0.9009688679024191
0.10010293881374743,0.09568174107804124,-0.5081906915023265,0.23300870538887822,0.3346423256317241,0.010553540802670241,-0.47519802928236776,-0.34420735780017037,-0.6831906184550289,0.9904912480088057,0.6101090324449517,-0.6514128533997506,0.9312097397155541,0.8787878787878787,0.0,0.0,0.0,0.5161010012142222,0.6155176793318466,0.3785940892421473,-0.6909100300289351,1.4000022218657557,2.244350162125733,0.49999999999999994,0.8660254037844387,0.258819045102521,-0.9659258262890682,-0.433883739117558,-0.9009688679024191
0.10020590775489809,-0.19382280291316867,-0.350189796416651,0.5230740973106753,0.6582718189721298,1.1430540043372461,-0.8526480701579482,-0.6571020626865027,-0.6831906184550289,0.9711259778990551,-0.5910887760502429,-0.6514128533997506,-0.032205893567017585,0.8787878787878787,0.0,0.0,0.0,0.6739678965399476,0.6131339375349647,0.3876433209038608,-0.9605926678815769,1.5858460073989042,2.0460793198371983,0.49999999999999994,0.8660254037844387,1.2246467991473532e-16,-1.0,-0.433883739117558,-0.9009688679024191
0.10110974166193433,-0.3517343723629195,-1.0875273068164708,0.5230740973106753,0.8200865656423326,0.6037680693207814,-0.9604909389795426,-0.6841423458248278,-0.6831906184550289,0.7271235745161978,-0.6525136639846563,-0.6514128533997506,-0.24402067818942696,0.8787878787878787,0.0,0.0,0.0,0.8055236426447192,0.7431536507760126,0.3836324637722135,-0.7987830851699919,1.5935894984627856,2.1417962781833872,0.49999999999999994,0.8660254037844387,-0.2588190451025208,-0.9659258262890683,-0.433883739117558,-0.9009688679024191
0.0995022866570352,-0.5096459418126703,-1.2191947193878672,0.5230740973106753,0.9819013123125355,0.7655538498257208,-0.2055908572283818,-0.6841423458248278,-0.6831906184550289,0.5528361435284426,-0.6525136639846563,-0.6514128533997506,-0.5139137102083035,0.8787878787878787,0.0,0.0,0.0,0.6739678965399476,0.7360411818450427,0.3695987918718717,-0.5830369748878784,1.4503349137809836,2.2409316993276547,0.49999999999999994,0.8660254037844387,-0.4999999999999997,-0.8660254037844388,-0.433883739117558,-0.9009688679024191
0.09585260745471844,-0.5096459418126703,-1.3771956144735429,0.681291583813473,1.1437160589827384,0.6037680693207814,-0.2055908572283818,-0.6841423458248278,-0.6831906184550289,0.8742996273503022,-0.6525136639846563,-0.6514128533997506,1.1259426868684144,0.0,0.0,0.0,0.0,0.6739678965399476,0.43189127638259844,0.3753300658269818,-0.6909100300289351,0.8153686465427261,1.676885337644754,0.49999999999999994,0.8660254037844387,-0.7071067811865471,-0.7071067811865479,-0.433883739117558,-0.9009688679024191
0.14929921298504248,-0.5096459418126703,-1.3771956144735429,0.5230740973106753,0.4964570723019269,0.6037680693207814,-0.2055908572283818,-0.6841423458248278,-0.6831906184550289,0.08032355285052836,-0.6525136639846563,-0.6514128533997506,0.20693983100667043,0.0,0.0,0.8787878787878787,0.8787878787878787,0.22667835978372425,0.11086658485900473,0.4131363650961235,0.17207441109951835,0.2810677631349242,1.335039057836935,0.49999999999999994,0.8660254037844387,-0.8660254037844385,-0.5000000000000004,-0.433883739117558,-0.9009688679024191
0.42501857351041056,-0.5096459418126703,-1.3771956144735429,-0.05705668653291797,0.01101283229131838,0.6037680693207814,0.4953877901119818,-0.6841423458248278,-0.6831906184550289,-0.45028484815663755,-0.6525136639846563,-0.6514128533997506,-0.43192089035446757,0.0,0.0,0.8787878787878787,0.8787878787878787,0.09512261367895261,0.0,0.4864543745345734,0.3338839938111034,-0.3422832675075114,0.6137434074424375,0.49999999999999994,0.8660254037844387,-0.9659258262890683,-0.25881904510252063,-0.433883739117558,-0.9009688679024191
0.7007379340357786,-0.3517343723629195,-1.3771956144735429,-0.05705668653291797,1.1437160589827384,0.441982288815842,0.818916396576765,-0.6841423458248278,-0.6831906184550289,-0.6594297653419439,-0.6525136639846563,-0.6514128533997506,-0.643735674976877,0.0,0.0,0.8787878787878787,0.8787878787878787,-0.19430002775154487,0.0,0.4896483294685545,0.6575031592342735,-0.6558946555946995,-0.5895554974810846,0.49999999999999994,0.8660254037844387,-1.0,-1.8369701987210297e-16,-0.433883739117558,-0.9009688679024191
0.8106572787141154,-1.0886550297950905,-1.3771956144735429,-0.18890459195191697,0.6043335700820621,0.441982288815842,0.9806806998091566,-0.6841423458248278,-0.6793232268611149,-0.6826680894736445,-0.6525136639846563,-0.64799771944607,-0.6505684099646967,0.0,0.0,0.8787878787878787,0.8787878787878787,-0.3521669230772707,0.0,0.4965571431768997,0.8193127419458585,-0.6829968743182837,-0.651087827846492,0.49999999999999994,0.8660254037844387,-0.9659258262890684,0.2588190451025203,-0.433883739117558,-0.9009688679024191
0.9205766233924523,-1.2202480043365496,-1.2191947193878672,-0.18890459195191697,0.766148316752265,0.2801965083109026,0.818916396576765,-0.6841423458248278,-0.46661668919584215,-0.6826680894736445,-0.6525136639846563,0.05551987501215284,-0.6505684099646967,0.0,0.0,0.8787878787878787,0.8787878787878787,-0.5100338184029966,0.0,0.460043883971717,0.9811223246574435,-0.6829968743182837,-0.651087827846492,0.49999999999999994,0.8660254037844387,-0.8660254037844386,0.5000000000000001,-0.433883739117558,-0.9009688679024191
0.9278016107631907,-1.3781595737863004,-0.7978589991593985,-0.18890459195191697,0.6043335700820621,0.17233932130760965,0.9806806998091566,-0.6841423458248278,0.11735944148517943,-0.6826680894736445,-0.6525136639846563,0.8922276936639227,-0.6505684099646967,0.0,0.0,0.0,0.0,-0.5100338184029966,0.0,0.38877087027870694,1.1429319073690285,-0.6829968743182837,-0.651087827846492,0.49999999999999994,0.8660254037844387,-0.7071067811865477,0.7071067811865474,-0.433883739117558,-0.9009688679024191
0.9521823563879829,-1.3781595737863004,-0.1921889013309754,-0.3471220784547151,0.6043335700820621,-0.2590894267055621,0.818916396576765,-0.6841423458248278,0.8134899283897085,-0.6826680894736445,-0.6525136639846563,1.4625550639285985,-0.6505684099646967,0.0,0.0,0.0,0.0,-0.5100338184029966,0.0,0.30586515699821504,0.4956935765226884,-0.6829968743182837,-0.651087827846492,0.49999999999999994,0.8660254037844387,-0.5000000000000004,0.8660254037844384,-0.433883739117558,-0.9009688679024191
0.6902351020384107,-1.3781595737863004,0.22914681889749292,-0.3471220784547151,0.6043335700820621,-0.47480380071214795,1.1424450030415483,-0.6841423458248278,0.9875225501158407,-0.6826680894736445,-0.6525136639846563,0.9297941671544103,-0.6505684099646967,0.0,0.0,0.0,0.0,-0.5100338184029966,0.0,0.28977353078098644,0.010264828387933323,-0.6829968743182837,-0.651087827846492,0.49999999999999994,0.8660254037844387,-0.25881904510252157,0.9659258262890681,-0.433883739117558,-0.9009688679024191
0.3431840040986201,-1.3781595737863004,0.5188151265545653,-0.9272528622983084,0.44251882341185933,-0.8523039552236732,1.3042093062739397,-0.6841423458248278,0.9681855921462704,-0.6826680894736445,-0.6525136639846563,-0.03327360778354519,-0.6505684099646967,0.0,0.0,0.0,0.0,-0.3521669230772707,0.0,0.2871040650628871,1.1429319073690285,-0.6829968743182837,-0.651087827846492,0.49999999999999994,0.8660254037844387,-2.4492935982947064e-16,1.0,-0.433883739117558,-0.9009688679024191
0.2933355967323355,-1.3781595737863004,0.5188151265545653,-0.3471220784547151,0.44251882341185933,-0.9601611422269661,1.1424450030415483,-0.6802794482336385,0.7245399217296853,-0.6826680894736445,-0.6491011702105222,-0.24501191291174818,-0.6505684099646967,0.0,0.0,0.0,0.0,-1.088879101263992,0.0,0.2557475694867539,0.6035666316637451,-0.6829968743182837,-0.651087827846492,0.49999999999999994,0.8660254037844387,0.25881904510252074,0.9659258262890683,-0.9749279121818236,-0.2225209339563146
0.2642239808616544,-1.2202480043365496,0.5188151265545653,-0.3471220784547151,0.2807040767416565,-0.20516083320391562,1.358130740684737,-0.4678200807182276,0.5505073000035531,-0.6826680894736445,0.0538725472610974,-0.5148074952525229,-0.6505684099646967,0.0,0.0,0.0,0.0,-1.2204348473687636,0.0,0.25083300309463996,0.7653762143753301,-0.6829968743182837,-0.651087827846492,0.49999999999999994,0.8660254037844387,0.49999999999999994,0.8660254037844387,-0.9749279121818236,-0.2225209339563146
0.46201587353042545,-0.7991504858038802,0.6768160216402405,-0.3471220784547151,0.17282757896152123,-0.20516083320391562,1.358130740684737,0.11547745555135497,0.8715008022984192,-0.6826680894736445,0.8899335219239459,1.1244568025142099,-0.6505684099646967,0.0,0.0,0.0,0.0,-1.3783017426944895,0.0,0.23810826983761368,0.6035666316637451,-0.6829968743182837,-0.651087827846492,0.49999999999999994,0.8660254037844387,0.7071067811865476,0.7071067811865476,-0.9749279121818236,-0.2225209339563146
0.5109032614720567,-0.19382280291316867,0.5188151265545653,-0.3471220784547151,-0.2586784121590197,-0.20516083320391562,1.1424450030415483,0.8107990219654269,0.07868552554603893,-0.6826680894736445,1.4598199822043365,0.20578576897410333,-0.6505684099646967,0.0,0.8787878787878787,0.0,0.0,-1.3783017426944895,0.0,0.2607976528288074,0.6035666316637451,-0.6829968743182837,-0.651087827846492,0.49999999999999994,0.8660254037844387,0.8660254037844386,0.5000000000000001,-0.9749279121818236,-0.2225209339563146
0.40911273120689856,0.22727471561950033,-0.06052148875957856,-0.5053395649575132,-0.47443140771929015,0.4959108823174885,1.3042093062739397,0.9846294135689448,-0.45114712282018593,-0.6826680894736445,0.9274709534394208,-0.4328442803641863,-0.6505684099646967,0.0,0.8787878787878787,0.0,0.0,-1.3783017426944895,0.0,0.3245954147042497,0.6035666316637451,-0.6829968743182837,-0.651087827846492,0.49999999999999994,0.8660254037844387,0.9659258262890683,0.25881904510252074,-0.9749279121818236,-0.2225209339563146
0.6368971905223652,0.5167792596107107,-0.06052148875957856,-0.5053395649575132,-0.8519991499497634,0.8194824433273673,1.3042093062739397,0.9653149256129985,-0.6599862688915447,-0.6826680894736445,-0.03485229086638856,-0.6445825854923893,-0.6505684099646967,0.0,0.8787878787878787,0.0,0.0,-1.3783017426944895,0.0,0.35813752445290103,0.44175704895216006,-0.6829968743182837,-0.651087827846492,0.49999999999999994,0.8660254037844387,1.0,6.123233995736766e-17,-0.9749279121818236,-0.2225209339563146
0.6691035756746081,0.5167792596107107,-0.1921889013309754,-0.5053395649575132,-0.9598756477298988,0.9812682238323067,1.1424450030415483,0.7219523773680733,-0.6831906184550289,-0.6826680894736445,-0.24642690486270125,-0.6514128533997506,-0.6505684099646967,0.0,0.8787878787878787,0.0,0.0,-1.3783017426944895,0.01498436756269792,0.3600541637554696,0.44175704895216006,-0.6791251287863431,-0.6476693650484138,0.49999999999999994,0.8660254037844387,0.9659258262890683,-0.25881904510252063,-0.9749279121818236,-0.2225209339563146
0.23045588637276754,0.5167792596107107,-0.1921889013309754,-0.5053395649575132,-0.20474016326895209,0.8194824433273673,1.3042093062739397,0.5481219857645553,-0.6831906184550289,-0.5935878469687919,-0.5160139130192932,-0.6514128533997506,-0.6471520424707868,0.0,0.8787878787878787,0.0,0.0,-1.2204348473687636,0.05791959714995134,0.36681669414344786,0.27994746624057504,-0.46617912452961047,0.05653397135569289,0.49999999999999994,0.8660254037844387,0.8660254037844387,-0.4999999999999998,-0.9749279121818236,-0.2225209339563146
0.35301181976997686,0.6746908290604611,-0.1921889013309754,-0.5053395649575132,-0.20474016326895209,0.9812682238323067,1.1424450030415483,0.8687424858332662,-0.6831906184550289,-0.1249483103128278,1.1219830985650632,-0.6514128533997506,-0.2098570032503287,0.0,0.0,0.0,0.0,-0.7994564598334941,0.25259442100696444,0.37624577072947585,0.17207441109951835,0.11845445079341924,0.894057356884849,0.49999999999999994,0.8660254037844387,0.7071067811865476,-0.7071067811865475,-0.9749279121818236,-0.2225209339563146
0.25015727711292846,0.5167792596107107,-0.350189796416651,-0.18890459195191697,-0.20474016326895209,0.8194824433273673,0.9806806998091566,0.07684847963946208,-0.6831906184550289,0.23137265970658288,0.20402227332299672,-0.6514128533997506,-0.5309955476778526,0.8787878787878787,0.0,0.0,0.0,-0.19430002775154487,0.4761458979939561,0.37572097419569395,-0.2594178094647084,0.8153686465427261,1.4649406441639063,0.49999999999999994,0.8660254037844387,0.49999999999999994,-0.8660254037844387,-0.9749279121818236,-0.2225209339563146
0.4463531649230564,-0.06222982837170911,-0.350189796416651,0.23300870538887822,0.4964570723019269,1.1430540043372461,0.0640163148256042,-0.45236849035347043,-0.6831906184550289,0.401787036672388,-0.4341140624400754,-0.6514128533997506,-0.3909244804275496,0.8787878787878787,0.0,0.0,0.0,0.22667835978372425,0.6416945745107505,0.3937584861356346,-0.47516391974682176,0.9895971954800529,0.931660447663709,0.49999999999999994,0.8660254037844387,0.258819045102521,-0.9659258262890682,-0.9749279121818236,-0.2225209339563146
0.1400434412662482,-0.06222982837170911,-0.9295264117307949,0.23300870538887822,0.8200865656423326,1.3048397848421855,0.6571520933443734,-0.660964960277692,-0.6831906184550289,0.4211523067821386,-0.645688676436388,-0.6514128533997506,-0.6300702050012377,0.8787878787878787,0.0,0.0,0.0,0.5161010012142222,0.7394228259768172,0.4222558701176212,-0.8527196127405202,0.97023846782035,-0.032346061394339994,0.49999999999999994,0.8660254037844387,1.2246467991473532e-16,-1.0,-0.9749279121818236,-0.2225209339563146
0.20056059105247884,-0.19382280291316867,-0.350189796416651,-0.05705668653291797,0.9819013123125355,1.1430540043372461,0.9806806998091566,-0.6841423458248278,-0.6831906184550289,-0.1249483103128278,-0.6525136639846563,-0.6514128533997506,-0.6334865724951475,0.8787878787878787,0.0,0.0,0.0,0.5161010012142222,0.7619964347782401,0.3608999026160794,-0.9605926678815769,0.7263184993080924,-0.24429075487518762,0.49999999999999994,0.8660254037844387,-0.2588190451025208,-0.9659258262890683,-0.9749279121818236,-0.2225209339563146
0.1992963521222231,-0.19382280291316867,-0.350189796416651,-0.05705668653291797,0.8200865656423326,1.358768378343832,0.818916396576765,-0.6841423458248278,-0.6831906184550289,0.09581576893832883,-0.6525136639846563,-0.6514128533997506,-0.6505684099646967,0.8787878787878787,0.0,0.0,0.0,0.5161010012142222,0.7045369564995262,0.35826623943332214,-0.20548128189418005,0.5520899503707658,-0.5143493159233644,0.49999999999999994,0.8660254037844387,-0.4999999999999997,-0.8660254037844388,-0.9749279121818236,-0.2225209339563146
0.23389962769278297,-0.19382280291316867,-0.350189796416651,-0.18890459195191697,0.9819013123125355,1.358768378343832,0.9806806998091566,-0.6841423458248278,-0.6831906184550289,0.2817223619919344,-0.6525136639846563,-0.6514128533997506,-0.6300702050012377,0.0,0.0,0.0,0.0,0.6739678965399476,0.5559904315050822,0.36550168084964385,-0.20548128189418005,0.8734448295218351,1.1265128271541658,0.49999999999999994,0.8660254037844387,-0.7071067811865471,-0.7071067811865479,-0.9749279121818236,-0.2225209339563146
0.5772648562797403,-0.3517343723629195,-0.350189796416651,-0.18890459195191697,0.8200865656423326,1.1430540043372461,1.1424450030415483,-0.6841423458248278,-0.6831906184550289,-0.4154273619590865,-0.6525136639846563,-0.6514128533997506,-0.6369029399890573,0.0,0.0,0.8787878787878787,0.8787878787878787,0.5161010012142222,0.2794716732189431,0.40574921107653594,-0.20548128189418005,0.0797369954740133,0.20694633447113314,0.49999999999999994,0.8660254037844387,-0.8660254037844385,-0.5000000000000004,-0.9749279121818236,-0.2225209339563146
0.6581545449322539,-0.3517343723629195,-0.5081906915023265,-0.3471220784547151,1.1437160589827384,1.3048397848421855,1.1424450030415483,-0.6841423458248278,-0.6831906184550289,-0.5587303607712408,-0.6525136639846563,-0.6514128533997506,-0.643735674976877,0.0,0.0,0.8787878787878787,0.8787878787878787,-0.06274428164677277,0.0,0.46506807065873634,0.4956935765226884,-0.4506921424018481,-0.43230620876948794,0.49999999999999994,0.8660254037844387,-0.9659258262890683,-0.25881904510252063,-0.9749279121818236,-0.2225209339563146
0.6536753959921999,-0.9307434603453393,-0.5081906915023265,-0.3471220784547151,1.305530805652941,1.3048397848421855,1.1424450030415483,-0.6841423458248278,-0.6831906184550289,-0.667175873385844,-0.6525136639846563,-0.6514128533997506,-0.6505684099646967,0.0,0.0,0.8787878787878787,0.8787878787878787,-0.06274428164677277,0.0,0.4749062898088723,0.8193127419458585,-0.6597664011266401,-0.6442509022503355,0.49999999999999994,0.8660254037844387,-1.0,-1.8369701987210297e-16,-0.9749279121818236,-0.2225209339563146
0.5466048586856981,-0.3517343723629195,-0.5081906915023265,-0.5053395649575132,1.1437160589827384,1.1430540043372461,1.1424450030415483,-0.6841423458248278,-0.6831906184550289,-0.6826680894736445,-0.6525136639846563,-0.6514128533997506,-0.6505684099646967,0.0,0.0,0.8787878787878787,0.8787878787878787,-0.19430002775154487,0.0,0.41129727234363744,0.9811223246574435,-0.6829968743182837,-0.651087827846492,0.49999999999999994,0.8660254037844387,-0.9659258262890684,0.2588190451025203,-0.9749279121818236,-0.2225209339563146
0.8404038388312101,-0.3517343723629195,-0.5081906915023265,-0.5053395649575132,1.3594690545430088,1.3048397848421855,0.818916396576765,-0.6841423458248278,-0.5942406117950058,-0.6826680894736445,-0.6525136639846563,-0.64799771944607,-0.6505684099646967,0.0,0.0,0.8787878787878787,0.8787878787878787,-0.19430002775154487,0.0,0.3819033908279026,0.8193127419458585,-0.6829968743182837,-0.651087827846492,0.49999999999999994,0.8660254037844387,-0.8660254037844386,0.5000000000000001,-0.9749279121818236,-0.2225209339563146
0.8892197148432122,-0.3517343723629195,-0.5081906915023265,-0.5053395649575132,1.3594690545430088,1.1430540043372461,0.818916396576765,-0.6841423458248278,-0.12628622893140573,-0.6826680894736445,-0.6525136639846563,-0.21086057337494124,-0.6505684099646967,0.0,0.0,0.0,0.0,-0.19430002775154487,0.0,0.3692114176590089,0.9811223246574435,-0.6829968743182837,-0.651087827846492,0.49999999999999994,0.8660254037844387,-0.7071067811865477,0.7071067811865474,-0.9749279121818236,-0.2225209339563146
0.9380355908552144,-0.3517343723629195,-0.1921889013309754,-0.6371874703765118,1.1437160589827384,0.9812682238323067,0.9806806998091566,-0.6841423458248278,0.22951379770868688,-0.6826680894736445,-0.6525136639846563,-0.5318831650209264,-0.6505684099646967,0.0,0.0,0.0,0.0,-0.3521669230772707,0.0,0.3218609512503151,0.8193127419458585,-0.6829968743182837,-0.651087827846492,0.49999999999999994,0.8660254037844387,-0.5000000000000004,0.8660254037844384,-0.9749279121818236,-0.2225209339563146
0.5909158263608684,-0.5096459418126703,0.22914681889749292,-0.9272528622983084,1.305530805652941,0.06448213430431671,1.3042093062739397,-0.6841423458248278,0.3996790278409051,-0.6826680894736445,-0.6525136639846563,-0.391862672920018,-0.6505684099646967,0.0,0.0,0.0,0.0,-0.3521669230772707,0.0,0.3523691162515493,1.1429319073690285,-0.6829968743182837,-0.651087827846492,0.49999999999999994,0.8660254037844387,-0.25881904510252157,0.9659258262890681,-0.9749279121818236,-0.2225209339563146
0.3663806206293718,-0.5096459418126703,0.22914681889749292,-1.085470348801107,1.305530805652941,0.6576966628224279,1.5198950439171286,-0.6841423458248278,0.41901598581047533,-0.6826680894736445,-0.6525136639846563,-0.6309220496776665,-0.6505684099646967,0.0,0.0,0.0,0.0,-0.9310122059382657,0.0,0.338435681206235,1.3047414900806136,-0.6829968743182837,-0.651087827846492,0.49999999999999994,0.8660254037844387,-2.4492935982947064e-16,1.0,-0.9749279121818236,-0.2225209339563146
0.5204736410613446,-0.5096459418126703,-0.06052148875957856,-1.085470348801107,1.1437160589827384,0.9812682238323067,1.3042093062739397,-0.6841423458248278,-0.12628622893140573,-0.6826680894736445,-0.6525136639846563,-0.6343371836313472,-0.6505684099646967,0.0,0.0,0.0,0.0,-0.3521669230772707,0.0,0.34759134730062446,1.1429319073690285,-0.6829968743182837,-0.651087827846492,0.49999999999999994,0.8660254037844387,0.25881904510252074,0.9659258262890683,-0.7818314824680299,0.6234898018587334
0.46111204648798526,-0.5096459418126703,-0.06052148875957856,-1.085470348801107,1.305530805652941,0.8194824433273673,1.3042093062739397,-0.5952957012274741,0.09415509192169513,-0.6826680894736445,-0.6491011702105222,-0.6514128533997506,-0.6505684099646967,0.0,0.0,0.0,0.0,-0.3521669230772707,0.0,0.29846760538967987,1.358678017651142,-0.6829968743182837,-0.651087827846492,0.49999999999999994,0.8660254037844387,0.49999999999999994,0.8660254037844387,-0.7818314824680299,0.6234898018587334
0.348544134705371,-0.5096459418126703,-0.1921889013309754,-1.085470348801107,1.1437160589827384,0.9812682238323067,1.3042093062739397,-0.1278850926935702,0.27978988842956953,-0.6826680894736445,-0.21230196712136049,-0.6309220496776665,-0.6505684099646967,0.0,0.0,0.0,0.0,-0.3521669230772707,0.0,0.30025588824937743,1.358678017651142,-0.6829968743182837,-0.651087827846492,0.49999999999999994,0.8660254037844387,0.7071067811865476,0.7071067811865476,-0.7818314824680299,0.6234898018587334
0.32259021586848674,-0.19382280291316867,-0.1921889013309754,-1.2173182542201055,0.9819013123125355,1.1430540043372461,1.3042093062739397,0.22750148569584433,-0.41634059847495947,-0.6826680894736445,-0.5330763818899635,-0.6377523175850279,-0.6505684099646967,0.0,0.8787878787878787,0.0,0.0,-0.3521669230772707,0.0,0.2933094793179407,1.1429319073690285,-0.6829968743182837,-0.651087827846492,0.49999999999999994,0.8660254037844387,0.8660254037844386,0.5000000000000001,-0.7818314824680299,0.6234898018587334
0.4310622771621823,0.22727471561950033,-0.350189796416651,-1.3755357407229036,0.064951081181386,1.1430540043372461,1.3042093062739397,0.397468979708173,-0.5594340874497793,-0.6826680894736445,-0.3931641371504665,-0.6445825854923893,-0.6505684099646967,0.0,0.8787878787878787,0.0,0.0,-0.5100338184029966,0.0,0.29715085062777613,1.3047414900806136,-0.6829968743182837,-0.651087827846492,0.49999999999999994,0.8660254037844387,0.9659258262890683,0.25881904510252074,-0.7818314824680299,0.6234898018587334
0.42586234563407366,0.22727471561950033,-0.350189796416651,-1.3755357407229036,0.6582718189721298,1.1430540043372461,1.1424450030415483,0.41678346766411944,-0.6677210520793727,-0.6826680894736445,-0.6320387013398517,-0.6514128533997506,-0.6505684099646967,0.0,0.8787878787878787,0.0,0.0,-0.5100338184029966,0.0,0.3072031679148639,1.3047414900806136,-0.6829968743182837,-0.651087827846492,0.49999999999999994,0.8660254037844387,1.0,6.123233995736766e-17,-0.7818314824680299,0.6234898018587334
0.40638405426640584,-0.06222982837170911,-0.5081906915023265,-1.3755357407229036,0.9819013123125355,1.1430540043372461,1.3042093062739397,-0.1278850926935702,-0.6831906184550289,-0.6749219814297444,-0.6354511951139858,-0.6514128533997506,-0.6300702050012377,0.0,0.8787878787878787,0.0,0.0,-0.5100338184029966,0.0,0.32864847682748766,1.1429319073690285,-0.6829968743182837,-0.651087827846492,0.49999999999999994,0.8660254037844387,0.9659258262890683,-0.25881904510252063,-0.7818314824680299,0.6234898018587334
0.13324177637407034,-0.06222982837170911,-0.5081906915023265,-1.3755357407229036,0.8200865656423326,0.8194824433273673,1.1424450030415483,0.09230007000421923,-0.6831906184550289,-0.46965011826638814,-0.6525136639846563,-0.6514128533997506,-0.37384264295800046,0.0,0.8787878787878787,0.0,0.0,-0.5100338184029966,0.05692729208336846,0.35767075978255614,1.3047414900806136,-0.59394672708365,-0.6476693650484138,0.49999999999999994,0.8660254037844387,0.8660254037844387,-0.4999999999999998,-0.7818314824680299,0.6234898018587334
0.18997193101036372,-0.19382280291316867,-0.5081906915023265,-1.2173182542201055,0.9819013123125355,0.8194824433273673,1.1424450030415483,0.27771915438130507,-0.6831906184550289,0.20038822753098195,-0.6320387013398517,-0.6514128533997506,0.5793238878428418,0.0,0.0,0.0,0.0,-0.5100338184029966,0.25551589704027844,0.35763982311396303,1.1429319073690285,-0.12546551771883818,-0.21010612689440575,0.49999999999999994,0.8660254037844387,0.7071067811865476,-0.7071067811865475,-0.7818314824680299,0.6234898018587334
0.35773122957271575,-0.19382280291316867,-0.6398581040737229,-0.5053395649575132,1.1437160589827384,0.9812682238323067,0.9806806998091566,-0.4176024120327668,-0.6831906184550289,0.8162038170210505,-0.63886368888812,-0.6514128533997506,1.532490418643684,0.8787878787878787,0.0,0.0,0.0,-0.19430002775154487,0.47712710298696953,0.3770014654454058,0.9811223246574435,0.23073507121969647,-0.5314416299137554,0.49999999999999994,0.8660254037844387,0.49999999999999994,-0.8660254037844387,-0.7818314824680299,0.6234898018587334
0.30562894535047835,-0.3517343723629195,-0.9295264117307949,-0.18890459195191697,1.1437160589827384,1.3048397848421855,0.818916396576765,-0.5605296229067706,-0.6831906184550289,1.1144289767112094,-0.645688676436388,-0.6514128533997506,1.5051594786924054,0.8787878787878787,0.0,0.0,0.0,0.22667835978372425,0.6405304172084322,0.3722359892104782,0.06420135595846167,0.4010918746250826,-0.3912846551925497,0.49999999999999994,0.8660254037844387,0.258819045102521,-0.9659258262890682,-0.7818314824680299,0.6234898018587334
0.25261710214807676,-0.3517343723629195,-1.0875273068164708,0.39122619189167684,1.1437160589827384,1.5205541588487714,0.4953877901119818,-0.6686907554600706,-0.6831906184550289,1.4475116225989193,-0.6525136639846563,-0.6514128533997506,1.491494008716766,0.8787878787878787,0.0,0.0,0.0,0.22667835978372425,0.7355589413241304,0.3711892132236638,0.6575031592342735,0.4204506022847856,-0.6305770510580229,0.49999999999999994,0.8660254037844387,1.2246467991473532e-16,-1.0,-0.7818314824680299,0.6234898018587334
0.17010465730600907,-0.5096459418126703,-1.0875273068164708,0.39122619189167684,1.1437160589827384,1.3048397848421855,0.1718591836471986,-0.6841423458248278,-0.6831906184550289,1.594687675433024,-0.6525136639846563,-0.6514128533997506,2.1850166099804613,0.8787878787878787,0.0,0.0,0.0,-0.06274428164677277,0.7577943724077211,0.3750023112867057,0.9811223246574435,-0.12546551771883818,-0.633995513856101,0.49999999999999994,0.8660254037844387,-0.2588190451025208,-0.9659258262890683,-0.7818314824680299,0.6234898018587334
0.2618042176092098,-0.5096459418126703,-1.0875273068164708,0.39122619189167684,0.8200865656423326,1.3048397848421855,0.4953877901119818,-0.6841423458248278,-0.6831906184550289,1.0873175985575585,-0.6525136639846563,-0.6514128533997506,1.3685047789360123,0.8787878787878787,0.0,0.0,0.0,-0.06274428164677277,0.7078852724708171,0.391215276854757,0.8193127419458585,0.09522397760177567,-0.651087827846492,0.49999999999999994,0.8660254037844387,-0.4999999999999997,-0.8660254037844388,-0.7818314824680299,0.6234898018587334
0.4635546757099614,-0.5096459418126703,-1.0875273068164708,0.39122619189167684,0.8200865656423326,1.3048397848421855,0.4953877901119818,-0.6841423458248278,-0.6831906184550289,0.9827451399649054,-0.6525136639846563,-0.6514128533997506,1.6008177685218805,0.0,0.0,0.0,0.0,-0.19430002775154487,0.5695722755685665,0.370517313855115,0.9811223246574435,0.2810677631349242,-0.6305770510580229,0.49999999999999994,0.8660254037844387,-0.7071067811865471,-0.7071067811865479,-0.7818314824680299,0.6234898018587334
0.4791830956599272,-0.6412389163541294,-1.2191947193878672,0.23300870538887822,0.9819013123125355,1.3048397848421855,0.6571520933443734,-0.6841423458248278,-0.6831906184550289,0.2817223619919344,-0.6525136639846563,-0.6514128533997506,0.9619570471607426,0.0,0.0,0.8787878787878787,0.8787878787878787,-0.19430002775154487,0.3000421331810855,0.3786959139063244,1.1429319073690285,-0.4158464326143827,-0.6374139766541792,0.49999999999999994,0.8660254037844387,-0.8660254037844385,-0.5000000000000004,-0.7818314824680299,0.6234898018587334
0.44489443825675523,-0.9307434603453393,-1.3771956144735429,-0.05705668653291797,1.305530805652941,1.3048397848421855,0.818916396576765,-0.6841423458248278,-0.6831906184550289,-0.29923574130058306,-0.6525136639846563,-0.6514128533997506,0.8184696124165298,0.0,0.0,0.8787878787878787,0.8787878787878787,-0.3521669230772707,0.0,0.4134449634873042,1.1429319073690285,-0.5591010172961847,-0.6442509022503355,0.49999999999999994,0.8660254037844387,-0.9659258262890683,-0.25881904510252063,-0.7818314824680299,0.6234898018587334
0.4436416494727555,-1.0886550297950905,-1.3771956144735429,-0.5053395649575132,1.5212838012132117,1.1430540043372461,1.1424450030415483,-0.6841423458248278,-0.6831906184550289,-0.6361914412102432,-0.6525136639846563,-0.6514128533997506,-0.5139137102083035,0.0,0.0,0.8787878787878787,0.8787878787878787,-0.3521669230772707,0.0,0.4112481526992985,1.1429319073690285,-0.6675098921905214,-0.651087827846492,0.49999999999999994,0.8660254037844387,-1.0,-1.8369701987210297e-16,-0.7818314824680299,0.6234898018587334
0.49306674122507554,-1.0886550297950905,-1.3771956144735429,-0.5053395649575132,1.305530805652941,1.3048397848421855,1.1424450030415483,-0.6841423458248278,-0.6754558352672009,-0.6826680894736445,-0.6525136639846563,-0.6309220496776665,-0.6505684099646967,0.0,0.0,0.8787878787878787,0.8787878787878787,-0.5100338184029966,0.0,0.41170436612174577,1.1429319073690285,-0.6829968743182837,-0.651087827846492,0.49999999999999994,0.8660254037844387,-0.9659258262890684,0.2588190451025203,-0.7818314824680299,0.6234898018587334
0.6710714494319189,-1.0886550297950905,-1.3771956144735429,-0.6371874703765118,1.305530805652941,1.1430540043372461,1.3042093062739397,-0.6841423458248278,-0.4704840807897562,-0.6826680894736445,-0.6525136639846563,-0.3747870031516145,-0.6505684099646967,0.0,0.0,0.8787878787878787,0.8787878787878787,-0.5100338184029966,0.0,0.39213656469909963,0.8193127419458585,-0.6829968743182837,-0.651087827846492,0.49999999999999994,0.8660254037844387,-0.8660254037844386,0.5000000000000001,-0.7818314824680299,0.6234898018587334
0.6916366122964124,-1.0886550297950905,-1.2191947193878672,-0.6371874703765118,1.305530805652941,1.1430540043372461,1.3042093062739397,-0.6841423458248278,0.1985746649573745,-0.6826680894736445,-0.6525136639846563,0.5780353699252989,-0.6505684099646967,0.0,0.0,0.0,0.0,-0.5100338184029966,0.0,0.3745983931268966,0.8193127419458585,-0.6829968743182837,-0.651087827846492,0.49999999999999994,0.8660254037844387,-0.7071067811865477,0.7071067811865474,-0.7818314824680299,0.6234898018587334
0.3256735658944748,-1.2202480043365496,-0.5081906915023265,-0.6371874703765118,1.305530805652941,0.9812682238323067,1.3042093062739397,-0.6841423458248278,0.8134899283897085,-0.6826680894736445,-0.6525136639846563,1.5308577430022123,-0.6505684099646967,0.0,0.0,0.0,0.0,-0.6415895645077683,0.0,0.34838612260949564,0.9811223246574435,-0.6829968743182837,-0.651087827846492,0.49999999999999994,0.8660254037844387,-0.5000000000000004,0.8660254037844384,-0.7818314824680299,0.6234898018587334
0.21622331338904005,-1.3781595737863004,-0.1921889013309754,-0.9272528622983084,1.305530805652941,0.8194824433273673,1.3042093062739397,-0.6841423458248278,1.1112790811210902,-0.6826680894736445,-0.6525136639846563,1.5035366713727667,-0.6505684099646967,0.0,0.0,0.0,0.0,-0.9310122059382657,0.0,0.3059254937459014,1.3047414900806136,-0.6829968743182837,-0.651087827846492,0.49999999999999994,0.8660254037844387,-0.25881904510252157,0.9659258262890681,-0.7818314824680299,0.6234898018587334
0.3009981918060702,-1.3781595737863004,0.38714771398316894,-0.9272528622983084,1.1437160589827384,0.4959108823174885,1.3042093062739397,-0.6841423458248278,1.4438747581976985,-0.6826680894736445,-0.6525136639846563,1.489876135558044,-0.6505684099646967,0.0,0.0,0.0,0.0,-1.088879101263992,0.0,0.3210276075450026,1.520487600362727,-0.6829968743182837,-0.651087827846492,0.49999999999999994,0.8660254037844387,-2.4492935982947064e-16,1.0,-0.7818314824680299,0.6234898018587334
0.31584003201458616,-1.3781595737863004,0.38714771398316894,-1.2173182542201055,1.305530805652941,0.17233932130760965,1.5198950439171286,-0.6764165506424492,1.5908356387664324,-0.6826680894736445,-0.6320387013398517,2.183148328155225,-0.6505684099646967,0.0,0.0,0.0,0.0,-1.088879101263992,0.0,0.3396226965947178,1.3047414900806136,-0.6829968743182837,-0.651087827846492,0.49999999999999994,0.8660254037844387,0.25881904510252074,0.9659258262890683,-2.4492935982947064e-16,1.0
0.19533776266415628,-1.3781595737863004,0.38714771398316894,-1.2173182542201055,1.1437160589827384,0.4959108823174885,1.3042093062739397,-0.4716829783094169,1.0842073399636918,-0.6826680894736445,-0.37610166827979613,1.366931313225539,-0.6505684099646967,0.0,0.0,0.0,0.0,-1.088879101263992,0.0,0.33458237571795224,1.3047414900806136,-0.6829968743182837,-0.651087827846492,0.49999999999999994,0.8660254037844387,0.49999999999999994,0.8660254037844387,-2.4492935982947064e-16,1.0
0.17134600967294505,-1.2202480043365496,0.38714771398316894,-1.3755357407229036,1.1437160589827384,0.4959108823174885,1.5198950439171286,0.19659830496633002,0.9797877669280126,-0.6826680894736445,0.5759840947036109,1.5991604220758262,-0.6505684099646967,0.0,0.0,0.0,0.0,-1.088879101263992,0.0,0.34597966979408723,1.3047414900806136,-0.6829968743182837,-0.651087827846492,0.49999999999999994,0.8660254037844387,0.7071067811865476,0.7071067811865476,-2.4492935982947064e-16,1.0
0.1706023405215706,-0.5096459418126703,0.22914681889749292,-1.5073836461419021,0.9819013123125355,0.6576966628224279,1.5198950439171286,0.8107990219654269,0.27978988842956953,-0.6826680894736445,1.528069857687018,0.9605303727375366,-0.6505684099646967,0.0,0.8787878787878787,0.0,0.0,-1.2204348473687636,0.0,0.343051749722146,1.3047414900806136,-0.6829968743182837,-0.651087827846492,0.49999999999999994,0.8660254037844387,0.8660254037844386,0.5000000000000001,-2.4492935982947064e-16,1.0
0.4479148605305081,-0.19382280291316867,-0.06052148875957856,-1.8238186191474985,0.8200865656423326,0.8194824433273673,1.3042093062739397,1.108242136487002,-0.300318850657538,-0.6826680894736445,1.5007699074939456,0.8170947466829475,-0.6505684099646967,0.0,0.8787878787878787,0.0,0.0,-1.3783017426944895,0.0,0.32624504597142845,1.3047414900806136,-0.6829968743182837,-0.651087827846492,0.49999999999999994,0.8660254037844387,0.9659258262890683,0.25881904510252074,-2.4492935982947064e-16,1.0
0.6577769921480348,0.3851862850692516,-0.5081906915023265,-1.955666524566497,0.4964570723019269,1.1430540043372461,1.5198950439171286,1.4404513293292809,-0.6367819193280604,-0.6826680894736445,1.4871199323974091,-0.5148074952525229,-0.6505684099646967,0.0,0.8787878787878787,0.0,0.0,-1.3783017426944895,0.0,0.31599466229783535,1.1429319073690285,-0.6829968743182837,-0.651087827846492,0.49999999999999994,0.8660254037844387,1.0,6.123233995736766e-17,-2.4492935982947064e-16,1.0
0.4934843489274023,0.3851862850692516,-0.5081906915023265,-1.955666524566497,0.17282757896152123,1.1430540043372461,1.5198950439171286,1.587241437794474,-0.6831906184550289,-0.6710489274077942,2.1798561685466264,-0.6514128533997506,-0.6266538375073278,0.0,0.8787878787878787,0.0,0.0,-1.3783017426944895,0.013254762427824909,0.29428813317027036,1.3047414900806136,-0.6752533832544025,-0.6305770510580229,0.49999999999999994,0.8660254037844387,0.9659258262890683,-0.25881904510252063,-2.4492935982947064e-16,1.0
0.4149419402573593,0.3851862850692516,-0.6398581040737229,-1.955666524566497,0.4964570723019269,1.3048397848421855,1.5198950439171286,1.0812018533486771,-0.6831906184550289,-0.4193004159810366,1.3642701565285824,-0.6514128533997506,0.5895729903245713,0.0,0.8787878787878787,0.0,0.0,-1.3783017426944895,0.055768680161205585,0.30814320215110225,1.1429319073690285,-0.47005087006155105,-0.3741923412021588,0.49999999999999994,0.8660254037844387,0.8660254037844387,-0.4999999999999998,-2.4492935982947064e-16,1.0
0.18171725422811857,0.3851862850692516,-0.6398581040737229,-0.9272528622983084,0.4964570723019269,1.3048397848421855,0.7649949621659677,0.9769036183865663,-0.6831906184550289,0.28946847003583465,1.5963197331696997,-0.6514128533997506,1.7545543057478228,0.0,0.0,0.0,0.0,-1.2204348473687636,0.25052665145891395,0.3231274083159301,1.1429319073690285,0.1997611069641717,0.5795587794616556,0.49999999999999994,0.8660254037844387,0.7071067811865476,-0.7071067811865475,-2.4492935982947064e-16,1.0
0.16777641971305526,0.22727471561950033,-0.6398581040737229,-0.3471220784547151,0.6582718189721298,1.3048397848421855,0.9806806998091566,0.27771915438130507,-0.6831906184550289,0.866553519306402,0.9581833974066275,-0.6514128533997506,1.8365471256016588,0.8787878787878787,0.0,0.0,0.0,-0.5100338184029966,0.464681702629681,0.33027301046617197,0.9811223246574435,0.8153686465427261,1.53330990012547,0.49999999999999994,0.8660254037844387,0.49999999999999994,-0.8660254037844387,-2.4492935982947064e-16,1.0
0.20141293705664173,-0.06222982837170911,-0.9295264117307949,0.39122619189167684,0.8200865656423326,1.3048397848421855,0.3336234868795902,-0.30171548429708817,-0.6831906184550289,1.3197008398745655,0.8148586588929962,-0.6514128533997506,2.048361910224068,0.8787878787878787,0.0,0.0,0.0,-0.19430002775154487,0.6246591081325714,0.3399695560644398,0.8193127419458585,1.1134930525021518,1.5059621977408446,0.49999999999999994,0.8660254037844387,0.258819045102521,-0.9659258262890682,-2.4492935982947064e-16,1.0
0.25920139617318755,-0.5096459418126703,-0.9295264117307949,0.681291583813473,1.1437160589827384,1.3048397848421855,-0.09774798840678739,-0.6377875747305563,-0.6831906184550289,1.6217990535866746,-0.5160139130192932,-0.6514128533997506,2.2670094298342973,0.8787878787878787,0.0,0.0,0.0,0.3845452551094506,0.7199204637087332,0.3242589528234754,0.4956935765226884,1.446463168249043,1.4922883465485317,0.49999999999999994,0.8660254037844387,1.2246467991473532e-16,-1.0,-2.4492935982947064e-16,1.0
0.2355299726932999,-0.5096459418126703,-1.2191947193878672,0.8131394892324716,1.1437160589827384,1.5205541588487714,-0.09774798840678739,-0.6841423458248278,-0.6831906184550289,1.765102052398829,-0.6525136639846563,-0.6514128533997506,2.424162334554149,0.8787878787878787,0.0,0.0,0.0,0.3845452551094506,0.740830937431082,0.32434382378350635,0.17207441109951835,1.5935894984627856,2.186236294558404,0.49999999999999994,0.8660254037844387,-0.2588190451025208,-0.9659258262890683,-2.4492935982947064e-16,1.0
0.24901892114552746,-0.6412389163541294,-1.2191947193878672,0.5230740973106753,1.305530805652941,1.3048397848421855,0.3336234868795902,-0.6841423458248278,-0.6831906184550289,1.536591865103772,-0.6525136639846563,-0.6514128533997506,2.355834984675953,0.8787878787878787,0.0,0.0,0.0,0.3845452551094506,0.6870745969647505,0.3357561252170881,0.4956935765226884,1.0863908337785677,1.3692236858177171,0.49999999999999994,0.8660254037844387,-0.4999999999999997,-0.8660254037844388,-2.4492935982947064e-16,1.0
0.14099304486762593,-0.6412389163541294,-1.3771956144735429,0.5230740973106753,1.305530805652941,1.5205541588487714,0.3336234868795902,-0.6841423458248278,-0.6831906184550289,1.0640792744258578,-0.6525136639846563,-0.6514128533997506,2.1645184050170023,0.0,0.0,0.0,0.0,0.3845452551094506,0.5506907484113177,0.36191896877225005,0.4956935765226884,0.9818537044161717,1.6016791560870338,0.49999999999999994,0.8660254037844387,-0.7071067811865471,-0.7071067811865479,-2.4492935982947064e-16,1.0
0.1027744062105368,-0.6412389163541294,-1.5088630270449392,0.5230740973106753,1.305530805652941,1.5205541588487714,-0.09774798840678739,-0.6841423458248278,-0.6831906184550289,0.43277146884798895,-0.6525136639846563,-0.6514128533997506,1.833130758107749,0.0,0.0,0.8787878787878787,0.8787878787878787,0.22667835978372425,0.2941104789803483,0.3937584861356346,0.6575031592342735,0.2810677631349242,0.9624266128464127,0.49999999999999994,0.8660254037844387,-0.8660254037844385,-0.5000000000000004,-2.4492935982947064e-16,1.0
0.1542474403688064,-0.9307434603453393,-1.8248648172162902,0.39122619189167684,1.305530805652941,1.3048397848421855,0.3336234868795902,-0.6841423458248278,-0.6831906184550289,-0.2759974171688823,-0.6525136639846563,-0.6514128533997506,0.9892879871120211,0.0,0.0,0.8787878787878787,0.8787878787878787,-0.06274428164677277,0.0,0.4664211401524818,0.8193127419458585,-0.2996940666561649,0.8188511753271287,0.49999999999999994,0.8660254037844387,-0.9659258262890683,-0.25881904510252063,-2.4492935982947064e-16,1.0
0.8970653818297166,-0.9307434603453393,-1.9565322297876868,-0.18890459195191697,1.305530805652941,1.5205541588487714,0.818916396576765,-0.6841423458248278,-0.6831906184550289,-0.632318387188293,-0.6525136639846563,-0.6514128533997506,-0.503664607726574,0.0,0.0,0.8787878787878787,0.8787878787878787,-0.5100338184029966,0.0,0.4997759908607754,1.1429319073690285,-0.6365359279349966,-0.5143493159233644,0.49999999999999994,0.8660254037844387,-1.0,-1.8369701987210297e-16,-2.4492935982947064e-16,1.0
0.39466275646542165,-1.2202480043365496,-1.9565322297876868,-0.3471220784547151,1.5212838012132117,1.5205541588487714,1.1424450030415483,-0.6841423458248278,-0.6715884436732867,-0.6826680894736445,-0.6525136639846563,-0.6275069157239859,-0.6505684099646967,0.0,0.0,0.8787878787878787,0.8787878787878787,-0.5100338184029966,0.0,0.4951853785109085,1.1429319073690285,-0.6829968743182837,-0.651087827846492,0.49999999999999994,0.8660254037844387,-0.9659258262890684,0.2588190451025203,-2.4492935982947064e-16,1.0
0.45535721533601564,-1.2202480043365496,-1.9565322297876868,-0.3471220784547151,1.305530805652941,1.5205541588487714,1.1424450030415483,-0.6841423458248278,-0.42020799006887355,-0.6826680894736445,-0.6525136639846563,0.588280771786341,-0.6505684099646967,0.0,0.0,0.8787878787878787,0.8787878787878787,-0.6415895645077683,0.0,0.48582928992611396,1.3047414900806136,-0.6829968743182837,-0.651087827846492,0.49999999999999994,0.8660254037844387,-0.8660254037844386,0.5000000000000001,-2.4492935982947064e-16,1.0
0.4750700356286443,-1.3781595737863004,-0.9295264117307949,-0.5053395649575132,1.5212838012132117,0.7655538498257208,1.3042093062739397,-0.6841423458248278,0.28752467161739764,-0.6826680894736445,-0.6525136639846563,1.7528414499914573,-0.6505684099646967,0.0,0.0,0.0,0.0,-0.6415895645077683,0.0,0.4592404013223478,1.3047414900806136,-0.6829968743182837,-0.651087827846492,0.49999999999999994,0.8660254037844387,-0.7071067811865477,0.7071067811865474,-2.4492935982947064e-16,1.0
0.36166694276435696,-1.5097525483277596,-0.350189796416651,-0.6371874703765118,1.5212838012132117,0.9812682238323067,1.3042093062739397,-0.6841423458248278,0.8637660191105911,-0.6826680894736445,-0.6525136639846563,1.834804664879794,-0.6505684099646967,0.0,0.0,0.0,0.0,-0.6415895645077683,0.0,0.40195270818009043,1.3047414900806136,-0.6829968743182837,-0.651087827846492,0.49999999999999994,0.8660254037844387,-0.5000000000000004,0.8660254037844384,-2.4492935982947064e-16,1.0
0.2685772880264301,-1.8255756872272613,0.38714771398316894,-0.9272528622983084,1.305530805652941,0.33412510181254906,1.3042093062739397,-0.6841423458248278,1.316250835598535,-0.6826680894736445,-0.6525136639846563,2.046542970007997,-0.6505684099646967,0.0,0.0,0.0,0.0,-0.9310122059382657,0.0,0.3668618186550877,1.3047414900806136,-0.6829968743182837,-0.651087827846492,0.49999999999999994,0.8660254037844387,-0.25881904510252157,0.9659258262890681,-2.4492935982947064e-16,1.0
0.2257565108936785,-1.9571686617687203,0.6768160216402405,-1.0327311866335074,1.5212838012132117,-0.09730364620062269,1.3042093062739397,-0.6841423458248278,1.6179073799238308,-0.6826680894736445,-0.6525136639846563,2.2651115430435613,-0.6505684099646967,0.0,0.0,0.0,0.0,-0.9310122059382657,0.0,0.3931352454345748,1.3047414900806136,-0.6829968743182837,-0.651087827846492,0.49999999999999994,0.8660254037844387,-2.4492935982947064e-16,1.0,-2.4492935982947064e-16,1.0
0.1483896471402822,-1.9571686617687203,0.8084834342116368,-1.2173182542201055,1.5212838012132117,-0.09730364620062269,1.3042093062739397,-0.6725536530512599,1.7610008688986507,-0.6826680894736445,-0.6286262075657176,2.422207704912873,-0.6505684099646967,0.0,0.0,0.0,0.0,-1.2204348473687636,0.0,0.3954218442690103,1.520487600362727,-0.6829968743182837,-0.651087827846492,0.49999999999999994,0.8660254037844387,0.25881904510252074,0.9659258262890683,0.7818314824680298,0.6234898018587336
0.14519189518837763,-1.9571686617687203,0.5188151265545653,-1.5073836461419021,1.5212838012132117,0.33412510181254906,1.3042093062739397,-0.4214653096239561,1.5328247648577216,-0.6826680894736445,0.5862215760260132,2.3539050258392593,-0.6505684099646967,0.0,0.0,0.0,0.0,-1.2204348473687636,0.0,0.3846159834912921,1.3047414900806136,-0.6829968743182837,-0.651087827846492,0.49999999999999994,0.8660254037844387,0.49999999999999994,0.8660254037844387,0.7818314824680298,0.6234898018587336
0.1428522108814659,-0.9307434603453393,0.5188151265545653,-1.8238186191474985,0.766148316752265,0.33412510181254906,0.6032306589335762,0.28544494956368366,1.0610029904002076,-0.6826680894736445,1.749881953005733,2.1626575244331407,-0.6505684099646967,0.0,0.0,0.0,0.0,-1.3783017426944895,0.0,0.37821578090733243,1.520487600362727,-0.6829968743182837,-0.651087827846492,0.49999999999999994,0.8660254037844387,0.7071067811865476,0.7071067811865476,0.7818314824680298,0.6234898018587336
0.14402491385533675,-0.3517343723629195,0.5188151265545653,-2.1138840110692954,0.9819013123125355,-0.09730364620062269,0.9267592653983594,0.8610166906508876,0.43061816059221747,-0.6826680894736445,1.8317818035849507,1.8313895309261135,-0.6505684099646967,0.0,0.8787878787878787,0.0,0.0,-1.509857488799261,0.0,0.39550441034479156,1.520487600362727,-0.6829968743182837,-0.651087827846492,0.49999999999999994,0.8660254037844387,0.8660254037844386,0.5000000000000001,0.7818314824680298,0.6234898018587336
0.14345286303817814,0.3851862850692516,0.38714771398316894,-2.245731916488294,0.3346423256317241,0.33412510181254906,0.7649949621659677,1.3129757088200344,-0.27711450109405367,-0.6826680894736445,2.0433564175812635,0.9878514443669821,-0.6505684099646967,0.0,0.8787878787878787,0.0,0.0,-1.825591279450713,0.0,0.46010606462680315,1.3047414900806136,-0.6829968743182837,-0.651087827846492,0.49999999999999994,0.8660254037844387,0.9659258262890683,0.25881904510252074,0.7818314824680298,0.6234898018587336
0.2731307977034851,0.6746908290604611,-0.1921889013309754,-2.245731916488294,-0.09686366548881685,0.8194824433273673,0.6032306589335762,1.6142817209327989,-0.6329145277341462,-0.6826680894736445,2.261756019125844,-0.5045620933914808,-0.6505684099646967,0.0,0.8787878787878787,0.0,0.0,-1.9571470255554846,0.0,0.5310667408941834,1.520487600362727,-0.6829968743182837,-0.651087827846492,0.49999999999999994,0.8660254037844387,1.0,6.123233995736766e-17,0.7818314824680298,0.6234898018587336
0.12835646987794558,0.8062838036019201,-0.350189796416651,-1.2173182542201055,-0.09686366548881685,1.1430540043372461,-0.6908837669255565,1.7572089318068025,-0.6831906184550289,-0.6826680894736445,2.418730732736012,-0.6514128533997506,-0.6505684099646967,0.0,0.8787878787878787,0.0,0.0,-1.9571470255554846,0.009246735144128795,0.5483633605970407,1.520487600362727,-0.671381637722462,-0.6271585882599446,0.49999999999999994,0.8660254037844387,0.9659258262890683,-0.25881904510252063,0.7818314824680298,0.6234898018587336
0.10991931120344432,0.5167792596107107,-0.350189796416651,-1.085470348801107,0.3346423256317241,1.1430540043372461,-0.798726635747151,1.5292979739266346,-0.6831906184550289,-0.5122537125078395,2.3504808572533302,-0.6514128533997506,-0.6505684099646967,0.0,0.8787878787878787,0.0,0.0,-1.9571470255554846,0.05939419595606611,0.5549455978170594,1.520487600362727,-0.41971817814632334,0.5898141678558901,0.49999999999999994,0.8660254037844387,0.8660254037844387,-0.4999999999999998,0.7818314824680298,0.6234898018587336
0.10773980194908855,0.5167792596107107,-0.5081906915023265,-1.2173182542201055,0.3346423256317241,1.3048397848421855,1.5198950439171286,1.0580244678015414,-0.6831906184550289,-0.330220173476184,2.159381205901822,-0.6514128533997506,-0.623237470013418,0.0,0.0,0.0,0.0,-0.9310122059382657,0.2564804845193422,0.5549814515720514,0.7653762143753301,0.2888112541988054,1.7555099820005522,0.49999999999999994,0.8660254037844387,0.7071067811865476,-0.7071067811865475,0.7818314824680298,0.6234898018587336
0.10735652752403951,0.5167792596107107,-0.6398581040737229,-0.7954049568793099,-0.09686366548881685,1.3048397848421855,1.3042093062739397,0.42837216043768733,-0.6831906184550289,0.8626804652844519,1.8283693098108167,-0.6514128533997506,1.3855866164055612,0.8787878787878787,0.0,0.0,0.0,-0.3521669230772707,0.4707131550467004,0.5793887928435084,0.9811223246574435,0.8657013384579538,1.8375530891544287,0.49999999999999994,0.8660254037844387,0.49999999999999994,-0.8660254037844387,0.7818314824680298,0.6234898018587336
0.1100108437275312,0.3851862850692516,-0.9295264117307949,0.1011607999698797,0.3346423256317241,1.3048397848421855,-0.09774798840678739,-0.27853809874995245,-0.6831906184550289,1.0408409502941571,0.9854833475997001,-0.6514128533997506,0.3675091032204324,0.8787878787878787,0.0,0.0,0.0,0.3845452551094506,0.6268211145511627,0.5507696597534992,0.3338839938111034,1.3186955656950035,2.0494977826352763,0.49999999999999994,0.8660254037844387,0.258819045102521,-0.9659258262890682,0.7818314824680298,0.6234898018587336
0.11006232476580849,-0.19382280291316867,-1.034860341787912,0.5230740973106753,0.8200865656423326,1.3048397848421855,-0.5830408981039622,-0.633924677139367,-0.6831906184550289,1.3429391640062662,-0.505776431696891,-0.6514128533997506,0.7774732024896119,0.8787878787878787,0.0,0.0,0.0,0.6739678965399476,0.7078631202204357,0.5158988098448468,-0.09760822675312336,1.6206917171863697,2.2682794017122805,0.49999999999999994,0.8660254037844387,1.2246467991473532e-16,-1.0,0.7818314824680298,0.6234898018587336
0.23816712740659982,-0.3517343723629195,-1.2191947193878672,0.9713569757352701,1.1437160589827384,1.3048397848421855,-0.47519802928236776,-0.6841423458248278,-0.6831906184550289,1.5172265949940216,-0.6525136639846563,-0.6514128533997506,1.132775421856234,0.8787878787878787,0.0,0.0,0.0,0.8055236426447192,0.7163059881164952,0.49672068751931286,-0.09760822675312336,1.7639463018681716,2.425528690423877,0.49999999999999994,0.8660254037844387,-0.2588190451025208,-0.9659258262890683,0.7818314824680298,0.6234898018587336
0.348137956555512,-0.3517343723629195,-1.5088630270449392,0.681291583813473,1.1437160589827384,1.3048397848421855,0.2257806180579958,-0.6841423458248278,-0.6831906184550289,1.4165271904233185,-0.6525136639846563,-0.6514128533997506,1.631565075967069,0.8787878787878787,0.0,0.0,0.0,0.5161010012142222,0.6393551904332507,0.48476976024645246,0.3338839938111034,1.5355133154836766,2.3571594344623135,0.49999999999999994,0.8660254037844387,-0.4999999999999997,-0.8660254037844388,0.7818314824680298,0.6234898018587336
0.43603341170305426,-0.5096459418126703,-1.8248648172162902,0.5230740973106753,1.305530805652941,0.6037680693207814,0.3336234868795902,-0.6841423458248278,-0.6831906184550289,0.9827451399649054,-0.6525136639846563,-0.6514128533997506,1.6554796484244378,0.0,0.0,0.0,0.0,0.5161010012142222,0.41075905397730417,0.5149172876921178,0.3338839938111034,1.0631603605869242,2.1657255177699346,0.49999999999999994,0.8660254037844387,-0.7071067811865471,-0.7071067811865479,0.7818314824680298,0.6234898018587336
0.38870487056150294,-0.6412389163541294,-2.114533124873362,0.23300870538887822,1.305530805652941,0.9273396303306602,0.6571520933443734,-0.6841423458248278,-0.6831906184550289,0.31270679416753533,-0.6525136639846563,-0.6514128533997506,1.1669390967953324,0.0,0.0,0.8787878787878787,0.8787878787878787,0.5161010012142222,0.15695058321220776,0.5802028779604251,-0.09760822675312336,0.43206583888060734,1.8341346263563505,0.49999999999999994,0.8660254037844387,-0.8660254037844385,-0.5000000000000004,0.7818314824680298,0.6234898018587336
0.34137632941995155,-0.9307434603453393,-2.2462005374447584,-0.18890459195191697,1.305530805652941,0.7655538498257208,0.9806806998091566,-0.6841423458248278,-0.6831906184550289,-0.2953626872786329,-0.6525136639846563,-0.6514128533997506,0.3777582057021619,0.0,0.0,0.8787878787878787,0.8787878787878787,0.3845452551094506,0.0036975853807600643,0.6191799047693535,0.3338839938111034,-0.2764635934645213,0.9897743152310382,0.49999999999999994,0.8660254037844387,-0.9659258262890683,-0.25881904510252063,0.7818314824680298,0.6234898018587336
0.3250156973294632,-1.0360178399785067,-2.2462005374447584,-0.5053395649575132,1.305530805652941,0.6037680693207814,1.1424450030415483,-0.6841423458248278,-0.6831906184550289,-0.6439375492541434,-0.6525136639846563,-0.6514128533997506,-0.5788246925925902,0.0,0.0,0.8787878787878787,0.8787878787878787,-0.19430002775154487,0.0,0.6457114785847826,0.8193127419458585,-0.632664182403056,-0.5040939275291298,0.49999999999999994,0.8660254037844387,-1.0,-1.8369701987210297e-16,0.7818314824680298,0.6234898018587336
0.40803728926254057,-1.2202480043365496,-1.2191947193878672,-0.7954049568793099,1.305530805652941,-0.6905181747187339,1.3042093062739397,-0.6841423458248278,-0.6831906184550289,-0.6826680894736445,-0.6525136639846563,-0.6514128533997506,-0.6505684099646967,0.0,0.0,0.8787878787878787,0.8787878787878787,-0.3521669230772707,0.0,0.6348475347239774,1.1429319073690285,-0.6829968743182837,-0.651087827846492,0.49999999999999994,0.8660254037844387,-0.9659258262890684,0.2588190451025203,0.7818314824680298,0.6234898018587336
0.4153366545317702,-1.5097525483277596,-1.0875273068164708,-0.7954049568793099,1.305530805652941,-0.7983753617220268,1.3042093062739397,-0.6841423458248278,-0.5130253883228107,-0.6826680894736445,-0.6525136639846563,-0.6514128533997506,-0.6505684099646967,0.0,0.0,0.8787878787878787,0.8787878787878787,-0.3521669230772707,0.0,0.638141828952286,1.1429319073690285,-0.6829968743182837,-0.651087827846492,0.49999999999999994,0.8660254037844387,-0.8660254037844386,0.5000000000000001,0.7818314824680298,0.6234898018587336
0.2353869659955318,-1.8255756872272613,-1.2191947193878672,-0.7954049568793099,0.6043335700820621,1.5205541588487714,1.3042093062739397,-0.6841423458248278,-0.3312579834088504,-0.6826680894736445,-0.6525136639846563,-0.6240917817703051,-0.6505684099646967,0.0,0.0,0.0,0.0,-0.5100338184029966,0.0,0.5936972581660384,1.3047414900806136,-0.6829968743182837,-0.651087827846492,0.49999999999999994,0.8660254037844387,-0.7071067811865477,0.7071067811865474,0.7818314824680298,0.6234898018587336
0.2686688068213248,-2.115080231218471,-0.7978589991593985,-0.8745137001307092,0.9279630634224678,1.3048397848421855,1.3042093062739397,-0.6841423458248278,0.859898627516677,-0.6826680894736445,-0.6525136639846563,1.3840069829939425,-0.6505684099646967,0.0,0.0,0.0,0.0,-0.6415895645077683,0.0,0.48752230423683307,1.3047414900806136,-0.6829968743182837,-0.651087827846492,0.49999999999999994,0.8660254037844387,-0.5000000000000004,0.8660254037844384,0.7818314824680298,0.6234898018587336
0.22204105856405273,-2.2466732057599303,0.09747940632609654,-0.9536224433821086,0.766148316752265,-0.09730364620062269,1.3042093062739397,-0.6841423458248278,1.0377986408367232,-0.6826680894736445,-0.6525136639846563,0.36629706479709595,-0.6505684099646967,0.0,0.0,0.0,0.0,-0.9310122059382657,0.0,0.4791359060656204,1.3047414900806136,-0.6829968743182837,-0.651087827846492,0.49999999999999994,0.8660254037844387,-0.25881904510252157,0.9659258262890681,0.7818314824680298,0.6234898018587336
0.1537039943234994,-2.2466732057599303,0.5188151265545653,-1.085470348801107,0.6043335700820621,-0.582660987715441,1.1424450030415483,-0.6841423458248278,1.3394551851620191,-0.6826680894736445,-0.6525136639846563,0.7761131392387791,-0.6505684099646967,0.0,0.0,0.0,0.0,-1.036256802822083,0.0,0.4370371440291947,1.3047414900806136,-0.6829968743182837,-0.651087827846492,0.49999999999999994,0.8660254037844387,-2.4492935982947064e-16,1.0,0.7818314824680298,0.6234898018587336
0.26045418838948536,-1.2202480043365496,0.9664843292973129,-1.1382095109687063,-0.6901844032795607,-0.47480380071214795,0.9806806998091566,-0.6841423458248278,1.5134878068881514,-0.6826680894736445,-0.6525136639846563,1.1312870704215712,-0.6505684099646967,0.0,0.0,0.0,0.0,-1.2204348473687636,0.0,0.4191626130155174,1.3047414900806136,-0.6829968743182837,-0.651087827846492,0.49999999999999994,0.8660254037844387,0.25881904510252074,0.9659258262890683,0.9749279121818236,-0.22252093395631434
0.2696813381749378,-1.0886550297950905,0.6768160216402405,-1.2173182542201055,-0.7980609010596958,0.22626791480925612,0.9806806998091566,-0.5141748518124991,1.412935625446386,-0.6826680894736445,-0.6525136639846563,1.6298966276589524,-0.6505684099646967,0.0,0.0,0.0,0.0,-1.509857488799261,0.0,0.41261955882773993,1.3047414900806136,-0.6829968743182837,-0.651087827846492,0.49999999999999994,0.8660254037844387,0.49999999999999994,0.8660254037844387,0.9749279121818236,-0.22252093395631434
0.13490071928184286,-1.2202480043365496,0.5188151265545653,-1.2964269974715044,1.5212838012132117,0.33412510181254906,1.1424450030415483,-0.3326186650266025,0.9797877669280126,-0.6826680894736445,-0.6252137137915836,1.6538025653347173,-0.6505684099646967,0.0,0.0,0.0,0.0,-1.825591279450713,0.0,0.4077529750037351,0.6035666316637451,-0.6829968743182837,-0.651087827846492,0.49999999999999994,0.8660254037844387,0.7071067811865476,0.7071067811865476,0.9749279121818236,-0.22252093395631434
0.4561695373127533,-0.7991504858038802,0.22914681889749292,-1.3755357407229036,1.305530805652941,0.6576966628224279,1.1424450030415483,0.8571537930596984,0.3107290211808819,-0.6826680894736445,1.3813326253992528,1.165438409958378,-0.6505684099646967,0.0,0.8787878787878787,0.0,0.0,-2.11501392088121,0.0,0.409304469421536,0.9271857970869152,-0.6829968743182837,-0.651087827846492,0.49999999999999994,0.8660254037844387,0.8660254037844386,0.5000000000000001,0.9749279121818236,-0.22252093395631434
0.1341255931189469,0.09568174107804124,-0.1921889013309754,-1.5073836461419021,-0.09686366548881685,0.9812682238323067,1.1424450030415483,1.0348470822544056,-0.2964514590636239,-0.6826680894736445,0.3644094807072983,0.376542466658138,-0.6505684099646967,0.0,0.8787878787878787,0.0,0.0,-2.246569666985982,0.0,0.4976727583732986,0.7653762143753301,-0.6829968743182837,-0.651087827846492,0.49999999999999994,0.8660254037844387,0.9659258262890683,0.25881904510252074,0.9749279121818236,-0.22252093395631434
0.5808048598305394,0.5167792596107107,-0.5081906915023265,-1.6656011326447004,-0.5823079054994255,1.1430540043372461,0.9267592653983594,1.3361530943671702,-0.6445167025158884,-0.6826680894736445,0.7739087336033873,-0.5796950403724561,-0.6505684099646967,0.0,0.8787878787878787,0.0,0.0,-2.246569666985982,0.0,0.6711374762552105,0.6035666316637451,-0.6829968743182837,-0.651087827846492,0.49999999999999994,0.8660254037844387,1.0,6.123233995736766e-17,0.9749279121818236,-0.22252093395631434
0.16050566608027336,0.9641953730516715,-0.7978589991593985,-1.6656011326447004,-0.47443140771929015,1.3048397848421855,0.9267592653983594,1.5099834859706882,-0.6831906184550289,-0.6749219814297444,1.1288080861133312,-0.6514128533997506,-0.6266538375073278,0.0,0.8787878787878787,0.0,0.0,-1.2204348473687636,0.0,0.6343522407085889,-0.6909100300289351,-0.6829968743182837,-0.651087827846492,0.49999999999999994,0.8660254037844387,0.9659258262890683,-0.25881904510252063,0.9749279121818236,-0.22252093395631434
0.23671413267802274,0.6746908290604611,-0.7978589991593985,-1.3755357407229036,0.22676582785158886,1.3048397848421855,0.9806806998091566,1.4095481485997665,-0.6831906184550289,-0.4038081998932362,1.6270321771369063,-0.6514128533997506,0.5656584178672025,0.0,0.8787878787878787,0.0,0.0,-1.088879101263992,0.08450118932970936,0.5605723324665431,-0.7987830851699919,-0.5126400709128975,-0.651087827846492,0.49999999999999994,0.8660254037844387,0.8660254037844387,-0.4999999999999998,0.9749279121818236,-0.22252093395631434
0.25499970047736203,0.5167792596107107,-0.7978589991593985,-0.6371874703765118,0.3346423256317241,1.3048397848421855,0.3336234868795902,0.9769036183865663,-0.6831906184550289,0.29334152405778474,1.6509196335558447,-0.6514128533997506,1.631565075967069,0.0,0.0,0.0,0.0,-1.2204348473687636,0.2533455752123849,0.5710529996864844,1.520487600362727,-0.33066803091168967,-0.6237401254618664,0.49999999999999994,0.8660254037844387,0.7071067811865476,-0.7071067811865475,0.9749279121818236,-0.22252093395631434
0.23302441228679055,0.22727471561950033,-0.8768594467022365,-0.18890459195191697,0.6582718189721298,1.3048397848421855,0.4953877901119818,0.3086223351108194,-0.6831906184550289,0.9595068158332047,1.162933023854672,-0.6514128533997506,2.0449455427301584,0.8787878787878787,0.0,0.0,0.0,-0.7994564598334941,0.45955386245839364,0.597279816584482,1.3047414900806136,0.8618295929260132,1.386315999808108,0.49999999999999994,0.8660254037844387,0.49999999999999994,-0.8660254037844387,0.9749279121818236,-0.22252093395631434
0.2049882555219575,-0.19382280291316867,-0.9558598942450744,0.23300870538887822,0.9819013123125355,1.3048397848421855,-0.09774798840678739,-0.2978525867058989,-0.6831906184550289,1.3623044341160169,0.3746469620297005,-0.6514128533997506,1.8604616980590276,0.8787878787878787,0.0,0.0,0.0,0.09512261367895261,0.6082222980055364,0.6313279252553695,-0.09760822675312336,1.0399298873952807,0.36761408598080797,0.49999999999999994,0.8660254037844387,0.258819045102521,-0.9659258262890682,0.9749279121818236,-0.22252093395631434
0.20109830859235978,-0.5096459418126703,-1.0875273068164708,0.23300870538887822,1.1437160589827384,1.1430540043372461,0.1718591836471986,-0.6455133699129348,-0.6831906184550289,1.5404649191257223,-0.5808512947278406,-0.6514128533997506,1.7818852456991014,0.8787878787878787,0.0,0.0,0.0,0.5161010012142222,0.6974632706375421,0.6460978796242955,-0.5830369748878784,1.341926038886647,0.7778296217501904,0.49999999999999994,0.8660254037844387,1.2246467991473532e-16,-1.0,0.9749279121818236,-0.22252093395631434
0.19731706254163675,-0.7991504858038802,-1.1401942718450293,0.23300870538887822,1.305530805652941,0.9812682238323067,0.1718591836471986,-0.6841423458248278,-0.6831906184550289,1.4475116225989193,-0.6525136639846563,-0.6514128533997506,1.2967610615639058,0.8787878787878787,0.0,0.0,0.0,0.9633905379704456,0.7112114361917267,0.6563566633204867,-0.47516391974682176,1.5161545878239737,1.133349752750322,0.49999999999999994,0.8660254037844387,-0.2588190451025208,-0.9659258262890683,0.9749279121818236,-0.22252093395631434
0.1967335787397124,-0.7991504858038802,-1.2191947193878672,0.1011607999698797,1.305530805652941,0.9812682238323067,0.4953877901119818,-0.6841423458248278,-0.6831906184550289,1.6179259995647246,-0.6525136639846563,-0.6514128533997506,1.7682197757234621,0.8787878787878787,0.0,0.0,0.0,0.6739678965399476,0.6568009191494217,0.647442702754393,0.2260109386700467,1.4154892039935183,1.6324453212697374,0.49999999999999994,0.8660254037844387,-0.4999999999999997,-0.8660254037844388,0.9749279121818236,-0.22252093395631434
0.24116465625243688,-0.7991504858038802,-1.2981951669307048,-0.05705668653291797,1.305530805652941,1.1430540043372461,0.4953877901119818,-0.6841423458248278,-0.6831906184550289,0.9362684917015041,-0.6525136639846563,-0.6514128533997506,1.3821702489116514,0.0,0.0,0.0,0.0,0.5161010012142222,0.5189868601099624,0.6513465620372143,0.3338839938111034,0.9818537044161717,1.6563745608562848,0.49999999999999994,0.8660254037844387,-0.7071067811865471,-0.7071067811865479,0.9749279121818236,-0.22252093395631434
0.33435154799379035,-0.8781062705287559,-1.3771956144735429,-0.05705668653291797,1.305530805652941,1.1430540043372461,0.4953877901119818,-0.6841423458248278,-0.6831906184550289,0.33981817232118616,-0.6525136639846563,-0.6514128533997506,1.1806045667709717,0.0,0.0,0.8787878787878787,0.8787878787878787,0.22667835978372425,0.2558041556929873,0.6615693895391137,0.6575031592342735,0.31204172739044894,1.167534380731104,0.49999999999999994,0.8660254037844387,-0.8660254037844385,-0.5000000000000004,0.9749279121818236,-0.22252093395631434
0.4612035515536878,-0.9570620552536315,-1.5088630270449392,-0.18890459195191697,1.305530805652941,1.1430540043372461,0.4953877901119818,-0.6841423458248278,-0.6831906184550289,-0.264378255103032,-0.6525136639846563,-0.6514128533997506,0.81505324492262,0.0,0.0,0.8787878787878787,0.8787878787878787,-0.19430002775154487,0.00028272391627731923,0.6693906300923536,0.9811223246574435,-0.2958223211242243,0.37786947437504254,0.49999999999999994,0.8660254037844387,-0.9659258262890683,-0.25881904510252063,0.9749279121818236,-0.22252093395631434
0.431937513161963,-1.0886550297950905,-1.6668639221306147,-0.5053395649575132,1.1437160589827384,0.9273396303306602,0.6571520933443734,-0.6841423458248278,-0.6831906184550289,-0.6361914412102432,-0.6525136639846563,-0.6514128533997506,-0.602739265049959,0.0,0.0,0.8787878787878787,0.8787878787878787,-0.5100338184029966,0.0,0.6856202420466511,1.1429319073690285,-0.6442794189988778,-0.57930010908685,0.49999999999999994,0.8660254037844387,-1.0,-1.8369701987210297e-16,0.9749279121818236,-0.22252093395631434
0.3967564582688185,-1.141292219611674,-1.6668639221306147,-0.5053395649575132,0.9819013123125355,0.9273396303306602,0.6571520933443734,-0.6841423458248278,-0.6754558352672009,-0.6826680894736445,-0.6525136639846563,-0.6275069157239859,-0.6505684099646967,0.0,0.0,0.8787878787878787,0.8787878787878787,-0.7994564598334941,0.0,0.7040195183744602,1.3047414900806136,-0.6829968743182837,-0.651087827846492,0.49999999999999994,0.8660254037844387,-0.9659258262890684,0.2588190451025203,0.9749279121818236,-0.22252093395631434
0.4805159599571619,-1.2202480043365496,-1.3771956144735429,-0.6371874703765118,0.9819013123125355,0.9812682238323067,0.9806806998091566,-0.6841423458248278,-0.40473842369321733,-0.6826680894736445,-0.6525136639846563,0.5643748341105761,-0.6505684099646967,0.0,0.0,0.8787878787878787,0.8787878787878787,-0.7994564598334941,0.0,0.6866855083271113,1.3047414900806136,-0.6829968743182837,-0.651087827846492,0.49999999999999994,0.8660254037844387,-0.8660254037844386,0.5000000000000001,0.9749279121818236,-0.22252093395631434
0.45925860554727327,-1.2992037890614248,-0.6398581040737229,-0.7954049568793099,1.1437160589827384,0.33412510181254906,0.9806806998091566,-0.6841423458248278,0.29139206321131167,-0.6826680894736445,-0.6525136639846563,1.6298966276589524,-0.6505684099646967,0.0,0.0,0.0,0.0,-0.7994564598334941,0.0,0.6233182476098221,1.3047414900806136,-0.6829968743182837,-0.651087827846492,0.49999999999999994,0.8660254037844387,-0.7071067811865477,0.7071067811865474,0.9749279121818236,-0.22252093395631434
0.45841196059015205,-1.3781595737863004,-0.1921889013309754,-0.7954049568793099,1.1437160589827384,0.4959108823174885,0.9806806998091566,-0.6841423458248278,0.9565834173645283,-0.6826680894736445,-0.6525136639846563,2.043127836054316,-0.6505684099646967,0.0,0.0,0.0,0.0,-0.8783899074963573,0.0,0.5169967030423498,1.3047414900806136,-0.6829968743182837,-0.651087827846492,0.49999999999999994,0.8660254037844387,-0.5000000000000004,0.8660254037844384,0.9749279121818236,-0.22252093395631434
0.36039888025408645,-1.5097525483277596,0.22914681889749292,-0.7954049568793099,1.1437160589827384,-0.09730364620062269,1.1424450030415483,-0.6841423458248278,1.3587921431315895,-0.6826680894736445,-0.6525136639846563,1.8587106025555589,-0.6505684099646967,0.0,0.0,0.0,0.0,-0.9573233551592204,0.0,0.49814700111254184,1.3047414900806136,-0.6829968743182837,-0.651087827846492,0.49999999999999994,0.8660254037844387,-0.25881904510252157,0.9659258262890681,0.9749279121818236,-0.22252093395631434
0.29520047409011135,-1.6676641177775104,0.22914681889749292,-0.7954049568793099,0.9279630634224678,0.17233932130760965,1.1424450030415483,-0.6841423458248278,1.5366921564516358,-0.6826680894736445,-0.6525136639846563,1.780162521620903,-0.6505684099646967,0.0,0.0,0.0,0.0,-1.088879101263992,0.0,0.45862545820458633,1.1429319073690285,-0.6829968743182837,-0.651087827846492,0.49999999999999994,0.8660254037844387,-2.4492935982947064e-16,1.0,0.9749279121818236,-0.22252093395631434
0.1450317201358217,-1.6676641177775104,0.22914681889749292,-1.2173182542201055,0.9279630634224678,0.17233932130760965,1.3042093062739397,-0.6764165506424492,1.4438747581976985,-0.6826680894736445,-0.6286262075657176,1.2952135001982445,-0.6505684099646967,0.0,0.0,0.0,0.0,-1.1415013997059005,0.0,0.4354380153369046,0.9811223246574435,-0.6829968743182837,-0.651087827846492,0.8660254037844386,0.5000000000000001,0.25881904510252074,0.9659258262890683,0.43388373911755823,-0.900968867902419
0.1450717647570352,-1.3781595737863004,0.09747940632609654,-1.2173182542201055,0.9819013123125355,0.4959108823174885,1.1424450030415483,-0.406013719259199,1.6140399883299168,-0.6826680894736445,0.5623341196070747,1.7665019858061801,-0.6505684099646967,0.0,0.0,0.0,0.0,-1.2204348473687636,0.0,0.4345665642120007,0.9811223246574435,-0.6829968743182837,-0.651087827846492,0.8660254037844386,0.5000000000000001,0.49999999999999994,0.8660254037844387,0.43388373911755823,-0.900968867902419
0.1438876185015045,-0.6412389163541294,-0.06052148875957856,-1.3755357407229036,0.3346423256317241,0.4959108823174885,1.1424450030415483,0.28930784715487295,0.933379067801044,-0.6826680894736445,1.6270321771369063,1.3805918490402618,-0.6505684099646967,0.0,0.0,0.0,0.0,-1.2993682950316263,0.0,0.4424525976224759,1.1429319073690285,-0.6829968743182837,-0.651087827846492,0.8660254037844386,0.5000000000000001,0.7071067811865476,0.7071067811865476,0.43388373911755823,-0.900968867902419
0.14281216969255048,-0.19382280291316867,-0.06052148875957856,-1.5073836461419021,0.4964570723019269,0.4959108823174885,1.3042093062739397,0.9537262328394306,0.33780076233828027,-0.6826680894736445,2.0399439238071295,1.179098945773101,-0.6505684099646967,0.0,0.8787878787878787,0.0,0.0,-1.3783017426944895,0.0,0.4663232081817038,1.1429319073690285,-0.6829968743182837,-0.651087827846492,0.8660254037844386,0.5000000000000001,0.8660254037844386,0.5000000000000001,0.43388373911755823,-0.900968867902419
0.5253074836806823,0.22727471561950033,-0.1921889013309754,-1.8238186191474985,-0.09686366548881685,0.4959108823174885,1.5198950439171286,1.3554675823231166,-0.26551232631231153,-0.6826680894736445,1.8556692600038893,0.8136796127292667,-0.6505684099646967,0.0,0.8787878787878787,0.0,0.0,-1.509857488799261,0.0,0.5344906208369629,1.1429319073690285,-0.6829968743182837,-0.651087827846492,0.8660254037844386,0.5000000000000001,0.9659258262890683,0.25881904510252074,0.43388373911755823,-0.900968867902419
0.24709110230632428,0.22727471561950033,-0.5081906915023265,-1.8238186191474985,0.17282757896152123,0.6576966628224279,1.3042093062739397,1.5331608715178238,-0.6367819193280604,-0.6826680894736445,1.7771819031988056,-0.603600978048221,-0.6505684099646967,0.0,0.8787878787878787,0.0,0.0,-1.6677243841249871,0.0,0.6707203946453544,0.9271857970869152,-0.6829968743182837,-0.651087827846492,0.8660254037844386,0.5000000000000001,1.0,6.123233995736766e-17,0.43388373911755823,-0.900968867902419
0.48736339454368127,0.22727471561950033,-0.5081906915023265,-1.8238186191474985,0.17282757896152123,0.6576966628224279,1.1424450030415483,1.4404513293292809,-0.6831906184550289,-0.6826680894736445,1.292607787271767,-0.6514128533997506,-0.6505684099646967,0.0,0.8787878787878787,0.0,0.0,-1.6677243841249871,0.01969643327747507,0.6254893973531835,0.9271857970869152,-0.6752533832544025,-0.6271585882599446,0.8660254037844386,0.5000000000000001,0.9659258262890683,-0.25881904510252063,0.43388373911755823,-0.900968867902419
0.20625818520236083,0.09568174107804124,-0.6398581040737229,-1.5073836461419021,0.4964570723019269,0.9812682238323067,1.1424450030415483,1.6104188233416097,-0.6831906184550289,-0.5161267665297895,1.7635319281022692,-0.6514128533997506,-0.5754083250986803,0.0,0.8787878787878787,0.0,0.0,-1.3783017426944895,0.06665632096702916,0.6027507410587007,0.9811223246574435,-0.40423119601856095,0.5658849282693429,0.8660254037844386,0.5000000000000001,0.8660254037844387,-0.4999999999999998,0.43388373911755823,-0.900968867902419
0.2615353588392693,-0.06222982837170911,-0.7978589991593985,-1.2173182542201055,0.4964570723019269,0.9812682238323067,0.7649949621659677,0.9305488472922948,-0.6831906184550289,0.11130798502612929,1.3779201316251188,-0.6514128533997506,0.38459094068998156,0.0,0.0,0.0,0.0,-0.6415895645077683,0.25881433386041053,0.6381871583425258,0.3338839938111034,0.29268299973074596,1.6324453212697374,0.8660254037844386,0.5000000000000001,0.7071067811865476,-0.7071067811865475,0.43388373911755823,-0.900968867902419
0.23363649399597047,-0.06222982837170911,-0.7978589991593985,-0.6371874703765118,0.4964570723019269,0.9812682238323067,0.6032306589335762,0.3356626182491444,-0.6831906184550289,0.6302972239674449,1.1765829989512082,-0.6514128533997506,0.7262276900809644,0.8787878787878787,0.0,0.0,0.0,-0.19430002775154487,0.4700534570389501,0.6119179315743378,0.4956935765226884,0.9586232312245281,2.0460793198371983,0.8660254037844386,0.5000000000000001,0.49999999999999994,-0.8660254037844387,0.43388373911755823,-0.900968867902419
0.2345918261027742,-0.19382280291316867,-0.7978589991593985,0.1011607999698797,0.4964570723019269,1.1430540043372461,0.1718591836471986,-0.2669494059763846,-0.6831906184550289,1.2422397594355632,0.8114461651188621,-0.6514128533997506,1.2420991816613485,0.8787878787878787,0.0,0.0,0.0,0.22667835978372425,0.6217043438527385,0.5560519934764604,-0.09760822675312336,1.36128476654635,1.861482328740976,0.8660254037844386,0.5000000000000001,0.258819045102521,-0.9659258262890682,0.43388373911755823,-0.900968867902419
0.17700357636310377,-0.5096459418126703,-0.7978589991593985,0.23300870538887822,0.6582718189721298,1.1430540043372461,0.3336234868795902,-0.6377875747305563,-0.6831906184550289,1.5753224053232733,-0.6047387511467791,-0.6514128533997506,1.4880776412228562,0.8787878787878787,0.0,0.0,0.0,0.22667835978372425,0.7045424646266479,0.549894930570996,0.17207441109951835,1.5393850610156172,1.7828576843851778,0.8660254037844386,0.5000000000000001,1.2246467991473532e-16,-1.0,0.43388373911755823,-0.900968867902419
0.13860188295473497,-0.5096459418126703,-1.2191947193878672,0.1011607999698797,0.6582718189721298,1.3048397848421855,0.3336234868795902,-0.6841423458248278,-0.6831906184550289,1.6101798915208243,-0.6525136639846563,-0.6514128533997506,1.511992213680225,0.8787878787878787,0.0,0.0,0.0,0.22667835978372425,0.6480254082719616,0.5380723085213567,0.17207441109951835,1.446463168249043,1.297435967058075,0.8660254037844386,0.5000000000000001,-0.2588190451025208,-0.9659258262890683,0.43388373911755823,-0.900968867902419
0.27156911925752353,-0.6412389163541294,-1.2191947193878672,0.1011607999698797,0.9819013123125355,1.1430540043372461,0.4953877901119818,-0.6841423458248278,-0.6831906184550289,1.3777966502038173,-0.6525136639846563,-0.6514128533997506,1.4026684538751104,0.8787878787878787,0.0,0.0,0.0,0.09512261367895261,0.5798168598289681,0.5336541015133511,0.4956935765226884,1.6168199716544291,1.769183833192865,0.8660254037844386,0.5000000000000001,-0.4999999999999997,-0.8660254037844388,0.43388373911755823,-0.900968867902419
0.2290543761147658,-0.7991504858038802,-1.3771956144735429,0.1011607999698797,0.9819013123125355,1.1430540043372461,0.4953877901119818,-0.6841423458248278,-0.6831906184550289,0.9052840595259032,-0.6525136639846563,-0.6514128533997506,1.1464408918318734,0.0,0.0,0.0,0.0,-0.06274428164677277,0.38178260662243985,0.5488570155836296,0.4956935765226884,0.9353927580328846,1.3828975370100298,0.8660254037844386,0.5000000000000001,-0.7071067811865471,-0.7071067811865479,0.43388373911755823,-0.900968867902419
0.19080713611812303,-0.7991504858038802,-1.5088630270449392,0.1011607999698797,0.9819013123125355,1.3048397848421855,0.3336234868795902,-0.6841423458248278,-0.6831906184550289,0.26623014590413396,-0.6525136639846563,-0.6514128533997506,0.654483972708858,0.0,0.0,0.8787878787878787,0.8787878787878787,-0.06274428164677277,0.11406523676750956,0.5496852373239433,0.4956935765226884,0.3391439461140331,1.1812082319234167,0.8660254037844386,0.5000000000000001,-0.8660254037844385,-0.5000000000000004,0.43388373911755823,-0.900968867902419
0.1913963484254734,-0.7991504858038802,-1.8248648172162902,-0.18890459195191697,1.1437160589827384,1.5205541588487714,0.6571520933443734,-0.6841423458248278,-0.6831906184550289,-0.37669682173958535,-0.6525136639846563,-0.6514128533997506,-0.29868255809198424,0.0,0.0,0.8787878787878787,0.8787878787878787,-0.19430002775154487,0.0009590439083413586,0.6096666230787443,0.4956935765226884,-0.26484835686869956,0.8154327125290506,0.8660254037844386,0.5000000000000001,-0.9659258262890683,-0.25881904510252063,0.43388373911755823,-0.900968867902419
0.1675990797380095,-0.7991504858038802,-1.8248648172162902,-0.3471220784547151,1.1437160589827384,1.3048397848421855,0.818916396576765,-0.6841423458248278,-0.6831906184550289,-0.6594297653419439,-0.6525136639846563,-0.6514128533997506,-0.6471520424707868,0.0,0.0,0.8787878787878787,0.8787878787878787,-0.5100338184029966,0.0,0.6284092247204264,0.6575031592342735,-0.6365359279349966,-0.6032293486733973,0.8660254037844386,0.5000000000000001,-1.0,-1.8369701987210297e-16,0.43388373911755823,-0.900968867902419
0.2452376613656123,-1.2202480043365496,-1.8248648172162902,-0.5053395649575132,1.305530805652941,1.1430540043372461,0.9806806998091566,-0.6841423458248278,-0.6831906184550289,-0.6826680894736445,-0.6525136639846563,-0.6514128533997506,-0.6505684099646967,0.0,0.0,0.8787878787878787,0.8787878787878787,-0.5100338184029966,0.0,0.6136248776298536,0.6575031592342735,-0.6829968743182837,-0.651087827846492,0.8660254037844386,0.5000000000000001,-0.9659258262890684,0.2588190451025203,0.43388373911755823,-0.900968867902419
0.24889305877646092,-1.2202480043365496,-1.5088630270449392,-0.5053395649575132,1.1437160589827384,1.1430540043372461,0.9806806998091566,-0.6841423458248278,-0.5168927799167248,-0.6826680894736445,-0.6525136639846563,-0.5762799064187755,-0.6505684099646967,0.0,0.0,0.8787878787878787,0.8787878787878787,-0.6415895645077683,0.0,0.56516268871816,0.9811223246574435,-0.6829968743182837,-0.651087827846492,0.8660254037844386,0.5000000000000001,-0.8660254037844386,0.5000000000000001,0.43388373911755823,-0.900968867902419
0.26929807061448474,-1.3781595737863004,-1.2191947193878672,-0.5053395649575132,1.1437160589827384,0.7655538498257208,0.9806806998091566,-0.6841423458248278,0.10962465829735134,-0.6826680894736445,-0.6525136639846563,0.3833727345654994,-0.6505684099646967,0.0,0.0,0.0,0.0,-0.7994564598334941,0.0,0.5140460414458138,0.9811223246574435,-0.6829968743182837,-0.651087827846492,0.8660254037844386,0.5000000000000001,-0.7071067811865477,0.7071067811865474,0.43388373911755823,-0.900968867902419
0.3260854416590775,-1.5097525483277596,-0.6398581040737229,-0.5053395649575132,1.305530805652941,0.6037680693207814,0.9806806998091566,-0.6841423458248278,0.6278551318818341,-0.6826680894736445,-0.6525136639846563,0.7248861299335687,-0.6505684099646967,0.0,0.0,0.0,0.0,-0.7994564598334941,0.0,0.4551731513560633,0.9811223246574435,-0.6829968743182837,-0.651087827846492,0.8660254037844386,0.5000000000000001,-0.5000000000000004,0.8660254037844384,0.43388373911755823,-0.900968867902419
0.3942165577204354,-1.8255756872272613,0.09747940632609654,-0.6371874703765118,1.5212838012132117,0.17233932130760965,0.9806806998091566,-0.6841423458248278,1.2389030037202537,-0.6826680894736445,-0.6525136639846563,1.2405713569393535,-0.6505684099646967,0.0,0.0,0.0,0.0,-0.7994564598334941,0.0,0.3544815170563739,1.1429319073690285,-0.6829968743182837,-0.651087827846492,0.8660254037844386,0.5000000000000001,-0.25881904510252157,0.9659258262890681,0.43388373911755823,-0.900968867902419
0.1965619535409005,-1.8255756872272613,0.22914681889749292,-0.05705668653291797,1.305530805652941,0.33412510181254906,-1.1761766766227313,-0.6841423458248278,1.5714986807968623,-0.6826680894736445,-0.6525136639846563,1.4864610016043633,-0.6505684099646967,0.0,0.0,0.0,0.0,-0.7994564598334941,0.0,0.37403436234122356,1.1429319073690285,-0.6829968743182837,-0.651087827846492,0.8660254037844386,0.5000000000000001,-2.4492935982947064e-16,1.0,0.43388373911755823,-0.900968867902419
0.21784792301953493,-1.8255756872272613,0.09747940632609654,-1.085470348801107,1.1437160589827384,0.33412510181254906,1.1424450030415483,-0.6841423458248278,1.6063052051420885,-0.6826680894736445,-0.6525136639846563,1.5103669392801282,-0.6505684099646967,0.0,0.0,0.0,0.0,-1.2204348473687636,0.0,0.37274526619031356,1.3047414900806136,-0.6829968743182837,-0.651087827846492,0.8660254037844386,0.5000000000000001,0.25881904510252074,0.9659258262890683,-0.433883739117558,-0.9009688679024191
0.10633255975336278,-1.5097525483277596,0.09747940632609654,-1.3755357407229036,1.1437160589827384,0.4959108823174885,1.1424450030415483,-0.5180377494036883,1.3742617095072456,-0.6826680894736445,-0.5774388009537066,1.401082652762346,-0.6505684099646967,0.0,0.0,0.0,0.0,-1.2204348473687636,0.0,0.33989989734045545,1.1429319073690285,-0.6829968743182837,-0.651087827846492,0.8660254037844386,0.5000000000000001,0.49999999999999994,0.8660254037844387,-0.433883739117558,-0.9009688679024191
0.10606941575965616,-1.2202480043365496,0.09747940632609654,-1.2173182542201055,0.766148316752265,0.4959108823174885,0.9806806998091566,0.10775166036897639,0.9024399350497316,-0.6826680894736445,0.38147194957796865,1.144947606236294,-0.6505684099646967,0.0,0.0,0.0,0.0,-1.3783017426944895,0.0,0.36243864334103315,1.1429319073690285,-0.6829968743182837,-0.651087827846492,0.8660254037844386,0.5000000000000001,0.7071067811865476,0.7071067811865476,-0.433883739117558,-0.9009688679024191
0.10566326163588344,-0.6412389163541294,0.09747940632609654,-1.5073836461419021,0.6043335700820621,0.33412510181254906,1.1424450030415483,0.6253799375883411,0.2643203220539133,-0.6826680894736445,0.7227213269913761,0.6531683169062742,-0.6505684099646967,0.0,0.8787878787878787,0.0,0.0,-1.509857488799261,0.0,0.3596299113946152,1.3047414900806136,-0.6829968743182837,-0.651087827846492,0.8660254037844386,0.5000000000000001,0.8660254037844386,0.5000000000000001,-0.433883739117558,-0.9009688679024191
0.10526854736147254,0.09568174107804124,-0.1921889013309754,-1.6656011326447004,0.17282757896152123,0.6576966628224279,1.1424450030415483,1.2357177569962485,-0.377666682535819,-0.6826680894736445,1.2380078868856217,-0.2996540561706393,-0.6505684099646967,0.0,0.8787878787878787,0.0,0.0,-1.825591279450713,0.0,0.4238081328301718,1.520487600362727,-0.6829968743182837,-0.651087827846492,0.8660254037844386,0.5000000000000001,0.9659258262890683,0.25881904510252074,-0.433883739117558,-0.9009688679024191
0.230890655565286,0.22727471561950033,-0.350189796416651,-1.8238186191474985,0.3346423256317241,0.8194824433273673,0.7649949621659677,1.5679269498385275,-0.6599862688915447,-0.6826680894736445,1.4837074386232751,-0.64799771944607,-0.6505684099646967,0.0,0.8787878787878787,0.0,0.0,-1.825591279450713,0.0,0.5355637237238713,1.3047414900806136,-0.6829968743182837,-0.651087827846492,0.8660254037844386,0.5000000000000001,1.0,6.123233995736766e-17,-0.433883739117558,-0.9009688679024191
0.3733252922193177,0.09568174107804124,-0.5081906915023265,-1.8238186191474985,0.3346423256317241,0.9812682238323067,0.6032306589335762,1.602693028159231,-0.6831906184550289,-0.6749219814297444,1.5075948950422136,-0.6514128533997506,-0.6471520424707868,0.0,0.8787878787878787,0.0,0.0,-1.825591279450713,0.0,0.5828053995959895,1.1429319073690285,-0.6829968743182837,-0.651087827846492,0.8660254037844386,0.5000000000000001,0.9659258262890683,-0.25881904510252063,-0.433883739117558,-0.9009688679024191
0.5166580926240263,0.09568174107804124,-0.5081906915023265,-1.085470348801107,0.4964570723019269,0.9812682238323067,-0.15166942281758458,1.3709191726878738,-0.6831906184550289,-0.42704652402493687,1.3983950942699233,-0.6514128533997506,-0.04245499604874707,0.0,0.8787878787878787,0.0,0.0,-1.509857488799261,0.1543894291643144,0.5438689899695022,1.1429319073690285,-0.5165118164448381,-0.5758816462887718,0.8660254037844386,0.5000000000000001,0.8660254037844387,-0.4999999999999998,-0.433883739117558,-0.9009688679024191
0.5560608397813677,0.09568174107804124,-0.5081906915023265,-0.18890459195191697,0.4964570723019269,0.9812682238323067,-0.8526480701579482,0.8996456665627806,-0.6831906184550289,0.17714990339928127,1.1424580612098676,-0.6514128533997506,0.9380424747033738,0.0,0.0,0.0,0.0,-1.2204348473687636,0.2293556193753241,0.5092036332966036,0.7653762143753301,0.11071095972953805,0.3847063999711989,0.8660254037844386,0.5000000000000001,0.7071067811865476,-0.7071067811865475,-0.433883739117558,-0.9009688679024191
0.3769235075448474,0.09568174107804124,-0.5081906915023265,0.681291583813473,0.3346423256317241,0.9812682238323067,-1.607548151909109,0.26226756401654794,-0.6831906184550289,0.866553519306402,0.6510589577345606,-0.6514128533997506,1.3104265315395451,0.8787878787878787,0.0,0.0,0.0,-0.6415895645077683,0.4067399306114351,0.44755243573252823,0.6035666316637451,0.6295248610095776,0.7265526797790177,0.8660254037844386,0.5000000000000001,0.49999999999999994,-0.8660254037844387,-0.433883739117558,-0.9009688679024191
0.378039004407313,-0.19382280291316867,-0.6398581040737229,1.2614223676570673,0.6582718189721298,0.9812682238323067,-2.0389196271954866,-0.378973436120874,-0.6831906184550289,1.2616050295453138,-0.30102680524884645,-0.6514128533997506,1.392419351393381,0.8787878787878787,0.0,0.0,0.0,0.09512261367895261,0.5853715532428873,0.4069430386784675,0.17207441109951835,1.2412606550561915,1.2427405622888241,0.8660254037844386,0.5000000000000001,0.258819045102521,-0.9659258262890682,-0.433883739117558,-0.9009688679024191
0.3758423336627654,-0.3517343723629195,-0.06052148875957856,1.7097052460816622,0.8200865656423326,-1.1758755162335521,-2.2546053648386755,-0.660964960277692,-0.6831906184550289,1.6760218098939763,-0.6491011702105222,-0.6514128533997506,1.5564049911010527,0.8787878787878787,0.0,0.0,0.0,0.22667835978372425,0.6610972050858267,0.3991133468829794,0.3338839938111034,1.5742307708030825,1.4888698837504537,0.8660254037844386,0.5000000000000001,1.2246467991473532e-16,-1.0,-0.433883739117558,-0.9009688679024191
0.27826779804706053,-0.5096459418126703,-1.0875273068164708,1.2614223676570673,0.9819013123125355,1.1430540043372461,-1.0144123733903398,-0.6841423458248278,-0.6831906184550289,1.6760218098939763,-0.6525136639846563,-0.6514128533997506,1.6759778533878968,0.8787878787878787,0.0,0.0,0.0,0.09512261367895261,0.5420316399594346,0.4218249079826182,0.3338839938111034,1.609076480590548,1.5127991233370008,0.8660254037844386,0.5000000000000001,-0.2588190451025208,-0.9659258262890683,-0.433883739117558,-0.9009688679024191
0.2524912397790103,-0.5096459418126703,-1.3771956144735429,0.8131394892324716,0.9819013123125355,1.1430540043372461,-0.2055908572283818,-0.6841423458248278,-0.6831906184550289,1.3816697042257675,-0.6525136639846563,-0.6514128533997506,1.494910376210676,0.8787878787878787,0.0,0.0,0.0,0.09512261367895261,0.4873827700248893,0.4500423253577679,0.4956935765226884,1.3767717486741122,1.403408313798499,0.8660254037844386,0.5000000000000001,-0.4999999999999997,-0.8660254037844388,-0.433883739117558,-0.9009688679024191
0.203089041454606,-0.5096459418126703,-1.2191947193878672,0.8131394892324716,0.9819013123125355,0.9812682238323067,-0.6908837669255565,-0.6841423458248278,-0.6831906184550289,0.8123307629991003,-0.6525136639846563,-0.6514128533997506,0.7091458526114153,0.0,0.0,0.0,0.0,0.09512261367895261,0.2741978410696176,0.4786718560367248,0.4956935765226884,0.9044187937773598,1.147023603942635,0.8660254037844386,0.5000000000000001,-0.7071067811865471,-0.7071067811865479,-0.433883739117558,-0.9009688679024191
0.21289968190657885,-0.5096459418126703,-1.5088630270449392,0.9713569757352701,0.9819013123125355,1.1430540043372461,-0.9065695045687454,-0.6841423458248278,-0.6831906184550289,0.3746756585187372,-0.6525136639846563,-0.6514128533997506,0.6408185027332187,0.0,0.0,0.8787878787878787,0.8787878787878787,0.09512261367895261,0.11195867084581843,0.5143263665902007,0.3338839938111034,0.2655807810071618,0.6547649610193758,0.8660254037844386,0.5000000000000001,-0.8660254037844385,-0.5000000000000004,-0.433883739117558,-0.9009688679024191
0.22747551901712224,-0.6412389163541294,-1.6668639221306147,0.1011607999698797,0.9819013123125355,1.1430540043372461,0.0640163148256042,-0.6841423458248278,-0.6831906184550289,-0.3340932274981341,-0.6525136639846563,-0.6514128533997506,-0.3157643955615334,0.0,0.0,0.8787878787878787,0.8787878787878787,-0.19430002775154487,0.0,0.5892654267311357,0.6575031592342735,-0.3771289772949768,-0.29898615964443864,0.8660254037844386,0.5000000000000001,-0.9659258262890683,-0.25881904510252063,-0.433883739117558,-0.9009688679024191
0.14635887652141852,-0.06222982837170911,-1.8248648172162902,-0.18890459195191697,-1.1756286432901693,0.7655538498257208,0.010094880414807005,-0.6841423458248278,-0.6831906184550289,-0.6516836572980436,-0.6525136639846563,-0.6514128533997506,-0.643735674976877,0.0,0.0,0.8787878787878787,0.8787878787878787,-0.3521669230772707,0.0,0.6206098549577316,0.8193127419458585,-0.6597664011266401,-0.6476693650484138,0.8660254037844386,0.5000000000000001,-1.0,-1.8369701987210297e-16,-0.433883739117558,-0.9009688679024191
0.22653735526510638,-1.0886550297950905,-1.8248648172162902,-0.05705668653291797,1.1437160589827384,0.6037680693207814,-0.259512291639179,-0.6841423458248278,-0.6754558352672009,-0.6826680894736445,-0.6525136639846563,-0.64799771944607,-0.6505684099646967,0.0,0.0,0.8787878787878787,0.8787878787878787,-0.5100338184029966,0.0,0.6073171777337733,0.9811223246574435,-0.6829968743182837,-0.651087827846492,0.8660254037844386,0.5000000000000001,-0.9659258262890684,0.2588190451025203,-0.433883739117558,-0.9009688679024191
0.5716835277936095,-1.3781595737863004,-1.0875273068164708,-0.05705668653291797,1.1437160589827384,-0.15123223970226915,-0.259512291639179,-0.6841423458248278,-0.42794277325670166,-0.6826680894736445,-0.6525136639846563,-0.04351900964458727,-0.6505684099646967,0.0,0.0,0.8787878787878787,0.8787878787878787,-0.5100338184029966,0.0,0.5652240498588462,0.9811223246574435,-0.6829968743182837,-0.651087827846492,0.8660254037844386,0.5000000000000001,-0.8660254037844386,0.5000000000000001,-0.433883739117558,-0.9009688679024191
0.9376580037480149,-1.2202480043365496,-0.1921889013309754,-0.05705668653291797,0.9819013123125355,-0.8523039552236732,-0.259512291639179,-0.6841423458248278,0.1753703153938902,-0.6826680894736445,-0.6525136639846563,0.9366244350617717,-0.6505684099646967,0.0,0.0,0.0,0.0,-0.5100338184029966,0.0,0.4959923953161268,0.9811223246574435,-0.6829968743182837,-0.651087827846492,0.8660254037844386,0.5000000000000001,-0.7071067811865477,0.7071067811865474,-0.433883739117558,-0.9009688679024191
0.7773468262518748,-1.5097525483277596,0.6768160216402405,0.1011607999698797,1.1437160589827384,-1.607304264246724,-0.8526480701579482,-0.6841423458248278,0.8637660191105911,-0.6826680894736445,-0.6525136639846563,1.3088740360129674,-0.6505684099646967,0.0,0.0,0.0,0.0,-0.5100338184029966,0.0,0.4847398991905092,0.9811223246574435,-0.6829968743182837,-0.651087827846492,0.8660254037844386,0.5000000000000001,-0.5000000000000004,0.8660254037844384,-0.433883739117558,-0.9009688679024191
0.557685483734843,-1.6676641177775104,1.2561526369543852,0.1011607999698797,1.1437160589827384,-2.0387330122598954,-0.9604909389795426,-0.6841423458248278,1.258239961689824,-0.6826680894736445,-0.6525136639846563,1.3908372509013038,-0.6505684099646967,0.0,0.0,0.0,0.0,-0.6415895645077683,0.0,0.46407891677815893,0.9811223246574435,-0.6829968743182837,-0.651087827846492,0.8660254037844386,0.5000000000000001,-0.25881904510252157,0.9659258262890681,-0.433883739117558,-0.9009688679024191
0.20492246180086027,-1.8255756872272613,1.7038218396971327,0.5230740973106753,0.766148316752265,-2.2544473862664813,-1.337940979855123,-0.6841423458248278,1.6720508622386274,-0.6826680894736445,-0.6525136639846563,1.5547636806779772,-0.6505684099646967,0.0,0.0,0.0,0.0,-0.06274428164677277,0.0,0.42586096518205996,-1.1763387781636903,-0.6829968743182837,-0.651087827846492,0.8660254037844386,0.5000000000000001,-2.4492935982947064e-16,1.0,-0.433883739117558,-0.9009688679024191
0.17840508662110544,-1.8255756872272613,1.2561526369543852,-0.18890459195191697,0.6043335700820621,-1.0140897357286127,-1.068333807801137,-0.6764165506424492,1.6720508622386274,-0.6826680894736445,-0.6491011702105222,1.6742933690568014,-0.6505684099646967,0.0,0.0,0.0,0.0,-1.088879101263992,0.0,0.3985892162046475,1.1429319073690285,-0.6829968743182837,-0.651087827846492,0.8660254037844386,0.5000000000000001,0.25881904510252074,0.9659258262890683,-0.9749279121818236,-0.2225209339563146
0.17856527197055552,-1.0886550297950905,0.8084834342116368,-0.18890459195191697,-0.15080191437888446,-0.20516083320391562,-1.2840195454443257,-0.4291911048063347,1.3781291011011596,-0.6826680894736445,-0.04508977218879079,1.4932912695117246,-0.6505684099646967,0.0,0.0,0.0,0.0,-1.3783017426944895,0.0,0.39570063282389756,1.1429319073690285,-0.6829968743182837,-0.651087827846492,0.8660254037844386,0.5000000000000001,0.49999999999999994,0.8660254037844387,-0.9749279121818236,-0.2225209339563146
0.17847374974336275,-0.19382280291316867,0.8084834342116368,-0.05705668653291797,-0.8519991499497634,-0.6905181747187339,-1.3918624142659202,0.1734209194191943,0.8096225367957944,-0.6826680894736445,0.934295940987689,0.7078104601651652,-0.6505684099646967,0.0,0.0,0.0,0.0,-1.2204348473687636,0.0,0.39270095402232263,0.9811223246574435,-0.6829968743182837,-0.651087827846492,0.8660254037844386,0.5000000000000001,0.7071067811865476,0.7071067811865476,-0.9749279121818236,-0.2225209339563146
0.17772435895115843,0.6746908290604611,0.9664843292973129,-0.5053395649575132,-1.60713463441071,-0.9062325487253197,-1.1222552422119343,0.8610166906508876,0.37260728668350673,-0.6826680894736445,1.3062577623683032,0.6395077810915514,-0.6505684099646967,0.0,0.8787878787878787,0.0,0.0,-1.509857488799261,0.0,0.397275585841393,1.1429319073690285,-0.6829968743182837,-0.651087827846492,0.8660254037844386,0.5000000000000001,0.8660254037844386,0.5000000000000001,-0.9749279121818236,-0.2225209339563146
0.17744977510808996,1.2536999170428818,0.09747940632609654,-0.18890459195191697,-2.0386406255312512,0.06448213430431671,-1.3918624142659202,1.2550322449521951,-0.3351253750027644,-0.6826680894736445,1.388157612947521,-0.31672972593904275,-0.6505684099646967,0.0,0.8787878787878787,0.0,0.0,-1.6677243841249871,0.0,0.4452686027591922,1.1429319073690285,-0.6829968743182837,-0.651087827846492,0.8660254037844386,0.5000000000000001,0.9659258262890683,0.25881904510252074,-0.9749279121818236,-0.2225209339563146
0.21040555448483525,1.7011160304838424,-0.1921889013309754,-0.5053395649575132,-2.2543936210915216,0.010553540802670241,-1.1222552422119343,1.668362287209449,-0.6522514857037165,-0.6826680894736445,1.5519573141059566,-0.6445825854923893,-0.6505684099646967,0.0,0.8787878787878787,0.0,0.0,-1.825591279450713,0.0,0.5666323853549293,0.7653762143753301,-0.6829968743182837,-0.651087827846492,0.8660254037844386,0.5000000000000001,1.0,6.123233995736766e-17,-0.9749279121818236,-0.2225209339563146
0.17974368285606412,1.2536999170428818,-0.06052148875957856,-0.5053395649575132,-1.0138138966199663,-0.2590894267055621,-1.2300981110335285,1.668362287209449,-0.6831906184550289,-0.6826680894736445,1.6713945962006493,-0.6514128533997506,-0.6505684099646967,0.0,0.8787878787878787,0.0,0.0,-1.825591279450713,0.00922456080802043,0.6055525583523703,0.6035666316637451,-0.6752533832544025,-0.6476693650484138,0.8660254037844386,0.5000000000000001,0.9659258262890683,-0.25881904510252063,-0.9749279121818236,-0.2225209339563146
0.14862418979443515,0.8062838036019201,-0.06052148875957856,-0.05705668653291797,-0.20474016326895209,-0.2590894267055621,-1.4997052830875146,1.374782070279063,-0.6831906184550289,-0.5277459285956398,1.4905324261715434,-0.6514128533997506,-0.6266538375073278,0.0,0.8787878787878787,0.0,0.0,-1.088879101263992,0.10186930667208219,0.5931787616492049,-0.15154475432365172,-0.4274616692102045,-0.04260144978857455,0.8660254037844386,0.5000000000000001,0.8660254037844387,-0.4999999999999998,-0.9749279121818236,-0.2225209339563146
0.31043416260417617,0.8062838036019201,-0.06052148875957856,0.39122619189167684,-0.6901844032795607,-0.2590894267055621,-1.8232338895522977,0.8069361243742376,-0.6831906184550289,-0.09396387813722687,0.7056588581207058,-0.6514128533997506,-0.42850452286055773,0.0,0.0,0.0,0.0,-0.19430002775154487,0.19410381867011353,0.5799129747414905,-0.8527196127405202,0.17653063377252814,0.9384973732598654,0.8660254037844386,0.5000000000000001,0.7071067811865476,-0.7071067811865475,-0.9749279121818236,-0.2225209339563146
0.39798445441998787,0.9641953730516715,0.09747940632609654,0.8131394892324716,-0.9059373988398312,-0.8523039552236732,-1.9310767583738921,0.370428696569848,-0.6831906184550289,0.17327684937733115,0.6374089826380243,-0.6514128533997506,-0.42850452286055773,0.8787878787878787,0.0,0.0,0.0,0.6739678965399476,0.1943588289902682,0.5631490393985132,-1.607830998727917,0.8657013384579538,1.3111098182503877,0.8660254037844386,0.5000000000000001,0.49999999999999994,-0.8660254037844387,-0.9749279121818236,-0.2225209339563146
0.4855347462357996,0.09568174107804124,0.09747940632609654,1.1295744622380688,0.064951081181386,-0.9601611422269661,-2.0389196271954866,-0.3364815626177918,-0.6831906184550289,0.29334152405778474,-0.3180892741195168,-0.6514128533997506,-0.343095335512812,0.8787878787878787,0.0,0.0,0.0,1.2528131794009436,0.12371111155814751,0.5448603975146791,-2.0393232192921436,1.2606193827158945,1.3931529254042643,0.8660254037844386,0.5000000000000001,0.258819045102521,-0.9659258262890682,-0.9749279121818236,-0.2225209339563146
0.5730850380516113,-0.19382280291316867,0.5188151265545653,1.8415531515006607,0.01101283229131838,-1.3376612967384915,-2.36244823366027,-0.6532391650953134,-0.6831906184550289,0.401787036672388,-0.645688676436388,-0.6514128533997506,-0.48658277025702484,0.8787878787878787,0.0,0.0,0.0,1.700102716157167,0.07012661667522423,0.5274716848811424,-2.255069329574257,1.674896154633538,1.5572391397120173,0.8660254037844386,0.5000000000000001,1.2246467991473532e-16,-1.0,-0.9749279121818236,-0.2225209339563146
0.6382300891425802,-0.06222982837170911,-0.1921889013309754,1.9997706380034583,-0.2586784121590197,-1.0680183292302592,-2.416369668071067,-0.6841423458248278,-0.6831906184550289,1.602433783476924,-0.6525136639846563,-0.6514128533997506,0.6271530327575794,0.8787878787878787,0.0,0.0,0.0,1.2528131794009436,0.09205158097617423,0.5203105119573039,-1.0145291954521052,1.674896154633538,1.676885337644754,0.8660254037844386,0.5000000000000001,-0.2588190451025208,-0.9659258262890683,-0.9749279121818236,-0.2225209339563146
0.38854753401942466,-0.06222982837170911,-0.1921889013309754,1.9997706380034583,-0.2586784121590197,-1.283732703236845,-2.5242125368926613,-0.6841423458248278,-0.6831906184550289,0.9246493296356537,-0.6525136639846563,-0.6514128533997506,0.16252705358584266,0.8787878787878787,0.0,0.0,0.0,0.8055236426447192,0.11690357201245571,0.5342002054215282,-0.20548128189418005,1.3806434942060528,1.49570680934661,0.8660254037844386,0.5000000000000001,-0.4999999999999997,-0.8660254037844388,-0.9749279121818236,-0.2225209339563146
0.5929695075691381,-0.06222982837170911,-0.06052148875957856,1.9997706380034583,-0.2586784121590197,-1.391589890240138,-2.5781339713034583,-0.6841423458248278,-0.6831906184550289,0.6419163860332953,-0.6525136639846563,-0.6514128533997506,0.1898579935371213,0.0,0.0,0.0,0.0,0.8055236426447192,0.05641728075631748,0.5509440626617099,-0.6909100300289351,0.8114969010107855,0.7094603657886267,0.8660254037844386,0.5000000000000001,-0.7071067811865471,-0.7071067811865479,-0.9749279121818236,-0.2225209339563146
0.5956009475062042,0.09568174107804124,-0.5081906915023265,1.419639854159865,-0.8519991499497634,-1.1219469227319057,-1.6614695863199063,-0.6841423458248278,-0.6831906184550289,-0.25663214705913173,-0.6525136639846563,-0.6514128533997506,-0.5207464451961231,0.0,0.0,0.8787878787878787,0.8787878787878787,0.9633905379704456,0.003797370292387353,0.5798252354810601,-0.9066561403110486,0.37398965590149846,0.641091109827063,0.8660254037844386,0.5000000000000001,-0.8660254037844385,-0.5000000000000004,-0.9749279121818236,-0.2225209339563146
0.29182537529856495,0.09568174107804124,-0.1921889013309754,1.7097052460816622,-0.9598756477298988,-1.391589890240138,-2.3085267992494725,-0.6841423458248278,-0.6831906184550289,-0.562603414793191,-0.6525136639846563,-0.6514128533997506,-0.6300702050012377,0.0,0.0,0.8787878787878787,0.8787878787878787,0.09512261367895261,0.0,0.6176500762634978,0.06420135595846167,-0.33453977644363025,-0.31607847363482955,0.8660254037844386,0.5000000000000001,-0.9659258262890683,-0.25881904510252063,-0.9749279121818236,-0.2225209339563146
0.39936500477796877,0.5167792596107107,-0.5081906915023265,1.2614223676570673,-1.3374433899603722,-1.1219469227319057,-1.9849981927846894,-0.6841423458248278,-0.6831906184550289,-0.6555567113199937,-0.6525136639846563,-0.6514128533997506,-0.6505684099646967,0.0,0.0,0.8787878787878787,0.8787878787878787,-0.19430002775154487,0.0,0.6075755808679649,0.010264828387933323,-0.6520229100627589,-0.6442509022503355,0.8660254037844386,0.5000000000000001,-1.0,-1.8369701987210297e-16,-0.9749279121818236,-0.2225209339563146
0.32205249146400977,-0.19382280291316867,-0.5081906915023265,1.2614223676570673,-1.067752145510034,-1.2298041097351986,-2.146762496017081,-0.6841423458248278,-0.6831906184550289,-0.6826680894736445,-0.6525136639846563,-0.6514128533997506,-0.6505684099646967,0.0,0.0,0.8787878787878787,0.8787878787878787,-0.06274428164677277,0.0,0.6034189526124505,-0.2594178094647084,-0.6829968743182837,-0.651087827846492,0.8660254037844386,0.5000000000000001,-0.9659258262890684,0.2588190451025203,-0.9749279121818236,-0.2225209339563146
0.29515470439576985,-0.19382280291316867,-0.06052148875957856,1.2614223676570673,-1.2835051410703044,-1.499447077243431,-2.146762496017081,-0.6841423458248278,-0.528494954698467,-0.6826680894736445,-0.6525136639846563,-0.6275069157239859,-0.6505684099646967,0.0,0.0,0.8787878787878787,0.8787878787878787,-0.06274428164677277,0.0,0.5865945780824868,-0.2594178094647084,-0.6829968743182837,-0.651087827846492,0.8660254037844386,0.5000000000000001,-0.8660254037844386,0.5000000000000001,-0.9749279121818236,-0.2225209339563146
0.37808475694016425,-0.06222982837170911,0.38714771398316894,0.9713569757352701,-1.3913816388504396,-1.8230186382533096,-1.4997052830875146,-0.6841423458248278,-0.09534709618009332,-0.6826680894736445,-0.6525136639846563,-0.4294291464105056,-0.6505684099646967,0.0,0.0,0.0,0.0,-0.06274428164677277,0.0,0.5629317656432622,-0.2594178094647084,-0.6829968743182837,-0.651087827846492,0.8660254037844386,0.5000000000000001,-0.7071067811865477,0.7071067811865474,-0.9749279121818236,-0.2225209339563146
0.33873345993041776,-0.5096459418126703,0.8084834342116368,0.8131394892324716,-1.1216903944001015,-1.9308758252566025,-1.4457838486767174,-0.6841423458248278,0.17150292379997614,-0.6826680894736445,-0.6525136639846563,-0.4294291464105056,-0.6505684099646967,0.0,0.0,0.0,0.0,0.09512261367895261,0.0,0.4694753678812944,-0.8527196127405202,-0.6829968743182837,-0.651087827846492,0.8660254037844386,0.5000000000000001,-0.5000000000000004,0.8660254037844384,-0.9749279121818236,-0.2225209339563146
0.2813969211996881,-0.19382280291316867,1.1244852243829888,0.681291583813473,-1.3913816388504396,-2.0387330122598954,-1.4457838486767174,-0.6841423458248278,0.29139206321131167,-0.6826680894736445,-0.6525136639846563,-0.3440507975684883,-0.6505684099646967,0.0,0.0,0.0,0.0,0.09512261367895261,0.0,0.41077134897755585,-0.9605926678815769,-0.6829968743182837,-0.651087827846492,0.8660254037844386,0.5000000000000001,-0.25881904510252157,0.9659258262890681,-0.9749279121818236,-0.2225209339563146
0.2803643692516175,-0.5096459418126703,1.835489252268529,-0.5053395649575132,-1.1216903944001015,-2.3623045732697743,1.3042093062739397,-0.6841423458248278,0.3996790278409051,-0.6826680894736445,-0.6525136639846563,-0.48748642362307737,-0.6505684099646967,0.0,0.0,0.0,0.0,0.5161010012142222,0.0,0.4096308922509124,-1.3381483608752753,-0.6829968743182837,-0.651087827846492,0.8660254037844386,0.5000000000000001,-2.4492935982947064e-16,1.0,-0.9749279121818236,-0.2225209339563146
0.2805102350536515,-0.5096459418126703,1.9934901473542042,0.8131394892324716,-1.2295668921802367,-2.4162331667714207,-1.877155323963095,-0.6841423458248278,1.5985704219542605,-0.6826680894736445,-0.6525136639846563,0.6258472452768287,-0.6505684099646967,0.0,0.0,0.0,0.0,-0.19430002775154487,0.0,0.3613538111542772,-1.0684657230226335,-0.6829968743182837,-0.651087827846492,0.8660254037844386,0.5000000000000001,0.25881904510252074,0.9659258262890683,-0.7818314824680299,0.6234898018587334
0.2503460706665282,-0.06222982837170911,1.9934901473542042,0.681291583813473,-1.4992581366305748,-2.5240903537747137,-1.5536267174983118,-0.5296264421772562,0.9217768930193019,-0.6826680894736445,-0.6286262075657176,0.16138902757625434,-0.6505684099646967,0.0,0.0,0.0,0.0,-0.19430002775154487,0.0,0.35872081382696985,-1.284211833304747,-0.6829968743182837,-0.651087827846492,0.8660254037844386,0.5000000000000001,0.49999999999999994,0.8660254037844387,-0.7818314824680299,0.6234898018587334
0.17838222751617003,0.3851862850692516,1.9934901473542042,0.5230740973106753,-1.8228876299709806,-2.57801894727636,-1.2300981110335285,-0.0969819119640559,0.6394573066635763,-0.6826680894736445,-0.43070156866594134,0.18871009920569987,-0.6505684099646967,0.0,0.0,0.0,0.0,-0.06274428164677277,0.0,0.3553087144036877,-1.3920848884458037,-0.6829968743182837,-0.651087827846492,0.8660254037844386,0.5000000000000001,0.7071067811865476,0.7071067811865476,-0.7818314824680299,0.6234898018587334
0.17709509859029648,0.8062838036019201,1.4141535320400604,0.39122619189167684,-1.9307641277511158,-1.6612328577483704,-1.1761766766227313,0.169558021828005,-0.2577775431244834,-0.6826680894736445,-0.43070156866594134,-0.5216377631598843,-0.6505684099646967,0.0,0.8787878787878787,0.0,0.0,-0.5100338184029966,0.0,0.3964156591377366,-1.122402250593162,-0.6829968743182837,-0.651087827846492,0.8660254037844386,0.5000000000000001,0.8660254037844386,0.5000000000000001,-0.7818314824680299,0.6234898018587334
0.22333388167237192,1.1221069425014227,1.7038218396971327,0.23300870538887822,-2.0386406255312512,-2.308375979768128,-0.7448052013363538,0.28930784715487295,-0.5633014790436934,-0.6826680894736445,-0.34538922431258945,-0.6309220496776665,-0.6505684099646967,0.0,0.8787878787878787,0.0,0.0,-0.19430002775154487,0.0,0.43701542689759965,-1.3920848884458037,-0.6829968743182837,-0.651087827846492,0.8660254037844386,0.5000000000000001,0.9659258262890683,0.25881904510252074,-0.7818314824680299,0.6234898018587334
0.4141582093232812,1.8327090050253017,1.2561526369543852,-0.18890459195191697,-2.3622701188716566,-1.984804418758249,0.3336234868795902,0.397468979708173,-0.6561188772976306,-0.6826680894736445,-0.4887139628262206,-0.6514128533997506,-0.6505684099646967,0.0,0.8787878787878787,0.0,0.0,-0.5100338184029966,0.0,0.4411156110988269,-1.122402250593162,-0.6829968743182837,-0.651087827846492,0.8660254037844386,0.5000000000000001,1.0,6.123233995736766e-17,-0.7818314824680299,0.6234898018587334
0.13549564979772513,1.990620574475052,1.2561526369543852,-0.3471220784547151,-2.4162083677617243,-2.1465901992631884,0.6571520933443734,1.5949672329768525,-0.6831906184550289,-0.6749219814297444,0.6237590075414879,-0.6514128533997506,-0.6505684099646967,0.0,0.8787878787878787,0.0,0.0,-0.5100338184029966,0.0,0.4610428720250922,-1.2302753057342186,-0.6829968743182837,-0.651087827846492,0.8660254037844386,0.5000000000000001,0.9659258262890683,-0.25881904510252063,-0.7818314824680299,0.6234898018587334
0.17592240248102173,1.990620574475052,1.2561526369543852,-0.5053395649575132,-2.5240848655418597,-2.1465901992631884,0.9806806998091566,0.9189601545187269,-0.6831906184550289,-0.562603414793191,0.15965985425925375,-0.6514128533997506,-0.6471520424707868,0.0,0.8787878787878787,0.0,0.0,-0.06274428164677277,0.13716544380922702,0.4712038261898055,-1.4999579435868604,-0.52812705304066,-0.6271585882599446,0.8660254037844386,0.5000000000000001,0.8660254037844387,-0.4999999999999998,-0.7818314824680299,0.6234898018587334
0.2029746257994974,1.990620574475052,0.9664843292973129,-0.6371874703765118,-2.5780231144319274,-1.499447077243431,1.3042093062739397,0.6369686303619089,-0.6831906184550289,-0.41155430793713643,0.18695980445232635,-0.6514128533997506,-0.6505684099646967,0.0,0.0,0.0,0.0,0.3845452551094506,0.1135718602504596,0.43952032388028583,-1.8235771090100303,-0.09449155346331342,-0.4288877459714098,0.8660254037844386,0.5000000000000001,0.7071067811865476,-0.7071067811865475,-0.7818314824680299,0.6234898018587334
0.21774209497411828,1.4116114864926321,0.8084834342116368,-0.7954049568793099,-1.6610728833007777,-1.4455184837417845,1.1424450030415483,-0.259223610794006,-0.6831906184550289,-0.330220173476184,-0.5228389005675613,-0.6514128533997506,-0.643735674976877,0.8787878787878787,0.0,0.0,0.0,0.8055236426447192,0.5431348087237664,0.4398954565968014,-1.931450164151087,0.17265888824058756,-0.4288877459714098,0.8660254037844386,0.5000000000000001,0.49999999999999994,-0.8660254037844387,-0.7818314824680299,0.6234898018587334
0.14719978267621955,1.7011160304838424,0.6768160216402405,-0.7954049568793099,-2.3083318699815893,-1.4455184837417845,1.3042093062739397,-0.5643925204979598,-0.6831906184550289,-0.06685249998357606,-0.6320387013398517,-0.6514128533997506,-0.6334865724951475,0.8787878787878787,0.0,0.0,0.0,1.121257433296172,0.31000400682986473,0.42422567541687795,-2.0393232192921436,0.29268299973074596,-0.3434261760194551,0.8660254037844386,0.5000000000000001,0.258819045102521,-0.9659258262890682,-0.7818314824680299,0.6234898018587334
0.15038038343482643,1.2536999170428818,-0.5081906915023265,-0.6371874703765118,-1.9847023766411835,1.3048397848421855,1.3042093062739397,-0.6571020626865027,-0.6831906184550289,-0.09396387813722687,-0.6525136639846563,-0.6514128533997506,-0.6505684099646967,0.8787878787878787,0.0,0.0,0.0,1.8316584622619385,0.17247821974776928,0.41910622018087995,-2.3629423847153137,0.4010918746250826,-0.48700161353873894,0.8660254037844386,0.5000000000000001,1.2246467991473532e-16,-1.0,-0.7818314824680299,0.6234898018587334
0.34007205616537645,1.2536999170428818,0.8084834342116368,-0.6371874703765118,-2.146517123311386,-1.876947231754956,1.3042093062739397,-0.6841423458248278,-0.6831906184550289,0.34369122634313626,-0.6525136639846563,-0.6514128533997506,-0.6403193074829672,0.8787878787878787,0.0,0.0,0.0,1.989525357587664,0.28461429486180617,0.4050084212787528,-2.416878912285842,1.6013329895266668,0.6274172586347502,0.8660254037844386,0.5000000000000001,-0.2588190451025208,-0.9659258262890683,-0.7818314824680299,0.6234898018587334
0.3655740305903582,1.2536999170428818,0.6768160216402405,-0.6371874703765118,-2.146517123311386,-1.5533756707450774,1.3042093062739397,-0.6841423458248278,-0.6831906184550289,0.4947403331991908,-0.6525136639846563,-0.6514128533997506,-0.643735674976877,0.8787878787878787,0.0,0.0,0.0,1.989525357587664,0.4292358668376474,0.4047312717526652,-2.524751967426899,0.9237775214370628,0.1625063180961167,0.8660254037844386,0.5000000000000001,-0.4999999999999997,-0.8660254037844388,-0.7818314824680299,0.6234898018587334
0.24846973629790037,0.9641953730516715,0.5188151265545653,-0.6371874703765118,-1.4992581366305748,-1.2298041097351986,1.3042093062739397,-0.6841423458248278,-0.6831906184550289,0.1887690654651316,-0.6525136639846563,-0.6514128533997506,-0.6471520424707868,0.0,0.0,0.0,0.0,1.989525357587664,0.4011575102967385,0.4112676673859441,-2.578688494997427,0.6411400976053995,0.1898540204807422,0.8660254037844386,0.5000000000000001,-0.7071067811865471,-0.7071067811865479,-0.7818314824680299,0.6234898018587334
0.7116926623928765,0.8062838036019201,0.38714771398316894,-0.6371874703765118,-1.4453198877405073,-1.1758755162335521,1.3042093062739397,-0.6841423458248278,-0.6831906184550289,-0.34183933554203433,-0.6525136639846563,-0.6514128533997506,-0.6505684099646967,0.0,0.0,0.8787878787878787,0.8787878787878787,1.410680074726669,0.10560569813888102,0.45989760065135,-1.6617675262984453,-0.2571048658048184,-0.5211862415195209,0.8660254037844386,0.5000000000000001,-0.8660254037844385,-0.5000000000000004,-0.7818314824680299,0.6234898018587334
0.44055258123823543,0.6746908290604611,0.22914681889749292,-0.6371874703765118,-1.4453198877405073,-0.7444467682203804,1.3042093062739397,-0.6841423458248278,-0.6831906184550289,-0.5393650906614903,-0.6525136639846563,-0.6514128533997506,-0.6505684099646967,0.0,0.0,0.8787878787878787,0.8787878787878787,1.700102716157167,0.0026609309767277106,0.525896168447497,-2.3090058571447853,-0.5629727628281253,-0.6305770510580229,0.8660254037844386,0.5000000000000001,-0.9659258262890683,-0.25881904510252063,-0.7818314824680299,0.6234898018587334
0.4045763658585451,-0.5096459418126703,-0.1921889013309754,-0.5053395649575132,1.305530805652941,0.33412510181254906,1.1424450030415483,-0.6841423458248278,-0.6831906184550289,-0.6516836572980436,-0.6525136639846563,-0.6514128533997506,-0.6505684099646967,0.0,0.0,0.8787878787878787,0.8787878787878787,1.2528131794009436,0.0,0.5293101629978286,-1.9853866917216154,-0.6558946555946995,-0.651087827846492,0.8660254037844386,0.5000000000000001,-1.0,-1.8369701987210297e-16,-0.7818314824680299,0.6234898018587334
0.38327325891580516,0.8062838036019201,-0.350189796416651,-0.5053395649575132,-1.8768258788610481,0.6576966628224279,1.1424450030415483,-0.6841423458248278,-0.6754558352672009,-0.6826680894736445,-0.6525136639846563,-0.6514128533997506,-0.6505684099646967,0.0,0.0,0.8787878787878787,0.8787878787878787,1.2528131794009436,0.0,0.5335074596554341,-2.1471962744332003,-0.6829968743182837,-0.651087827846492,0.8660254037844386,0.5000000000000001,-0.9659258262890684,0.2588190451025203,-0.7818314824680299,0.6234898018587334
0.35323491914247,0.6746908290604611,-0.5081906915023265,-0.5053395649575132,-1.5531963855206425,0.9812682238323067,1.3042093062739397,-0.6841423458248278,-0.5633014790436934,-0.6826680894736445,-0.6525136639846563,-0.64799771944607,-0.6505684099646967,0.0,0.0,0.8787878787878787,0.8787878787878787,1.2528131794009436,0.0,0.5267753025198991,-2.1471962744332003,-0.6829968743182837,-0.651087827846492,0.8660254037844386,0.5000000000000001,-0.8660254037844386,0.5000000000000001,-0.7818314824680299,0.6234898018587334
0.37905722994337154,0.5167792596107107,-0.6398581040737229,-0.5053395649575132,-1.2295668921802367,1.3048397848421855,1.3042093062739397,-0.6841423458248278,-0.41247320688104544,-0.6826680894736445,-0.6525136639846563,-0.6514128533997506,-0.6505684099646967,0.0,0.0,0.0,0.0,0.9633905379704456,0.0,0.4772855962097867,-1.4999579435868604,-0.6829968743182837,-0.651087827846492,0.8660254037844386,0.5000000000000001,-0.7071067811865477,0.7071067811865474,-0.7818314824680299,0.6234898018587334
0.5743549711643127,0.3851862850692516,-0.7978589991593985,-0.5053395649575132,-1.1756286432901693,1.1430540043372461,1.3042093062739397,-0.6841423458248278,-0.3312579834088504,-0.6826680894736445,-0.6525136639846563,-0.6445825854923893,-0.6505684099646967,0.0,0.0,0.0,0.0,0.8055236426447192,0.0,0.4170207609119494,-1.446021416016332,-0.6829968743182837,-0.651087827846492,0.8660254037844386,0.5000000000000001,-0.5000000000000004,0.8660254037844384,-0.7818314824680299,0.6234898018587334
0.7696527123852538,0.22727471561950033,-0.7978589991593985,-0.5053395649575132,-0.7441226521696283,1.3048397848421855,1.3042093062739397,-0.6841423458248278,-0.06827535502269497,-0.6826680894736445,-0.6525136639846563,-0.6343371836313472,-0.6505684099646967,0.0,0.0,0.0,0.0,0.6739678965399476,0.0,0.39084618805693994,-1.446021416016332,-0.6829968743182837,-0.651087827846492,0.8660254037844386,0.5000000000000001,-0.25881904510252157,0.9659258262890681,-0.7818314824680299,0.6234898018587334
0.6340426855357865,-0.19382280291316867,-0.6398581040737229,-0.3471220784547151,0.3346423256317241,1.3048397848421855,1.1424450030415483,-0.6841423458248278,-0.09534709618009332,-0.6826680894736445,-0.6525136639846563,-0.6514128533997506,-0.6505684099646967,0.0,0.0,0.0,0.0,-0.5100338184029966,0.0,0.40650034724361706,1.3047414900806136,-0.6829968743182837,-0.651087827846492,0.8660254037844386,0.5000000000000001,-2.4492935982947064e-16,1.0,-0.7818314824680299,0.6234898018587334
0.431783059750237,-0.3517343723629195,-0.6398581040737229,-0.5053395649575132,0.6582718189721298,1.3048397848421855,1.3042093062739397,-0.6764165506424492,0.34166815393219435,-0.6826680894736445,-0.6525136639846563,-0.6411674515387086,-0.6505684099646967,0.0,0.0,0.0,0.0,0.8055236426447192,0.0,0.3828178664587968,-1.8775136365805587,-0.6829968743182837,-0.651087827846492,0.8660254037844386,0.5000000000000001,0.25881904510252074,0.9659258262890683,-2.4492935982947064e-16,1.0
0.4166637868912808,-0.5096459418126703,-0.6398581040737229,-0.5053395649575132,0.9819013123125355,1.3048397848421855,1.3042093062739397,-0.5643925204979598,0.4924964260948423,-0.6826680894736445,-0.6491011702105222,-0.6445825854923893,-0.6505684099646967,0.0,0.0,0.0,0.0,0.6739678965399476,0.0,0.3426422486204882,-1.5538944711573888,-0.6829968743182837,-0.651087827846492,0.8660254037844386,0.5000000000000001,0.49999999999999994,0.8660254037844387,-2.4492935982947064e-16,1.0
0.6395801149300065,-0.6412389163541294,-0.6398581040737229,-0.5053395649575132,1.305530805652941,1.3048397848421855,1.3042093062739397,-0.4137395144415776,0.18697249017563233,-0.6826680894736445,-0.6525136639846563,-0.64799771944607,-0.6505684099646967,0.0,0.0,0.0,0.0,0.5161010012142222,0.0,0.3510730030085909,-1.2302753057342186,-0.6829968743182837,-0.651087827846492,0.8660254037844386,0.5000000000000001,0.7071067811865476,0.7071067811865476,-2.4492935982947064e-16,1.0
0.2269778358015607,-0.7991504858038802,-0.6398581040737229,-0.5053395649575132,1.1437160589827384,1.3048397848421855,1.5198950439171286,-0.3326186650266025,-0.3428601581905925,-0.6826680894736445,-0.645688676436388,-0.6514128533997506,-0.6505684099646967,0.0,0.8787878787878787,0.0,0.0,0.3845452551094506,0.0,0.3648990816675294,-1.1763387781636903,-0.6829968743182837,-0.651087827846492,0.8660254037844386,0.5000000000000001,0.8660254037844386,0.5000000000000001,-2.4492935982947064e-16,1.0
0.2786854057493872,-0.7991504858038802,-0.6398581040737229,-0.5053395649575132,1.305530805652941,1.3048397848421855,1.5198950439171286,-0.06994162882573088,-0.540097129480209,-0.6826680894736445,-0.6354511951139858,-0.6514128533997506,-0.6505684099646967,0.0,0.8787878787878787,0.0,0.0,0.22667835978372425,0.0,0.38185872729311254,-0.7448465575994635,-0.6829968743182837,-0.651087827846492,0.8660254037844386,0.5000000000000001,0.9659258262890683,0.25881904510252074,-2.4492935982947064e-16,1.0
0.2074709533912334,-0.6412389163541294,-0.5081906915023265,-0.5053395649575132,1.305530805652941,1.1430540043372461,1.5198950439171286,-0.0969819119640559,-0.6522514857037165,-0.6826680894736445,-0.6525136639846563,-0.6514128533997506,-0.6505684099646967,0.0,0.8787878787878787,0.0,0.0,-0.19430002775154487,0.0,0.4008233148978446,0.3338839938111034,-0.6829968743182837,-0.651087827846492,0.8660254037844386,0.5000000000000001,1.0,6.123233995736766e-17,-2.4492935982947064e-16,1.0
0.14369884210939493,-0.6412389163541294,-0.5081906915023265,-0.3471220784547151,1.305530805652941,1.1430540043372461,1.5198950439171286,0.3395255158403337,-0.6831906184550289,-0.6749219814297444,-0.642276182662254,-0.6514128533997506,-0.6505684099646967,0.0,0.8787878787878787,0.0,0.0,-0.3521669230772707,0.049703974089770016,0.3593966571085677,0.6575031592342735,-0.6752533832544025,-0.651087827846492,0.8660254037844386,0.5000000000000001,0.9659258262890683,-0.25881904510252063,-2.4492935982947064e-16,1.0
0.14484294374371215,-0.6412389163541294,-0.5081906915023265,-0.3471220784547151,1.305530805652941,1.3048397848421855,1.5198950439171286,0.49017852189671596,-0.6831906184550289,-0.562603414793191,-0.645688676436388,-0.6514128533997506,-0.6505684099646967,0.0,0.8787878787878787,0.0,0.0,-0.5100338184029966,0.12693749036742988,0.3474516713151059,0.9811223246574435,-0.5629727628281253,-0.6476693650484138,0.8660254037844386,0.5000000000000001,0.8660254037844387,-0.4999999999999998,-2.4492935982947064e-16,1.0
0.1424174485535435,-0.6412389163541294,-0.5081906915023265,-0.18890459195191697,1.305530805652941,1.3048397848421855,1.5198950439171286,0.18500961219276216,-0.6831906184550289,-0.09009082411527676,-0.6491011702105222,-0.6514128533997506,-0.6369029399890573,0.0,0.0,0.0,0.0,-0.6415895645077683,0.22959953361330585,0.3611615325882205,1.3047414900806136,-0.4119746870824421,-0.651087827846492,0.8660254037844386,0.5000000000000001,0.7071067811865476,-0.7071067811865475,-2.4492935982947064e-16,1.0
0.3359590304570738,-0.6412389163541294,-0.5081906915023265,-0.05705668653291797,1.305530805652941,1.3048397848421855,1.358130740684737,-0.34420735780017037,-0.6831906184550289,0.7077583044064472,-0.6525136639846563,-0.6514128533997506,0.26843444589704735,0.8787878787878787,0.0,0.0,0.0,-0.7994564598334941,0.10727432271856036,0.37626963908637046,1.1429319073690285,-0.33066803091168967,-0.6442509022503355,0.8660254037844386,0.5000000000000001,0.49999999999999994,-0.8660254037844387,-2.4492935982947064e-16,1.0
0.26759908308549873,-0.6412389163541294,-0.5081906915023265,0.23300870538887822,1.305530805652941,1.3048397848421855,0.818916396576765,-0.5412151349508241,-0.6831906184550289,0.5141056033089414,-0.6525136639846563,-0.6514128533997506,-0.25085341317724663,0.8787878787878787,0.0,0.0,0.0,-0.7994564598334941,0.1948466707708866,0.3969573069363648,1.3047414900806136,-0.06738933473972927,-0.633995513856101,0.8660254037844386,0.5000000000000001,0.258819045102521,-0.9659258262890682,-2.4492935982947064e-16,1.0
0.395120419085856,-0.5096459418126703,-0.350189796416651,0.23300870538887822,1.1437160589827384,1.1430540043372461,0.818916396576765,-0.6532391650953134,-0.6831906184550289,0.80071160093325,-0.6525136639846563,-0.6514128533997506,-0.27135161814070563,0.8787878787878787,0.0,0.0,0.0,-0.6415895645077683,0.35263434295440826,0.3618562247010142,1.3047414900806136,-0.09449155346331342,-0.651087827846492,0.8660254037844386,0.5000000000000001,1.2246467991473532e-16,-1.0,-2.4492935982947064e-16,1.0
0.3670499187468511,-0.5096459418126703,-0.5081906915023265,0.23300870538887822,1.1437160589827384,1.3048397848421855,0.4953877901119818,-0.6841423458248278,-0.6831906184550289,1.602433783476924,-0.6525136639846563,-0.6514128533997506,1.2489319166491681,0.8787878787878787,0.0,0.0,0.0,-0.6415895645077683,0.35655366810399514,0.3647298007243175,1.3047414900806136,0.3430156916459737,-0.6408324394522574,0.8660254037844386,0.5000000000000001,-0.2588190451025208,-0.9659258262890683,-2.4492935982947064e-16,1.0
0.4095875553175246,-0.5096459418126703,-0.5081906915023265,0.23300870538887822,1.305530805652941,1.3048397848421855,0.4953877901119818,-0.6841423458248278,-0.6831906184550289,0.8781726813722524,-0.6525136639846563,-0.6514128533997506,0.20352346351276063,0.8787878787878787,0.0,0.0,0.0,-0.6415895645077683,0.22510367785364624,0.355174109163518,1.3047414900806136,0.49401376739165687,-0.6442509022503355,0.8660254037844386,0.5000000000000001,-0.4999999999999997,-0.8660254037844388,-2.4492935982947064e-16,1.0
0.5905211120864575,-0.5096459418126703,-0.5081906915023265,0.23300870538887822,1.305530805652941,1.3048397848421855,0.4953877901119818,-0.6841423458248278,-0.6831906184550289,0.20038822753098195,-0.6525136639846563,-0.6514128533997506,-0.5993228975560492,0.0,0.0,0.0,0.0,-0.6415895645077683,0.10715790432739754,0.3811086667386814,1.3047414900806136,0.18814587036834993,-0.6476693650484138,0.8660254037844386,0.5000000000000001,-0.7071067811865471,-0.7071067811865479,-2.4492935982947064e-16,1.0
0.8416452323857225,-0.5096459418126703,-0.5081906915023265,0.1011607999698797,1.305530805652941,1.5205541588487714,0.818916396576765,-0.6841423458248278,-0.6831906184550289,0.0919427149163787,-0.6525136639846563,-0.6514128533997506,-0.05612046602438638,0.0,0.0,0.8787878787878787,0.8787878787878787,-0.6415895645077683,0.030761469038258653,0.4241839314021374,1.3047414900806136,-0.3422832675075114,-0.651087827846492,0.8660254037844386,0.5000000000000001,-0.8660254037844385,-0.5000000000000004,-2.4492935982947064e-16,1.0
0.7495509440789188,-0.5096459418126703,-0.5081906915023265,0.1011607999698797,1.305530805652941,1.5205541588487714,0.4953877901119818,-0.6841423458248278,-0.6831906184550289,-0.32247406543228374,-0.6525136639846563,-0.6514128533997506,-0.223522473225968,0.0,0.0,0.8787878787878787,0.8787878787878787,-0.6415895645077683,0.002627669339518614,0.44023821849452427,1.3047414900806136,-0.5397422896364817,-0.651087827846492,0.8660254037844386,0.5000000000000001,-0.9659258262890683,-0.25881904510252063,-2.4492935982947064e-16,1.0
0.7946169829995469,-0.3517343723629195,-0.5081906915023265,-0.05705668653291797,1.1437160589827384,1.5205541588487714,0.818916396576765,-0.6841423458248278,-0.6831906184550289,-0.6245722791443928,-0.6525136639846563,-0.6514128533997506,-0.5480773851474018,0.0,0.0,0.8787878787878787,0.8787878787878787,-0.5100338184029966,0.0,0.4748838556021773,1.1429319073690285,-0.6520229100627589,-0.651087827846492,0.8660254037844386,0.5000000000000001,-1.0,-1.8369701987210297e-16,-2.4492935982947064e-16,1.0
0.7491618930962711,-0.5096459418126703,-0.350189796416651,-0.18890459195191697,1.305530805652941,1.5205541588487714,0.9806806998091566,-0.6841423458248278,-0.6754558352672009,-0.6826680894736445,-0.6525136639846563,-0.6514128533997506,-0.6505684099646967,0.0,0.0,0.8787878787878787,0.8787878787878787,-0.5100338184029966,0.0,0.4227534177976092,1.1429319073690285,-0.6829968743182837,-0.651087827846492,0.8660254037844386,0.5000000000000001,-0.9659258262890684,0.2588190451025203,-2.4492935982947064e-16,1.0
0.7286654448385055,-0.5096459418126703,-0.350189796416651,-0.3471220784547151,1.305530805652941,1.5205541588487714,0.9806806998091566,-0.6841423458248278,-0.5633014790436934,-0.6826680894736445,-0.6525136639846563,-0.6514128533997506,-0.6505684099646967,0.0,0.0,0.8787878787878787,0.8787878787878787,-0.5100338184029966,0.0,0.37992974405489666,1.3047414900806136,-0.6829968743182837,-0.651087827846492,0.8660254037844386,0.5000000000000001,-0.8660254037844386,0.5000000000000001,-2.4492935982947064e-16,1.0
0.5533264652261314,-0.5096459418126703,-0.1921889013309754,-0.3471220784547151,1.305530805652941,1.5205541588487714,1.1424450030415483,-0.6841423458248278,-0.09147970458617927,-0.6826680894736445,-0.6525136639846563,-0.6377523175850279,-0.6505684099646967,0.0,0.0,0.0,0.0,-0.5100338184029966,0.0,0.3500871784052628,1.3047414900806136,-0.6829968743182837,-0.651087827846492,0.8660254037844386,0.5000000000000001,-0.7071067811865477,0.7071067811865474,-2.4492935982947064e-16,1.0
0.6131399904822011,-0.5096459418126703,-0.06052148875957856,-0.3471220784547151,1.5212838012132117,1.358768378343832,1.358130740684737,-0.6841423458248278,0.705202963760115,-0.6826680894736445,-0.6525136639846563,0.2672581801403558,-0.6505684099646967,0.0,0.0,0.0,0.0,-0.5100338184029966,0.0,0.2757851370512344,1.3047414900806136,-0.6829968743182837,-0.651087827846492,0.8660254037844386,0.5000000000000001,-0.5000000000000004,0.8660254037844384,-2.4492935982947064e-16,1.0
0.3455008190037022,-0.5096459418126703,0.22914681889749292,-0.3471220784547151,1.5212838012132117,0.8194824433273673,1.358130740684737,-0.6841423458248278,0.5118333840644126,-0.6826680894736445,-0.6525136639846563,-0.2518421808191096,-0.6505684099646967,0.0,0.0,0.0,0.0,-0.5100338184029966,0.0,0.2875585370172349,1.3047414900806136,-0.6829968743182837,-0.651087827846492,0.8660254037844386,0.5000000000000001,-0.25881904510252157,0.9659258262890681,-2.4492935982947064e-16,1.0
0.30631540495814946,-0.5096459418126703,0.22914681889749292,-0.9272528622983084,1.5212838012132117,0.8194824433273673,1.1424450030415483,-0.6841423458248278,0.7980203620140522,-0.6826680894736445,-0.6525136639846563,-0.2723329845411937,-0.6505684099646967,0.0,0.0,0.0,0.0,-0.3521669230772707,0.0,0.30545719248605674,1.1429319073690285,-0.6829968743182837,-0.651087827846492,0.8660254037844386,0.5000000000000001,-2.4492935982947064e-16,1.0,-2.4492935982947064e-16,1.0
0.177438324961834,-0.3517343723629195,0.22914681889749292,-0.5053395649575132,1.5212838012132117,0.4959108823174885,1.3042093062739397,-0.6764165506424492,1.5985704219542605,-0.6826680894736445,-0.6525136639846563,1.2474016248467148,-0.6505684099646967,0.0,0.0,0.0,0.0,-0.5100338184029966,0.0,0.3546300540413404,1.3047414900806136,-0.6829968743182837,-0.651087827846492,0.8660254037844386,0.5000000000000001,0.25881904510252074,0.9659258262890683,0.7818314824680298,0.6234898018587336
0.17718662081748923,-0.3517343723629195,0.22914681889749292,-0.5053395649575132,1.5212838012132117,0.4959108823174885,1.3042093062739397,-0.5643925204979598,0.8753681938923332,-0.6826680894736445,-0.6525136639846563,0.20237063502042266,-0.6505684099646967,0.0,0.0,0.0,0.0,-0.5100338184029966,0.0,0.3297133845703979,1.3047414900806136,-0.6829968743182837,-0.651087827846492,0.8660254037844386,0.5000000000000001,0.49999999999999994,0.8660254037844387,0.7818314824680298,0.6234898018587336
0.17688344593176128,-0.19382280291316867,0.22914681889749292,-0.5053395649575132,1.5212838012132117,0.4959108823174885,1.3042093062739397,-0.09311901437286661,0.1985746649573745,-0.6826680894736445,-0.63886368888812,-0.6001858440945402,-0.6505684099646967,0.0,0.0,0.0,0.0,-0.5100338184029966,0.0,0.353419221515613,1.3047414900806136,-0.6829968743182837,-0.651087827846492,0.8660254037844386,0.5000000000000001,0.7071067811865476,0.7071067811865476,0.7818314824680298,0.6234898018587336
0.1911160326446809,-0.06222982837170911,0.09747940632609654,-0.5053395649575132,1.3594690545430088,0.8194824433273673,1.3042093062739397,0.7026378894121268,0.09028770032778108,-0.6826680894736445,0.2654471612574101,-0.05717954545931004,-0.6505684099646967,0.0,0.8787878787878787,0.0,0.0,-0.5100338184029966,0.0,0.3794635428007016,1.520487600362727,-0.6829968743182837,-0.651087827846492,0.8660254037844386,0.5000000000000001,0.8660254037844386,0.5000000000000001,0.7818314824680298,0.6234898018587336
0.4162519111266781,0.22727471561950033,0.09747940632609654,-0.5053395649575132,0.8200865656423326,0.4959108823174885,1.3042093062739397,0.5094930098526624,-0.32352320022102227,-0.6826680894736445,-0.2532518924109694,-0.224521109189664,-0.6505684099646967,0.0,0.8787878787878787,0.0,0.0,-0.5100338184029966,0.0,0.46473529659276125,1.520487600362727,-0.6829968743182837,-0.651087827846492,0.8660254037844386,0.5000000000000001,0.9659258262890683,0.25881904510252074,0.7818314824680298,0.6234898018587336
0.4911446543235964,0.22727471561950033,-0.06052148875957856,-0.5053395649575132,0.8200865656423326,0.8194824433273673,1.3042093062739397,0.7953474316006698,-0.6251797445463182,-0.6826680894736445,-0.2737268550557738,-0.5489588347893298,-0.6505684099646967,0.0,0.8787878787878787,0.0,0.0,-0.5100338184029966,0.0,0.6057780272516196,1.520487600362727,-0.6829968743182837,-0.651087827846492,0.8660254037844386,0.5000000000000001,1.0,6.123233995736766e-17,0.7818314824680298,0.6234898018587336
0.3603512399573141,0.22727471561950033,-0.1921889013309754,-0.5053395649575132,0.4964570723019269,0.9812682238323067,1.3042093062739397,1.5949672329768525,-0.6831906184550289,-0.6787950354516944,1.24483287443389,-0.6514128533997506,-0.6505684099646967,0.0,0.8787878787878787,0.0,0.0,-0.3521669230772707,0.0002938111242454664,0.5865097071224559,1.520487600362727,-0.6752533832544025,-0.651087827846492,0.8660254037844386,0.5000000000000001,0.9659258262890683,-0.25881904510252063,0.7818314824680298,0.6234898018587336
0.41054859876826416,0.22727471561950033,-0.350189796416651,-0.5053395649575132,0.4964570723019269,0.9812682238323067,1.3042093062739397,0.8726053834244555,-0.6831906184550289,-0.4890153883761387,0.20060977954886264,-0.6514128533997506,-0.4695009327874757,0.0,0.8787878787878787,0.0,0.0,-0.3521669230772707,0.033294898846305473,0.5714050835605052,1.520487600362727,-0.5629727628281253,-0.651087827846492,0.8660254037844386,0.5000000000000001,0.8660254037844387,-0.4999999999999998,0.7818314824680298,0.6234898018587336
0.14552940335138326,0.22727471561950033,-0.350189796416651,-0.05705668653291797,0.4964570723019269,1.1430540043372461,0.9806806998091566,0.19659830496633002,-0.6831906184550289,-0.23726687694938117,-0.6013262573726451,-0.6514128533997506,-0.5139137102083035,0.0,0.0,0.0,0.0,-0.19430002775154487,0.04661618454854858,0.5699138234510908,1.520487600362727,-0.09061980793137284,-0.6374139766541792,0.8660254037844386,0.5000000000000001,0.7071067811865476,-0.7071067811865475,0.7818314824680298,0.6234898018587336
0.14637031637078035,0.09568174107804124,-0.350189796416651,-0.05705668653291797,0.8200865656423326,1.358768378343832,0.818916396576765,0.08843717241302995,-0.6831906184550289,0.1887690654651316,-0.05873974728532709,-0.6514128533997506,-0.643735674976877,0.8787878787878787,0.0,0.0,0.0,-0.06274428164677277,0.08325942065359276,0.5170104299085467,1.358678017651142,0.7069597716483895,0.26847866483654054,0.8660254037844386,0.5000000000000001,0.49999999999999994,-0.8660254037844387,0.7818314824680298,0.6234898018587336
0.3913849118387921,0.09568174107804124,-0.350189796416651,0.1011607999698797,0.4964570723019269,1.358768378343832,0.4953877901119818,-0.32489286984422394,-0.6831906184550289,0.15003852524563047,-0.22595194221789677,-0.6514128533997506,-0.6334865724951475,0.8787878787878787,0.0,0.0,0.0,0.22667835978372425,0.15144578225410232,0.4899072447992463,0.8193127419458585,0.5133724950513598,-0.251127680471344,0.8660254037844386,0.5000000000000001,0.258819045102521,-0.9659258262890682,0.7818314824680298,0.6234898018587336
0.14701100628411,-0.06222982837170911,-0.9295264117307949,0.1011607999698797,0.8200865656423326,1.1430540043372461,0.4953877901119818,-0.6261988819569885,-0.6831906184550289,-0.10945609422502733,-0.550138850760634,-0.6514128533997506,-0.5856574275804098,0.8787878787878787,0.0,0.0,0.0,0.22667835978372425,0.21347318760798056,0.49639180614673695,0.8193127419458585,0.7998816644149638,-0.2716384572598131,0.8660254037844386,0.5000000000000001,1.2246467991473532e-16,-1.0,0.7818314824680298,0.6234898018587336
0.4008923774050369,-0.19382280291316867,-0.5081906915023265,-0.3471220784547151,0.9819013123125355,1.3048397848421855,0.9806806998091566,-0.6841423458248278,-0.6831906184550289,0.17714990339928127,-0.6525136639846563,-0.6514128533997506,-0.6266538375073278,0.8787878787878787,0.0,0.0,0.0,0.22667835978372425,0.13870656988115643,0.5055531064026252,0.4956935765226884,1.6013329895266668,1.2495774878849806,0.8660254037844386,0.5000000000000001,-0.2588190451025208,-0.9659258262890683,0.7818314824680298,0.6234898018587336
0.14927633328631879,-0.3517343723629195,-0.5081906915023265,-0.3471220784547151,0.9819013123125355,1.3048397848421855,1.1424450030415483,-0.6841423458248278,-0.6831906184550289,-0.12882136433477792,-0.6525136639846563,-0.6514128533997506,-0.643735674976877,0.8787878787878787,0.0,0.0,0.0,0.22667835978372425,0.09829922073039789,0.5144371546931258,0.4956935765226884,0.8773165750537757,0.20352787167305494,0.8660254037844386,0.5000000000000001,-0.4999999999999997,-0.8660254037844388,0.7818314824680298,0.6234898018587336
0.4181568365379654,-0.3517343723629195,-0.5081906915023265,-0.5053395649575132,1.1437160589827384,1.3048397848421855,1.1424450030415483,-0.6841423458248278,-0.6831906184550289,-0.11332914824697746,-0.6525136639846563,-0.6514128533997506,-0.643735674976877,0.0,0.0,0.0,0.0,0.22667835978372425,0.10443045805904456,0.5218846966800498,0.4956935765226884,0.1997611069641717,-0.5998108858753192,0.8660254037844386,0.5000000000000001,-0.7071067811865471,-0.7071067811865479,0.7818314824680298,0.6234898018587336
0.22515871784123226,-0.3517343723629195,-0.5081906915023265,-0.5053395649575132,1.3594690545430088,1.3048397848421855,1.1424450030415483,-0.6841423458248278,-0.6831906184550289,-0.32247406543228374,-0.6525136639846563,-0.6514128533997506,-0.6334865724951475,0.0,0.0,0.8787878787878787,0.8787878787878787,0.09512261367895261,0.04384438056081356,0.5674062118269552,0.8193127419458585,0.09135223206983509,-0.0562753009808873,0.8660254037844386,0.5000000000000001,-0.8660254037844385,-0.5000000000000004,0.7818314824680298,0.6234898018587336
0.5371560339314385,-0.3517343723629195,-0.5081906915023265,-0.5053395649575132,1.3594690545430088,1.3048397848421855,1.1424450030415483,-0.6841423458248278,-0.6831906184550289,-0.5354920366395401,-0.6525136639846563,-0.6514128533997506,-0.643735674976877,0.0,0.0,0.8787878787878787,0.8787878787878787,0.09512261367895261,0.0,0.6086037129021836,0.4956935765226884,-0.32292453984780845,-0.2237799780867185,0.8660254037844386,0.5000000000000001,-0.9659258262890683,-0.25881904510252063,0.7818314824680298,0.6234898018587336
0.8491533500216448,-0.9307434603453393,-0.5081906915023265,-0.5053395649575132,1.1437160589827384,1.3048397848421855,1.1424450030415483,-0.6841423458248278,-0.6831906184550289,-0.6361914412102432,-0.6525136639846563,-0.6514128533997506,-0.6505684099646967,0.0,0.0,0.8787878787878787,0.8787878787878787,-0.06274428164677277,0.0,0.6535712363148136,0.8193127419458585,-0.6249206913391748,-0.5485339439041463,0.8660254037844386,0.5000000000000001,-1.0,-1.8369701987210297e-16,0.7818314824680298,0.6234898018587336
0.7684743358227256,-0.5096459418126703,-0.5081906915023265,-0.5053395649575132,1.305530805652941,1.3048397848421855,1.1424450030415483,-0.6841423458248278,-0.6793232268611149,-0.6826680894736445,-0.6525136639846563,-0.6514128533997506,-0.6505684099646967,0.0,0.0,0.8787878787878787,0.8787878787878787,-0.19430002775154487,0.0,0.6493523249649131,0.9811223246574435,-0.6829968743182837,-0.651087827846492,0.8660254037844386,0.5000000000000001,-0.9659258262890684,0.2588190451025203,0.7818314824680298,0.6234898018587336
0.6103941177285362,-0.5096459418126703,-0.5081906915023265,-0.5053395649575132,1.305530805652941,1.3048397848421855,1.1424450030415483,-0.6841423458248278,-0.4898210387593264,-0.6826680894736445,-0.6525136639846563,-0.47041075385467396,-0.6505684099646967,0.0,0.0,0.8787878787878787,0.8787878787878787,-0.3521669230772707,0.0,0.6108800165869713,0.9811223246574435,-0.6829968743182837,-0.651087827846492,0.8660254037844386,0.5000000000000001,-0.8660254037844386,0.5000000000000001,0.7818314824680298,0.6234898018587336
0.4523138996343469,-0.5096459418126703,-0.06052148875957856,-0.5053395649575132,1.305530805652941,0.9812682238323067,0.9806806998091566,-0.6841423458248278,-0.23844058515491318,-0.6826680894736445,-0.6525136639846563,-0.5148074952525229,-0.6505684099646967,0.0,0.0,0.0,0.0,-0.3521669230772707,0.0,0.5336033428402125,1.1429319073690285,-0.6829968743182837,-0.651087827846492,0.8660254037844386,0.5000000000000001,-0.7071067811865477,0.7071067811865474,0.7818314824680298,0.6234898018587336
0.7264916331988934,-0.5096459418126703,-0.06052148875957856,-0.5053395649575132,1.305530805652941,0.8194824433273673,0.9806806998091566,-0.6841423458248278,0.18697249017563233,-0.6826680894736445,-0.6525136639846563,-0.6445825854923893,-0.6505684099646967,0.0,0.0,0.0,0.0,-0.3521669230772707,0.0,0.45496929714910905,1.358678017651142,-0.6829968743182837,-0.651087827846492,0.8660254037844386,0.5000000000000001,-0.5000000000000004,0.8660254037844384,0.7818314824680298,0.6234898018587336
0.5200217103786343,-0.5096459418126703,0.09747940632609654,-0.6371874703765118,1.305530805652941,0.4959108823174885,0.9806806998091566,-0.6841423458248278,0.14829857423649184,-0.6826680894736445,-0.6525136639846563,-0.6343371836313472,-0.6505684099646967,0.0,0.0,0.0,0.0,-0.3521669230772707,0.0,0.39193598854974465,1.358678017651142,-0.6829968743182837,-0.651087827846492,0.8660254037844386,0.5000000000000001,-0.25881904510252157,0.9659258262890681,0.7818314824680298,0.6234898018587336
0.3527515486097284,-0.5096459418126703,0.09747940632609654,-1.085470348801107,1.305530805652941,0.4959108823174885,1.5198950439171286,-0.6841423458248278,-0.11081666255574953,-0.6826680894736445,-0.6525136639846563,-0.5865253082798175,-0.6505684099646967,0.0,0.0,0.0,0.0,-0.9310122059382657,0.0,0.3613586258013761,1.1429319073690285,-0.6829968743182837,-0.651087827846492,0.8660254037844386,0.5000000000000001,-2.4492935982947064e-16,1.0,0.7818314824680298,0.6234898018587336
0.5619014783842963,-0.5096459418126703,-0.350189796416651,-1.2173182542201055,1.305530805652941,0.9812682238323067,1.3042093062739397,-0.6802794482336385,0.1753703153938902,-0.6826680894736445,-0.6525136639846563,-0.6275069157239859,-0.6505684099646967,0.0,0.0,0.0,0.0,-0.5100338184029966,0.0,0.35449258050077137,1.3047414900806136,-0.6829968743182837,-0.651087827846492,0.8660254037844386,0.5000000000000001,0.25881904510252074,0.9659258262890683,0.9749279121818236,-0.22252093395631434
0.17670610938901357,-0.5096459418126703,-0.350189796416651,-1.2173182542201055,1.305530805652941,1.1430540043372461,1.3042093062739397,-0.49099746626536334,-0.13015362052531979,-0.6826680894736445,-0.4716514939555502,-0.6445825854923893,-0.6505684099646967,0.0,0.0,0.0,0.0,-0.5100338184029966,0.0,0.35634401718890474,1.3047414900806136,-0.6829968743182837,-0.651087827846492,0.8660254037844386,0.5000000000000001,0.49999999999999994,0.8660254037844387,0.9749279121818236,-0.22252093395631434
0.1474343287626706,-0.06222982837170911,-0.5081906915023265,-1.3755357407229036,0.9819013123125355,1.1430540043372461,1.3042093062739397,-0.23990912283805957,-0.11468405414966357,-0.6826680894736445,-0.5160139130192932,-0.6445825854923893,-0.6505684099646967,0.0,0.0,0.0,0.0,-0.5100338184029966,0.0,0.34448379991617395,1.3047414900806136,-0.6829968743182837,-0.651087827846492,0.8660254037844386,0.5000000000000001,0.7071067811865476,0.7071067811865476,0.9749279121818236,-0.22252093395631434
0.14639319263720602,-0.06222982837170911,-0.5081906915023265,-1.5073836461419021,0.8200865656423326,1.1430540043372461,1.3042093062739397,0.18500961219276216,-0.32352320022102227,-0.6826680894736445,-0.645688676436388,-0.6343371836313472,-0.6505684099646967,0.0,0.8787878787878787,0.0,0.0,-0.5100338184029966,0.0,0.3331442816052258,1.3047414900806136,-0.6829968743182837,-0.651087827846492,0.8660254037844386,0.5000000000000001,0.8660254037844386,0.5000000000000001,0.9749279121818236,-0.22252093395631434
0.14597560209636948,0.09568174107804124,-0.5081906915023265,-1.5073836461419021,0.4964570723019269,1.1430540043372461,1.5198950439171286,0.14638063628086928,-0.536229737886295,-0.6826680894736445,-0.6354511951139858,-0.6445825854923893,-0.6505684099646967,0.0,0.8787878787878787,0.0,0.0,-0.5100338184029966,0.0,0.39613103154275053,1.3047414900806136,-0.6829968743182837,-0.651087827846492,0.8660254037844386,0.5000000000000001,0.9659258262890683,0.25881904510252074,0.9749279121818236,-0.22252093395631434
0.1935872872322969,0.09568174107804124,-0.5081906915023265,-1.3755357407229036,0.4964570723019269,1.1430540043372461,1.3042093062739397,-0.11243350232881305,-0.6367819193280604,-0.6826680894736445,-0.5876762822761088,-0.6514128533997506,-0.6505684099646967,0.0,0.8787878787878787,0.0,0.0,-0.5100338184029966,0.0,0.47323770727119774,1.3047414900806136,-0.6829968743182837,-0.651087827846492,0.8660254037844386,0.5000000000000001,1.0,6.123233995736766e-17,0.9749279121818236,-0.22252093395631434
0.3236713863182707,-0.3517343723629195,-0.5081906915023265,-1.5073836461419021,0.9819013123125355,1.1430540043372461,1.3042093062739397,0.1734209194191943,-0.6831906184550289,-0.6826680894736445,-0.6286262075657176,-0.6514128533997506,-0.6505684099646967,0.0,0.8787878787878787,0.0,0.0,-0.5100338184029966,0.02186952646498087,0.487886936925101,1.3047414900806136,-0.6791251287863431,-0.651087827846492,0.8660254037844386,0.5000000000000001,0.9659258262890683,-0.25881904510252063,0.9749279121818236,-0.22252093395631434
0.2494994428708972,-0.3517343723629195,-0.5081906915023265,-1.3755357407229036,1.1437160589827384,1.1430540043372461,1.5198950439171286,-0.1317479902847595,-0.6831906184550289,-0.45028484815663755,-0.645688676436388,-0.6514128533997506,-0.3294298655371727,0.0,0.8787878787878787,0.0,0.0,-0.5100338184029966,0.09741225260792523,0.47903116188139394,1.3047414900806136,-0.48940959772125403,-0.46990929954834804,0.8660254037844386,0.5000000000000001,0.8660254037844387,-0.4999999999999998,0.9749279121818236,-0.22252093395631434
0.14473997480256148,-0.5096459418126703,-0.5081906915023265,-0.9272528622983084,1.1437160589827384,0.9812682238323067,1.1424450030415483,-0.11629639992000235,-0.6831906184550289,0.06870439078467801,-0.645688676436388,-0.6514128533997506,0.14202884862238369,0.0,0.0,0.0,0.0,-0.06274428164677277,0.216926863141295,0.5006655737417751,0.9811223246574435,-0.23774613814511542,-0.5143493159233644,0.8660254037844386,0.5000000000000001,0.7071067811865476,-0.7071067811865475,0.9749279121818236,-0.22252093395631434
0.14220007425417835,-0.5096459418126703,-0.5081906915023265,-0.18890459195191697,1.1437160589827384,0.9812682238323067,0.3336234868795902,-0.32489286984422394,-0.6831906184550289,0.7542349526698486,-0.6354511951139858,-0.6514128533997506,0.6374021352393089,0.8787878787878787,0.0,0.0,0.0,-0.06274428164677277,0.12832339635269385,0.5028330356703373,0.8193127419458585,0.18814587036834993,-0.6442509022503355,0.8660254037844386,0.5000000000000001,0.49999999999999994,-0.8660254037844387,0.9749279121818236,-0.22252093395631434
0.14285793252229587,-0.5096459418126703,-0.6398581040737229,-0.05705668653291797,1.1437160589827384,0.9812682238323067,0.1718591836471986,-0.5373522373596348,-0.6831906184550289,1.1918900571502118,-0.645688676436388,-0.6514128533997506,0.8218859799104397,0.8787878787878787,0.0,0.0,0.0,0.09512261367895261,0.18526731925466686,0.4988714518419789,0.4956935765226884,0.149428415048944,-0.633995513856101,0.8660254037844386,0.5000000000000001,0.258819045102521,-0.9659258262890682,0.9749279121818236,-0.22252093395631434
0.39450257111597153,-0.5096459418126703,-1.0875273068164708,0.39122619189167684,1.1437160589827384,1.5205541588487714,-0.3673551604607734,-0.6377875747305563,-0.6831906184550289,1.3235738938965156,-0.6525136639846563,-0.6514128533997506,0.5827402553367517,0.8787878787878787,0.0,0.0,0.0,0.09512261367895261,0.18641484573838069,0.5176703438789981,0.4956935765226884,-0.1099785355910758,-0.5861370346830064,0.8660254037844386,0.5000000000000001,1.2246467991473532e-16,-1.0,0.9749279121818236,-0.22252093395631434
0.14322404202485509,-0.5096459418126703,-1.2191947193878672,0.39122619189167684,1.1437160589827384,1.3048397848421855,-0.5830408981039622,-0.6841423458248278,-0.6831906184550289,0.3553103884089866,-0.6525136639846563,-0.6514128533997506,-0.6471520424707868,0.8787878787878787,0.0,0.0,0.0,-0.3521669230772707,0.19015677992440402,0.5217258645454356,0.9811223246574435,0.17653063377252814,-0.6271585882599446,0.8660254037844386,0.5000000000000001,-0.2588190451025208,-0.9659258262890683,0.9749279121818236,-0.22252093395631434
0.15289740428448587,-0.5096459418126703,-1.2191947193878672,0.5230740973106753,1.1437160589827384,1.3048397848421855,-0.3673551604607734,-0.6841423458248278,-0.6831906184550289,0.8200768710430005,-0.6525136639846563,-0.6514128533997506,-0.3977572154153693,0.8787878787878787,0.0,0.0,0.0,-0.3521669230772707,0.1326085995115808,0.5293436094292711,1.1429319073690285,-0.12933726325077877,-0.6442509022503355,0.8660254037844386,0.5000000000000001,-0.4999999999999997,-0.8660254037844388,0.9749279121818236,-0.22252093395631434
0.28414275963037255,-0.5096459418126703,-1.3771956144735429,0.5230740973106753,0.9819013123125355,1.3048397848421855,-0.5830408981039622,-0.6841423458248278,-0.6831906184550289,-0.039741121829925244,-0.6525136639846563,-0.6514128533997506,-0.643735674976877,0.0,0.0,0.0,0.0,-0.5100338184029966,0.017772802369037492,0.5174998336641866,1.1429319073690285,-0.1138502811230164,-0.6442509022503355,0.8660254037844386,0.5000000000000001,-0.7071067811865471,-0.7071067811865479,0.9749279121818236,-0.22252093395631434
0.32591382675715974,-0.5096459418126703,-1.5088630270449392,0.23300870538887822,0.9819013123125355,1.3048397848421855,-0.6369623325147594,-0.6841423458248278,-0.6831906184550289,-0.1481866344445285,-0.6525136639846563,-0.6514128533997506,-0.6300702050012377,0.0,0.0,0.8787878787878787,0.8787878787878787,-0.5100338184029966,0.0,0.5302500435751171,1.1429319073690285,-0.32292453984780845,-0.633995513856101,0.8660254037844386,0.5000000000000001,-0.8660254037844385,-0.5000000000000004,0.9749279121818236,-0.22252093395631434
0.5173788408891006,-0.6412389163541294,-1.5088630270449392,-0.3471220784547151,0.9819013123125355,1.5205541588487714,-1.1222552422119343,-0.6841423458248278,-0.6831906184550289,-0.5780956308809914,-0.6525136639846563,-0.6514128533997506,-0.6505684099646967,0.0,0.0,0.8787878787878787,0.8787878787878787,-0.5100338184029966,0.0,0.5678755374797996,1.1429319073690285,-0.5358705441045412,-0.6442509022503355,0.8660254037844386,0.5000000000000001,-0.9659258262890683,-0.25881904510252063,0.9749279121818236,-0.22252093395631434
0.5906870293736316,-1.0886550297950905,-1.3771956144735429,-0.7954049568793099,1.5212838012132117,1.3048397848421855,0.4414663557011846,-0.6841423458248278,-0.6831906184550289,-0.6439375492541434,-0.6525136639846563,-0.6514128533997506,-0.6505684099646967,0.0,0.0,0.8787878787878787,0.8787878787878787,-0.5100338184029966,0.0,0.5569279519305633,1.1429319073690285,-0.6365359279349966,-0.651087827846492,0.8660254037844386,0.5000000000000001,-1.0,-1.8369701987210297e-16,0.9749279121818236,-0.22252093395631434
0.5746296064918517,-1.2202480043365496,-1.5088630270449392,-0.9272528622983084,1.305530805652941,1.3048397848421855,0.7649949621659677,-0.6841423458248278,-0.6831906184550289,-0.6826680894736445,-0.6525136639846563,-0.6514128533997506,-0.6505684099646967,0.0,0.0,0.8787878787878787,0.8787878787878787,-0.5100338184029966,0.0,0.5214128612643559,1.1429319073690285,-0.6829968743182837,-0.651087827846492,0.8660254037844386,0.5000000000000001,-0.9659258262890684,0.2588190451025203,0.9749279121818236,-0.22252093395631434
0.4378010108698269,-1.2202480043365496,-1.3771956144735429,-1.085470348801107,1.305530805652941,1.5205541588487714,0.9806806998091566,-0.6841423458248278,-0.45114712282018593,-0.6826680894736445,-0.6525136639846563,-0.3303902617537655,-0.6505684099646967,0.0,0.0,0.8787878787878787,0.8787878787878787,-0.5100338184029966,0.0,0.5040136486025716,1.1429319073690285,-0.6829968743182837,-0.651087827846492,0.8660254037844386,0.5000000000000001,-0.8660254037844386,0.5000000000000001,0.9749279121818236,-0.22252093395631434
0.8729763815381847,-1.3781595737863004,-0.9295264117307949,-1.085470348801107,1.305530805652941,1.1430540043372461,1.1424450030415483,-0.6841423458248278,0.06708335076429678,-0.6826680894736445,-0.6525136639846563,0.14089822385417017,-0.6505684099646967,0.0,0.0,0.0,0.0,-0.5100338184029966,0.0,0.4154366907967558,0.9811223246574435,-0.6829968743182837,-0.651087827846492,0.8660254037844386,0.5000000000000001,-0.7071067811865477,0.7071067811865474,0.9749279121818236,-0.22252093395631434
0.4096847579979708,-1.5097525483277596,-0.1921889013309754,-1.085470348801107,1.305530805652941,0.33412510181254906,1.1424450030415483,-0.6841423458248278,0.7516116628870837,-0.6826680894736445,-0.6525136639846563,0.6360926471378707,-0.6505684099646967,0.0,0.0,0.0,0.0,-0.5100338184029966,0.0,0.29073384799862023,0.9811223246574435,-0.6829968743182837,-0.651087827846492,0.8660254037844386,0.5000000000000001,-0.5000000000000004,0.8660254037844384,0.9749279121818236,-0.22252093395631434
0.46336593364083223,-1.5097525483277596,-0.06052148875957856,-1.085470348801107,1.5212838012132117,0.17233932130760965,1.3042093062739397,-0.6841423458248278,1.1886269129993712,-0.6826680894736445,-0.6525136639846563,0.8205098806366281,-0.6505684099646967,0.0,0.0,0.0,0.0,-0.6415895645077683,0.0,0.26570526359245294,0.9811223246574435,-0.6829968743182837,-0.651087827846492,0.8660254037844386,0.5000000000000001,-0.25881904510252157,0.9659258262890681,0.9749279121818236,-0.22252093395631434
0.5094159094401156,-1.3781595737863004,0.38714771398316894,-0.18890459195191697,1.305530805652941,-0.366946613708855,1.1424450030415483,-0.6841423458248278,1.320118227192449,-0.6826680894736445,-0.6525136639846563,0.5814505038789796,-0.6505684099646967,0.0,0.0,0.0,0.0,-1.088879101263992,0.0,0.32661772014474466,1.520487600362727,-0.6829968743182837,-0.651087827846492,0.8660254037844386,0.5000000000000001,-2.4492935982947064e-16,1.0,0.9749279121818236,-0.22252093395631434
0.26102050040432384,-1.5097525483277596,0.38714771398316894,-0.9272528622983084,1.305530805652941,-0.582660987715441,1.5198950439171286,-0.6841423458248278,0.3532703287139365,-0.6826680894736445,-0.6525136639846563,-0.64799771944607,-0.6505684099646967,0.0,0.0,0.0,0.0,-1.2204348473687636,0.0,0.3500302733741256,1.3047414900806136,-0.6829968743182837,-0.651087827846492,0.8660254037844386,0.5000000000000001,0.25881904510252074,0.9659258262890683,0.43388373911755823,-0.900968867902419
0.17628279377504905,-1.3781595737863004,0.5188151265545653,-0.18890459195191697,1.5212838012132117,-0.366946613708855,1.5198950439171286,-0.45236849035347043,0.8173573199836225,-0.6826680894736445,-0.33173924921605313,-0.3986929408273794,-0.6505684099646967,0.0,0.0,0.0,0.0,-1.2204348473687636,0.0,0.3162901484586188,1.3047414900806136,-0.6829968743182837,-0.651087827846492,0.8660254037844386,0.5000000000000001,0.49999999999999994,0.8660254037844387,0.43388373911755823,-0.900968867902419
0.4468222570959584,-0.9307434603453393,0.5188151265545653,-0.18890459195191697,1.1437160589827384,-0.582660987715441,1.5198950439171286,0.06525978686589422,-0.04120361386529662,-0.6826680894736445,0.13918489161444927,-0.6445825854923893,-0.6505684099646967,0.0,0.0,0.0,0.0,-1.3783017426944895,0.0,0.25128882724774737,1.3047414900806136,-0.6829968743182837,-0.651087827846492,0.8660254037844386,0.5000000000000001,0.7071067811865476,0.7071067811865476,0.43388373911755823,-0.900968867902419
0.17572790788038029,-0.19382280291316867,0.22914681889749292,-0.3471220784547151,0.3346423256317241,-0.6365895812170874,1.358130740684737,0.7489926605063982,-0.14949057849489003,-0.6826680894736445,0.6339964888638903,-0.6309220496776665,-0.6505684099646967,0.0,0.8787878787878787,0.0,0.0,-1.509857488799261,0.0,0.24998390422499106,1.3047414900806136,-0.6829968743182837,-0.651087827846492,0.8660254037844386,0.5000000000000001,0.8660254037844386,0.5000000000000001,0.43388373911755823,-0.900968867902419
0.1761512337912389,-0.06222982837170911,-0.350189796416651,-0.3471220784547151,0.17282757896152123,-1.1219469227319057,1.1424450030415483,1.1855000883107878,-0.5787710454193495,-0.6826680894736445,0.8182711526671302,-0.6514128533997506,-0.6505684099646967,0.0,0.8787878787878787,0.0,0.0,-1.509857488799261,0.0,0.307837728158571,1.520487600362727,-0.6829968743182837,-0.651087827846492,0.8660254037844386,0.5000000000000001,0.9659258262890683,0.25881904510252074,0.43388373911755823,-0.900968867902419
0.544373864960767,0.3851862850692516,-0.7978589991593985,-0.3471220784547151,-0.36655490993915496,0.441982288815842,1.1424450030415483,1.3168386064112236,-0.6445167025158884,-0.6826680894736445,0.579396588477745,-0.6514128533997506,-0.6505684099646967,0.0,0.8787878787878787,0.0,0.0,-1.3783017426944895,0.0,0.3712655305021466,1.3047414900806136,-0.6829968743182837,-0.651087827846492,0.8660254037844386,0.5000000000000001,1.0,6.123233995736766e-17,0.43388373911755823,-0.900968867902419
0.28073335501993285,0.3851862850692516,-0.9295264117307949,-0.5053395649575132,-0.5823079054994255,0.7655538498257208,1.3042093062739397,0.3511142086139016,-0.6831906184550289,-0.6749219814297444,-0.6491011702105222,-0.6514128533997506,-0.6505684099646967,0.0,0.8787878787878787,0.0,0.0,-1.509857488799261,0.0,0.4291037836621301,1.3047414900806136,-0.6829968743182837,-0.651087827846492,0.8660254037844386,0.5000000000000001,0.9659258262890683,-0.25881904510252063,0.43388373911755823,-0.900968867902419
0.23042156339238398,0.5167792596107107,-1.0875273068164708,-0.5053395649575132,-0.36655490993915496,0.9812682238323067,1.5198950439171286,0.8146619195566162,-0.6831906184550289,-0.5742225768590413,-0.39998912469873465,-0.6514128533997506,-0.6403193074829672,0.0,0.8787878787878787,0.0,0.0,-1.3783017426944895,0.1308734596402762,0.4496484974690066,1.520487600362727,-0.4506921424018481,-0.32975232482714234,0.8660254037844386,0.5000000000000001,0.8660254037844387,-0.4999999999999998,0.43388373911755823,-0.900968867902419
0.14495163432569275,0.5167792596107107,-1.0875273068164708,-0.3471220784547151,-0.5823079054994255,1.1430540043372461,1.358130740684737,-0.04290134568740586,-0.6831906184550289,-0.3379662815200842,-0.645688676436388,-0.6514128533997506,-0.6505684099646967,0.0,0.0,0.0,0.0,-0.9310122059382657,0.31829723727244785,0.4457206673899905,1.1429319073690285,0.06812175887819152,0.14199554130764758,0.8660254037844386,0.5000000000000001,0.7071067811865476,-0.7071067811865475,0.43388373911755823,-0.900968867902419
0.14214287157507113,0.22727471561950033,-1.0875273068164708,-0.05705668653291797,-0.6362461543894931,1.1430540043372461,1.1424450030415483,-0.15106247824070593,-0.6831906184550289,0.11518103904807941,-0.6320387013398517,-0.6514128533997506,-0.6403193074829672,0.8787878787878787,0.0,0.0,0.0,-0.19430002775154487,0.26323814491387526,0.45776307295773033,0.3338839938111034,0.7534207180316767,0.6376726470289847,0.8660254037844386,0.5000000000000001,0.49999999999999994,-0.8660254037844387,0.43388373911755823,-0.900968867902419
0.14221151753583824,-0.3517343723629195,-1.0875273068164708,0.1011607999698797,-1.1216903944001015,1.3048397848421855,0.9806806998091566,-0.5798441108627169,-0.6831906184550289,-0.059106391939675824,-0.6525136639846563,-0.6514128533997506,-0.6471520424707868,0.8787878787878787,0.0,0.0,0.0,-0.06274428164677277,0.25655809057127843,0.4648554066719842,0.17207441109951835,1.1909279631409637,0.8222696381252069,0.8660254037844386,0.5000000000000001,0.258819045102521,-0.9659258262890682,0.43388373911755823,-0.900968867902419
0.14292085684223302,-0.7991504858038802,-0.1921889013309754,0.1011607999698797,0.44251882341185933,1.1430540043372461,0.9806806998091566,-0.6455133699129348,-0.6831906184550289,0.5257247653747917,-0.6525136639846563,-0.6514128533997506,-0.6505684099646967,0.8787878787878787,0.0,0.0,0.0,0.3845452551094506,0.28736946270907465,0.4659637486780849,-0.3672908646057651,1.322567311226944,0.5829772422597338,0.8660254037844386,0.5000000000000001,1.2246467991473532e-16,-1.0,0.43388373911755823,-0.900968867902419
0.14626162578879975,-0.9307434603453393,-0.9295264117307949,0.1011607999698797,0.766148316752265,1.5205541588487714,0.9806806998091566,-0.6841423458248278,-0.6831906184550289,0.5876936297259936,-0.6525136639846563,-0.6514128533997506,-0.643735674976877,0.8787878787878787,0.0,0.0,0.0,0.3845452551094506,0.46465398903355837,0.4331816360959623,-0.5830369748878784,0.3546309282417955,-0.6476693650484138,0.8660254037844386,0.5000000000000001,-0.2588190451025208,-0.9659258262890683,0.43388373911755823,-0.900968867902419
0.14673642930563763,-1.0886550297950905,-0.1921889013309754,0.23300870538887822,0.9819013123125355,1.5205541588487714,0.818916396576765,-0.6841423458248278,-0.6831906184550289,0.5644553055942929,-0.6525136639846563,-0.6514128533997506,-0.6471520424707868,0.8787878787878787,0.0,0.0,0.0,0.5161010012142222,0.49529350494422264,0.44108380369618405,-0.3672908646057651,0.8192403920746667,-0.3981215807887061,0.8660254037844386,0.5000000000000001,-0.4999999999999997,-0.8660254037844388,0.43388373911755823,-0.900968867902419
0.146398921142632,-1.0886550297950905,-0.1921889013309754,0.23300870538887822,1.1437160589827384,1.5205541588487714,0.4953877901119818,-0.6841423458248278,-0.6831906184550289,-0.1481866344445285,-0.6525136639846563,-0.6514128533997506,-0.6505684099646967,0.0,0.0,0.0,0.0,0.5161010012142222,0.4114021078617951,0.4689311591001669,-0.5830369748878784,-0.04028711601614511,-0.6442509022503355,0.8660254037844386,0.5000000000000001,-0.7071067811865471,-0.7071067811865479,0.43388373911755823,-0.900968867902419
0.19941648255356553,-1.0886550297950905,-0.350189796416651,0.1011607999698797,1.1437160589827384,1.358768378343832,0.6571520933443734,-0.6841423458248278,-0.6831906184550289,-0.3186010114103336,-0.6525136639846563,-0.6514128533997506,-0.6471520424707868,0.0,0.0,0.8787878787878787,0.8787878787878787,0.22667835978372425,0.2646351203720024,0.5065852847891928,-0.6369735024584068,-0.14869599091048175,-0.6305770510580229,0.8660254037844386,0.5000000000000001,-0.8660254037844385,-0.5000000000000004,0.43388373911755823,-0.900968867902419
0.5077855678718968,-1.0886550297950905,-0.350189796416651,0.1011607999698797,1.305530805652941,1.1430540043372461,0.6571520933443734,-0.6841423458248278,-0.6831906184550289,-0.5045076044639392,-0.6525136639846563,-0.6514128533997506,-0.6471520424707868,0.0,0.0,0.8787878787878787,0.8787878787878787,-0.3521669230772707,0.007001574632514789,0.5685628539629949,-1.122402250593162,-0.5784597449558877,-0.651087827846492,0.8660254037844386,0.5000000000000001,-0.9659258262890683,-0.25881904510252063,0.43388373911755823,-0.900968867902419
0.5758938248283192,-0.19382280291316867,-0.350189796416651,-0.05705668653291797,1.1437160589827384,1.1430540043372461,0.818916396576765,-0.6841423458248278,-0.6831906184550289,-0.6478106032760935,-0.6525136639846563,-0.6514128533997506,-0.6505684099646967,0.0,0.0,0.8787878787878787,0.8787878787878787,-0.7994564598334941,0.0,0.6077100324491848,0.44175704895216006,-0.6442794189988778,-0.651087827846492,0.8660254037844386,0.5000000000000001,-1.0,-1.8369701987210297e-16,0.43388373911755823,-0.900968867902419
0.5986613903750843,-0.9307434603453393,-0.5081906915023265,-0.05705668653291797,1.5212838012132117,1.3048397848421855,0.9806806998091566,-0.6841423458248278,-0.6754558352672009,-0.6826680894736445,-0.6525136639846563,-0.6514128533997506,-0.6505684099646967,0.0,0.0,0.8787878787878787,0.8787878787878787,-0.9310122059382657,0.0,0.5873243044358725,0.7653762143753301,-0.6829968743182837,-0.651087827846492,0.8660254037844386,0.5000000000000001,-0.9659258262890684,0.2588190451025203,0.43388373911755823,-0.900968867902419
0.4647331209184504,-0.19382280291316867,-0.5081906915023265,-0.18890459195191697,1.5212838012132117,1.5205541588487714,0.9806806998091566,-0.6841423458248278,-0.5749036538254355,-0.6826680894736445,-0.6525136639846563,-0.6411674515387086,-0.6505684099646967,0.0,0.0,0.8787878787878787,0.8787878787878787,-1.088879101263992,0.0,0.5643210986491995,0.9811223246574435,-0.6829968743182837,-0.651087827846492,0.8660254037844386,0.5000000000000001,-0.8660254037844386,0.5000000000000001,0.43388373911755823,-0.900968867902419
0.4357645254747295,-0.19382280291316867,-0.350189796416651,-0.18890459195191697,1.5212838012132117,1.358768378343832,0.9806806998091566,-0.6841423458248278,-0.3389927665966785,-0.6826680894736445,-0.6525136639846563,-0.6514128533997506,-0.6505684099646967,0.0,0.0,0.0,0.0,-1.088879101263992,0.0,0.5402182581969237,1.1429319073690285,-0.6829968743182837,-0.651087827846492,0.8660254037844386,0.5000000000000001,-0.7071067811865477,0.7071067811865474,0.43388373911755823,-0.900968867902419
0.39043529794052023,-0.3517343723629195,-0.06052148875957856,-0.18890459195191697,1.3594690545430088,1.1430540043372461,0.9806806998091566,-0.6841423458248278,0.11349204989126538,-0.6826680894736445,-0.6525136639846563,-0.6411674515387086,-0.6505684099646967,0.0,0.0,0.0,0.0,-1.088879101263992,0.0,0.4799089642428963,1.1429319073690285,-0.6829968743182837,-0.651087827846492,0.8660254037844386,0.5000000000000001,-0.5000000000000004,0.8660254037844384,0.43388373911755823,-0.900968867902419
0.30911272785940924,-0.3517343723629195,0.09747940632609654,-0.18890459195191697,1.1437160589827384,0.9812682238323067,1.1424450030415483,-0.6841423458248278,-0.06054057183486687,-0.6826680894736445,-0.6525136639846563,-0.64799771944607,-0.6505684099646967,0.0,0.0,0.0,0.0,-1.088879101263992,0.0,0.44239159501933967,1.3047414900806136,-0.6829968743182837,-0.651087827846492,0.8660254037844386,0.5000000000000001,-0.25881904510252157,0.9659258262890681,0.43388373911755823,-0.900968867902419
0.2263600221546567,-0.3517343723629195,0.09747940632609654,-1.5073836461419021,1.1437160589827384,0.9812682238323067,-0.3134337260499762,-0.6841423458248278,0.5234355588461547,-0.6826680894736445,-0.6525136639846563,-0.6514128533997506,-0.6505684099646967,0.0,0.0,0.0,0.0,-0.19430002775154487,0.0,0.3952390925578514,1.1429319073690285,-0.6829968743182837,-0.651087827846492,0.8660254037844386,0.5000000000000001,-2.4492935982947064e-16,1.0,0.43388373911755823,-0.900968867902419
0.1757736810070198,-0.5096459418126703,0.09747940632609654,-0.18890459195191697,1.305530805652941,0.9812682238323067,1.1424450030415483,-0.6764165506424492,0.5853138243487795,-0.6826680894736445,-0.6525136639846563,-0.6445825854923893,-0.6505684099646967,0.0,0.0,0.0,0.0,-0.9310122059382657,0.0,0.37865831868323285,1.520487600362727,-0.6829968743182837,-0.651087827846492,0.8660254037844386,0.5000000000000001,0.25881904510252074,0.9659258262890683,-0.433883739117558,-0.9009688679024191
0.17549908343475917,-0.5096459418126703,0.22914681889749292,-0.3471220784547151,1.5212838012132117,0.8194824433273673,0.9806806998091566,-0.5759812132715276,0.5621094747852952,-0.6826680894736445,-0.642276182662254,-0.64799771944607,-0.6505684099646967,0.0,0.0,0.0,0.0,-0.19430002775154487,0.0,0.3815002409628433,1.520487600362727,-0.6829968743182837,-0.651087827846492,0.8660254037844386,0.5000000000000001,0.49999999999999994,0.8660254037844387,-0.433883739117558,-0.9009688679024191
0.1756478186379533,-0.3517343723629195,0.22914681889749292,-0.3471220784547151,1.3594690545430088,0.4959108823174885,0.9806806998091566,-0.34034446020898107,-0.14949057849489003,-0.6826680894736445,-0.6525136639846563,-0.6514128533997506,-0.6505684099646967,0.0,0.0,0.0,0.0,-0.19430002775154487,0.0,0.3881021977481075,1.520487600362727,-0.6829968743182837,-0.651087827846492,0.8660254037844386,0.5000000000000001,0.7071067811865476,0.7071067811865476,-0.433883739117558,-0.9009688679024191
0.17536751658635294,-0.06222982837170911,0.09747940632609654,-0.3471220784547151,1.1437160589827384,0.6576966628224279,0.9806806998091566,0.11161455796016567,-0.31965580862710824,-0.6826680894736445,-0.642276182662254,-0.64799771944607,-0.6505684099646967,0.0,0.8787878787878787,0.0,0.0,-0.3521669230772707,0.0,0.416786840770452,1.358678017651142,-0.6829968743182837,-0.651087827846492,0.8660254037844386,0.5000000000000001,0.8660254037844386,0.5000000000000001,-0.433883739117558,-0.9009688679024191
0.17494992947781446,0.09568174107804124,0.09747940632609654,-0.3471220784547151,0.9819013123125355,0.6576966628224279,1.358130740684737,-0.06221583364335231,-0.5052906051349826,-0.6826680894736445,-0.6491011702105222,-0.64799771944607,-0.6505684099646967,0.0,0.8787878787878787,0.0,0.0,-0.3521669230772707,0.0,0.4858442972835607,1.1429319073690285,-0.6829968743182837,-0.651087827846492,0.8660254037844386,0.5000000000000001,0.9659258262890683,0.25881904510252074,-0.433883739117558,-0.9009688679024191
0.27877121320034615,0.09568174107804124,-0.06052148875957856,-0.3471220784547151,0.9819013123125355,0.8194824433273673,0.818916396576765,0.5210817026262302,-0.6483840941098025,-0.6826680894736445,-0.6525136639846563,-0.6514128533997506,-0.6505684099646967,0.0,0.8787878787878787,0.0,0.0,-0.3521669230772707,0.0,0.544180815198632,1.1429319073690285,-0.6829968743182837,-0.651087827846492,0.8660254037844386,0.5000000000000001,1.0,6.123233995736766e-17,-0.433883739117558,-0.9009688679024191
0.35154166355120803,0.09568174107804124,-0.06052148875957856,-0.9272528622983084,0.9819013123125355,0.9812682238323067,0.4414663557011846,0.5828880640852588,-0.6831906184550289,-0.6826680894736445,-0.645688676436388,-0.6514128533997506,-0.6505684099646967,0.0,0.8787878787878787,0.0,0.0,-0.5100338184029966,0.033211744753282736,0.5525599913991962,1.3047414900806136,-0.6752533832544025,-0.651087827846492,0.8660254037844386,0.5000000000000001,0.9659258262890683,-0.25881904510252063,-0.433883739117558,-0.9009688679024191
0.18676846428222532,0.22727471561950033,-0.1921889013309754,-0.9272528622983084,0.8200865656423326,0.9812682238323067,0.1718591836471986,0.5597106785381232,-0.6831906184550289,-0.44641179413468746,-0.6491011702105222,-0.6514128533997506,-0.4695009327874757,0.0,0.8787878787878787,0.0,0.0,-0.5100338184029966,0.11139876307155733,0.560848150281731,1.520487600362727,-0.5745879994239471,-0.6408324394522574,0.8660254037844386,0.5000000000000001,0.8660254037844387,-0.4999999999999998,-0.433883739117558,-0.9009688679024191
0.14552368514285136,0.22727471561950033,-0.1921889013309754,-1.085470348801107,0.4964570723019269,0.9812682238323067,0.1718591836471986,-0.15106247824070593,-0.6831906184550289,0.15778463328953068,-0.6525136639846563,-0.6514128533997506,0.2855162833665965,0.0,0.0,0.0,0.0,-0.3521669230772707,0.3500399219474438,0.5741821617632302,1.358678017651142,-0.33841152197557084,-0.651087827846492,0.8660254037844386,0.5000000000000001,0.7071067811865476,-0.7071067811865475,-0.433883739117558,-0.9009688679024191
0.13270977017812524,0.09568174107804124,-0.1921889013309754,-0.7954049568793099,0.6582718189721298,0.9812682238323067,-0.15166942281758458,-0.32102997225303465,-0.6831906184550289,0.8859187894161525,-0.6491011702105222,-0.6514128533997506,0.8321350823921692,0.8787878787878787,0.0,0.0,0.0,-0.06274428164677277,0.5115806110945069,0.5369009151261204,1.1429319073690285,0.11458270526147865,-0.6408324394522574,0.8660254037844386,0.5000000000000001,0.49999999999999994,-0.8660254037844387,-0.433883739117558,-0.9009688679024191
0.1342257029558316,0.09568174107804124,-0.1921889013309754,-0.6371874703765118,0.6582718189721298,1.1430540043372461,-0.259512291639179,-0.5064490566301205,-0.6831906184550289,1.4281463524891689,-0.6491011702105222,-0.6514128533997506,0.9892879871120211,0.8787878787878787,0.0,0.0,0.0,0.09512261367895261,0.6260394394674391,0.5607937037937932,0.9811223246574435,-0.05964584367584808,-0.6476693650484138,0.8660254037844386,0.5000000000000001,0.258819045102521,-0.9659258262890682,-0.433883739117558,-0.9009688679024191
0.133962558962125,-0.06222982837170911,-1.5088630270449392,-0.6371874703765118,0.8200865656423326,-0.3130180202072086,-0.259512291639179,-0.6493762675041241,-0.6831906184550289,1.036967896272207,-0.6525136639846563,-0.6514128533997506,-0.10736597843303382,0.8787878787878787,0.0,0.0,0.0,0.09512261367895261,0.6726999817353698,0.5285475536291503,0.9811223246574435,0.5249877316471816,-0.651087827846492,0.8660254037844386,0.5000000000000001,1.2246467991473532e-16,-1.0,-0.433883739117558,-0.9009688679024191
0.130410130492427,-0.06222982837170911,-0.1921889013309754,-0.6371874703765118,0.9819013123125355,1.1430540043372461,-0.259512291639179,-0.6841423458248278,-0.6831906184550289,1.6063068374988743,-0.6525136639846563,-0.6514128533997506,0.9756225171363818,0.8787878787878787,0.0,0.0,0.0,0.09512261367895261,0.6855112201879937,0.5136078061205125,0.9811223246574435,0.5869356601582311,-0.6442509022503355,0.8660254037844386,0.5000000000000001,-0.2588190451025208,-0.9659258262890683,-0.433883739117558,-0.9009688679024191
0.1606429580018076,-0.19382280291316867,-0.350189796416651,-0.6371874703765118,0.9819013123125355,0.9812682238323067,-0.259512291639179,-0.6841423458248278,-0.6831906184550289,1.2538589215014135,-0.6525136639846563,-0.6514128533997506,1.0473662345084882,0.8787878787878787,0.0,0.0,0.0,0.22667835978372425,0.6442280202843832,0.51846219966782,0.8193127419458585,0.5637051869665876,-0.6476693650484138,0.8660254037844386,0.5000000000000001,-0.4999999999999997,-0.8660254037844388,-0.433883739117558,-0.9009688679024191
0.1544476566102778,-0.19382280291316867,-0.350189796416651,-0.6371874703765118,0.9819013123125355,0.9812682238323067,-0.259512291639179,-0.6841423458248278,-0.6831906184550289,1.0137295721405064,-0.6525136639846563,-0.6514128533997506,0.9995370895937506,0.0,0.0,0.0,0.0,0.22667835978372425,0.31854116481508443,0.5218519161040571,0.4956935765226884,-0.14869599091048175,-0.651087827846492,0.8660254037844386,0.5000000000000001,-0.7071067811865471,-0.7071067811865479,-0.433883739117558,-0.9009688679024191
0.2078485061754525,-0.19382280291316867,-0.350189796416651,-0.6371874703765118,0.9819013123125355,0.9812682238323067,-0.529119463693165,-0.6841423458248278,-0.6831906184550289,0.4211523067821386,-0.6525136639846563,-0.6514128533997506,0.9892879871120211,0.0,0.0,0.8787878787878787,0.8787878787878787,0.09512261367895261,0.23805353750550282,0.5407563718397027,0.6575031592342735,-0.31905279431586786,-0.6476693650484138,0.8660254037844386,0.5000000000000001,-0.8660254037844385,-0.5000000000000004,-0.433883739117558,-0.9009688679024191
0.25687886992416953,-0.19382280291316867,-0.350189796416651,-0.7954049568793099,1.1437160589827384,1.358768378343832,-0.529119463693165,-0.6841423458248278,-0.6831906184550289,-0.25275909303718164,-0.6525136639846563,-0.6514128533997506,0.07028513125027729,0.0,0.0,0.8787878787878787,0.8787878787878787,0.09512261367895261,0.0027108234325413554,0.5677753006247721,0.6575031592342735,-0.5048965798490164,-0.6476693650484138,0.8660254037844386,0.5000000000000001,-0.9659258262890683,-0.25881904510252063,-0.433883739117558,-0.9009688679024191
0.608958284490151,-1.5097525483277596,-0.350189796416651,-0.9272528622983084,-0.3126166610490873,0.8194824433273673,-0.529119463693165,-0.6841423458248278,-0.6831906184550289,-0.6361914412102432,-0.6525136639846563,-0.6514128533997506,-0.6129883675316885,0.0,0.0,0.8787878787878787,0.8787878787878787,-0.06274428164677277,0.0,0.6248286638683322,0.8193127419458585,-0.6481511645308183,-0.651087827846492,0.8660254037844386,0.5000000000000001,-1.0,-1.8369701987210297e-16,-0.433883739117558,-0.9009688679024191
0.6250958172081461,-0.19382280291316867,-0.9295264117307949,-1.085470348801107,1.1437160589827384,0.441982288815842,-0.6908837669255565,-0.6841423458248278,-0.6831906184550289,-0.6826680894736445,-0.6525136639846563,-0.6514128533997506,-0.6505684099646967,0.0,0.0,0.8787878787878787,0.8787878787878787,-0.06274428164677277,0.0,0.614067108087854,0.9811223246574435,-0.6829968743182837,-0.651087827846492,0.8660254037844386,0.5000000000000001,-0.9659258262890684,0.2588190451025203,-0.433883739117558,-0.9009688679024191
0.7462215806587335,-0.3517343723629195,-0.9295264117307949,-1.085470348801107,0.9819013123125355,0.17233932130760965,-0.529119463693165,-0.6841423458248278,-0.4472797312262719,-0.6826680894736445,-0.6525136639846563,-0.47041075385467396,-0.6505684099646967,0.0,0.0,0.8787878787878787,0.8787878787878787,-0.19430002775154487,0.0,0.6075288685471755,0.9811223246574435,-0.6829968743182837,-0.651087827846492,0.8660254037844386,0.5000000000000001,-0.8660254037844386,0.5000000000000001,-0.433883739117558,-0.9009688679024191
0.42275611590936185,-0.3517343723629195,-1.0875273068164708,-1.2173182542201055,0.9819013123125355,0.17233932130760965,-0.529119463693165,-0.6841423458248278,0.15603335742431992,-0.6826680894736445,-0.6525136639846563,0.28433384990875926,-0.6505684099646967,0.0,0.0,0.0,0.0,-0.19430002775154487,0.0,0.5580211841399172,0.9811223246574435,-0.6829968743182837,-0.651087827846492,0.8660254037844386,0.5000000000000001,-0.7071067811865477,0.7071067811865474,-0.433883739117558,-0.9009688679024191
0.6241605331541844,-0.3517343723629195,-0.7978589991593985,-1.2173182542201055,0.9819013123125355,-0.15123223970226915,-0.6908837669255565,-0.6841423458248278,0.8831029770801614,-0.6826680894736445,-0.6525136639846563,0.8307552824976702,-0.6505684099646967,0.0,0.0,0.0,0.0,-0.19430002775154487,0.0,0.5153426156656221,0.9811223246574435,-0.6829968743182837,-0.651087827846492,0.8660254037844386,0.5000000000000001,-0.5000000000000004,0.8660254037844384,-0.433883739117558,-0.9009688679024191
0.825564950399007,-0.3517343723629195,-0.6398581040737229,-1.2173182542201055,1.3594690545430088,-0.2590894267055621,-0.6908837669255565,-0.6841423458248278,1.4245378002281284,-0.6826680894736445,-0.6525136639846563,0.9878514443669821,-0.6505684099646967,0.0,0.0,0.0,0.0,-0.19430002775154487,0.0,0.4825109736819607,1.1429319073690285,-0.6829968743182837,-0.651087827846492,0.8660254037844386,0.5000000000000001,-0.25881904510252157,0.9659258262890681,-0.433883739117558,-0.9009688679024191
0.3524683496985837,-0.3517343723629195,-0.6398581040737229,-1.5073836461419021,0.8200865656423326,-0.2590894267055621,-1.1761766766227313,-0.6841423458248278,1.0339312492428092,-0.6826680894736445,-0.6525136639846563,-0.10840655476452044,-0.6505684099646967,0.0,0.0,0.0,0.0,-1.509857488799261,0.0,0.48195314047393634,-0.31335433703523674,-0.6829968743182837,-0.651087827846492,0.8660254037844386,0.5000000000000001,-2.4492935982947064e-16,1.0,-0.433883739117558,-0.9009688679024191
0.17458953818378714,-0.9307434603453393,-0.6398581040737229,-1.6656011326447004,0.44251882341185933,-0.2590894267055621,-0.4212765948715706,-0.6841423458248278,1.6024378135481745,-0.6826680894736445,-0.6525136639846563,0.9741909085522593,-0.6505684099646967,0.0,0.0,0.0,0.0,-0.19430002775154487,0.0,0.4840951974561043,1.1429319073690285,-0.6829968743182837,-0.651087827846492,0.8660254037844386,0.5000000000000001,0.25881904510252074,0.9659258262890683,-0.9749279121818236,-0.2225209339563146
0.17437786836376173,-0.9307434603453393,-0.6398581040737229,-1.8238186191474985,0.17282757896152123,-0.2590894267055621,-0.15166942281758458,-0.44850559276228114,1.250505178501996,-0.6826680894736445,-0.4716514939555502,1.045908721579554,-0.6505684099646967,0.0,0.0,0.0,0.0,-0.3521669230772707,0.0,0.4734826908570926,0.9811223246574435,-0.6829968743182837,-0.651087827846492,0.8660254037844386,0.5000000000000001,0.49999999999999994,0.8660254037844387,-0.9749279121818236,-0.2225209339563146
0.1754075577752684,-1.0886550297950905,-0.6398581040737229,-2.1138840110692954,0.17282757896152123,-0.2590894267055621,0.1179377492364014,0.15410643146324784,1.0107268996793248,-0.6826680894736445,0.28250963012808045,0.9980968462280242,-0.6505684099646967,0.0,0.0,0.0,0.0,-0.3521669230772707,0.0,0.49063983945303136,0.9811223246574435,-0.6829968743182837,-0.651087827846492,0.8660254037844386,0.5000000000000001,0.7071067811865476,0.7071067811865476,-0.9749279121818236,-0.2225209339563146
0.1737085702462824,-0.7991504858038802,-0.6398581040737229,-2.4039494029910924,-0.15080191437888446,-0.5287323942137945,0.7649949621659677,0.8803311786068341,0.41901598581047533,-0.6826680894736445,0.8285086339895326,0.9878514443669821,-0.6505684099646967,0.0,0.8787878787878787,0.0,0.0,-0.3521669230772707,0.0,0.5157348045255838,0.9811223246574435,-0.6829968743182837,-0.651087827846492,0.8660254037844386,0.5000000000000001,0.8660254037844386,0.5000000000000001,-0.9749279121818236,-0.2225209339563146
0.17376005471685774,-0.6412389163541294,-0.7978589991593985,-2.245731916488294,-0.2586784121590197,-0.5287323942137945,0.6032306589335762,1.4211368413733345,-0.2539101515305694,-0.6826680894736445,0.9854833475997001,0.06918041082687561,-0.6505684099646967,0.0,0.8787878787878787,0.0,0.0,-0.3521669230772707,0.0,0.5141925808644309,1.358678017651142,-0.6829968743182837,-0.651087827846492,0.8660254037844386,0.5000000000000001,0.9659258262890683,0.25881904510252074,-0.9749279121818236,-0.2225209339563146
0.6496253186299207,-0.6412389163541294,-0.9295264117307949,-2.245731916488294,-0.2586784121590197,-0.5287323942137945,0.6032306589335762,1.0309841846632164,-0.6367819193280604,-0.6826680894736445,-0.10992715389733822,-0.613846379909263,-0.6505684099646967,0.0,0.8787878787878787,0.0,0.0,-0.3521669230772707,0.0,0.5536921505425415,0.8193127419458585,-0.6829968743182837,-0.651087827846492,0.8660254037844386,0.5000000000000001,1.0,6.123233995736766e-17,-0.9749279121818236,-0.2225209339563146
0.2925633193768114,-0.6412389163541294,-1.0875273068164708,-2.535797308410091,-0.2586784121590197,-0.6905181747187339,0.9267592653983594,1.5988301305680417,-0.6831906184550289,-0.663302819363894,0.9718333725031638,-0.6514128533997506,-0.643735674976877,0.0,0.8787878787878787,0.0,0.0,-0.9310122059382657,0.0,0.5387259224748596,0.44175704895216006,-0.6829968743182837,-0.651087827846492,0.8660254037844386,0.5000000000000001,0.9659258262890683,-0.25881904510252063,-0.9749279121818236,-0.2225209339563146
0.19966246162478232,-0.6412389163541294,-1.0875273068164708,-1.955666524566497,-0.2586784121590197,-0.5287323942137945,0.4414663557011846,1.2473064497698165,-0.6831906184550289,-0.5277459285956398,1.0434957417599793,-0.6514128533997506,-0.6198211025195082,0.0,0.8787878787878787,0.0,0.0,-0.9310122059382657,0.17591526446247918,0.5493556388762674,0.17207441109951835,-0.4468203968699075,-0.46990929954834804,0.8660254037844386,0.5000000000000001,0.8660254037844387,-0.4999999999999998,-0.9749279121818236,-0.2225209339563146
0.13782389425527503,-0.6412389163541294,-1.2191947193878672,-1.6656011326447004,-0.2586784121590197,-0.5287323942137945,0.279702052468793,1.0078067991160806,-0.6831906184550289,0.17327684937733115,0.9957208289221023,-0.6514128533997506,0.4324200856047192,0.0,0.0,0.0,0.0,-1.088879101263992,0.2592079387704881,0.5600754506420049,0.17207441109951835,0.15717190611282517,0.28557097882693144,0.8660254037844386,0.5000000000000001,0.7071067811865476,-0.7071067811865475,-0.9749279121818236,-0.2225209339563146
0.135352639667659,-0.6412389163541294,-1.2191947193878672,-1.2173182542201055,-0.5283696566093578,-0.6905181747187339,-0.15166942281758458,0.41678346766411944,-0.6831906184550289,0.9788720859429554,0.9854833475997001,-0.6514128533997506,1.1396081568440537,0.8787878787878787,0.0,0.0,0.0,-0.7994564598334941,0.2349435744264523,0.5587576714871014,-0.15154475432365172,0.8850600661176569,0.8325250265194415,0.8660254037844386,0.5000000000000001,0.49999999999999994,-0.8660254037844387,-0.9749279121818236,-0.2225209339563146
0.13597616809079688,-0.7991504858038802,-1.2191947193878672,-0.9272528622983084,-0.5283696566093578,-0.6905181747187339,-0.4212765948715706,-0.2553607132028167,-0.6831906184550289,1.5714493513013232,0.0675225223576337,-0.6514128533997506,1.9014581079859456,0.8787878787878787,0.0,0.0,0.0,-0.6415895645077683,0.24590328388684954,0.5761356792137906,-0.2594178094647084,1.42710444058934,0.9897743152310382,0.8660254037844386,0.5000000000000001,0.258819045102521,-0.9659258262890682,-0.9749279121818236,-0.2225209339563146
0.13624503715763148,-0.9307434603453393,-1.5088630270449392,-0.7954049568793099,-0.5283696566093578,-1.1758755162335521,-0.4212765948715706,-0.6377875747305563,-0.6831906184550289,1.6489104317403254,-0.6149762324691814,-0.6514128533997506,1.6281487084731592,0.8787878787878787,0.0,0.0,0.0,-0.6415895645077683,0.23653459827605733,0.5767666540819986,-0.2594178094647084,1.03605814186334,-0.10755224295206012,0.8660254037844386,0.5000000000000001,1.2246467991473532e-16,-1.0,-0.9749279121818236,-0.2225209339563146
0.13704590212351705,-1.0886550297950905,-1.6668639221306147,-0.7954049568793099,-0.6901844032795607,-0.4208752072105015,-0.259512291639179,-0.6841423458248278,-0.6831906184550289,1.8541822949036817,-0.6525136639846563,-0.6514128533997506,1.7613870407356425,0.8787878787878787,0.0,0.0,0.0,-0.6415895645077683,0.23886291288069408,0.570810218545539,-0.2594178094647084,1.6052047350586074,0.9761004640387254,0.8660254037844386,0.5000000000000001,-0.2588190451025208,-0.9659258262890683,-0.9749279121818236,-0.2225209339563146
0.13643381354974102,-1.0886550297950905,-1.8248648172162902,-0.6371874703765118,-0.5283696566093578,-0.15123223970226915,-0.6369623325147594,-0.6841423458248278,-0.6831906184550289,0.9711259778990551,-0.6525136639846563,-0.6514128533997506,0.5280783754341943,0.8787878787878787,0.0,0.0,0.0,-0.6415895645077683,0.2299155191667923,0.5728461484129308,-0.2594178094647084,1.2528758916520133,1.0478881827983675,0.8660254037844386,0.5000000000000001,-0.4999999999999997,-0.8660254037844388,-0.9749279121818236,-0.2225209339563146
0.14421940845597822,-1.2202480043365496,-2.114533124873362,-0.6371874703765118,-0.5283696566093578,0.11841072780596318,-0.9065695045687454,-0.6841423458248278,-0.6831906184550289,0.6148050078796444,-0.6525136639846563,-0.6514128533997506,0.32651269329351446,0.0,0.0,0.0,0.0,-0.6415895645077683,0.173947279826056,0.5561302058819928,-0.2594178094647084,1.0128276686716964,1.0000297036252728,0.8660254037844386,0.5000000000000001,-0.7071067811865471,-0.7071067811865479,-0.9749279121818236,-0.2225209339563146
0.2779245785401191,-1.2202480043365496,-2.4042014325304346,-0.6371874703765118,-0.6901844032795607,0.7655538498257208,-0.798726635747151,-0.6841423458248278,-0.6831906184550289,0.21975349764073254,-0.6525136639846563,-0.6514128533997506,-0.032205893567017585,0.0,0.0,0.8787878787878787,0.8787878787878787,-0.6415895645077683,0.026226800939372494,0.5583958046599329,-0.5291004473173502,0.4204506022847856,0.9897743152310382,0.8660254037844386,0.5000000000000001,-0.8660254037844385,-0.5000000000000004,-0.9749279121818236,-0.2225209339563146
0.2707625086247217,-1.2202480043365496,-2.2462005374447584,-0.5053395649575132,-0.6901844032795607,0.6037680693207814,-1.0144123733903398,-0.6841423458248278,-0.6831906184550289,-0.3379662815200842,-0.6525136639846563,-0.6514128533997506,-0.2337715757076975,0.0,0.0,0.8787878787878787,0.8787878787878787,-0.7994564598334941,0.0,0.5788563133622283,-0.5291004473173502,-0.25323312027287775,0.07020782254800564,0.8660254037844386,0.5000000000000001,-0.9659258262890683,-0.25881904510252063,-0.9749279121818236,-0.2225209339563146
0.3301756082624447,-1.5097525483277596,-2.2462005374447584,-0.6371874703765118,-1.1756286432901693,0.6037680693207814,-1.607548151909109,-0.6841423458248278,-0.6831906184550289,-0.6090800630565923,-0.6525136639846563,-0.6514128533997506,-0.565159222616951,0.0,0.0,0.8787878787878787,0.8787878787878787,-0.9310122059382657,0.0,0.5859690324971776,-0.5291004473173502,-0.6365359279349966,-0.6134847370676318,0.8660254037844386,0.5000000000000001,-1.0,-1.8369701987210297e-16,-0.9749279121818236,-0.2225209339563146
0.3920141893611442,-1.6676641177775104,-2.535868845101831,-0.9272528622983084,-0.42049315882922256,0.9273396303306602,-1.7153910207307033,-0.6841423458248278,-0.6638536604854587,-0.6826680894736445,-0.6525136639846563,-0.6445825854923893,-0.6505684099646967,0.0,0.0,0.8787878787878787,0.8787878787878787,-1.088879101263992,0.0,0.5926508919364238,-0.6909100300289351,-0.6829968743182837,-0.651087827846492,0.8660254037844386,0.5000000000000001,-0.9659258262890684,0.2588190451025203,-0.9749279121818236,-0.2225209339563146
0.46980722440047296,-1.8255756872272613,-1.9565322297876868,-0.9272528622983084,-0.15080191437888446,0.441982288815842,-1.7153910207307033,-0.6841423458248278,-0.528494954698467,-0.6826680894736445,-0.6525136639846563,-0.6206766478166245,-0.6505684099646967,0.0,0.0,0.8787878787878787,0.8787878787878787,-1.088879101263992,0.0,0.5658878565226968,-0.5291004473173502,-0.6829968743182837,-0.651087827846492,0.8660254037844386,0.5000000000000001,-0.8660254037844386,0.5000000000000001,-0.9749279121818236,-0.2225209339563146
0.5353755464855319,-2.115080231218471,-1.6668639221306147,-1.2173182542201055,0.11888933007145361,0.2801965083109026,-1.4457838486767174,-0.6841423458248278,0.17150292379997614,-0.6826680894736445,-0.6525136639846563,0.4311846099170291,-0.6505684099646967,0.0,0.0,0.0,0.0,-1.2204348473687636,0.0,0.5105623369518478,-0.5291004473173502,-0.6829968743182837,-0.651087827846492,0.8660254037844386,0.5000000000000001,-0.7071067811865477,0.7071067811865474,-0.9749279121818236,-0.2225209339563146
0.365339467342417,-2.4045847752096816,-1.2191947193878672,-1.2173182542201055,0.766148316752265,-0.15123223970226915,-1.4457838486767174,-0.6841423458248278,0.9759203753340986,-0.6826680894736445,-0.6525136639846563,1.1381173383289327,-0.6505684099646967,0.0,0.0,0.0,0.0,-1.2204348473687636,0.0,0.4664275938283804,-0.6909100300289351,-0.6829968743182837,-0.651087827846492,0.8660254037844386,0.5000000000000001,-0.5000000000000004,0.8660254037844384,-0.9749279121818236,-0.2225209339563146
0.24956806823787608,-2.2466732057599303,-0.9295264117307949,-1.3755357407229036,0.6043335700820621,-0.4208752072105015,-1.337940979855123,-0.6841423458248278,1.567631289202948,-0.6826680894736445,-0.6525136639846563,1.8996922099997273,-0.6505684099646967,0.0,0.0,0.0,0.0,-1.2204348473687636,0.0,0.43070854651591894,-0.6909100300289351,-0.6829968743182837,-0.651087827846492,0.8660254037844386,0.5000000000000001,-0.25881904510252157,0.9659258262890681,-0.9749279121818236,-0.2225209339563146
0.34800924537907363,-2.2466732057599303,-0.7978589991593985,-1.2173182542201055,0.6043335700820621,-0.4208752072105015,1.3042093062739397,-0.6841423458248278,1.644979121081229,-0.6826680894736445,-0.6525136639846563,1.6264814937052718,-0.6505684099646967,0.0,0.0,0.0,0.0,-1.509857488799261,0.0,0.31532097024153694,-1.1763387781636903,-0.6829968743182837,-0.651087827846492,0.8660254037844386,0.5000000000000001,-2.4492935982947064e-16,1.0,-0.9749279121818236,-0.2225209339563146
0.21897484943446818,-2.5361777497511406,-0.7978589991593985,-1.5073836461419021,0.9279630634224678,-0.2590894267055621,-1.3918624142659202,-0.6648278578688813,1.8499508755586738,-0.6826680894736445,-0.645688676436388,1.7596717178988188,-0.6505684099646967,0.0,0.0,0.0,0.0,-1.6677243841249871,0.0,0.31733436346293376,-0.42122739217629346,-0.6829968743182837,-0.651087827846492,0.8660254037844386,0.5000000000000001,0.25881904510252074,0.9659258262890683,-0.7818314824680299,0.6234898018587334
0.16881754554162573,-1.9571686617687203,-0.6398581040737229,-1.6656011326447004,0.44251882341185933,-0.6365895812170874,-1.2840195454443257,-0.5296264421772562,0.9681855921462704,-0.6826680894736445,-0.6218012200174495,0.5268083606200885,-0.6505684099646967,0.0,0.0,0.0,0.0,-1.825591279450713,0.0,0.32050332320772057,-0.15154475432365172,-0.6829968743182837,-0.651087827846492,0.8660254037844386,0.5000000000000001,0.49999999999999994,0.8660254037844387,-0.7818314824680299,0.6234898018587334
0.1691550605692274,-1.6676641177775104,-0.6398581040737229,-2.245731916488294,0.2807040767416565,-0.9062325487253197,-0.47519802928236776,0.169558021828005,0.6123855655061778,-0.6826680894736445,0.4292468624158457,0.3253154573529276,-0.6505684099646967,0.0,0.0,0.0,0.0,-2.11501392088121,0.0,0.30913665848227867,0.11813788352899002,-0.6829968743182837,-0.651087827846492,0.8660254037844386,0.5000000000000001,0.7071067811865476,0.7071067811865476,-0.7818314824680299,0.6234898018587334
0.16907496789450238,-1.2202480043365496,-0.6398581040737229,-2.4039494029910924,-0.15080191437888446,-0.7983753617220268,-0.2055908572283818,0.9730407207953771,0.21791162292694474,-0.6826680894736445,1.1356330736615994,-0.03327360778354519,-0.6505684099646967,0.0,0.8787878787878787,0.0,0.0,-2.4044365623117083,0.0,0.3170393382790002,0.7653762143753301,-0.6829968743182837,-0.651087827846492,0.8660254037844386,0.5000000000000001,0.8660254037844386,0.5000000000000001,-0.7818314824680299,0.6234898018587334
0.16839995156849116,-0.9307434603453393,-0.5081906915023265,-2.245731916488294,-0.42049315882922256,-1.0140897357286127,-0.2055908572283818,1.5640640522473381,-0.3389927665966785,-0.6826680894736445,1.8966191852934982,-0.2347665110507061,-0.6505684099646967,0.0,0.8787878787878787,0.0,0.0,-2.246569666985982,0.0,0.32924170281365406,0.6035666316637451,-0.6829968743182837,-0.651087827846492,0.8660254037844386,0.5000000000000001,0.9659258262890683,0.25881904510252074,-0.7818314824680299,0.6234898018587334
0.16795947103203684,-0.7991504858038802,-0.6398581040737229,-2.4039494029910924,-0.42049315882922256,-1.607304264246724,-0.04382655399599019,1.6413220040711238,-0.609710178170662,-0.6826680894736445,1.6236196833627723,-0.5660345045577333,-0.6505684099646967,0.0,0.8787878787878787,0.0,0.0,-2.246569666985982,0.0,0.32482872020994724,0.6035666316637451,-0.6829968743182837,-0.651087827846492,0.8660254037844386,0.5000000000000001,1.0,6.123233995736766e-17,-0.7818314824680299,0.6234898018587334
0.16454433448387307,-0.7991504858038802,-0.9295264117307949,-2.1138840110692954,-0.2586784121590197,-1.7151614512500166,-0.3134337260499762,1.8460555764041562,-0.6831906184550289,-0.663302819363894,1.7567069405540012,-0.6514128533997506,-0.6334865724951475,0.0,0.8787878787878787,0.0,0.0,-2.53599230841648,0.006120141246473734,0.3181133631196086,0.9271857970869152,-0.6636381466585808,-0.6442509022503355,0.8660254037844386,0.5000000000000001,0.9659258262890683,-0.25881904510252063,-0.7818314824680299,0.6234898018587334
0.22336821151735153,-0.6412389163541294,-0.9295264117307949,-2.245731916488294,-0.6362461543894931,-1.7151614512500166,-0.2055908572283818,0.9653149256129985,-0.6831906184550289,-0.3340932274981341,0.5247966880915998,-0.6514128533997506,0.24110350594576874,0.0,0.8787878787878787,0.0,0.0,-1.9571470255554846,0.038688826793403616,0.34840456168349143,0.44175704895216006,-0.52812705304066,-0.6203216626637883,0.8660254037844386,0.5000000000000001,0.8660254037844387,-0.4999999999999998,-0.7818314824680299,0.6234898018587334
0.35229676911964625,-0.6412389163541294,-1.2191947193878672,-1.6656011326447004,-0.9059373988398312,-1.4455184837417845,-0.15166942281758458,0.6099283472235839,-0.6831906184550289,-0.0745986080274763,0.32345955541768934,-0.6514128533997506,-0.36700990797018085,0.0,0.0,0.0,0.0,-1.6677243841249871,0.203583385274706,0.39010355435175714,0.27994746624057504,0.17265888824058756,0.43256487914429353,0.8660254037844386,0.5000000000000001,0.7071067811865476,-0.7071067811865475,-0.7818314824680299,0.6234898018587334
0.29454835462431395,-0.6412389163541294,-1.2191947193878672,-1.2173182542201055,-0.7980609010596958,-1.4455184837417845,-0.4212765948715706,0.21591279292227647,-0.6831906184550289,0.27397625394803415,-0.03485229086638856,-0.6514128533997506,-0.4080063178970988,0.8787878787878787,0.0,0.0,0.0,-1.2204348473687636,0.39561944770142393,0.4324525755980264,-0.15154475432365172,0.9779819588842311,1.1401866783464785,0.8660254037844386,0.5000000000000001,0.49999999999999994,-0.8660254037844387,-0.7818314824680299,0.6234898018587334
0.1823465317504707,-0.5096459418126703,-1.3771956144735429,-0.7954049568793099,-1.0138138966199663,-1.3376612967384915,-0.259512291639179,-0.34034446020898107,-0.6831906184550289,0.41340619873823836,-0.236189423540299,-0.6514128533997506,-0.5583264876291313,0.8787878787878787,0.0,0.0,0.0,-0.9310122059382657,0.44808414566234195,0.4182224251203289,-0.42122739217629346,1.570359025271142,1.9025038823179143,0.8660254037844386,0.5000000000000001,0.258819045102521,-0.9659258262890682,-0.7818314824680299,0.6234898018587334
0.2017275517917315,-0.6412389163541294,-1.2191947193878672,-0.9272528622983084,-1.60713463441071,1.3048397848421855,-0.15166942281758458,-0.6107472915922313,-0.6831906184550289,0.5799475216820934,-0.5672013196313044,-0.6514128533997506,-0.623237470013418,0.8787878787878787,0.0,0.0,0.0,-0.7994564598334941,0.2138224347986761,0.40968646557114996,-0.42122739217629346,1.6477939359099538,1.6290268584716594,0.8660254037844386,0.5000000000000001,1.2246467991473532e-16,-1.0,-0.7818314824680299,0.6234898018587334
0.13939702627979061,-0.9307434603453393,-1.5088630270449392,-0.9272528622983084,-1.7150111321908454,-1.391589890240138,0.010094880414807005,-0.6841423458248278,-0.6831906184550289,-0.039741121829925244,-0.6525136639846563,-0.6514128533997506,-0.5788246925925902,0.8787878787878787,0.0,0.0,0.0,-0.7994564598334941,0.44227998996935464,0.39901101002230244,-0.2594178094647084,1.8529964491028053,1.7623469075967086,0.8660254037844386,0.5000000000000001,-0.2588190451025208,-0.9659258262890683,-0.7818314824680299,0.6234898018587334
0.17243861997209084,-0.9307434603453393,-1.6668639221306147,-1.085470348801107,-1.7150111321908454,-1.283732703236845,0.7649949621659677,-0.6841423458248278,-0.6831906184550289,0.10356187698222906,-0.6525136639846563,-0.6514128533997506,-0.6471520424707868,0.8787878787878787,0.0,0.0,0.0,-0.6415895645077683,0.5874781058599234,0.4026774150077773,-0.6369735024584068,0.97023846782035,0.5282818374904827,0.8660254037844386,0.5000000000000001,-0.4999999999999997,-0.8660254037844388,-0.7818314824680299,0.6234898018587334
0.2031805808432889,-1.2202480043365496,-2.2462005374447584,-1.2173182542201055,-1.4453198877405073,-0.47480380071214795,1.1424450030415483,-0.6841423458248278,-0.6831906184550289,-0.1714249585762292,-0.6525136639846563,-0.6514128533997506,-0.6403193074829672,0.0,0.0,0.0,0.0,-0.6415895645077683,0.567194068508116,0.40877782898035453,-0.9066561403110486,0.6140378788818153,0.3265925324038697,0.8660254037844386,0.5000000000000001,-0.7071067811865471,-0.7071067811865479,-0.7818314824680299,0.6234898018587334
0.2516388972071454,-1.2202480043365496,-2.4042014325304346,-1.2173182542201055,-1.4453198877405073,-0.20516083320391562,1.1424450030415483,-0.6841423458248278,-0.6831906184550289,-0.3186010114103336,-0.6525136639846563,-0.6514128533997506,-0.6369029399890573,0.0,0.0,0.8787878787878787,0.8787878787878787,-0.6415895645077683,0.3580282629187135,0.4351691121744651,-0.7987830851699919,0.2191198346238747,-0.032346061394339994,0.8660254037844386,0.5000000000000001,-0.8660254037844385,-0.5000000000000004,-0.7818314824680299,0.6234898018587334
0.24377893469931117,-1.3781595737863004,-2.2462005374447584,-1.3755357407229036,-1.3374433899603722,-0.20516083320391562,0.9806806998091566,-0.6841423458248278,-0.6831906184550289,-0.5393650906614903,-0.6525136639846563,-0.6514128533997506,-0.6471520424707868,0.0,0.0,0.8787878787878787,0.8787878787878787,-0.5100338184029966,0.011303412601402756,0.4987812540383493,-1.0145291954521052,-0.33841152197557084,-0.23403536648095305,0.8660254037844386,0.5000000000000001,-0.9659258262890683,-0.25881904510252063,-0.7818314824680299,0.6234898018587334
0.28001828034351595,-1.2202480043365496,-2.4042014325304346,-1.5073836461419021,1.305530805652941,-0.04337505269897623,1.1424450030415483,-0.6841423458248278,-0.6831906184550289,-0.6439375492541434,-0.6525136639846563,-0.6514128533997506,-0.6505684099646967,0.0,0.0,0.8787878787878787,0.8787878787878787,-0.6415895645077683,0.0,0.5395943516404141,-1.607830998727917,-0.6094337092114124,-0.5656262578945372,0.8660254037844386,0.5000000000000001,-1.0,-1.8369701987210297e-16,-0.7818314824680299,0.6234898018587334
0.4117899236768159,-1.5097525483277596,-2.114533124873362,-1.5073836461419021,-1.3913816388504396,-0.3130180202072086,1.5198950439171286,-0.6841423458248278,-0.6638536604854587,-0.6826680894736445,-0.6525136639846563,-0.6343371836313472,-0.6505684099646967,0.0,0.0,0.8787878787878787,0.8787878787878787,-0.9310122059382657,0.0,0.5316893157397932,-1.7157040538689736,-0.6829968743182837,-0.651087827846492,0.8660254037844386,0.5000000000000001,-0.9659258262890684,0.2588190451025203,-0.7818314824680299,0.6234898018587334
0.3157942623202447,-1.6676641177775104,-2.2462005374447584,-1.3755357407229036,-1.2835051410703044,-0.20516083320391562,1.3042093062739397,-0.6841423458248278,-0.3351253750027644,-0.6826680894736445,-0.6525136639846563,0.23993710851091027,-0.6505684099646967,0.0,0.0,0.8787878787878787,0.8787878787878787,-0.9310122059382657,0.0,0.50219924372138,-1.7157040538689736,-0.6829968743182837,-0.651087827846492,0.8660254037844386,0.5000000000000001,-0.8660254037844386,0.5000000000000001,-0.7818314824680299,0.6234898018587334
0.3274354674465039,-2.2466732057599303,-1.6668639221306147,-1.3755357407229036,-0.47443140771929015,-0.15123223970226915,1.1424450030415483,-0.6841423458248278,-0.07601013821052308,-0.6826680894736445,-0.6525136639846563,-0.36795673524425315,-0.6505684099646967,0.0,0.0,0.0,0.0,-1.2204348473687636,0.0,0.42033072835315444,-1.446021416016332,-0.6829968743182837,-0.651087827846492,0.8660254037844386,0.5000000000000001,-0.7071067811865477,0.7071067811865474,-0.7818314824680299,0.6234898018587334
0.2941993928827544,-2.4045847752096816,-1.2191947193878672,-1.3755357407229036,-0.20474016326895209,-0.4208752072105015,1.3042093062739397,-0.6841423458248278,0.2720551052417414,-0.6826680894736445,-0.6525136639846563,-0.40893834268842144,-0.6505684099646967,0.0,0.0,0.0,0.0,-1.2204348473687636,0.0,0.3635934927893233,-1.446021416016332,-0.6829968743182837,-0.651087827846492,0.8660254037844386,0.5000000000000001,-0.5000000000000004,0.8660254037844384,-0.7818314824680299,0.6234898018587334
0.28315884334550545,-2.2466732057599303,-0.7978589991593985,-1.3755357407229036,-0.20474016326895209,-0.2590894267055621,1.3042093062739397,-0.6841423458248278,0.4112812026226472,-0.6826680894736445,-0.6525136639846563,-0.559204236650372,-0.6505684099646967,0.0,0.0,0.0,0.0,-1.3783017426944895,0.0,0.2983577392404545,-1.3381483608752753,-0.6829968743182837,-0.651087827846492,0.8660254037844386,0.5000000000000001,-0.25881904510252157,0.9659258262890681,-0.7818314824680299,0.6234898018587334
0.28029286761888245,-2.4045847752096816,-0.9295264117307949,-1.5073836461419021,-0.04292541659874924,-0.15123223970226915,0.4414663557011846,-0.6841423458248278,0.5775790411609514,-0.6826680894736445,-0.6525136639846563,-0.6240917817703051,-0.6505684099646967,0.0,0.0,0.0,0.0,-1.2204348473687636,0.0,0.30883984061059555,1.3047414900806136,-0.6829968743182837,-0.651087827846492,0.8660254037844386,0.5000000000000001,-2.4492935982947064e-16,1.0,-0.7818314824680299,0.6234898018587334
0.23310448780002538,-2.115080231218471,-0.9295264117307949,-1.3755357407229036,-0.3126166610490873,0.010553540802670241,0.9806806998091566,-0.6648278578688813,-0.04120361386529662,-0.6826680894736445,-0.6354511951139858,-0.5796950403724561,-0.6505684099646967,0.0,0.0,0.0,0.0,-1.509857488799261,0.0,0.29334067208478354,-1.3920848884458037,-0.6829968743182837,-0.651087827846492,0.8660254037844386,0.5000000000000001,0.25881904510252074,0.9659258262890683,-2.4492935982947064e-16,1.0
0.2503632355890181,-2.2466732057599303,-1.0875273068164708,-1.5073836461419021,-0.20474016326895209,0.7655538498257208,1.1424450030415483,-0.3364815626177918,0.10188987510952323,-0.6826680894736445,0.23814721106433748,-0.64799771944607,-0.6505684099646967,0.0,0.0,0.0,0.0,-1.6677243841249871,0.0,0.3005531158782604,-1.284211833304747,-0.6829968743182837,-0.651087827846492,0.8660254037844386,0.5000000000000001,0.49999999999999994,0.8660254037844387,-2.4492935982947064e-16,1.0
0.23657684075648855,-1.6676641177775104,-1.2191947193878672,-1.8238186191474985,-0.15080191437888446,1.1430540043372461,1.1424450030415483,-0.07766742400810946,-0.17269492805837433,-0.6826680894736445,-0.369276680731528,-0.6411674515387086,-0.6505684099646967,0.0,0.0,0.0,0.0,-2.246569666985982,0.0,0.3016416358798154,-0.47516391974682176,-0.6829968743182837,-0.651087827846492,0.8660254037844386,0.5000000000000001,0.7071067811865476,0.7071067811865476,-2.4492935982947064e-16,1.0
0.2353926807717657,-1.2202480043365496,-1.2191947193878672,-1.8238186191474985,-0.42049315882922256,1.1430540043372461,1.5198950439171286,0.26999335919892653,-0.31965580862710824,-0.6826680894736445,-0.41022660602113686,-0.6377523175850279,-0.6505684099646967,0.0,0.8787878787878787,0.0,0.0,-2.4044365623117083,0.0,0.3127394998821179,-0.20548128189418005,-0.6829968743182837,-0.651087827846492,0.8660254037844386,0.5000000000000001,0.8660254037844386,0.5000000000000001,-2.4492935982947064e-16,1.0
0.23527827884584926,-0.7991504858038802,-1.3771956144735429,-1.8238186191474985,-0.2586784121590197,0.9812682238323067,1.5198950439171286,0.4090576724817409,-0.540097129480209,-0.6826680894736445,-0.5603763320830362,-0.64799771944607,-0.6505684099646967,0.0,0.8787878787878787,0.0,0.0,-2.246569666985982,0.0,0.2925960408132512,-0.20548128189418005,-0.6829968743182837,-0.651087827846492,0.8660254037844386,0.5000000000000001,0.9659258262890683,0.25881904510252074,-2.4492935982947064e-16,1.0
0.2347005063878607,-0.9307434603453393,-1.5088630270449392,-1.8238186191474985,-0.15080191437888446,1.1430540043372461,1.1424450030415483,0.5751622689028802,-0.6445167025158884,-0.6826680894736445,-0.6252137137915836,-0.6514128533997506,-0.6505684099646967,0.0,0.8787878787878787,0.0,0.0,-2.4044365623117083,0.0,0.30821378282878653,-0.043671699182595024,-0.6829968743182837,-0.651087827846492,0.8660254037844386,0.5000000000000001,1.0,6.123233995736766e-17,-2.4492935982947064e-16,1.0
0.23522678064608177,-0.9307434603453393,-1.5088630270449392,-1.8238186191474985,0.01101283229131838,1.5205541588487714,1.1424450030415483,-0.04290134568740586,-0.6831906184550289,-0.667175873385844,-0.5808512947278406,-0.6514128533997506,-0.6300702050012377,0.0,0.8787878787878787,0.0,0.0,-2.11501392088121,0.021459301380022666,0.2911627101279737,-0.31335433703523674,-0.6636381466585808,-0.633995513856101,0.8660254037844386,0.5000000000000001,0.9659258262890683,-0.25881904510252063,-2.4492935982947064e-16,1.0
0.17583659503006285,-1.0886550297950905,-1.3771956144735429,-1.8238186191474985,0.766148316752265,1.3048397848421855,1.3042093062739397,0.10002586518659781,-0.6831906184550289,-0.5897147929468417,-0.6491011702105222,-0.6514128533997506,-0.6403193074829672,0.0,0.8787878787878787,0.0,0.0,-2.246569666985982,0.07041488597165704,0.3259902794323859,-0.20548128189418005,-0.33453977644363025,0.241130962451915,0.8660254037844386,0.5000000000000001,0.8660254037844387,-0.4999999999999998,-2.4492935982947064e-16,1.0
0.17540184643133258,-1.2202480043365496,-1.3771956144735429,-1.6656011326447004,1.1437160589827384,1.1430540043372461,1.1424450030415483,-0.17423986378784168,-0.6831906184550289,-0.0010105816104240802,-0.642276182662254,-0.6514128533997506,-0.3977572154153693,0.0,0.0,0.0,0.0,-1.6677243841249871,0.2909229098493615,0.3533084846323379,-0.15154475432365172,-0.07513282580361046,-0.3673554156060024,0.8660254037844386,0.5000000000000001,0.7071067811865476,-0.7071067811865475,-2.4492935982947064e-16,1.0
0.2124020192848055,-1.2202480043365496,-1.3771956144735429,-1.2173182542201055,1.1437160589827384,1.3048397848421855,0.7649949621659677,-0.32102997225303465,-0.6831906184550289,0.8626804652844519,-0.63886368888812,-0.6514128533997506,0.3230963257996046,0.8787878787878787,0.0,0.0,0.0,-1.2204348473687636,0.5253176672618637,0.3740084964179793,-0.42122739217629346,0.273324272071043,-0.40837696918294064,0.8660254037844386,0.5000000000000001,0.49999999999999994,-0.8660254037844387,-2.4492935982947064e-16,1.0
0.3082746739442781,-1.3781595737863004,-1.3771956144735429,-1.085470348801107,0.9819013123125355,1.3048397848421855,0.7649949621659677,-0.5412151349508241,-0.6831906184550289,1.5094804869501213,-0.6491011702105222,-0.6514128533997506,1.1840209342648815,0.8787878787878787,0.0,0.0,0.0,-0.7994564598334941,0.6825454263492624,0.41058265578699826,-0.2594178094647084,0.41270711122090437,-0.5587893322983809,0.8660254037844386,0.5000000000000001,0.258819045102521,-0.9659258262890682,-2.4492935982947064e-16,1.0
0.4041473286037507,-1.5097525483277596,-1.5088630270449392,-0.6371874703765118,1.1437160589827384,0.441982288815842,0.3336234868795902,-0.6455133699129348,-0.6831906184550289,1.3506852720501665,-0.6525136639846563,-0.6514128533997506,0.9619570471607426,0.8787878787878787,0.0,0.0,0.0,-0.9310122059382657,0.7733053914293329,0.4378393461873141,-0.15154475432365172,0.5791921690943499,-0.6237401254618664,0.8660254037844386,0.5000000000000001,1.2246467991473532e-16,-1.0,-2.4492935982947064e-16,1.0
0.2795663599576998,-1.5097525483277596,-1.3771956144735429,-0.5053395649575132,1.5212838012132117,0.9812682238323067,0.4953877901119818,-0.6841423458248278,-0.6831906184550289,1.834817024793931,-0.6525136639846563,-0.6514128533997506,1.8638780655529374,0.8787878787878787,0.0,0.0,0.0,-0.9310122059382657,0.7919207323563248,0.4377117580391928,0.010264828387933323,-0.04028711601614511,-0.57930010908685,0.8660254037844386,0.5000000000000001,-0.2588190451025208,-0.9659258262890683,-2.4492935982947064e-16,1.0
0.14269203926120802,-1.3781595737863004,-1.5088630270449392,-0.5053395649575132,1.305530805652941,1.1430540043372461,0.1718591836471986,-0.6841423458248278,-0.6831906184550289,0.8510613032186015,-0.6525136639846563,-0.6514128533997506,0.18302525854930166,0.8787878787878787,0.0,0.0,0.0,-1.088879101263992,0.736972560905517,0.4283249376644055,0.7653762143753301,0.10296746866565687,-0.6476693650484138,0.8660254037844386,0.5000000000000001,-0.4999999999999997,-0.8660254037844388,-2.4492935982947064e-16,1.0
0.14203989576932438,-1.3781595737863004,-1.8248648172162902,-0.3471220784547151,1.1437160589827384,1.1430540043372461,0.010094880414807005,-0.6841423458248278,-0.6831906184550289,0.27010319992608406,-0.6525136639846563,-0.6514128533997506,-0.1756933283112304,0.0,0.0,0.0,0.0,-1.2204348473687636,0.6036377268071127,0.40304430136064484,1.1429319073690285,-0.1719264641021253,-0.6408324394522574,0.8660254037844386,0.5000000000000001,-0.7071067811865471,-0.7071067811865479,-2.4492935982947064e-16,1.0
0.14047820702646868,-1.3781595737863004,-1.8248648172162902,-0.5053395649575132,1.305530805652941,1.5205541588487714,-0.09774798840678739,-0.6841423458248278,-0.6831906184550289,0.11130798502612929,-0.6525136639846563,-0.6514128533997506,0.07370149874418712,0.0,0.0,0.8787878787878787,0.8787878787878787,-1.2204348473687636,0.3694314697450019,0.4023982166956901,1.1429319073690285,-0.31905279431586786,-0.6374139766541792,0.8660254037844386,0.5000000000000001,-0.8660254037844385,-0.5000000000000004,-2.4492935982947064e-16,1.0
0.13227501471479888,-1.3781595737863004,-1.8248648172162902,-0.5053395649575132,1.305530805652941,1.5205541588487714,-0.3673551604607734,-0.6841423458248278,-0.6831906184550289,-0.06685249998357606,-0.6525136639846563,-0.6514128533997506,1.0337007645328489,0.0,0.0,0.8787878787878787,0.8787878787878787,-1.3783017426944895,0.02251812839055825,0.43055319731750397,0.9811223246574435,-0.5397422896364817,-0.6476693650484138,0.8660254037844386,0.5000000000000001,-0.9659258262890683,-0.25881904510252063,-2.4492935982947064e-16,1.0
0.13311020609336605,-1.5097525483277596,-1.8248648172162902,-0.6371874703765118,0.44251882341185933,1.1430540043372461,-0.15166942281758458,-0.6841423458248278,-0.6831906184550289,-0.5935878469687919,-0.6525136639846563,-0.6514128533997506,-0.4592518303057462,0.0,0.0,0.8787878787878787,0.8787878787878787,-1.509857488799261,0.0,0.4552818394533388,1.1429319073690285,-0.6442794189988778,-0.651087827846492,0.8660254037844386,0.5000000000000001,-1.0,-1.8369701987210297e-16,-2.4492935982947064e-16,1.0
0.1344487988960267,-1.3781595737863004,-1.8248648172162902,-0.7954049568793099,0.9819013123125355,1.1430540043372461,0.010094880414807005,-0.6841423458248278,-0.6677210520793727,-0.6826680894736445,-0.6525136639846563,-0.6309220496776665,-0.6505684099646967,0.0,0.0,0.8787878787878787,0.8787878787878787,-1.509857488799261,0.0,0.44523797340849913,1.520487600362727,-0.6829968743182837,-0.651087827846492,0.8660254037844386,0.5000000000000001,-0.9659258262890684,0.2588190451025203,-2.4492935982947064e-16,1.0
0.503764081552277,-1.5097525483277596,-1.8248648172162902,-0.7954049568793099,1.1437160589827384,1.3048397848421855,-0.259512291639179,-0.6841423458248278,-0.5903732202010917,-0.6826680894736445,-0.6525136639846563,-0.6411674515387086,-0.6505684099646967,0.0,0.0,0.8787878787878787,0.8787878787878787,-1.3783017426944895,0.0,0.4389946053928042,1.3047414900806136,-0.6829968743182837,-0.651087827846492,0.8660254037844386,0.5000000000000001,-0.8660254037844386,0.5000000000000001,-2.4492935982947064e-16,1.0
0.5164635499712124,-1.8255756872272613,-1.6668639221306147,-0.9272528622983084,1.1437160589827384,1.1430540043372461,-0.15166942281758458,-0.6841423458248278,-0.002529697926156119,-0.6826680894736445,-0.6525136639846563,-0.3986929408273794,-0.6505684099646967,0.0,0.0,0.0,0.0,-1.3783017426944895,0.0,0.43408028485501016,1.1429319073690285,-0.6829968743182837,-0.651087827846492,0.8660254037844386,0.5000000000000001,-0.7071067811865477,0.7071067811865474,-2.4492935982947064e-16,1.0
0.5249985425342499,-1.8255756872272613,-1.2191947193878672,-1.2173182542201055,1.5212838012132117,0.7655538498257208,0.279702052468793,-0.6841423458248278,0.859898627516677,-0.6826680894736445,-0.6525136639846563,0.3219003233992469,-0.6505684099646967,0.0,0.0,0.0,0.0,-1.3783017426944895,0.0,0.36628954150576654,1.3047414900806136,-0.6829968743182837,-0.651087827846492,0.8660254037844386,0.5000000000000001,-0.5000000000000004,0.8660254037844384,-2.4492935982947064e-16,1.0
0.542674877431781,-1.8255756872272613,-1.0875273068164708,-1.2173182542201055,1.5212838012132117,0.7655538498257208,0.279702052468793,-0.6841423458248278,1.5057530237003234,-0.6826680894736445,-0.6525136639846563,1.1825140797267817,-0.6505684099646967,0.0,0.0,0.0,0.0,-1.3783017426944895,0.0,0.3266245835778431,1.3047414900806136,-0.6829968743182837,-0.651087827846492,0.8660254037844386,0.5000000000000001,-0.25881904510252157,0.9659258262890681,-2.4492935982947064e-16,1.0
0.4334791984718512,-1.8255756872272613,-0.6398581040737229,-1.2173182542201055,1.1437160589827384,0.33412510181254906,-0.529119463693165,-0.6841423458248278,1.3471899683498472,-0.6826680894736445,-0.6525136639846563,0.9605303727375366,-0.6505684099646967,0.0,0.0,0.0,0.0,-1.509857488799261,0.0,0.35314821834752386,0.44175704895216006,-0.6829968743182837,-0.651087827846492,0.8660254037844386,0.5000000000000001,-2.4492935982947064e-16,1.0,-2.4492935982947064e-16,1.0
0.27711799879799964,-1.8255756872272613,-0.5081906915023265,-1.6656011326447004,1.1437160589827384,0.4959108823174885,0.279702052468793,-0.6686907554600706,1.8306139175891036,-0.6826680894736445,-0.6320387013398517,1.8621257365092396,-0.6505684099646967,0.0,0.0,0.0,0.0,-1.3783017426944895,0.0,0.34509259667593695,0.9811223246574435,-0.6829968743182837,-0.651087827846492,0.8660254037844386,0.5000000000000001,0.25881904510252074,0.9659258262890683,0.7818314824680298,0.6234898018587336
0.1402894306343591,-1.8255756872272613,-0.5081906915023265,-1.6656011326447004,1.305530805652941,0.17233932130760965,-0.04382655399599019,-0.5914328036362848,0.8482964527349349,-0.6826680894736445,-0.642276182662254,0.18187983129833848,-0.6505684099646967,0.0,0.0,0.0,0.0,-1.509857488799261,0.0,0.3381434731030508,1.1429319073690285,-0.6829968743182837,-0.651087827846492,0.8660254037844386,0.5000000000000001,0.49999999999999994,0.8660254037844387,0.7818314824680298,0.6234898018587336
0.137669440843549,-1.6676641177775104,-0.350189796416651,-2.1138840110692954,1.1437160589827384,0.010553540802670241,0.6032306589335762,-0.004272369775512977,0.2681877136478274,-0.6826680894736445,-0.39998912469873465,-0.1767092338381343,-0.6505684099646967,0.0,0.0,0.0,0.0,-1.825591279450713,0.0,0.3268715135104374,1.1429319073690285,-0.6829968743182837,-0.651087827846492,0.8660254037844386,0.5000000000000001,0.7071067811865476,0.7071067811865476,0.7818314824680298,0.6234898018587336
0.34669639137940267,-1.2202480043365496,-0.5081906915023265,-2.1138840110692954,0.766148316752265,-0.09730364620062269,0.6032306589335762,0.8571537930596984,0.10962465829735134,-0.6826680894736445,0.3200470616435553,0.0725955447805563,-0.6505684099646967,0.0,0.8787878787878787,0.0,0.0,-1.825591279450713,0.0,0.344243426098778,1.520487600362727,-0.6829968743182837,-0.651087827846492,0.8660254037844386,0.5000000000000001,0.8660254037844386,0.5000000000000001,0.7818314824680298,0.6234898018587336
0.3009038207715056,-1.0886550297950905,-0.5081906915023265,-2.4039494029910924,0.766148316752265,-0.366946613708855,0.6032306589335762,1.5022576907883096,-0.06827535502269497,-0.6826680894736445,1.1799954927253424,1.0322481857648311,-0.6505684099646967,0.0,0.8787878787878787,0.0,0.0,-1.825591279450713,0.0,0.36105310058919493,1.520487600362727,-0.6829968743182837,-0.651087827846492,0.8660254037844386,0.5000000000000001,0.9659258262890683,0.25881904510252074,0.7818314824680298,0.6234898018587336
0.22621130068065476,-0.6412389163541294,-0.6398581040737229,-2.535797308410091,0.3346423256317241,-0.15123223970226915,0.9267592653983594,1.3438788895495488,-0.5942406117950058,-0.6826680894736445,0.9581833974066275,-0.46016535199363184,-0.6505684099646967,0.0,0.8787878787878787,0.0,0.0,-1.825591279450713,0.0,0.43943581145780486,1.1429319073690285,-0.6829968743182837,-0.651087827846492,0.8660254037844386,0.5000000000000001,1.0,6.123233995736766e-17,0.7818314824680298,0.6234898018587336
0.30573191429162905,-0.5096459418126703,-0.7978589991593985,-2.4039494029910924,0.4964570723019269,0.010553540802670241,0.7649949621659677,1.8267410884482098,-0.6831906184550289,-0.6555567113199937,1.8590817537780233,-0.6514128533997506,-0.6369029399890573,0.0,0.8787878787878787,0.0,0.0,-1.825591279450713,0.01972969358421868,0.4770991054641788,1.1429319073690285,-0.6675098921905214,-0.6305770510580229,0.8660254037844386,0.5000000000000001,0.9659258262890683,-0.25881904510252063,0.7818314824680298,0.6234898018587336
0.2392082463705742,-0.5096459418126703,-0.7978589991593985,-1.8238186191474985,0.17282757896152123,-0.2590894267055621,0.4414663557011846,0.8455651002861305,-0.6831906184550289,-0.330220173476184,0.1801348169040582,-0.6514128533997506,0.24451987343967857,0.0,0.8787878787878787,0.0,0.0,-1.825591279450713,0.08249440299778354,0.4712858800690871,1.3047414900806136,-0.5900749815517095,-0.6408324394522574,0.8660254037844386,0.5000000000000001,0.8660254037844387,-0.4999999999999998,0.7818314824680298,0.6234898018587336
0.18115093534868404,-0.3517343723629195,-0.9295264117307949,-1.5073836461419021,0.01101283229131838,-0.15123223970226915,0.6032306589335762,0.26613046160773723,-0.6831906184550289,0.3901678746065377,-0.17817702938001972,-0.6514128533997506,1.2489319166491681,0.0,0.0,0.0,0.0,-1.6677243841249871,0.3057298864484959,0.4607568614995565,1.1429319073690285,-0.0015696606967391725,-0.3981215807887061,0.8660254037844386,0.5000000000000001,0.7071067811865476,-0.7071067811865475,0.7818314824680298,0.6234898018587336
0.19905324245216638,-0.5096459418126703,-1.2191947193878672,-0.7954049568793099,-0.09686366548881685,0.2801965083109026,-0.259512291639179,0.10775166036897639,-0.6831906184550289,1.1105559226892594,0.07093501613176778,-0.6514128533997506,1.734056100784364,0.8787878787878787,0.0,0.0,0.0,-1.2204348473687636,0.5116831500696951,0.4559781193752821,0.7653762143753301,0.8618295929260132,0.32317406960579154,0.8660254037844386,0.5000000000000001,0.49999999999999994,-0.8660254037844387,0.7818314824680298,0.6234898018587336
0.20403292341515378,-0.5096459418126703,-1.2191947193878672,-0.5053395649575132,-0.36655490993915496,0.2801965083109026,-0.529119463693165,-0.06994162882573088,-0.6831906184550289,1.637291269674475,1.029845766663443,-0.6514128533997506,1.9561199878885027,0.8787878787878787,0.0,0.0,0.0,-1.088879101263992,0.6667017909555595,0.46114971621496825,0.7653762143753301,1.5084110967600926,1.184626694721495,0.8660254037844386,0.5000000000000001,0.258819045102521,-0.9659258262890682,0.7818314824680298,0.6234898018587336
0.18962870120652814,-0.6412389163541294,-1.2191947193878672,-0.18890459195191697,-0.15080191437888446,-0.5287323942137945,-0.7448052013363538,-0.5952957012274741,-0.6831906184550289,1.9587547534963348,-0.461414012633148,-0.6514128533997506,2.092774687644896,0.8787878787878787,0.0,0.0,0.0,-0.6415895645077683,0.7479378051023459,0.4804222875750809,0.3338839938111034,1.3496695299505281,0.9624266128464127,0.8660254037844386,0.5000000000000001,1.2246467991473532e-16,-1.0,0.7818314824680298,0.6234898018587336
0.13979746562732948,-0.7991504858038802,-1.6668639221306147,-0.18890459195191697,0.01101283229131838,0.2801965083109026,-0.529119463693165,-0.6841423458248278,-0.6831906184550289,1.9897391856719355,-0.6525136639846563,-0.6514128533997506,2.092774687644896,0.8787878787878787,0.0,0.0,0.0,-0.5100338184029966,0.6017030171125536,0.47411638036674997,0.4956935765226884,1.8336377214431023,1.8649007915390543,0.8660254037844386,0.5000000000000001,-0.2588190451025208,-0.9659258262890683,0.7818314824680298,0.6234898018587336
0.14011781573244134,-0.7991504858038802,-1.6668639221306147,-0.18890459195191697,-0.2586784121590197,-0.04337505269897623,-0.6369623325147594,-0.6841423458248278,-0.6831906184550289,1.7496098363110284,-0.6525136639846563,-0.6514128533997506,2.00736550029715,0.8787878787878787,0.0,0.0,0.0,-0.5100338184029966,0.6917200502639218,0.47451056679306136,0.17207441109951835,0.8502143563301915,0.18301709488458584,0.8660254037844386,0.5000000000000001,-0.4999999999999997,-0.8660254037844388,0.7818314824680298,0.6234898018587336
0.2648074921219631,-0.9307434603453393,-2.114533124873362,-0.05705668653291797,-0.15080191437888446,0.6037680693207814,-0.7448052013363538,-0.6841423458248278,-0.6831906184550289,1.2770972456331142,-0.6525136639846563,-0.6514128533997506,1.7477215707600031,0.0,0.0,0.0,0.0,-0.3521669230772707,0.5914473367699788,0.46828210369551304,0.010264828387933323,0.2694525265391024,-0.17592149891362388,0.8660254037844386,0.5000000000000001,-0.7071067811865471,-0.7071067811865479,0.7818314824680298,0.6234898018587336
0.18592181932510413,-1.2202480043365496,-2.114533124873362,-0.05705668653291797,0.2807040767416565,0.6037680693207814,-0.47519802928236776,-0.6841423458248278,-0.6831906184550289,0.5993127917918439,-0.6525136639846563,-0.6514128533997506,1.3514229414664631,0.0,0.0,0.8787878787878787,0.8787878787878787,-0.5100338184029966,0.18113178015856596,0.4786250412766354,-0.09760822675312336,0.11071095972953805,0.07362628534608383,0.8660254037844386,0.5000000000000001,-0.8660254037844385,-0.5000000000000004,0.7818314824680298,0.6234898018587336
0.2852353802264125,-1.2202480043365496,-2.4042014325304346,-0.18890459195191697,0.2807040767416565,0.6037680693207814,-0.6369623325147594,-0.6841423458248278,-0.6831906184550289,-0.15593274248842873,-0.6525136639846563,-0.6514128533997506,0.5827402553367517,0.0,0.0,0.8787878787878787,0.8787878787878787,-0.5100338184029966,0.013238131609220358,0.5443868206308856,-0.3672908646057651,-0.06738933473972927,1.0342143316060546,0.8660254037844386,0.5000000000000001,-0.9659258262890683,-0.25881904510252063,0.7818314824680298,0.6234898018587336
0.3712659133963044,-1.2202480043365496,-2.535868845101831,-0.3471220784547151,-0.5283696566093578,0.9273396303306602,-0.529119463693165,-0.6841423458248278,-0.6831906184550289,-0.597460900990742,-0.6525136639846563,-0.6514128533997506,-0.5549101201352215,0.0,0.0,0.8787878787878787,0.8787878787878787,-0.6415895645077683,0.0,0.6009104190346151,-0.15154475432365172,-0.59394672708365,-0.45965391115411347,0.8660254037844386,0.5000000000000001,-1.0,-1.8369701987210297e-16,0.7818314824680298,0.6234898018587336
0.3215376467582564,-1.6676641177775104,-2.4042014325304346,-0.3471220784547151,0.2807040767416565,0.7655538498257208,-1.4997052830875146,-0.6841423458248278,-0.6561188772976306,-0.6826680894736445,-0.6525136639846563,-0.6377523175850279,-0.6505684099646967,0.0,0.0,0.8787878787878787,0.8787878787878787,-0.7994564598334941,0.0,0.5780822307919525,0.010264828387933323,-0.6829968743182837,-0.651087827846492,0.8660254037844386,0.5000000000000001,-0.9659258262890684,0.2588190451025203,0.7818314824680298,0.6234898018587336
0.44896171143220653,-1.6676641177775104,-1.8248648172162902,-0.5053395649575132,-0.04292541659874924,0.441982288815842,-1.4997052830875146,-0.6841423458248278,-0.3312579834088504,-0.6826680894736445,-0.6525136639846563,0.24335224246459097,-0.6505684099646967,0.0,0.0,0.8787878787878787,0.8787878787878787,-0.7994564598334941,0.0,0.5756498608336499,-0.2594178094647084,-0.6829968743182837,-0.651087827846492,0.8660254037844386,0.5000000000000001,-0.8660254037844386,0.5000000000000001,0.7818314824680298,0.6234898018587336
0.43267545724020945,-2.115080231218471,-1.5088630270449392,-0.6371874703765118,0.6043335700820621,0.6037680693207814,-1.3918624142659202,-0.6841423458248278,0.38807685305916295,-0.6826680894736445,-0.6525136639846563,1.2474016248467148,-0.6505684099646967,0.0,0.0,0.0,0.0,-0.9310122059382657,0.0,0.5745306602617517,-0.15154475432365172,-0.6829968743182837,-0.651087827846492,0.8660254037844386,0.5000000000000001,-0.7071067811865477,0.7071067811865474,0.7818314824680298,0.6234898018587336
0.45943595238691515,-2.115080231218471,-0.7978589991593985,-0.9272528622983084,0.6043335700820621,-0.2590894267055621,-1.1222552422119343,-0.6841423458248278,1.1074116895271762,-0.6826680894736445,-0.6525136639846563,1.7323506462693732,-0.6505684099646967,0.0,0.0,0.0,0.0,-1.2204348473687636,0.0,0.5055992040876148,0.27994746624057504,-0.6829968743182837,-0.651087827846492,0.8660254037844386,0.5000000000000001,-0.5000000000000004,0.8660254037844384,0.7818314824680298,0.6234898018587336
0.4326468318745696,-2.4045847752096816,-0.5081906915023265,-1.085470348801107,0.6043335700820621,-0.5287323942137945,-0.798726635747151,-0.6841423458248278,1.633376946299487,-0.6826680894736445,-0.6525136639846563,1.9543343532586184,-0.6505684099646967,0.0,0.0,0.0,0.0,-1.2204348473687636,0.0,0.4674746259134447,0.27994746624057504,-0.6829968743182837,-0.651087827846492,0.8660254037844386,0.5000000000000001,-0.25881904510252157,0.9659258262890681,0.7818314824680298,0.6234898018587336
0.3358160065978156,-2.5361777497511406,-0.1921889013309754,-0.7954049568793099,0.9279630634224678,-0.7444467682203804,-1.4997052830875146,-0.6841423458248278,1.9543704485943532,-0.6826680894736445,-0.6525136639846563,2.090939711405846,-0.6505684099646967,0.0,0.0,0.0,0.0,-1.2204348473687636,0.0,0.4525016880716145,-0.5291004473173502,-0.6829968743182837,-0.651087827846492,0.8660254037844386,0.5000000000000001,-2.4492935982947064e-16,1.0,0.7818314824680298,0.6234898018587336
0.16932095383031526,-2.4045847752096816,-0.1921889013309754,-1.3755357407229036,0.766148316752265,-0.5287323942137945,-0.5830408981039622,-0.6571020626865027,1.9853095813456656,-0.6826680894736445,-0.63886368888812,2.090939711405846,-0.6505684099646967,0.0,0.0,0.0,0.0,-1.6677243841249871,0.0,0.43145020704775205,0.27994746624057504,-0.6829968743182837,-0.651087827846492,0.8660254037844386,0.5000000000000001,0.25881904510252074,0.9659258262890683,0.9749279121818236,-0.22252093395631434
0.16807387982254934,-1.8255756872272613,-0.1921889013309754,-1.6656011326447004,0.44251882341185933,-0.6365895812170874,-0.3134337260499762,-0.3326186650266025,1.7455313025229944,-0.6826680894736445,0.24155970483847156,2.005561362563829,-0.6505684099646967,0.0,0.0,0.0,0.0,-1.6677243841249871,0.0,0.43540687378971155,-0.043671699182595024,-0.6829968743182837,-0.651087827846492,0.8660254037844386,0.5000000000000001,0.49999999999999994,0.8660254037844387,0.9749279121818236,-0.22252093395631434
0.16714144114366145,-1.5097525483277596,-0.06052148875957856,-1.955666524566497,0.6043335700820621,-0.7444467682203804,-0.04382655399599019,0.3858802869346052,1.2737095280654802,-0.6826680894736445,1.24483287443389,1.746011182084096,-0.6505684099646967,0.0,0.0,0.0,0.0,-2.11501392088121,0.0,0.42704244884834397,0.6035666316637451,-0.6829968743182837,-0.651087827846492,0.8660254037844386,0.5000000000000001,0.7071067811865476,0.7071067811865476,0.9749279121818236,-0.22252093395631434
0.16746751288960326,-0.7991504858038802,-0.06052148875957856,-2.1138840110692954,-0.2586784121590197,-0.47480380071214795,0.1179377492364014,1.104379238895813,0.5969159991305216,-0.6826680894736445,1.7294069903609286,1.3498556434571356,-0.6505684099646967,0.0,0.8787878787878787,0.0,0.0,-2.11501392088121,0.0,0.4459388630989414,0.6035666316637451,-0.6829968743182837,-0.651087827846492,0.8660254037844386,0.5000000000000001,0.8660254037844386,0.5000000000000001,0.9749279121818236,-0.22252093395631434
0.16725012486104598,-0.5096459418126703,-0.1921889013309754,-2.1138840110692954,-0.5283696566093578,-0.6365895812170874,0.279702052468793,1.629733311297556,-0.1572253616827181,-0.6826680894736445,1.9512190856796434,0.5814505038789796,-0.6505684099646967,0.0,0.8787878787878787,0.0,0.0,-2.4044365623117083,0.0,0.4932786758204375,0.6035666316637451,-0.6829968743182837,-0.651087827846492,0.8660254037844386,0.5000000000000001,0.9659258262890683,0.25881904510252074,0.9749279121818236,-0.22252093395631434
0.3277157832272964,-0.19382280291316867,-0.350189796416651,-1.955666524566497,-0.7441226521696283,-0.5287323942137945,-0.04382655399599019,1.950353811366267,-0.5981080033889198,-0.6826680894736445,2.0877188366450063,-0.5557891026966912,-0.6505684099646967,0.0,0.8787878787878787,0.0,0.0,-2.53599230841648,0.0,0.5380776353649556,0.9271857970869152,-0.6829968743182837,-0.651087827846492,0.8660254037844386,0.5000000000000001,1.0,6.123233995736766e-17,0.9749279121818236,-0.22252093395631434
0.3398832797732669,-0.19382280291316867,-0.350189796416651,-1.955666524566497,-0.5283696566093578,-1.499447077243431,-0.04382655399599019,1.981256992095781,-0.6831906184550289,-0.6400644952321932,2.0877188366450063,-0.6514128533997506,-0.565159222616951,0.0,0.8787878787878787,0.0,0.0,-2.4044365623117083,0.04198727159632868,0.5346131894593853,0.7653762143753301,-0.6558946555946995,-0.6374139766541792,0.8660254037844386,0.5000000000000001,0.9659258262890683,-0.25881904510252063,0.9749279121818236,-0.22252093395631434
0.19190546805809877,-0.19382280291316867,-0.5081906915023265,-1.5073836461419021,-0.6362461543894931,-1.499447077243431,-0.3134337260499762,1.7417573414420455,-0.6831906184550289,-0.3108549033664334,2.0024064922916547,-0.6514128533997506,0.275267180884867,0.0,0.8787878787878787,0.0,0.0,-1.825591279450713,0.13011952476198504,0.4975990532969653,0.44175704895216006,-0.33066803091168967,0.2445494252499932,0.8660254037844386,0.5000000000000001,0.8660254037844387,-0.4999999999999998,0.9749279121818236,-0.22252093395631434
0.13770376382393257,-0.06222982837170911,-0.6398581040737229,-0.9272528622983084,-0.7441226521696283,-1.391589890240138,-0.15166942281758458,1.2704838353169523,-0.6831906184550289,0.07645049882857824,1.7430569654574648,-0.6514128533997506,0.49391470049509606,0.0,0.0,0.0,0.0,-1.509857488799261,0.3857130278541997,0.5059146659118938,0.6035666316637451,0.3894766380292608,1.2495774878849806,0.8660254037844386,0.5000000000000001,0.7071067811865476,-0.7071067811865475,0.9749279121818236,-0.22252093395631434
0.13863048429428856,-0.06222982837170911,-0.9295264117307949,-0.5053395649575132,-0.47443140771929015,-1.1219469227319057,-0.259512291639179,0.5944767568588267,-0.6831906184550289,1.0834445445356085,1.347207687657912,-0.6514128533997506,1.81263255314429,0.8787878787878787,0.0,0.0,0.0,-0.7994564598334941,0.5433454746291939,0.5198450277782088,-0.2594178094647084,1.1096213069702112,1.734999205212083,0.8660254037844386,0.5000000000000001,0.49999999999999994,-0.8660254037844387,0.9749279121818236,-0.22252093395631434
0.1805216818524182,-0.19382280291316867,-1.0875273068164708,-0.18890459195191697,-0.6362461543894931,-0.7983753617220268,-0.529119463693165,-0.15878827342308452,-0.6831906184550289,1.768975106420779,0.579396588477745,-0.6514128533997506,2.4002477620967806,0.8787878787878787,0.0,0.0,0.0,-0.5100338184029966,0.6729217304183154,0.5071922376415563,-0.5291004473173502,1.636178699314132,1.9571992870871653,0.8660254037844386,0.5000000000000001,0.258819045102521,-0.9659258262890682,0.9749279121818236,-0.22252093395631434
0.2204564695286851,-0.3517343723629195,-0.7978589991593985,-0.18890459195191697,-0.5283696566093578,-1.499447077243431,-0.529119463693165,-0.5991585988186634,-0.6831906184550289,2.0517080500231373,-0.5569638383089021,-0.6514128533997506,2.4173295995663295,0.8787878787878787,0.0,0.0,0.0,-0.19430002775154487,0.7601504139131352,0.47720656428985464,-0.7448465575994635,1.9575335784652013,2.093937799010293,0.8660254037844386,0.5000000000000001,1.2246467991473532e-16,-1.0,0.9749279121818236,-0.22252093395631434
0.21672099660460165,-0.3517343723629195,-1.3771956144735429,-0.18890459195191697,-1.4992581366305748,-0.582660987715441,-0.529119463693165,-0.6841423458248278,-0.6831906184550289,2.0904385902426386,-0.6525136639846563,-0.6514128533997506,2.434411437035879,0.8787878787878787,0.0,0.0,0.0,-0.19430002775154487,0.7854569318742065,0.44657204041209886,-0.5291004473173502,1.9885075427207262,2.093937799010293,0.8660254037844386,0.5000000000000001,-0.2588190451025208,-0.9659258262890683,0.9749279121818236,-0.22252093395631434
0.21736740129416512,-0.5096459418126703,-1.6668639221306147,-0.18890459195191697,-1.4992581366305748,-0.3130180202072086,-0.529119463693165,-0.6841423458248278,-0.6831906184550289,1.865801456969532,-0.6525136639846563,-0.6514128533997506,2.451493274505428,0.8787878787878787,0.0,0.0,0.0,-0.19430002775154487,0.7423997425070312,0.42966105345400474,-0.6369735024584068,1.7484593197404092,2.008476229058338,0.8660254037844386,0.5000000000000001,-0.4999999999999997,-0.8660254037844388,0.9749279121818236,-0.22252093395631434
0.23859616466139427,-0.6412389163541294,-1.9565322297876868,-0.18890459195191697,-1.3913816388504396,-0.04337505269897623,-0.529119463693165,-0.6841423458248278,-0.6831906184550289,1.397161920313568,-0.6525136639846563,-0.6514128533997506,2.311422207255125,0.0,0.0,0.0,0.0,-0.06274428164677277,0.6124354564582285,0.4542955538731607,-0.7448465575994635,1.2761063648436568,1.748673056404396,0.8660254037844386,0.5000000000000001,-0.7071067811865471,-0.7071067811865479,0.9749279121818236,-0.22252093395631434
0.279320380886483,-0.9307434603453393,-2.114533124873362,-0.18890459195191697,-1.1216903944001015,0.11841072780596318,-0.3673551604607734,-0.6841423458248278,-0.6831906184550289,0.7155044124503475,-0.6525136639846563,-0.6514128533997506,2.0039491328032404,0.0,0.0,0.8787878787878787,0.8787878787878787,-0.06274428164677277,0.3770206577651075,0.46632505208910346,-0.47516391974682176,0.5985508967540529,1.352131371827326,0.8660254037844386,0.5000000000000001,-0.8660254037844385,-0.5000000000000004,0.9749279121818236,-0.22252093395631434
0.21044558880915462,-1.0886550297950905,-2.114533124873362,-0.3471220784547151,-0.7980609010596958,0.2801965083109026,-0.09774798840678739,-0.6841423458248278,-0.6831906184550289,-0.2411399309713313,-0.6525136639846563,-0.6514128533997506,-0.19619153327468938,0.0,0.0,0.8787878787878787,0.8787878787878787,-0.19430002775154487,0.030584075413764126,0.49311303147237484,-0.6369735024584068,-0.15643948197436294,0.5829772422597338,0.8660254037844386,0.5000000000000001,-0.9659258262890683,-0.25881904510252063,0.9749279121818236,-0.22252093395631434
0.30806016561377497,-0.7991504858038802,-1.9565322297876868,-0.5053395649575132,-1.4992581366305748,-0.04337505269897623,0.3336234868795902,-0.6841423458248278,-0.6831906184550289,-0.5819686849029415,-0.6525136639846563,-0.6514128533997506,-0.39434084792145946,0.0,0.0,0.8787878787878787,0.8787878787878787,-0.3521669230772707,0.0,0.5289669913429059,-0.5291004473173502,-0.5978184726155906,-0.5553708695003027,0.8660254037844386,0.5000000000000001,-1.0,-1.8369701987210297e-16,0.9749279121818236,-0.22252093395631434
0.3072649982626331,-1.3781595737863004,-1.9565322297876868,-0.7954049568793099,-0.5823079054994255,-0.04337505269897623,0.6032306589335762,-0.6841423458248278,-0.6406493109219744,-0.6826680894736445,-0.6525136639846563,-0.5660345045577333,-0.6505684099646967,0.0,0.0,0.8787878787878787,0.8787878787878787,-0.3521669230772707,0.0,0.5176896536870439,-1.4999579435868604,-0.6829968743182837,-0.651087827846492,0.8660254037844386,0.5000000000000001,-0.9659258262890684,0.2588190451025203,0.9749279121818236,-0.22252093395631434
0.3644699632803604,-1.6676641177775104,-1.5088630270449392,-0.7954049568793099,-0.3126166610490873,-0.3130180202072086,0.818916396576765,-0.6841423458248278,-0.31192102543928013,-0.6826680894736445,-0.6525136639846563,0.2740884480477172,-0.6505684099646967,0.0,0.0,0.8787878787878787,0.8787878787878787,-0.5100338184029966,0.0,0.5008400790892857,-1.4999579435868604,-0.6829968743182837,-0.651087827846492,0.8660254037844386,0.5000000000000001,-0.8660254037844386,0.5000000000000001,0.9749279121818236,-0.22252093395631434
0.42313940063130506,-1.9571686617687203,-0.9295264117307949,-0.7954049568793099,-0.04292541659874924,-0.15123223970226915,-1.337940979855123,-0.6841423458248278,0.07481813395212489,-0.6826680894736445,-0.6525136639846563,0.4926570210832816,-0.6505684099646967,0.0,0.0,0.0,0.0,-0.6415895645077683,0.0,0.4715169831298349,-1.3920848884458037,-0.6829968743182837,-0.651087827846492,0.8660254037844386,0.5000000000000001,-0.7071067811865477,0.7071067811865474,0.9749279121818236,-0.22252093395631434
0.4515759898790808,-2.115080231218471,-0.5081906915023265,-0.7954049568793099,0.11888933007145361,-0.2590894267055621,-1.4457838486767174,-0.6841423458248278,1.0803399483697778,-0.6826680894736445,-0.6525136639846563,1.8108987272040291,-0.6505684099646967,0.0,0.0,0.0,0.0,-0.9310122059382657,0.0,0.3800817639760625,-1.122402250593162,-0.6829968743182837,-0.651087827846492,0.8660254037844386,0.5000000000000001,-0.5000000000000004,0.8660254037844384,0.9749279121818236,-0.22252093395631434
0.2957439270000144,-2.115080231218471,-0.1921889013309754,-0.7954049568793099,0.2807040767416565,-0.5287323942137945,-1.337940979855123,-0.6841423458248278,1.7648682604925647,-0.6826680894736445,-0.6525136639846563,2.3983017672371085,-0.6505684099646967,0.0,0.0,0.0,0.0,-1.088879101263992,0.0,0.3615262164961385,-0.7987830851699919,-0.6829968743182837,-0.651087827846492,0.8660254037844386,0.5000000000000001,-0.25881904510252157,0.9659258262890681,0.9749279121818236,-0.22252093395631434
0.31287967495650454,-1.9571686617687203,-0.1921889013309754,-0.9272528622983084,-0.04292541659874924,-0.5287323942137945,-1.0144123733903398,-0.6841423458248278,2.0471878468482902,-0.6826680894736445,-0.6525136639846563,2.415377437005512,-0.6505684099646967,0.0,0.0,0.0,0.0,-0.7994564598334941,0.0,0.3919981179851807,-1.4999579435868604,-0.6829968743182837,-0.651087827846492,0.8660254037844386,0.5000000000000001,-2.4492935982947064e-16,1.0,0.9749279121818236,-0.22252093395631434
0.18750640836047175,-1.9571686617687203,-0.1921889013309754,-0.9272528622983084,-0.04292541659874924,-0.5287323942137945,-1.4457838486767174,-0.6416504723217455,2.085861762787431,-0.6826680894736445,-0.5672013196313044,2.4324531067739152,-0.6505684099646967,0.0,0.0,0.0,0.0,-1.3783017426944895,0.0,0.40736974958252126,-0.5830369748878784,-0.6829968743182837,-0.651087827846492,0.8660254037844386,0.5000000000000001,0.25881904510252074,0.9659258262890683,0.43388373911755823,-0.900968867902419
0.16926374428661195,-1.5097525483277596,-0.1921889013309754,-0.9272528622983084,-0.3126166610490873,-0.5287323942137945,-1.5536267174983118,-0.31330417707065605,1.8615530503404158,-0.6826680894736445,0.27227214880567824,2.449528776542319,-0.6505684099646967,0.0,0.0,0.0,0.0,-1.6677243841249871,0.0,0.4067618747764582,-0.31335433703523674,-0.6829968743182837,-0.651087827846492,0.8660254037844386,0.5000000000000001,0.49999999999999994,0.8660254037844387,0.43388373911755823,-0.900968867902419
0.16773637165954375,-0.9307434603453393,-0.1921889013309754,-0.9272528622983084,-0.15080191437888446,-0.5287323942137945,-1.5536267174983118,0.0729855820482728,1.393598667476816,-0.6826680894736445,0.49067175035025906,2.3095082844414105,-0.6505684099646967,0.0,0.0,0.0,0.0,-1.9571470255554846,0.0,0.40890198541192657,-0.043671699182595024,-0.6829968743182837,-0.651087827846492,0.8660254037844386,0.5000000000000001,0.7071067811865476,0.7071067811865476,0.43388373911755823,-0.900968867902419
0.16769632703833023,-0.5096459418126703,-0.1921889013309754,-1.085470348801107,-0.2586784121590197,-0.366946613708855,-1.337940979855123,1.0773389557574877,0.7129377469479432,-0.6826680894736445,1.8078943471660123,2.002146228610148,-0.6505684099646967,0.0,0.8787878787878787,0.0,0.0,-2.11501392088121,0.0,0.4072903079053892,0.11813788352899002,-0.6829968743182837,-0.651087827846492,0.8660254037844386,0.5000000000000001,0.8660254037844386,0.5000000000000001,0.43388373911755823,-0.900968867902419
0.1660545456207495,-0.19382280291316867,-0.350189796416651,-1.2173182542201055,-0.5283696566093578,-0.09730364620062269,-1.2300981110335285,1.761071829397992,-0.24230797674882723,-0.6826680894736445,2.394843276317073,-0.19720003756021848,-0.6505684099646967,0.0,0.8787878787878787,0.0,0.0,-2.11501392088121,0.0,0.4424710366964718,0.27994746624057504,-0.6829968743182837,-0.651087827846492,0.8660254037844386,0.5000000000000001,0.9659258262890683,0.25881904510252074,0.43388373911755823,-0.900968867902419
0.2603054497539932,-0.19382280291316867,-0.5081906915023265,-1.2173182542201055,-0.5283696566093578,0.33412510181254906,-1.4457838486767174,2.0430633535548095,-0.5826384370132637,-0.6826680894736445,2.4119057451877435,-0.3952778068736987,-0.6505684099646967,0.0,0.8787878787878787,0.0,0.0,-1.9571470255554846,0.0,0.5071043959418261,-0.043671699182595024,-0.6829968743182837,-0.651087827846492,0.8660254037844386,0.5000000000000001,1.0,6.123233995736766e-17,0.43388373911755823,-0.900968867902419
0.2908757785617833,-0.19382280291316867,-0.7978589991593985,-1.3755357407229036,-0.5283696566093578,0.6037680693207814,-1.337940979855123,2.0816923294667027,-0.6831906184550289,-0.6478106032760935,2.428968214058414,-0.6514128533997506,-0.6164047350255983,0.0,0.8787878787878787,0.0,0.0,-1.9571470255554846,0.023959465559463933,0.5286411831493292,-0.043671699182595024,-0.6404076734669372,-0.5656262578945372,0.8660254037844386,0.5000000000000001,0.9659258262890683,-0.25881904510252063,0.43388373911755823,-0.900968867902419
0.18915962619511628,-0.19382280291316867,-0.7978589991593985,-1.2173182542201055,-0.5283696566093578,0.8194824433273673,-1.2300981110335285,1.8576442691777242,-0.6831906184550289,-0.32247406543228374,2.4460306829290843,-0.6514128533997506,0.29918175334223585,0.0,0.8787878787878787,0.0,0.0,-1.509857488799261,0.10543384723361102,0.4925057713021115,-0.31335433703523674,-0.3113093032519867,0.2753155904326969,0.8660254037844386,0.5000000000000001,0.8660254037844387,-0.4999999999999998,0.43388373911755823,-0.900968867902419
0.13759508010654806,-0.19382280291316867,-0.7978589991593985,-0.6371874703765118,-0.5283696566093578,-1.3376612967384915,-1.4997052830875146,1.3902336606438201,-0.6831906184550289,0.401787036672388,2.3061184381895874,-0.6514128533997506,1.2352664466735288,0.0,0.0,0.0,0.0,-0.9310122059382657,0.32286517765226697,0.45750625763268815,-0.15154475432365172,0.07586524994207271,0.49409720950970093,0.8660254037844386,0.5000000000000001,0.7071067811865476,-0.7071067811865475,0.43388373911755823,-0.900968867902419
0.14019790154257028,-0.19382280291316867,-0.7978589991593985,-0.3471220784547151,-0.36655490993915496,-1.4455184837417845,-1.7693124551415005,0.7103636845945054,-0.6831906184550289,1.1763978410624112,1.9989939985175205,-0.6514128533997506,1.8570453305651178,0.8787878787878787,0.0,0.0,0.0,-0.5100338184029966,0.5392542932524751,0.44205257215606597,-0.2594178094647084,1.0825190882466271,1.8136238495678814,0.8660254037844386,0.5000000000000001,0.49999999999999994,-0.8660254037844387,0.43388373911755823,-0.900968867902419
0.1401807366200805,-0.3517343723629195,-0.7978589991593985,0.23300870538887822,-0.09686366548881685,-1.3376612967384915,-2.0928410616062836,-0.24377202042924886,-0.6831906184550289,1.6915140259817767,-0.19865199202482417,-0.6514128533997506,2.0620273801997073,0.8787878787878787,0.0,0.0,0.0,-0.19430002775154487,0.6314389207774858,0.4489015100935746,-0.5291004473173502,1.7678180474001122,2.4015994508373297,0.8660254037844386,0.5000000000000001,0.258819045102521,-0.9659258262890682,0.43388373911755823,-0.900968867902419
0.21221323259580185,-0.5096459418126703,-0.9295264117307949,0.39122619189167684,0.3346423256317241,-1.0140897357286127,-2.36244823366027,-0.5837070084539062,-0.6831906184550289,2.0555811040450873,-0.39657663092460055,-0.6514128533997506,2.2465112248708383,0.8787878787878787,0.0,0.0,0.0,-0.19430002775154487,0.7452325031015812,0.4234138951842107,-0.5291004473173502,2.0504554712317757,2.4186917648277206,0.8660254037844386,0.5000000000000001,1.2246467991473532e-16,-1.0,0.43388373911755823,-0.900968867902419
0.2111892648251251,-0.7991504858038802,-0.9295264117307949,0.681291583813473,0.6043335700820621,-1.4455184837417845,-2.5242125368926613,-0.6841423458248278,-0.6831906184550289,1.970373915562185,-0.6525136639846563,-0.6514128533997506,2.0381128077423387,0.8787878787878787,0.0,0.0,0.0,-0.19430002775154487,0.7631771430712337,0.43421432667903004,-0.5291004473173502,2.0891729265511816,2.4357840788181115,0.8660254037844386,0.5000000000000001,-0.2588190451025208,-0.9659258262890683,0.43388373911755823,-0.900968867902419
0.20227674007165664,-0.7991504858038802,-0.9295264117307949,0.681291583813473,0.8200865656423326,-1.5533756707450774,-1.7693124551415005,-0.6841423458248278,-0.6831906184550289,1.7922134305524797,-0.6525136639846563,-0.6514128533997506,2.0791092176692567,0.8787878787878787,0.0,0.0,0.0,-0.19430002775154487,0.7060225542638333,0.4349166505196719,-0.5291004473173502,1.864611685698627,2.4528763928085024,0.8660254037844386,0.5000000000000001,-0.4999999999999997,-0.8660254037844388,0.43388373911755823,-0.900968867902419
0.20249983257955365,-0.7991504858038802,-0.9295264117307949,0.39122619189167684,-1.3374433899603722,-1.5533756707450774,-1.7153910207307033,-0.6841423458248278,-0.6831906184550289,1.2809702996550645,-0.6525136639846563,-0.6514128533997506,1.7579706732417326,0.0,0.0,0.0,0.0,-0.19430002775154487,0.5910149487909155,0.47408820955925635,-0.5291004473173502,1.3961304763338152,2.3127194180872968,0.8660254037844386,0.5000000000000001,-0.7071067811865471,-0.7071067811865479,0.43388373911755823,-0.900968867902419
0.20519418653966276,-0.7991504858038802,-1.0875273068164708,-0.05705668653291797,-1.4453198877405073,-1.3376612967384915,-0.8526480701579482,-0.6841423458248278,-0.6831906184550289,0.5915666837479437,-0.6525136639846563,-0.6514128533997506,1.0371171320267587,0.0,0.0,0.8787878787878787,0.8787878787878787,-0.19430002775154487,0.29338980573926626,0.4789931056814525,-0.3672908646057651,0.7147032627122707,2.00505776626026,0.8660254037844386,0.5000000000000001,-0.8660254037844385,-0.5000000000000004,0.43388373911755823,-0.900968867902419
0.2588867780057997,-0.7991504858038802,-1.2191947193878672,-0.18890459195191697,-1.3374433899603722,-1.2298041097351986,-0.9604909389795426,-0.6841423458248278,-0.6831906184550289,-0.10558304020307722,-0.6525136639846563,-0.6514128533997506,0.7091458526114153,0.0,0.0,0.8787878787878787,0.8787878787878787,-0.3521669230772707,0.00847063071940504,0.5163149695010032,-0.09760822675312336,-0.241617883677056,-0.19643227570209298,0.8660254037844386,0.5000000000000001,-0.9659258262890683,-0.25881904510252063,0.43388373911755823,-0.900968867902419
0.394096427289093,-0.9307434603453393,-1.2191947193878672,-0.5053395649575132,-1.0138138966199663,-1.4455184837417845,-0.7448052013363538,-0.6841423458248278,-0.6831906184550289,-0.5858417389248917,-0.6525136639846563,-0.6514128533997506,-0.4899991377509347,0.0,0.0,0.8787878787878787,0.8787878787878787,-0.5100338184029966,0.0,0.5277256831254352,0.3338839938111034,-0.5823314904878283,-0.3947031179906279,0.8660254037844386,0.5000000000000001,-1.0,-1.8369701987210297e-16,0.43388373911755823,-0.900968867902419
0.43857327792845696,-0.9307434603453393,-1.3771956144735429,-0.5053395649575132,-1.4453198877405073,-1.3376612967384915,0.010094880414807005,-0.6841423458248278,-0.6483840941098025,-0.6826680894736445,-0.6525136639846563,-0.6172615138629437,-0.6505684099646967,0.0,0.0,0.8787878787878787,0.8787878787878787,-0.7994564598334941,0.0,0.51815088663519,0.6035666316637451,-0.6829968743182837,-0.651087827846492,0.8660254037844386,0.5000000000000001,-0.9659258262890684,0.2588190451025203,0.43388373911755823,-0.900968867902419
0.4944739834208013,-0.9307434603453393,-1.2191947193878672,-0.5053395649575132,-1.5531963855206425,-1.2298041097351986,0.010094880414807005,-0.6841423458248278,-0.32352320022102227,-0.6826680894736445,-0.6525136639846563,0.2979943857234821,-0.6505684099646967,0.0,0.0,0.8787878787878787,0.8787878787878787,-0.7994564598334941,0.0,0.516844887999784,0.8193127419458585,-0.6829968743182837,-0.651087827846492,0.8660254037844386,0.5000000000000001,-0.8660254037844386,0.5000000000000001,0.43388373911755823,-0.900968867902419
0.37141466919328675,-0.9307434603453393,-0.6398581040737229,-0.6371874703765118,-1.5531963855206425,-1.499447077243431,-0.6369623325147594,-0.6841423458248278,0.3996790278409051,-0.6826680894736445,-0.6525136639846563,1.233741089031992,-0.6505684099646967,0.0,0.0,0.0,0.0,-0.7994564598334941,0.0,0.5344849354558141,-1.3381483608752753,-0.6829968743182837,-0.651087827846492,0.8660254037844386,0.5000000000000001,-0.7071067811865477,0.7071067811865474,0.43388373911755823,-0.900968867902419
0.26373774779234876,-1.0886550297950905,-0.350189796416651,-0.7954049568793099,-1.3374433899603722,-1.769090044751663,-1.337940979855123,-0.6841423458248278,1.173157346623715,-0.6826680894736445,-0.6525136639846563,1.855295468601878,-0.6505684099646967,0.0,0.0,0.0,0.0,-0.7994564598334941,0.0,0.49416994894988686,-1.446021416016332,-0.6829968743182837,-0.651087827846492,0.8660254037844386,0.5000000000000001,-0.5000000000000004,0.8660254037844384,0.43388373911755823,-0.900968867902419
0.25347517665766567,-1.2202480043365496,0.22914681889749292,-0.9272528622983084,-1.2295668921802367,-2.092661605761542,-1.1222552422119343,-0.6841423458248278,1.6875204286142838,-0.6826680894736445,-0.6525136639846563,2.0602035058227197,-0.6505684099646967,0.0,0.0,0.0,0.0,-0.7994564598334941,0.0,0.43357648837772345,-1.3381483608752753,-0.6829968743182837,-0.651087827846492,0.8660254037844386,0.5000000000000001,-0.25881904510252157,0.9659258262890681,0.43388373911755823,-0.900968867902419
0.25721353271210134,-1.2202480043365496,0.38714771398316894,-0.7954049568793099,-1.4453198877405073,-2.3623045732697743,-1.0144123733903398,-0.6841423458248278,2.0510552384422045,-0.6826680894736445,-0.6525136639846563,2.244620739321477,-0.6505684099646967,0.0,0.0,0.0,0.0,-0.9310122059382657,0.0,0.42402996513427205,-1.0145291954521052,-0.6829968743182837,-0.651087827846492,0.8660254037844386,0.5000000000000001,-2.4492935982947064e-16,1.0,0.43388373911755823,-0.900968867902419
0.18310161672512068,-1.3781595737863004,0.6768160216402405,-0.9272528622983084,-1.3374433899603722,-2.5240903537747137,-1.0144123733903398,-0.6493762675041241,1.9659726233760952,-0.6826680894736445,-0.6183887262433154,2.036297568146955,-0.6505684099646967,0.0,0.0,0.0,0.0,-0.9310122059382657,0.0,0.4206289291553873,-1.446021416016332,-0.6829968743182837,-0.651087827846492,0.8660254037844386,0.5000000000000001,0.25881904510252074,0.9659258262890683,-0.433883739117558,-0.9009688679024191
0.17581370160214702,-1.2202480043365496,0.6768160216402405,-1.6656011326447004,-1.2295668921802367,-1.769090044751663,-0.15166942281758458,-0.32489286984422394,1.788072610056049,-0.6826680894736445,0.29615960522461676,2.0772791755911233,-0.6505684099646967,0.0,0.0,0.0,0.0,-0.9310122059382657,0.0,0.40929775964738746,-1.5538944711573888,-0.6829968743182837,-0.651087827846492,0.8660254037844386,0.5000000000000001,0.49999999999999994,0.8660254037844387,-0.433883739117558,-0.9009688679024191
0.17569357117080459,-0.6412389163541294,0.38714771398316894,-1.8238186191474985,-1.4992581366305748,-1.7151614512500166,0.1179377492364014,0.397468979708173,1.2775769196593945,-0.6826680894736445,1.2311828993373535,1.756256583945138,-0.6505684099646967,0.0,0.0,0.0,0.0,-0.9310122059382657,0.0,0.41737986187801857,-1.5538944711573888,-0.6829968743182837,-0.651087827846492,0.8660254037844386,0.5000000000000001,0.7071067811865476,0.7071067811865476,-0.433883739117558,-0.9009688679024191
0.17497852052047397,-0.3517343723629195,-0.06052148875957856,-1.6656011326447004,-1.768949381080913,-0.8523039552236732,-0.15166942281758458,1.1700484979460308,0.5891812159426936,-0.6826680894736445,1.8522567662297553,1.0356633197185119,-0.6505684099646967,0.0,0.8787878787878787,0.0,0.0,-1.088879101263992,0.0,0.41298752079325707,-1.3381483608752753,-0.6829968743182837,-0.651087827846492,0.8660254037844386,0.5000000000000001,0.8660254037844386,0.5000000000000001,-0.433883739117558,-0.9009688679024191
0.1744808373049124,0.22727471561950033,-0.1921889013309754,-1.8238186191474985,-2.0925788744213185,-0.9601611422269661,-0.04382655399599019,1.6838138775742062,-0.10694927096183547,-0.6826680894736445,2.0570063926778,0.7078104601651652,-0.6505684099646967,0.0,0.8787878787878787,0.0,0.0,-1.2204348473687636,0.0,0.4601131841581515,-1.2302753057342186,-0.6829968743182837,-0.651087827846492,0.8660254037844386,0.5000000000000001,0.9659258262890683,0.25881904510252074,-0.433883739117558,-0.9009688679024191
0.2790858416646281,0.3851862850692516,-0.5081906915023265,-1.955666524566497,-2.3622701188716566,-0.7444467682203804,0.1179377492364014,2.046926251145999,-0.5865058286071777,-0.6826680894736445,2.2412810564810397,-0.4909015575767581,-0.6505684099646967,0.0,0.8787878787878787,0.0,0.0,-1.2204348473687636,0.0,0.5100116232751718,-1.446021416016332,-0.6829968743182837,-0.651087827846492,0.8660254037844386,0.5000000000000001,1.0,6.123233995736766e-17,-0.433883739117558,-0.9009688679024191
0.32074250343320077,0.6746908290604611,-0.5081906915023265,-1.6656011326447004,-2.5240848655418597,0.010553540802670241,-0.15166942281758458,1.9619425041398348,-0.6831906184550289,-0.6400644952321932,2.033118936258861,-0.6514128533997506,-0.5514937526413116,0.0,0.8787878787878787,0.0,0.0,-1.3783017426944895,0.023920659872564823,0.5344565597697205,-1.3381483608752753,-0.6481511645308183,-0.6169031998657101,0.8660254037844386,0.5000000000000001,0.9659258262890683,-0.25881904510252063,-0.433883739117558,-0.9009688679024191
0.3652708213816499,0.6746908290604611,-0.5081906915023265,-1.3755357407229036,-1.768949381080913,0.010553540802670241,-0.3134337260499762,1.7842492149451277,-0.6831906184550289,-0.2411399309713313,2.0740688615484704,-0.6514128533997506,0.8423841848738987,0.0,0.8787878787878787,0.0,0.0,-1.2204348473687636,0.11188659953031375,0.5390242769360425,-1.2302753057342186,-0.32292453984780845,0.29924483001924423,0.8660254037844386,0.5000000000000001,0.8660254037844387,-0.4999999999999998,-0.433883739117558,-0.9009688679024191
0.5491561887865489,0.3851862850692516,-0.6398581040737229,-0.7954049568793099,-1.7150111321908454,-0.6365895812170874,-0.9065695045687454,1.2743467329081415,-0.6831906184550289,0.5334708734186919,1.753294446779867,-0.6514128533997506,1.7648034082295523,0.0,0.0,0.0,0.0,-0.6415895645077683,0.31709427029183385,0.5398446620699079,-1.4999579435868604,0.4010918746250826,1.2359036366926677,0.8660254037844386,0.5000000000000001,0.7071067811865476,-0.7071067811865475,-0.433883739117558,-0.9009688679024191
0.2904181502643294,-0.06222982837170911,-0.7978589991593985,-0.05705668653291797,-0.8519991499497634,-1.3376612967384915,-1.6614695863199063,0.5867509616764481,-0.6831906184550289,1.2654780835672639,1.033258260437577,-0.6514128533997506,2.1679347725109124,0.8787878787878787,0.0,0.0,0.0,-0.3521669230772707,0.5464388068896399,0.5321430706190411,-1.769640581439502,1.1754409810132014,1.8580638659428979,0.8660254037844386,0.5000000000000001,0.49999999999999994,-0.8660254037844387,-0.433883739117558,-0.9009688679024191
0.18373659529451447,-0.19382280291316867,-0.9295264117307949,0.39122619189167684,-0.9598756477298988,-1.1219469227319057,-1.877155323963095,-0.10857060473762377,-0.6831906184550289,1.8115787006622304,0.7056588581207058,-0.6514128533997506,2.3660840871576823,0.8787878787878787,0.0,0.0,0.0,0.22667835978372425,0.6016697554753445,0.5226969891092169,-2.093259746862672,1.6903831367613005,2.063171633827589,0.8660254037844386,0.5000000000000001,0.258819045102521,-0.9659258262890682,-0.433883739117558,-0.9009688679024191
0.11011380923638384,-0.5096459418126703,-0.7978589991593985,0.5230740973106753,-0.7441226521696283,-1.0140897357286127,-1.1761766766227313,-0.5875699060450955,-0.6831906184550289,2.074946374154838,-0.49212645660035464,-0.6514128533997506,2.4002477620967806,0.8787878787878787,0.0,0.0,0.0,0.3845452551094506,0.5198572240231403,0.5102337116775217,-2.3629423847153137,2.054327216763716,2.247768624923811,0.8660254037844386,0.5000000000000001,1.2246467991473532e-16,-1.0,-0.433883739117558,-0.9009688679024191
0.10903835699513176,-0.5096459418126703,-0.9295264117307949,0.5230740973106753,0.01101283229131838,-1.0140897357286127,-1.4457838486767174,-0.6841423458248278,-0.6831906184550289,2.1252960764401894,-0.6525136639846563,-0.6514128533997506,2.4275787020480593,0.8787878787878787,0.0,0.0,0.0,0.6739678965399476,0.5004047009922505,0.49939650447401074,-2.524751967426899,1.9691488150610232,2.039242394241042,0.8660254037844386,0.5000000000000001,-0.2588190451025208,-0.9659258262890683,-0.433883739117558,-0.9009688679024191
0.10971908809737686,-0.5096459418126703,-1.6668639221306147,0.5230740973106753,0.01101283229131838,-0.15123223970226915,-1.068333807801137,-0.6841423458248278,-0.6831906184550289,1.8890397811012327,-0.6525136639846563,-0.6514128533997506,2.3592513521698626,0.8787878787878787,0.0,0.0,0.0,0.6739678965399476,0.5799554544188911,0.4884987556442133,-1.769640581439502,1.791048520591756,2.08026394781798,0.8660254037844386,0.5000000000000001,-0.4999999999999997,-0.8660254037844388,-0.433883739117558,-0.9009688679024191
0.13334474531522103,-0.6412389163541294,-1.8248648172162902,0.39122619189167684,-0.6362461543894931,0.11841072780596318,-0.47519802928236776,-0.6841423458248278,-0.6831906184550289,1.2616050295453138,-0.6525136639846563,-0.6514128533997506,1.7477215707600031,0.0,0.0,0.0,0.0,0.3845452551094506,0.4593986370498663,0.4817539472551311,-1.7157040538689736,1.2799781103755974,1.7589284447986304,0.8660254037844386,0.5000000000000001,-0.7071067811865471,-0.7071067811865479,-0.433883739117558,-0.9009688679024191
0.23946567902034502,-0.7991504858038802,-1.6668639221306147,0.23300870538887822,-1.3374433899603722,-0.15123223970226915,-0.2055908572283818,-0.6841423458248278,-0.6831906184550289,0.4211523067821386,-0.6525136639846563,-0.6514128533997506,0.16935978857366232,0.0,0.0,0.8787878787878787,0.8787878787878787,-0.06274428164677277,0.21209282966380308,0.49027725555076307,-0.8527196127405202,0.5908074056901716,1.0376327944041328,0.8660254037844386,0.5000000000000001,-0.8660254037844385,-0.5000000000000004,-0.433883739117558,-0.9009688679024191
0.1998111968279764,-0.9307434603453393,-1.8248648172162902,0.1011607999698797,-1.1216903944001015,-0.04337505269897623,-0.3673551604607734,-0.6841423458248278,-0.6831906184550289,-0.13656747237867814,-0.6525136639846563,-0.6514128533997506,0.2479362409335884,0.0,0.0,0.8787878787878787,0.8787878787878787,-0.19430002775154487,0.009318801936050803,0.5150023635307486,-0.9605926678815769,-0.1061067900591352,0.7094603657886267,0.8660254037844386,0.5000000000000001,-0.9659258262890683,-0.25881904510252063,-0.433883739117558,-0.9009688679024191
0.31486755901137886,-0.7991504858038802,-1.9565322297876868,-0.18890459195191697,-1.0138138966199663,0.11841072780596318,-0.3673551604607734,-0.6841423458248278,-0.6831906184550289,-0.5703495228370912,-0.6525136639846563,-0.6514128533997506,-0.3704262754640906,0.0,0.0,0.8787878787878787,0.8787878787878787,-0.5100338184029966,0.0,0.5402366972709197,-0.7448465575994635,-0.5862032360197689,-0.4904200763368171,0.8660254037844386,0.5000000000000001,-1.0,-1.8369701987210297e-16,-0.433883739117558,-0.9009688679024191
0.3220639313133716,-0.9307434603453393,-1.6668639221306147,-0.05705668653291797,-1.0138138966199663,-0.15123223970226915,-1.5536267174983118,-0.6841423458248278,-0.6406493109219744,-0.6826680894736445,-0.6525136639846563,-0.5523739687430106,-0.6505684099646967,0.0,0.0,0.8787878787878787,0.8787878787878787,-0.5100338184029966,0.0,0.5455648725806205,0.010264828387933323,-0.6829968743182837,-0.651087827846492,0.8660254037844386,0.5000000000000001,-0.9659258262890684,0.2588190451025203,-0.433883739117558,-0.9009688679024191
0.30667579625217684,-1.6676641177775104,-1.3771956144735429,-0.18890459195191697,-0.15080191437888446,-0.3130180202072086,-0.529119463693165,-0.6841423458248278,-0.24230797674882723,-0.6826680894736445,-0.6525136639846563,0.8410006843587123,-0.6505684099646967,0.0,0.0,0.8787878787878787,0.8787878787878787,-0.5100338184029966,0.0,0.5375307119423787,0.010264828387933323,-0.6829968743182837,-0.651087827846492,0.8660254037844386,0.5000000000000001,-0.8660254037844386,0.5000000000000001,-0.433883739117558,-0.9009688679024191
0.36710140321742646,-1.8255756872272613,-0.7978589991593985,-0.3471220784547151,0.11888933007145361,-0.9062325487253197,-0.3673551604607734,-0.6841423458248278,0.5311703420339828,-0.6826680894736445,-0.6525136639846563,1.7630868518524996,-0.6505684099646967,0.0,0.0,0.0,0.0,-0.6415895645077683,0.0,0.5235365303921781,-0.6369735024584068,-0.6829968743182837,-0.651087827846492,0.8660254037844386,0.5000000000000001,-0.7071067811865477,0.7071067811865474,-0.433883739117558,-0.9009688679024191
0.37797035844654586,-1.6676641177775104,-0.06052148875957856,-0.5053395649575132,-0.15080191437888446,-1.6612328577483704,-0.529119463693165,-0.6841423458248278,1.2621073532837381,-0.6826680894736445,-0.6525136639846563,2.1660726583868213,-0.6505684099646967,0.0,0.0,0.0,0.0,-0.7994564598334941,0.0,0.45817708138858726,-1.3381483608752753,-0.6829968743182837,-0.651087827846492,0.8660254037844386,0.5000000000000001,-0.5000000000000004,0.8660254037844384,-0.433883739117558,-0.9009688679024191
0.3934557202142731,-1.8255756872272613,0.38714771398316894,-0.6371874703765118,-0.04292541659874924,-1.876947231754956,-1.1222552422119343,-0.6841423458248278,1.8074095680256193,-0.6826680894736445,-0.6525136639846563,2.3641504277003014,-0.6505684099646967,0.0,0.0,0.0,0.0,-0.9310122059382657,0.0,0.404251804609123,-1.122402250593162,-0.6829968743182837,-0.651087827846492,0.8660254037844386,0.5000000000000001,-0.25881904510252157,0.9659258262890681,-0.433883739117558,-0.9009688679024191
0.39517760117117495,-1.9571686617687203,0.5188151265545653,-1.085470348801107,0.11888933007145361,-1.1758755162335521,0.4414663557011846,-0.6841423458248278,2.070392196411775,-0.6826680894736445,-0.6525136639846563,2.3983017672371085,-0.6505684099646967,0.0,0.0,0.0,0.0,-0.7994564598334941,0.0,0.3856113861691681,-1.0145291954521052,-0.6829968743182837,-0.651087827846492,0.8660254037844386,0.5000000000000001,-2.4492935982947064e-16,1.0,-0.433883739117558,-0.9009688679024191
0.2520965460983876,-1.6676641177775104,0.5188151265545653,-1.2173182542201055,-0.15080191437888446,-1.4455184837417845,-0.4212765948715706,-0.6416504723217455,2.1206682871326574,-0.6826680894736445,-0.5535513445347681,2.425622838866554,-0.6505684099646967,0.0,0.0,0.0,0.0,-0.9310122059382657,0.0,0.390232935187628,-1.0145291954521052,-0.6829968743182837,-0.651087827846492,0.8660254037844386,0.5000000000000001,0.25881904510252074,0.9659258262890683,-0.9749279121818236,-0.2225209339563146
0.14372744688124658,-1.3781595737863004,0.5188151265545653,-1.3755357407229036,-0.3126166610490873,-1.0680183292302592,-0.5830408981039622,-0.24377202042924886,1.8847573999039002,-0.6826680894736445,0.8387461153119348,2.3573201597929403,-0.6505684099646967,0.0,0.0,0.0,0.0,-1.6677243841249871,0.0,0.38777034563583224,-0.15154475432365172,-0.6829968743182837,-0.651087827846492,0.8660254037844386,0.5000000000000001,0.49999999999999994,0.8660254037844387,-0.9749279121818236,-0.2225209339563146
0.14213142829341124,-0.7991504858038802,0.38714771398316894,-1.5073836461419021,-0.9059373988398312,-0.47480380071214795,-0.798726635747151,0.5288074978086088,1.258239961689824,-0.6826680894736445,1.7601194343281352,1.746011182084096,-0.6505684099646967,0.0,0.0,0.0,0.0,-1.825591279450713,0.0,0.3769351359986707,0.11813788352899002,-0.6829968743182837,-0.651087827846492,0.8660254037844386,0.5000000000000001,0.7071067811865476,0.7071067811865476,-0.9749279121818236,-0.2225209339563146
0.14183968296015104,-0.06222982837170911,0.22914681889749292,-1.6656011326447004,-1.6610728833007777,-0.20516083320391562,-0.798726635747151,1.2588951425433843,0.41901598581047533,-0.6826680894736445,2.162793699675956,0.16821929548361572,-0.6505684099646967,0.0,0.8787878787878787,0.0,0.0,-1.6677243841249871,0.0,0.38432771930115694,-0.15154475432365172,-0.6829968743182837,-0.651087827846492,0.8660254037844386,0.5000000000000001,0.8660254037844386,0.5000000000000001,-0.9749279121818236,-0.2225209339563146
0.14221723574437015,0.3851862850692516,0.09747940632609654,-1.6656011326447004,-1.8768258788610481,-0.366946613708855,-0.798726635747151,1.803563702901074,-0.13788840371314787,-0.6826680894736445,2.3607183385757327,0.24676737641827165,-0.6505684099646967,0.0,0.8787878787878787,0.0,0.0,-1.825591279450713,0.0,0.4449713239106591,-0.043671699182595024,-0.6829968743182837,-0.651087827846492,0.8660254037844386,0.5000000000000001,0.9659258262890683,0.25881904510252074,-0.9749279121818236,-0.2225209339563146
0.2510668498222849,0.5167792596107107,-0.1921889013309754,-1.6656011326447004,-1.1756286432901693,-0.366946613708855,-0.9604909389795426,2.0662407391019455,-0.5710362622315215,-0.6826680894736445,2.394843276317073,-0.3713718691979338,-0.6505684099646967,0.0,0.8787878787878787,0.0,0.0,-1.9571470255554846,0.0,0.49441206423538253,0.11813788352899002,-0.6829968743182837,-0.651087827846492,0.8660254037844386,0.5000000000000001,1.0,6.123233995736766e-17,-0.9749279121818236,-0.2225209339563146
0.30899259742806684,0.5167792596107107,-0.06052148875957856,-1.8238186191474985,-1.4453198877405073,-1.5533756707450774,-0.6908837669255565,2.1164584077874062,-0.6831906184550289,-0.6361914412102432,2.422143226510146,-0.6514128533997506,-0.5754083250986803,0.0,0.8787878787878787,0.0,0.0,-1.6677243841249871,0.06425039764952517,0.5429413508885609,-0.15154475432365172,-0.6404076734669372,-0.5519524067022246,0.8660254037844386,0.5000000000000001,0.9659258262890683,-0.25881904510252063,-0.9749279121818236,-0.2225209339563146
0.1411818212597355,0.5167792596107107,-0.1921889013309754,-1.085470348801107,-1.067752145510034,-0.5287323942137945,-1.2300981110335285,1.8808216547248597,-0.6831906184550289,-0.2411399309713313,2.353893351027464,-0.6514128533997506,0.7364767925626939,0.0,0.8787878787878787,0.0,0.0,-1.3783017426944895,0.11061157453885002,0.514103458673451,-0.31335433703523674,-0.241617883677056,0.8427804149136761,0.8660254037844386,0.5000000000000001,0.8660254037844387,-0.4999999999999998,-0.9749279121818236,-0.2225209339563146
0.10763111479940597,0.3851862850692516,-0.350189796416651,-0.3471220784547151,-0.47443140771929015,-0.366946613708855,-1.4997052830875146,1.2550322449521951,-0.6831906184550289,0.5295978193967419,1.7430569654574648,-0.6514128533997506,1.6554796484244378,0.0,0.0,0.0,0.0,-0.7994564598334941,0.07919041281470299,0.5095035755669362,-0.9066561403110486,0.5327312227110628,1.7657653703947869,0.8660254037844386,0.5000000000000001,0.7071067811865476,-0.7071067811865475,-0.9749279121818236,-0.2225209339563146
0.17728389214389625,0.22727471561950033,-0.5081906915023265,0.23300870538887822,-0.20474016326895209,-0.5287323942137945,-1.9849981927846894,0.41678346766411944,-0.6831906184550289,1.2693511375892141,0.16648484180752188,-0.6514128533997506,2.089358320150986,0.8787878787878787,0.0,0.0,0.0,-0.06274428164677277,0.103715332859049,0.5065748359805952,-1.6617675262984453,1.264491128247835,2.169143980568013,0.8660254037844386,0.5000000000000001,0.49999999999999994,-0.8660254037844387,-0.9749279121818236,-0.2225209339563146
0.18758077252977076,0.09568174107804124,-0.6398581040737229,0.5230740973106753,-0.36655490993915496,-1.1219469227319057,-1.877155323963095,-0.13947378546713807,-0.6831906184550289,1.8077056466402803,0.24497219861260564,-0.6514128533997506,2.2772585323160266,0.8787878787878787,0.0,0.0,0.0,0.3845452551094506,0.06759318819764289,0.4820646456519613,-1.8775136365805587,1.8104072482514588,2.367414822856548,0.8660254037844386,0.5000000000000001,0.258819045102521,-0.9659258262890682,-0.9749279121818236,-0.2225209339563146
0.1850122775064301,-0.19382280291316867,-1.0875273068164708,0.8131394892324716,-0.36655490993915496,0.441982288815842,-1.9849981927846894,-0.5721183156803384,-0.6831906184550289,2.0981846982865386,-0.372689174505662,-0.6514128533997506,2.352418617182043,0.8787878787878787,0.0,0.0,0.0,0.5161010012142222,0.029347849456872056,0.46922669648060034,-1.1763387781636903,2.0736859444234192,2.4015994508373297,0.8660254037844386,0.5000000000000001,1.2246467991473532e-16,-1.0,-0.9749279121818236,-0.2225209339563146
0.1835020629372556,-0.06222982837170911,-1.2191947193878672,0.8131394892324716,-1.5531963855206425,-0.4208752072105015,-1.9310767583738921,-0.6841423458248278,-0.6831906184550289,2.14078829252799,-0.6525136639846563,-0.6514128533997506,2.369500454651592,0.8787878787878787,0.0,0.0,0.0,0.5161010012142222,0.017395836260357407,0.46588763627820196,-1.446021416016332,2.124018636338647,2.428947153221955,0.8660254037844386,0.5000000000000001,-0.2588190451025208,-0.9659258262890683,-0.9749279121818236,-0.2225209339563146
0.18510951450985672,-0.19382280291316867,-1.3771956144735429,0.8131394892324716,-0.5283696566093578,-0.582660987715441,-1.9849981927846894,-0.6841423458248278,-0.6831906184550289,1.9122781052329334,-0.6525136639846563,-0.6514128533997506,2.2396784898830187,0.8787878787878787,0.0,0.0,0.0,0.5161010012142222,0.019103267857401348,0.46366997909265095,-1.0684657230226335,1.8878421588902707,2.3605778972603915,0.8660254037844386,0.5000000000000001,-0.4999999999999997,-0.8660254037844388,-0.9749279121818236,-0.2225209339563146
0.3588066715170737,-0.3517343723629195,-1.5088630270449392,0.8131394892324716,-0.36655490993915496,-0.7983753617220268,-1.9849981927846894,-0.6841423458248278,-0.6831906184550289,1.3080816778087152,-0.6525136639846563,-0.6514128533997506,1.6042341360157903,0.0,0.0,0.0,0.0,0.3845452551094506,0.0,0.47473782838006007,-0.47516391974682176,1.2606193827158945,1.748673056404396,0.8660254037844386,0.5000000000000001,-0.7071067811865471,-0.7071067811865479,-0.9749279121818236,-0.2225209339563146
0.45177619582365813,-0.5096459418126703,-1.6668639221306147,0.681291583813473,-0.5283696566093578,-0.7983753617220268,-1.9310767583738921,-0.6841423458248278,-0.6831906184550289,0.5567091975503926,-0.6525136639846563,-0.6514128533997506,0.9312097397155541,0.0,0.0,0.8787878787878787,0.8787878787878787,0.22667835978372425,0.0,0.49543661089410185,-0.20548128189418005,0.4204506022847856,0.16934324369227308,0.8660254037844386,0.5000000000000001,-0.8660254037844385,-0.5000000000000004,-0.9749279121818236,-0.2225209339563146
0.4844955379177333,-0.6412389163541294,-1.6668639221306147,0.1011607999698797,-1.1216903944001015,-0.7983753617220268,-0.6369623325147594,-0.6841423458248278,-0.6831906184550289,-0.18304412064207953,-0.6525136639846563,-0.6514128533997506,0.07370149874418712,0.0,0.0,0.8787878787878787,0.8787878787878787,0.09512261367895261,0.00406900704061049,0.5251510249794646,-0.3672908646057651,-0.13708075431465996,0.2479678880480714,0.8660254037844386,0.5000000000000001,-0.9659258262890683,-0.25881904510252063,-0.9749279121818236,-0.2225209339563146
0.23828154649400646,-1.0886550297950905,-1.6668639221306147,-0.18890459195191697,0.44251882341185933,-0.9601611422269661,-0.529119463693165,-0.6841423458248278,-0.6831906184550289,-0.5780956308809914,-0.6525136639846563,-0.6514128533997506,-0.5275791801839428,0.0,0.0,0.8787878787878787,0.8787878787878787,-0.19430002775154487,0.0,0.5567974442623925,-0.3672908646057651,-0.5707162538920065,-0.37077387840408055,0.8660254037844386,0.5000000000000001,-1.0,-1.8369701987210297e-16,-0.9749279121818236,-0.2225209339563146
0.6401292826161434,-1.2202480043365496,-1.8248648172162902,-0.6371874703765118,-0.42049315882922256,-0.6905181747187339,0.1718591836471986,-0.6841423458248278,-0.6367819193280604,-0.6826680894736445,-0.6525136639846563,-0.5762799064187755,-0.6505684099646967,0.0,0.0,0.8787878787878787,0.8787878787878787,-0.06274428164677277,0.0,0.527144493757016,-1.5538944711573888,-0.6829968743182837,-0.651087827846492,0.8660254037844386,0.5000000000000001,-0.9659258262890684,0.2588190451025203,-0.9749279121818236,-0.2225209339563146
0.31438703728600914,-1.3781595737863004,-1.0875273068164708,-0.6371874703765118,-0.5823079054994255,-1.2298041097351986,0.3336234868795902,-0.6841423458248278,-0.24230797674882723,-0.6826680894736445,-0.6525136639846563,0.7351315317946108,-0.6505684099646967,0.0,0.0,0.8787878787878787,0.8787878787878787,-0.19430002775154487,0.0,0.5322407977112191,-0.5291004473173502,-0.6829968743182837,-0.651087827846492,0.8660254037844386,0.5000000000000001,-0.8660254037844386,0.5000000000000001,-0.9749279121818236,-0.2225209339563146
0.6222155528247895,-1.5097525483277596,-0.350189796416651,-0.6371874703765118,-0.7980609010596958,-1.499447077243431,0.4414663557011846,-0.6841423458248278,0.5273029504400687,-0.6826680894736445,-0.6525136639846563,1.6538025653347173,-0.6505684099646967,0.0,0.0,0.0,0.0,-0.3521669230772707,0.0,0.46360600574981536,-0.3672908646057651,-0.6829968743182837,-0.651087827846492,0.8660254037844386,0.5000000000000001,-0.7071067811865477,0.7071067811865474,-0.9749279121818236,-0.2225209339563146
0.9300440683635699,-1.6676641177775104,0.22914681889749292,-0.7954049568793099,-0.7980609010596958,-1.984804418758249,0.4414663557011846,-0.6841423458248278,1.2659747448776522,-0.6826680894736445,-0.6525136639846563,2.0875245774521654,-0.6505684099646967,0.0,0.0,0.0,0.0,-0.5100338184029966,0.0,0.35572702528514355,-0.5291004473173502,-0.6829968743182837,-0.651087827846492,0.8660254037844386,0.5000000000000001,-0.5000000000000004,0.8660254037844384,-0.9749279121818236,-0.2225209339563146
0.20192779205928918,-1.6676641177775104,0.5188151265545653,-0.9272528622983084,-0.7980609010596958,-1.876947231754956,0.6032306589335762,-0.6841423458248278,1.8035421764317052,-0.6826680894736445,-0.6525136639846563,2.2753569449046034,-0.6505684099646967,0.0,0.0,0.0,0.0,-0.6415895645077683,0.0,0.3435871999431256,-1.122402250593162,-0.6829968743182837,-0.651087827846492,0.8660254037844386,0.5000000000000001,-0.25881904510252157,0.9659258262890681,-0.9749279121818236,-0.2225209339563146
0.1445225970708983,-1.6676641177775104,0.8084834342116368,-0.7954049568793099,-0.9598756477298988,-1.984804418758249,-0.259512291639179,-0.6841423458248278,2.093596545975259,-0.6826680894736445,-0.6525136639846563,2.3504898918855788,-0.6505684099646967,0.0,0.0,0.0,0.0,-1.088879101263992,0.0,0.24755801355241203,0.44175704895216006,-0.6829968743182837,-0.651087827846492,0.8660254037844386,0.5000000000000001,-2.4492935982947064e-16,1.0,-0.9749279121818236,-0.2225209339563146
0.15866938662975313,-1.8255756872272613,0.8084834342116368,-1.5073836461419021,-0.6901844032795607,-1.9308758252566025,0.4414663557011846,-0.6377875747305563,2.1361378535083135,-0.6826680894736445,-0.5774388009537066,2.3675655616539824,-0.6505684099646967,0.0,0.0,0.0,0.0,-1.2204348473687636,0.0,0.25008828987166754,-0.42122739217629346,-0.6829968743182837,-0.651087827846492,0.8660254037844386,0.5000000000000001,0.25881904510252074,0.9659258262890683,-0.7818314824680299,0.6234898018587334
0.22088550678347957,-1.0886550297950905,0.8084834342116368,-1.5073836461419021,-1.2295668921802367,-1.984804418758249,-0.3134337260499762,-0.24377202042924886,1.9079617494673846,-0.6826680894736445,0.7329588083137784,2.2377904714141157,-0.6505684099646967,0.0,0.0,0.0,0.0,-1.3783017426944895,0.0,0.2553011953590695,-0.5830369748878784,-0.6829968743182837,-0.651087827846492,0.8660254037844386,0.5000000000000001,0.49999999999999994,0.8660254037844387,-0.7818314824680299,0.6234898018587334
0.2194382096696462,-0.3517343723629195,0.8084834342116368,-1.5073836461419021,-1.4992581366305748,-1.984804418758249,-0.3134337260499762,0.5249446002174195,1.3046486608167926,-0.6826680894736445,1.6509196335558447,1.602575556029507,-0.6505684099646967,0.0,0.0,0.0,0.0,-1.509857488799261,0.0,0.23920836548006608,-0.7987830851699919,-0.6829968743182837,-0.651087827846492,0.8660254037844386,0.5000000000000001,0.7071067811865476,0.7071067811865476,-0.7818314824680299,0.6234898018587334
0.4916423375391579,0.22727471561950033,0.6768160216402405,-1.6656011326447004,-1.9847023766411835,-1.9308758252566025,-0.15166942281758458,1.2627580401345737,0.5543746915974671,-0.6826680894736445,2.0843063428708724,0.9297941671544103,-0.6505684099646967,0.0,0.8787878787878787,0.0,0.0,-1.6677243841249871,0.0,0.27060075578691123,-0.7987830851699919,-0.6829968743182837,-0.651087827846492,0.8660254037844386,0.5000000000000001,0.8660254037844386,0.5000000000000001,-0.7818314824680299,0.6234898018587334
0.24486010858139318,0.5167792596107107,0.09747940632609654,-1.8238186191474985,-1.8768258788610481,-0.6365895812170874,-0.15166942281758458,1.7997008053098849,-0.18429710284011647,-0.6826680894736445,2.2719935004482466,0.0725955447805563,-0.6505684099646967,0.0,0.8787878787878787,0.0,0.0,-1.6677243841249871,0.0,0.2642758768202247,-0.7987830851699919,-0.6829968743182837,-0.651087827846492,0.8660254037844386,0.5000000000000001,0.9659258262890683,0.25881904510252074,-0.7818314824680299,0.6234898018587334
0.3343687094839821,0.8062838036019201,-0.1921889013309754,-1.8238186191474985,-1.9847023766411835,-0.5287323942137945,-0.3134337260499762,2.089418124649081,-0.5787710454193495,-0.6826680894736445,2.3470683634791962,-0.5284680310672457,-0.6505684099646967,0.0,0.8787878787878787,0.0,0.0,-1.6677243841249871,0.0,0.27174539203699366,-0.9605926678815769,-0.6829968743182837,-0.651087827846492,0.8660254037844386,0.5000000000000001,1.0,6.123233995736766e-17,-0.7818314824680299,0.6234898018587334
0.5568274092252541,0.8062838036019201,-0.6398581040737229,-1.8238186191474985,-1.9307641277511158,0.17233932130760965,-0.47519802928236776,2.1319099981521634,-0.6831906184550289,-0.6245722791443928,2.3641308323498667,-0.6514128533997506,-0.4797500352692052,0.0,0.8787878787878787,0.0,0.0,-1.825591279450713,0.005116748479650477,0.3058147056429763,-0.6909100300289351,-0.6365359279349966,-0.5758816462887718,0.8660254037844386,0.5000000000000001,0.9659258262890683,-0.25881904510252063,-0.7818314824680299,0.6234898018587334
0.15690174627540396,0.8062838036019201,-0.6398581040737229,-1.2173182542201055,-1.9847023766411835,0.33412510181254906,-0.3134337260499762,1.9039990402719955,-0.6831906184550289,-0.2140285528176805,2.2344560689327717,-0.6514128533997506,0.992704354605931,0.0,0.8787878787878787,0.0,0.0,-1.088879101263992,0.11147082906520006,0.358582264673751,-1.2302753057342186,-0.241617883677056,0.7368080681732522,0.8660254037844386,0.5000000000000001,0.8660254037844387,-0.4999999999999998,-0.7818314824680299,0.6234898018587334
0.39688801825262865,0.8062838036019201,-0.6398581040737229,-0.3471220784547151,-1.9847023766411835,0.441982288815842,-1.2840195454443257,1.3013870160464664,-0.6831906184550289,0.5915666837479437,1.5997322269438337,-0.6514128533997506,1.911707210467675,0.0,0.0,0.0,0.0,-0.3521669230772707,0.19126549672982227,0.32876341372206175,-1.4999579435868604,0.5288594771791222,1.6563745608562848,0.8660254037844386,0.5000000000000001,0.7071067811865476,-0.7071067811865475,-0.7818314824680299,0.6234898018587334
0.1453120256197201,0.6746908290604611,-0.7978589991593985,0.39122619189167684,-1.9307641277511158,0.441982288815842,-1.5536267174983118,0.5519848833557446,-0.6831906184550289,1.3042086237867652,0.9274709534394208,-0.6514128533997506,2.2430948573769283,0.8787878787878787,0.0,0.0,0.0,0.22667835978372425,0.338880642663792,0.2810714659068948,-1.9853866917216154,1.2683628737797756,2.0905193362122145,0.8660254037844386,0.5000000000000001,0.49999999999999994,-0.8660254037844387,-0.7818314824680299,0.6234898018587334
0.3150563216742963,0.09568174107804124,-0.9295264117307949,0.8131394892324716,-0.6362461543894931,0.6037680693207814,-1.7693124551415005,-0.18582855656140954,-0.6831906184550289,1.8541822949036817,0.07093501613176778,-0.6514128533997506,2.4412441720236986,0.8787878787878787,0.0,0.0,0.0,0.5161010012142222,0.5361942226292382,0.29094415588147293,-1.8775136365805587,1.8065355027195182,2.278534790106515,0.8660254037844386,0.5000000000000001,0.258819045102521,-0.9659258262890682,-0.7818314824680299,0.6234898018587334
0.3757736877019983,-0.19382280291316867,-0.7978589991593985,1.2614223676570673,-0.5283696566093578,-0.2590894267055621,-2.146762496017081,-0.5798441108627169,-0.6831906184550289,2.1640266166596906,-0.5296638881158295,-0.6514128533997506,2.5300697268653543,0.8787878787878787,0.0,0.0,0.0,0.8055236426447192,0.20990309634443433,0.29848589080472565,-1.9853866917216154,2.0969164176150628,2.353740971664235,0.8660254037844386,0.5000000000000001,1.2246467991473532e-16,-1.0,-0.7818314824680299,0.6234898018587334
0.8838624639345155,-0.6412389163541294,-1.5088630270449392,0.9713569757352701,0.17282757896152123,0.441982288815842,-1.4457838486767174,-0.6841423458248278,-0.6831906184550289,2.1717727247035907,-0.6525136639846563,-0.6514128533997506,2.5027387869140756,0.8787878787878787,0.0,0.0,0.0,0.8055236426447192,0.1535634309533115,0.30541775335556565,-1.931450164151087,2.1395056184664094,2.370833285654626,0.8660254037844386,0.5000000000000001,-0.2588190451025208,-0.9659258262890683,-0.7818314824680299,0.6234898018587334
0.6022996194311451,-0.6412389163541294,-1.5088630270449392,0.681291583813473,0.3346423256317241,-0.3130180202072086,-0.5830408981039622,-0.6841423458248278,-0.6831906184550289,1.931643375342684,-0.6525136639846563,-0.6514128533997506,2.434411437035879,0.8787878787878787,0.0,0.0,0.0,0.8055236426447192,0.2553883852278736,0.2963784070862999,-1.9853866917216154,1.9110726320819142,2.2409316993276547,0.8660254037844386,0.5000000000000001,-0.4999999999999997,-0.8660254037844388,-0.7818314824680299,0.6234898018587334
0.32073677492777475,-0.6412389163541294,-1.5088630270449392,0.5230740973106753,0.44251882341185933,-0.3130180202072086,-0.6908837669255565,-0.6841423458248278,-0.6831906184550289,1.4513846766208696,-0.6525136639846563,-0.6514128533997506,2.2875076347977563,0.0,0.0,0.0,0.0,0.8055236426447192,0.1406967253944777,0.26386555620416696,-1.9853866917216154,1.3070803290991815,1.605097618885112,0.8660254037844386,0.5000000000000001,-0.7071067811865471,-0.7071067811865479,-0.7818314824680299,0.6234898018587334
0.2648417945085584,-0.7991504858038802,-1.6668639221306147,0.5230740973106753,0.44251882341185933,-0.15123223970226915,-0.6908837669255565,-0.6841423458248278,-0.6831906184550289,0.7774732768015493,-0.6525136639846563,-0.6514128533997506,1.9971163978154207,0.0,0.0,0.8787878787878787,0.8787878787878787,0.6739678965399476,0.09480674882344275,0.24929996823869505,-1.931450164151087,0.5559616959027064,0.931660447663709,0.8660254037844386,0.5000000000000001,-0.8660254037844385,-0.5000000000000004,-0.7818314824680299,0.6234898018587334
0.26362332870494215,-0.9307434603453393,-1.8248648172162902,0.39122619189167684,0.6043335700820621,-0.15123223970226915,-0.7448052013363538,-0.6841423458248278,-0.6831906184550289,-0.004883635632374196,-0.6525136639846563,-0.6514128533997506,1.3514229414664631,0.0,0.0,0.8787878787878787,0.8787878787878787,0.09512261367895261,0.0,0.28296910271931774,-0.6369735024584068,-0.1835417006979471,0.07362628534608383,0.8660254037844386,0.5000000000000001,-0.9659258262890683,-0.25881904510252063,-0.7818314824680299,0.6234898018587334
0.1563554445581291,-0.7991504858038802,-1.8248648172162902,-0.3471220784547151,-0.2586784121590197,-0.3130180202072086,0.010094880414807005,-0.6841423458248278,-0.6831906184550289,-0.5548573067492907,-0.6525136639846563,-0.6514128533997506,-0.1996079007685992,0.0,0.0,0.8787878787878787,0.8787878787878787,-0.19430002775154487,0.0,0.3054375241404613,-0.5291004473173502,-0.5784597449558877,-0.5280231671156772,0.8660254037844386,0.5000000000000001,-1.0,-1.8369701987210297e-16,-0.7818314824680299,0.6234898018587334
0.408214601779202,-1.5097525483277596,-1.8248648172162902,-0.3471220784547151,0.44251882341185933,-0.47480380071214795,-0.529119463693165,-0.6841423458248278,-0.6251797445463182,-0.6826680894736445,-0.6525136639846563,-0.480656155715716,-0.6505684099646967,0.0,0.0,0.8787878787878787,0.8787878787878787,-0.6415895645077683,0.0,0.29316821552327244,0.17207441109951835,-0.6829968743182837,-0.651087827846492,0.8660254037844386,0.5000000000000001,-0.9659258262890684,0.2588190451025203,-0.7818314824680299,0.6234898018587334
0.29337564135354904,-1.5097525483277596,-1.2191947193878672,-0.3471220784547151,-0.3126166610490873,-0.3130180202072086,-0.529119463693165,-0.6841423458248278,-0.21523623559142888,-0.6826680894736445,-0.6525136639846563,0.9912665783206628,-0.6505684099646967,0.0,0.0,0.8787878787878787,0.8787878787878787,-0.6415895645077683,0.0,0.2947383538936691,0.3338839938111034,-0.6829968743182837,-0.651087827846492,0.8660254037844386,0.5000000000000001,-0.8660254037844386,0.5000000000000001,-0.7818314824680299,0.6234898018587334
0.3065785489518561,-1.5097525483277596,-0.350189796416651,-0.18890459195191697,-0.3126166610490873,-1.283732703236845,-0.6369623325147594,-0.6841423458248278,0.5891812159426936,-0.6826680894736445,-0.6525136639846563,1.9099376118607694,-0.6505684099646967,0.0,0.0,0.0,0.0,-0.6415895645077683,0.0,0.226722807500626,0.44175704895216006,-0.6829968743182837,-0.651087827846492,0.8660254037844386,0.5000000000000001,-0.7071067811865477,0.7071067811865474,-0.7818314824680299,0.6234898018587334
0.30580056025239616,-1.6676641177775104,0.38714771398316894,-0.5053395649575132,-0.15080191437888446,-1.5533756707450774,-0.259512291639179,-0.6841423458248278,1.3007812692228786,-0.6826680894736445,-0.6525136639846563,2.2412056053677967,-0.6505684099646967,0.0,0.0,0.0,0.0,-0.7994564598334941,0.0,0.2165110434431241,0.44175704895216006,-0.6829968743182837,-0.651087827846492,0.8660254037844386,0.5000000000000001,-0.5000000000000004,0.8660254037844384,-0.7818314824680299,0.6234898018587334
0.20507977431685223,-1.8255756872272613,0.8084834342116368,-0.6371874703765118,-0.15080191437888446,-1.769090044751663,-0.15166942281758458,-0.6841423458248278,1.8499508755586738,-0.6826680894736445,-0.6525136639846563,2.4392833746812768,-0.6505684099646967,0.0,0.0,0.0,0.0,-0.9310122059382657,0.0,0.17878559439148922,0.6035666316637451,-0.6829968743182837,-0.651087827846492,0.8660254037844386,0.5000000000000001,-0.25881904510252157,0.9659258262890681,-0.7818314824680299,0.6234898018587334
0.14402147812500035,-1.8255756872272613,1.2561526369543852,-0.7954049568793099,-0.3126166610490873,-2.1465901992631884,0.6032306589335762,-0.6841423458248278,2.1593422030717977,-0.6826680894736445,-0.6525136639846563,2.5280768574769747,-0.6505684099646967,0.0,0.0,0.0,0.0,-0.7994564598334941,0.0,0.15193706825996656,-0.2594178094647084,-0.6829968743182837,-0.651087827846492,0.8660254037844386,0.5000000000000001,-2.4492935982947064e-16,1.0,-0.7818314824680299,0.6234898018587334
0.1426519912076965,-1.8255756872272613,0.9664843292973129,-0.9272528622983084,-0.47443140771929015,-1.4455184837417845,-0.529119463693165,-0.6261988819569885,2.1670769862596257,-0.6826680894736445,-0.48188897527795244,2.500755785847529,-0.6505684099646967,0.0,0.0,0.0,0.0,-1.509857488799261,0.0,0.2308378454003499,0.44175704895216006,-0.6829968743182837,-0.651087827846492,0.8660254037844386,0.5000000000000001,0.25881904510252074,0.9659258262890683,-2.4492935982947064e-16,1.0
0.4253418033135767,-1.2202480043365496,0.6768160216402405,-1.085470348801107,-0.3126166610490873,-0.582660987715441,-0.4212765948715706,-0.21673173729092385,1.9272987074369547,-0.6826680894736445,0.9888958413738341,2.4324531067739152,-0.6505684099646967,0.0,0.0,0.0,0.0,-1.509857488799261,0.0,0.13213676035816257,-0.31335433703523674,-0.6829968743182837,-0.651087827846492,0.8660254037844386,0.5000000000000001,0.49999999999999994,0.8660254037844387,-2.4492935982947064e-16,1.0
0.13852180057690405,-0.3517343723629195,0.5188151265545653,-1.2173182542201055,-1.2835051410703044,-0.6905181747187339,-0.3134337260499762,0.5867509616764481,1.4477421497916125,-0.6826680894736445,1.9068566666159004,2.2856023467656454,-0.6505684099646967,0.0,0.0,0.0,0.0,-1.509857488799261,0.0,0.1461941981760989,-0.31335433703523674,-0.6829968743182837,-0.651087827846492,0.8660254037844386,0.5000000000000001,0.7071067811865476,0.7071067811865476,-2.4492935982947064e-16,1.0
0.42085119049807457,0.3851862850692516,0.5188151265545653,-1.3755357407229036,-1.5531963855206425,-0.6905181747187339,-0.4212765948715706,1.2975241184552773,0.774816012450568,-0.6826680894736445,2.2378685627069057,1.9953159607027866,-0.6505684099646967,0.0,0.8787878787878787,0.0,0.0,-1.6677243841249871,0.0,0.19602239466512517,-0.15154475432365172,-0.6829968743182837,-0.651087827846492,0.8660254037844386,0.5000000000000001,0.8660254037844386,0.5000000000000001,-2.4492935982947064e-16,1.0
0.1389679924572942,0.8062838036019201,0.38714771398316894,-1.5073836461419021,-1.768949381080913,-0.7444467682203804,-0.3134337260499762,1.8460555764041562,-0.006397089520070169,-0.6826680894736445,2.4357932016066823,1.3498556434571356,-0.6505684099646967,0.0,0.8787878787878787,0.0,0.0,-1.825591279450713,0.0,0.20095261378227558,-0.15154475432365172,-0.6829968743182837,-0.651087827846492,0.8660254037844386,0.5000000000000001,0.9659258262890683,0.25881904510252074,-2.4492935982947064e-16,1.0
0.42547332897440643,1.2536999170428818,-0.350189796416651,-1.6656011326447004,-2.146517123311386,0.010553540802670241,-0.15166942281758458,2.155087383699299,-0.5555666958558653,-0.6826680894736445,2.524518039734168,-0.20061517151389915,-0.6505684099646967,0.0,0.8787878787878787,0.0,0.0,-1.825591279450713,0.0,0.1995402319338434,-0.31335433703523674,-0.6829968743182837,-0.651087827846492,0.8660254037844386,0.5000000000000001,1.0,6.123233995736766e-17,-2.4492935982947064e-16,1.0
0.39014355260726,0.9641953730516715,-0.350189796416651,-1.6656011326447004,-1.4453198877405073,-0.5287323942137945,-0.04382655399599019,2.162813178881678,-0.6831906184550289,-0.632318387188293,2.4972180895410956,-0.6514128533997506,-0.5890737950743197,0.0,0.8787878787878787,0.0,0.0,-1.825591279450713,0.04190966288346144,0.18760922910482847,-0.47516391974682176,-0.6249206913391748,-0.48016468794258255,0.8660254037844386,0.5000000000000001,0.9659258262890683,-0.25881904510252063,-2.4492935982947064e-16,1.0
0.17420625346184393,0.6746908290604611,-0.350189796416651,-0.9272528622983084,-0.5823079054994255,-0.5287323942137945,-0.259512291639179,1.9233135282279419,-0.6831906184550289,-0.23339382292743105,2.428968214058414,-0.6514128533997506,0.596405725312391,0.0,0.8787878787878787,0.0,0.0,-1.2204348473687636,0.06596891202408717,0.19311580245543924,-0.31335433703523674,-0.21451566495347185,0.9931927780291164,0.8660254037844386,0.5000000000000001,0.8660254037844387,-0.4999999999999998,-2.4492935982947064e-16,1.0
0.476877724036505,0.5167792596107107,-0.1921889013309754,-0.05705668653291797,-0.6901844032795607,-0.6365895812170874,-0.8526480701579482,1.4443142269204703,-0.6831906184550289,0.5334708734186919,2.2822309817706485,-0.6514128533997506,1.5188249486680447,0.0,0.0,0.0,0.0,-0.3521669230772707,0.19413154557089102,0.18672640721762712,-1.284211833304747,0.5908074056901716,1.9127592707121488,0.8660254037844386,0.5000000000000001,0.7071067811865476,-0.7071067811865475,-2.4492935982947064e-16,1.0
0.33098218800456414,0.5167792596107107,-0.5081906915023265,0.8131394892324716,-0.6901844032795607,-0.2590894267055621,-1.7693124551415005,0.772170046053534,-0.6831906184550289,1.2654780835672639,1.9921690109692523,-0.6514128533997506,1.9458708854067732,0.8787878787878787,0.0,0.0,0.0,0.3845452551094506,0.18189126307794357,0.22649474688708726,-1.5538944711573888,1.303208583567241,2.244350162125733,0.8660254037844386,0.5000000000000001,0.49999999999999994,-0.8660254037844387,-2.4492935982947064e-16,1.0
0.48503516381532347,0.3851862850692516,-0.6398581040737229,1.1295744622380688,-0.7441226521696283,-0.15123223970226915,-1.9310767583738921,-0.008135267366702266,-0.6831906184550289,1.8154517546841804,1.347207687657912,-0.6514128533997506,2.1611020375230927,0.8787878787878787,0.0,0.0,0.0,0.8055236426447192,0.16201743484550848,0.24174716987104472,-1.769640581439502,1.8529964491028053,2.442621004414268,0.8660254037844386,0.5000000000000001,0.258819045102521,-0.9659258262890682,-2.4492935982947064e-16,1.0
0.18861047567046957,-0.3517343723629195,-0.7978589991593985,1.5514877595788634,0.01101283229131838,0.6037680693207814,-1.4997052830875146,-0.5566667253155813,-0.6831906184550289,2.0981846982865386,-0.20206448579895825,-0.6514128533997506,2.232845754895199,0.8787878787878787,0.0,0.0,0.0,1.2528131794009436,0.05228175097347499,0.23713499404853278,-2.1471962744332003,2.162736091658053,2.531501037164301,0.8660254037844386,0.5000000000000001,1.2246467991473532e-16,-1.0,-2.4492935982947064e-16,1.0
0.45178192776138215,-0.3517343723629195,-0.9295264117307949,1.1295744622380688,-0.5283696566093578,-0.5287323942137945,-0.3134337260499762,-0.6841423458248278,-0.6831906184550289,2.1136769143743392,-0.6525136639846563,-0.6514128533997506,2.2191802849195597,0.8787878787878787,0.0,0.0,0.0,0.9633905379704456,0.03365523413638102,0.20270898680003036,-1.446021416016332,2.170479582721934,2.504153334779675,0.8660254037844386,0.5000000000000001,-0.2588190451025208,-0.9659258262890683,-2.4492935982947064e-16,1.0
0.593512943317551,-0.3517343723629195,-1.0875273068164708,0.681291583813473,-0.5283696566093578,-0.4208752072105015,-0.09774798840678739,-0.6841423458248278,-0.6831906184550289,1.8774206190353824,-0.6525136639846563,-0.6514128533997506,2.1440202000535433,0.8787878787878787,0.0,0.0,0.0,0.6739678965399476,0.01776725831934748,0.1970597155045517,-0.5830369748878784,1.9304313597416172,2.4357840788181115,0.8660254037844386,0.5000000000000001,-0.4999999999999997,-0.8660254037844388,-2.4492935982947064e-16,1.0
0.6100537710550529,-0.19382280291316867,-1.2191947193878672,0.681291583813473,-0.6362461543894931,-0.3130180202072086,-0.3673551604607734,-0.6841423458248278,-0.6831906184550289,1.4049080283574682,-0.6525136639846563,-0.6514128533997506,1.9834509278397814,0.0,0.0,0.0,0.0,0.5161010012142222,0.011647117072873747,0.19938944128427727,-0.6909100300289351,1.4503349137809836,2.2887901785007494,0.8660254037844386,0.5000000000000001,-0.7071067811865471,-0.7071067811865479,-2.4492935982947064e-16,1.0
0.29000626763513065,-0.5096459418126703,-1.3771956144735429,0.681291583813473,-0.2586784121590197,-0.4208752072105015,-1.1222552422119343,-0.6841423458248278,-0.6831906184550289,0.7232505204942477,-0.6525136639846563,-0.6514128533997506,1.6418141784487985,0.0,0.0,0.8787878787878787,0.8787878787878787,0.5161010012142222,0.018244008009189367,0.21279167733956117,-0.6909100300289351,0.7766511912233202,1.9982208406641035,0.8660254037844386,0.5000000000000001,-0.8660254037844385,-0.5000000000000004,-2.4492935982947064e-16,1.0
0.5212115851395911,-0.6412389163541294,-1.5088630270449392,0.5230740973106753,-0.15080191437888446,-0.3130180202072086,-0.9604909389795426,-0.6841423458248278,-0.6831906184550289,-0.05136028389577559,-0.6525136639846563,-0.6514128533997506,0.9004624322703656,0.0,0.0,0.8787878787878787,0.8787878787878787,0.3845452551094506,0.0,0.24797939249090217,-0.7448465575994635,-0.005441406228679766,1.352131371827326,0.8660254037844386,0.5000000000000001,-0.9659258262890683,-0.25881904510252063,-2.4492935982947064e-16,1.0
0.4645729698919807,-0.7991504858038802,-1.6668639221306147,0.1011607999698797,0.6043335700820621,-0.15123223970226915,-0.6369623325147594,-0.6841423458248278,-0.6831906184550289,-0.566476468815141,-0.6525136639846563,-0.6514128533997506,-0.42850452286055773,0.0,0.0,0.8787878787878787,0.8787878787878787,-0.3521669230772707,0.0,0.2872902997102452,0.010264828387933323,-0.5552292717642441,-0.19985073850017118,0.8660254037844386,0.5000000000000001,-1.0,-1.8369701987210297e-16,-2.4492935982947064e-16,1.0
0.35228530524419815,-0.9307434603453393,-1.6668639221306147,-0.3471220784547151,-0.5283696566093578,-0.04337505269897623,0.3336234868795902,-0.6841423458248278,-0.6329145277341462,-0.6826680894736445,-0.6525136639846563,-0.5899404422334982,-0.6505684099646967,0.0,0.0,0.8787878787878787,0.8787878787878787,-0.3521669230772707,0.0,0.32606890159511814,-0.5291004473173502,-0.6829968743182837,-0.651087827846492,0.8660254037844386,0.5000000000000001,-0.9659258262890684,0.2588190451025203,-2.4492935982947064e-16,1.0
0.5860820180645111,-1.0886550297950905,-0.9295264117307949,-0.3471220784547151,-0.42049315882922256,-0.2590894267055621,0.6571520933443734,-0.6841423458248278,-0.23457319356099912,-0.6826680894736445,-0.6525136639846563,0.5951110396937024,-0.6505684099646967,0.0,0.0,0.8787878787878787,0.8787878787878787,-0.3521669230772707,0.0,0.29299217358626206,-0.5291004473173502,-0.6829968743182837,-0.651087827846492,0.8660254037844386,0.5000000000000001,-0.8660254037844386,0.5000000000000001,-2.4492935982947064e-16,1.0
0.3063039616764896,-1.2202480043365496,-0.06052148875957856,-0.3471220784547151,-0.3126166610490873,-0.8523039552236732,0.6571520933443734,-0.6841423458248278,0.5311703420339828,-0.6826680894736445,-0.6525136639846563,1.5171972071874895,-0.6505684099646967,0.0,0.0,0.0,0.0,-0.19430002775154487,0.0,0.27186294113371723,-0.6369735024584068,-0.6829968743182837,-0.651087827846492,0.8660254037844386,0.5000000000000001,-0.7071067811865477,0.7071067811865474,-2.4492935982947064e-16,1.0
0.4126136752060212,-1.3781595737863004,0.8084834342116368,-0.5053395649575132,-0.42049315882922256,-1.769090044751663,0.6571520933443734,-0.6841423458248278,1.2621073532837381,-0.6826680894736445,-0.6525136639846563,1.9440889513975763,-0.6505684099646967,0.0,0.0,0.0,0.0,-0.5100338184029966,0.0,0.186655928979243,-0.2594178094647084,-0.6829968743182837,-0.651087827846492,0.8660254037844386,0.5000000000000001,-0.5000000000000004,0.8660254037844384,-2.4492935982947064e-16,1.0
0.5634002256457246,-1.5097525483277596,1.1244852243829888,-0.6371874703765118,-0.3126166610490873,-1.9308758252566025,0.6032306589335762,-0.6841423458248278,1.8112769596195333,-0.6826680894736445,-0.6525136639846563,2.1592423904794598,-0.6505684099646967,0.0,0.0,0.0,0.0,-0.6415895645077683,0.0,0.15254651038731937,-0.15154475432365172,-0.6829968743182837,-0.651087827846492,0.8660254037844386,0.5000000000000001,-0.25881904510252157,0.9659258262890681,-2.4492935982947064e-16,1.0
0.27312508292725124,-1.6676641177775104,1.5458209446114568,-0.5053395649575132,-0.15080191437888446,-1.499447077243431,0.6571520933443734,-0.6841423458248278,2.093596545975259,-0.6826680894736445,-0.6525136639846563,2.2309602035067546,-0.6505684099646967,0.0,0.0,0.0,0.0,-0.7994564598334941,0.0,0.15797015912459877,0.6035666316637451,-0.6829968743182837,-0.651087827846492,0.8660254037844386,0.5000000000000001,-2.4492935982947064e-16,1.0,-2.4492935982947064e-16,1.0
0.35166179398255054,-1.6676641177775104,1.1244852243829888,-0.9272528622983084,-0.04292541659874924,-0.3130180202072086,0.7649949621659677,-0.633924677139367,2.109066112350915,-0.6826680894736445,-0.5910887760502429,2.2172996676920316,-0.6505684099646967,0.0,0.0,0.0,0.0,-0.9310122059382657,0.0,0.13704580527200777,-0.5291004473173502,-0.6829968743182837,-0.651087827846492,0.8660254037844386,0.5000000000000001,0.25881904510252074,0.9659258262890683,0.7818314824680298,0.6234898018587336
0.3665064486754579,-0.9307434603453393,0.6768160216402405,-1.085470348801107,-0.2586784121590197,-0.09730364620062269,0.7649949621659677,-0.2360462252468703,1.8731552251221582,-0.6826680894736445,0.5930465635742813,2.1421667207110566,-0.6505684099646967,0.0,0.0,0.0,0.0,-1.088879101263992,0.0,0.13516240752228165,-0.42122739217629346,-0.6829968743182837,-0.651087827846492,0.8660254037844386,0.5000000000000001,0.49999999999999994,0.8660254037844387,0.7818314824680298,0.6234898018587336
0.27028199033165,-0.06222982837170911,0.6768160216402405,-1.2173182542201055,-0.8519991499497634,-0.366946613708855,0.6032306589335762,0.5288074978086088,1.401333450664644,-0.6826680894736445,1.5144198825904818,1.9816554248880638,-0.6505684099646967,0.0,0.0,0.0,0.0,-1.2204348473687636,0.0,0.14401418743328953,-0.31335433703523674,-0.6829968743182837,-0.651087827846492,0.8660254037844386,0.5000000000000001,0.7071067811865476,0.7071067811865476,0.7818314824680298,0.6234898018587336
0.21464445629139653,0.8062838036019201,0.6768160216402405,-1.2173182542201055,-1.768949381080913,-1.1219469227319057,0.6032306589335762,1.2588951425433843,0.7206725301357713,-0.6826680894736445,1.9409816043572412,1.6401420295199944,-0.6505684099646967,0.0,0.8787878787878787,0.0,0.0,-1.3783017426944895,0.0,0.14474191622032584,-0.42122739217629346,-0.6829968743182837,-0.651087827846492,0.8660254037844386,0.5000000000000001,0.8660254037844386,0.5000000000000001,0.7818314824680298,0.6234898018587336
0.4408729176141552,1.1221069425014227,0.5188151265545653,-1.5073836461419021,-1.9307641277511158,-0.9601611422269661,0.4414663557011846,1.8074266004922632,-0.05280578864703877,-0.6826680894736445,2.155968712127688,0.899057961571284,-0.6505684099646967,0.0,0.8787878787878787,0.0,0.0,-1.509857488799261,0.0,0.21392511697415617,-0.31335433703523674,-0.6829968743182837,-0.651087827846492,0.8660254037844386,0.5000000000000001,0.9659258262890683,0.25881904510252074,0.7818314824680298,0.6234898018587336
0.15539726021165548,1.5432044610340911,0.09747940632609654,-1.6656011326447004,-1.4992581366305748,-0.6365895812170874,0.6032306589335762,2.089418124649081,-0.5671688706376075,-0.6826680894736445,2.2276310813845037,-0.4294291464105056,-0.6505684099646967,0.0,0.8787878787878787,0.0,0.0,-1.6677243841249871,0.0,0.29044112769893615,-0.15154475432365172,-0.6829968743182837,-0.651087827846492,0.8660254037844386,0.5000000000000001,1.0,6.123233995736766e-17,0.7818314824680298,0.6234898018587336
0.42028486132174586,1.1221069425014227,-0.350189796416651,-1.6656011326447004,-0.3126166610490873,0.33412510181254906,0.4414663557011846,2.1048697150138382,-0.6831906184550289,-0.6129531170785425,2.2139811062879673,-0.6514128533997506,-0.40458995040318896,0.0,0.8787878787878787,0.0,0.0,-1.6677243841249871,0.07280972385071198,0.3289456020170708,-0.043671699182595024,-0.632664182403056,-0.5895554974810846,0.8660254037844386,0.5000000000000001,0.9659258262890683,-0.25881904510252063,0.7818314824680298,0.6234898018587336
0.39561233604071305,0.6746908290604611,-0.350189796416651,-0.7954049568793099,-0.09686366548881685,0.6576966628224279,-0.15166942281758458,1.869232961951292,-0.6831906184550289,-0.15980579651037885,2.1389062432570176,-0.6514128533997506,1.2181846092039796,0.0,0.8787878787878787,0.0,0.0,-0.9310122059382657,0.12765261556742544,0.376617830266992,-0.2594178094647084,-0.2338743926131748,0.5966510934520466,0.8660254037844386,0.5000000000000001,0.8660254037844387,-0.4999999999999998,0.7818314824680298,0.6234898018587336
0.33674272706817154,0.6746908290604611,-0.350189796416651,0.23300870538887822,-0.36655490993915496,0.6576966628224279,-0.7448052013363538,1.3979594558261987,-0.6831906184550289,0.634170277989395,1.978519035872716,-0.6514128533997506,1.990283662827601,0.0,0.0,0.0,0.0,-0.06274428164677277,0.1086602207210314,0.3918827201137567,-0.8527196127405202,0.5327312227110628,1.5196360489331573,0.8660254037844386,0.5000000000000001,0.7071067811865476,-0.7071067811865475,0.7818314824680298,0.6234898018587336
0.10953604021069331,0.6746908290604611,-0.5081906915023265,1.1295744622380688,-1.1216903944001015,0.6576966628224279,-1.607548151909109,0.718089479776884,-0.6831906184550289,1.366177488137967,1.6372696584593085,-0.6514128533997506,2.335336779712494,0.8787878787878787,0.0,0.0,0.0,0.8055236426447192,0.36239109873884645,0.38524475591455054,-1.769640581439502,1.264491128247835,1.9469438986929308,0.8660254037844386,0.5000000000000001,0.49999999999999994,-0.8660254037844387,0.7818314824680298,0.6234898018587336
0.22995249524556818,0.5167792596107107,-0.6398581040737229,1.7097052460816622,-0.9598756477298988,0.6037680693207814,-1.877155323963095,-0.05449003846097373,-0.6831906184550289,1.8967858891451328,0.8967585094722141,-0.6514128533997506,2.454909641999338,0.8787878787878787,0.0,0.0,0.0,1.121257433296172,0.4253165549927155,0.3810762447002387,-1.931450164151087,1.8142789937833994,2.1623070549718566,0.8660254037844386,0.5000000000000001,0.258819045102521,-0.9659258262890682,0.7818314824680298,0.6234898018587336
0.35036895028044307,0.09568174107804124,-0.5081906915023265,1.1295744622380688,-0.6362461543894931,0.6576966628224279,-0.5830408981039622,-0.5682554180891491,-0.6831906184550289,2.1678996706816407,-0.43070156866594134,-0.6514128533997506,2.526653359371444,0.8787878787878787,0.0,0.0,0.0,1.5422358208314406,0.5192418837347721,0.3809761102845113,-1.4999579435868604,2.0969164176150628,2.2340947737314987,0.8660254037844386,0.5000000000000001,1.2246467991473532e-16,-1.0,0.7818314824680298,0.6234898018587336
0.3301927491588482,-0.3517343723629195,-0.9295264117307949,0.8131394892324716,0.3346423256317241,0.7655538498257208,-0.09774798840678739,-0.6841423458248278,-0.6831906184550289,2.210503264923092,-0.6525136639846563,-0.6514128533997506,2.4685751119749773,0.8787878787878787,0.0,0.0,0.0,1.121257433296172,0.40663459765872134,0.3838105032755734,-0.31335433703523674,2.112403399742825,2.2204209225391858,0.8660254037844386,0.5000000000000001,-0.2588190451025208,-0.9659258262890683,0.7818314824680298,0.6234898018587336
0.2262742147036978,-0.3517343723629195,-1.0875273068164708,0.8131394892324716,0.6582718189721298,0.7655538498257208,-0.6908837669255565,-0.6841423458248278,-0.6831906184550289,1.9897391856719355,-0.6525136639846563,-0.6514128533997506,2.4275787020480593,0.8787878787878787,0.0,0.0,0.0,0.6739678965399476,0.47820810619626514,0.3811390912107746,-0.09760822675312336,1.876226922294449,2.1452147409814657,0.8660254037844386,0.5000000000000001,-0.4999999999999997,-0.8660254037844388,0.7818314824680298,0.6234898018587336
0.22439218272032632,-0.3517343723629195,-1.2191947193878672,0.8131394892324716,0.6582718189721298,0.6037680693207814,-0.3134337260499762,-0.6841423458248278,-0.6831906184550289,1.3429391640062662,-0.6525136639846563,-0.6514128533997506,2.089358320150986,0.0,0.0,0.0,0.0,0.6739678965399476,0.4590993089242942,0.39336163628752396,-0.3672908646057651,1.4038739673976963,1.9845469894717909,0.8660254037844386,0.5000000000000001,-0.7071067811865471,-0.7071067811865479,0.7818314824680298,0.6234898018587336
0.19336991979752785,-0.5096459418126703,-1.2191947193878672,0.8131394892324716,0.6582718189721298,0.6037680693207814,-0.3134337260499762,-0.6841423458248278,-0.6831906184550289,0.5722014136381931,-0.6525136639846563,-0.6514128533997506,0.9653734146546524,0.0,0.0,0.8787878787878787,0.8787878787878787,0.6739678965399476,0.05595716188508014,0.400546523909307,-1.122402250593162,0.7224467537761519,1.642700709663972,0.8660254037844386,0.5000000000000001,-0.8660254037844385,-0.5000000000000004,0.7818314824680298,0.6234898018587336
0.18036149650296812,-0.6412389163541294,-1.5088630270449392,0.39122619189167684,0.6043335700820621,0.441982288815842,0.1718591836471986,-0.6841423458248278,-0.6831906184550289,-0.016502797698224544,-0.6525136639846563,-0.6514128533997506,0.8799642273069067,0.0,0.0,0.8787878787878787,0.8787878787878787,0.5161010012142222,0.0,0.4224092729693367,-0.9605926678815769,-0.05190235261196689,0.9008942824810053,0.8660254037844386,0.5000000000000001,-0.9659258262890683,-0.25881904510252063,0.7818314824680298,0.6234898018587336
0.3578341985138665,-0.5096459418126703,-1.6668639221306147,-0.05705668653291797,0.6582718189721298,0.6037680693207814,0.6571520933443734,-0.6841423458248278,-0.6831906184550289,-0.5471111987053905,-0.6525136639846563,-0.6514128533997506,-0.21327337074423852,0.0,0.0,0.8787878787878787,0.8787878787878787,0.09512261367895261,0.0,0.442492344070867,-0.6369735024584068,-0.5668445083600658,-0.4288877459714098,0.8660254037844386,0.5000000000000001,-1.0,-1.8369701987210297e-16,0.7818314824680298,0.6234898018587336
0.46553401334272027,-0.9307434603453393,-1.6668639221306147,-0.18890459195191697,0.766148316752265,0.441982288815842,0.6571520933443734,-0.6841423458248278,-0.613577569764576,-0.6826680894736445,-0.6525136639846563,-0.40552320873474074,-0.6505684099646967,0.0,0.0,0.8787878787878787,0.8787878787878787,-0.3521669230772707,0.0,0.4583345305926516,0.3338839938111034,-0.6829968743182837,-0.651087827846492,0.8660254037844386,0.5000000000000001,-0.9659258262890684,0.2588190451025203,0.7818314824680298,0.6234898018587336
0.4638121323858184,-1.0886550297950905,-0.7978589991593985,-0.3471220784547151,0.766148316752265,-0.15123223970226915,0.6571520933443734,-0.6841423458248278,-0.16109275327663217,-0.6826680894736445,-0.6525136639846563,1.2166654192635886,-0.6505684099646967,0.0,0.0,0.8787878787878787,0.8787878787878787,-0.3521669230772707,0.0,0.4530404163501931,0.6575031592342735,-0.6829968743182837,-0.651087827846492,0.8660254037844386,0.5000000000000001,-0.8660254037844386,0.5000000000000001,0.7818314824680298,0.6234898018587336
0.42184655692919765,-1.2202480043365496,0.22914681889749292,-0.3471220784547151,0.6043335700820621,-0.7444467682203804,0.9806806998091566,-0.6841423458248278,0.6317225234757481,-0.6826680894736445,-0.6525136639846563,1.9884856927954253,-0.6505684099646967,0.0,0.0,0.0,0.0,-0.3521669230772707,0.0,0.41260234902534376,0.6575031592342735,-0.6829968743182837,-0.651087827846492,0.8660254037844386,0.5000000000000001,-0.7071067811865477,0.7071067811865474,0.7818314824680298,0.6234898018587336
0.3581316414618704,-1.2202480043365496,1.1244852243829888,-0.3471220784547151,0.6043335700820621,-1.607304264246724,0.6571520933443734,-0.6841423458248278,1.3626595347255035,-0.6826680894736445,-0.6525136639846563,2.333414222117175,-0.6505684099646967,0.0,0.0,0.0,0.0,-0.5100338184029966,0.0,0.2886016764089001,0.6575031592342735,-0.6829968743182837,-0.651087827846492,0.8660254037844386,0.5000000000000001,-0.5000000000000004,0.8660254037844384,0.7818314824680298,0.6234898018587336
0.22762997242884825,-1.5097525483277596,1.7038218396971327,-0.5053395649575132,0.44251882341185933,-1.876947231754956,0.818916396576765,-0.6841423458248278,1.8924921830917283,-0.6826680894736445,-0.6525136639846563,2.4529439104959994,-0.6505684099646967,0.0,0.0,0.0,0.0,-0.6415895645077683,0.0,0.2439337674608426,0.6035666316637451,-0.6829968743182837,-0.651087827846492,0.8660254037844386,0.5000000000000001,-0.25881904510252157,0.9659258262890681,0.7818314824680298,0.6234898018587336
0.19316398877982258,-1.6676641177775104,1.1244852243829888,-0.3471220784547151,0.6043335700820621,-0.582660987715441,-0.09774798840678739,-0.6841423458248278,2.163209594665712,-0.6826680894736445,-0.6525136639846563,2.524661723523294,-0.6505684099646967,0.0,0.0,0.0,0.0,-0.5100338184029966,0.0,0.2417646869913408,0.6575031592342735,-0.6829968743182837,-0.651087827846492,0.8660254037844386,0.5000000000000001,-2.4492935982947064e-16,1.0,0.7818314824680298,0.6234898018587336
0.17654594806564977,-1.6676641177775104,0.8084834342116368,-0.3471220784547151,0.44251882341185933,-0.09730364620062269,-0.09774798840678739,-0.6146101891834206,2.2057509021987665,-0.6826680894736445,-0.40681411224700276,2.4666044463107224,-0.6505684099646967,0.0,0.0,0.0,0.0,-0.9310122059382657,0.0,0.23397148407450463,0.7653762143753301,-0.6829968743182837,-0.651087827846492,0.8660254037844386,0.5000000000000001,0.25881904510252074,0.9659258262890683,0.9749279121818236,-0.22252093395631434
0.17654594806564977,-0.7991504858038802,0.8084834342116368,-0.5053395649575132,-0.15080191437888446,-0.6905181747187339,-0.3673551604607734,-0.16265117101427382,1.9853095813456656,-0.6826680894736445,1.214120430466683,2.425622838866554,-0.6505684099646967,0.0,0.0,0.0,0.0,-1.088879101263992,0.0,0.2056097092378275,0.7653762143753301,-0.6829968743182837,-0.651087827846492,0.8660254037844386,0.5000000000000001,0.49999999999999994,0.8660254037844387,0.9749279121818236,-0.22252093395631434
0.17563637535629342,0.22727471561950033,0.8084834342116368,-0.6371874703765118,-0.7441226521696283,-0.3130180202072086,-0.4212765948715706,0.6292428351795304,1.3394551851620191,-0.6826680894736445,1.9853440234209843,2.0875245774521654,-0.6505684099646967,0.0,0.0,0.0,0.0,-1.2204348473687636,0.0,0.21553177495499454,0.6035666316637451,-0.6829968743182837,-0.651087827846492,0.8660254037844386,0.5000000000000001,0.7071067811865476,0.7071067811865476,0.9749279121818236,-0.22252093395631434
0.33169153074325697,1.1221069425014227,0.8084834342116368,-0.9272528622983084,-1.60713463441071,-0.3130180202072086,-0.4212765948715706,1.3593304799143058,0.5698442579731233,-0.6826680894736445,2.330005894608526,0.9639455066912173,-0.6505684099646967,0.0,0.8787878787878787,0.0,0.0,-1.2204348473687636,0.0,0.2323229591517657,0.6035666316637451,-0.6829968743182837,-0.651087827846492,0.8660254037844386,0.5000000000000001,0.8660254037844386,0.5000000000000001,0.9749279121818236,-0.22252093395631434
0.30018875295968483,1.7011160304838424,0.38714771398316894,-0.9272528622983084,-1.8768258788610481,0.17233932130760965,-0.529119463693165,1.8885474499072383,-0.01799926430181232,-0.6826680894736445,2.4494431767032183,0.8785671578491999,-0.6505684099646967,0.0,0.8787878787878787,0.0,0.0,-1.509857488799261,0.0,0.29552595845154184,0.44175704895216006,-0.6829968743182837,-0.651087827846492,0.8660254037844386,0.5000000000000001,0.9659258262890683,0.25881904510252074,0.9749279121818236,-0.22252093395631434
0.2666895241053346,1.1221069425014227,-0.06052148875957856,-0.9272528622983084,-0.5823079054994255,0.6576966628224279,-0.798726635747151,2.158950281290488,-0.5478319126680372,-0.6826680894736445,2.521105545960034,-0.21427570732862194,-0.6505684099646967,0.0,0.8787878787878787,0.0,0.0,-1.6677243841249871,0.0,0.3519315467816978,0.6035666316637451,-0.6829968743182837,-0.651087827846492,0.8660254037844386,0.5000000000000001,1.0,6.123233995736766e-17,0.9749279121818236,-0.22252093395631434
0.3693038058996981,0.8062838036019201,-0.1921889013309754,-0.7954049568793099,-0.09686366548881685,0.6576966628224279,-1.0144123733903398,2.2014421547935705,-0.6831906184550289,-0.6400644952321932,2.4630931517997547,-0.6514128533997506,-0.6300702050012377,0.0,0.8787878787878787,0.0,0.0,-1.6677243841249871,0.07224981740691637,0.3490948489063862,0.44175704895216006,-0.613305454743353,-0.40495850638486247,0.8660254037844386,0.5000000000000001,0.9659258262890683,-0.25881904510252063,0.9749279121818236,-0.22252093395631434
0.1983067038996319,0.8062838036019201,-0.350189796416651,0.1011607999698797,-0.6901844032795607,0.6576966628224279,-1.2840195454443257,1.981256992095781,-0.6831906184550289,-0.24501298499328142,2.422143226510146,-0.6514128533997506,0.3196799583056948,0.0,0.8787878787878787,0.0,0.0,-0.7994564598334941,0.15047564673395203,0.36384042272191763,-0.15154475432365172,-0.16031122750630353,1.2188113227022768,0.8660254037844386,0.5000000000000001,0.8660254037844387,-0.4999999999999998,0.9749279121818236,-0.22252093395631434
0.1442308551699361,0.8062838036019201,-0.350189796416651,0.8131394892324716,-0.3126166610490873,0.9812682238323067,-1.607548151909109,1.3361530943671702,-0.6831906184550289,0.5063594952650412,2.0843063428708724,-0.6514128533997506,1.2352664466735288,0.0,0.0,0.0,0.0,0.22667835978372425,0.1943311153941456,0.37569469851524984,-0.7448465575994635,0.6333966065415182,1.991383915067947,0.8660254037844386,0.5000000000000001,0.7071067811865476,-0.7071067811865475,0.9749279121818236,-0.22252093395631434
0.39862136308497864,0.8062838036019201,-0.350189796416651,1.419639854159865,-0.3126166610490873,0.6576966628224279,-2.0389196271954866,0.5674364737205018,-0.6831906184550289,1.2538589215014135,0.9615958911807616,-0.6514128533997506,1.7203906308087247,0.8787878787878787,0.0,0.0,0.0,1.121257433296172,0.20347251758556065,0.40131809671673324,-1.607830998727917,1.3651565120782905,2.336648657673844,0.8660254037844386,0.5000000000000001,0.49999999999999994,-0.8660254037844387,0.9749279121818236,-0.22252093395631434
0.14551796693431945,0.3851862850692516,-0.5081906915023265,1.9997706380034583,0.17282757896152123,0.8194824433273673,-2.146762496017081,-0.01972396014027013,-0.6831906184550289,1.7960864845744298,0.8762835468274097,-0.6514128533997506,1.9424545179128634,0.8787878787878787,0.0,0.0,0.0,1.700102716157167,0.4067011076284846,0.40300629638035335,-1.8775136365805587,1.895585649954152,2.456294855606581,0.8660254037844386,0.5000000000000001,0.258819045102521,-0.9659258262890682,0.9749279121818236,-0.22252093395631434
0.14760022202375842,-0.06222982837170911,-0.350189796416651,2.448053516428054,0.6582718189721298,-0.09730364620062269,-2.3085267992494725,-0.5489409301332027,-0.6831906184550289,2.0981846982865386,-0.21571446089549456,-0.6514128533997506,2.0415291752362483,0.8787878787878787,0.0,0.0,0.0,1.121257433296172,0.5622269884817878,0.41106770587238917,-0.5830369748878784,2.1666078371899933,2.5280825743662225,0.8660254037844386,0.5000000000000001,1.2246467991473532e-16,-1.0,0.9749279121818236,-0.22252093395631434
0.14499168237920426,-0.19382280291316867,-0.350189796416651,2.131618543422457,0.6582718189721298,-0.09730364620062269,-1.7153910207307033,-0.6841423458248278,-0.6831906184550289,2.1020577523084887,-0.6525136639846563,-0.6514128533997506,2.01078186779106,0.8787878787878787,0.0,0.0,0.0,0.8055236426447192,0.4469421672197146,0.4180320416813218,-0.09760822675312336,2.20919703804134,2.4699687067988934,0.8660254037844386,0.5000000000000001,-0.2588190451025208,-0.9659258262890683,0.9749279121818236,-0.22252093395631434
0.14137632272497302,-0.3517343723629195,-0.5081906915023265,1.7097052460816622,0.6582718189721298,-0.366946613708855,-1.6614695863199063,-0.6841423458248278,-0.6831906184550289,1.8851667270792825,-0.6525136639846563,-0.6514128533997506,1.9595363553824126,0.8787878787878787,0.0,0.0,0.0,0.8055236426447192,0.26856000686733067,0.425402805412913,-0.6909100300289351,1.9885075427207262,2.428947153221955,0.8660254037844386,0.5000000000000001,-0.4999999999999997,-0.8660254037844388,0.9749279121818236,-0.22252093395631434
0.16146670266641686,-0.3517343723629195,-0.6398581040737229,1.5514877595788634,0.9819013123125355,-0.4208752072105015,-1.8232338895522977,-0.6841423458248278,-0.6831906184550289,1.397161920313568,-0.6525136639846563,-0.6514128533997506,1.7750525107112818,0.0,0.0,0.0,0.0,0.8055236426447192,0.1320209781411971,0.43164274171205874,-0.31335433703523674,1.341926038886647,2.0905193362122145,0.8660254037844386,0.5000000000000001,-0.7071067811865471,-0.7071067811865479,0.9749279121818236,-0.22252093395631434
0.201235600513894,-0.3517343723629195,-0.9295264117307949,1.2614223676570673,0.6582718189721298,-0.4208752072105015,-1.2300981110335285,-0.6841423458248278,-0.6831906184550289,0.6961391423405968,-0.6525136639846563,-0.6514128533997506,1.3787538814177416,0.0,0.0,0.8787878787878787,0.8787878787878787,0.8055236426447192,0.04888351726752617,0.45512556830122386,-0.31335433703523674,0.5714486780304687,0.9658450756444908,0.8660254037844386,0.5000000000000001,-0.8660254037844385,-0.5000000000000004,0.9749279121818236,-0.22252093395631434
0.27537323814237413,-0.5096459418126703,-0.9295264117307949,0.9713569757352701,0.8200865656423326,-0.5287323942137945,-0.9065695045687454,-0.6841423458248278,-0.6831906184550289,-0.07072555400552617,-0.6525136639846563,-0.6514128533997506,0.6100711952880302,0.0,0.0,0.8787878787878787,0.8787878787878787,0.3845452551094506,0.0,0.4658990582601493,0.17207441109951835,-0.017056642824501547,0.8803835056925362,0.8660254037844386,0.5000000000000001,-0.9659258262890683,-0.25881904510252063,0.9749279121818236,-0.22252093395631434
0.4709799033482575,-0.3517343723629195,-0.9295264117307949,0.39122619189167684,-0.09686366548881685,-0.7983753617220268,-0.47519802928236776,-0.6841423458248278,-0.6831906184550289,-0.5703495228370912,-0.6525136639846563,-0.6514128533997506,-0.5207464451961231,0.0,0.0,0.8787878787878787,0.8787878787878787,-0.06274428164677277,0.0,0.4533708343122689,0.6575031592342735,-0.5474857807003629,-0.21352458969248395,0.8660254037844386,0.5000000000000001,-1.0,-1.8369701987210297e-16,0.9749279121818236,-0.22252093395631434
0.3596590484119189,-0.3517343723629195,-0.7978589991593985,0.1011607999698797,-0.09686366548881685,-1.0140897357286127,-0.3673551604607734,-0.6841423458248278,-0.6406493109219744,-0.6826680894736445,-0.6525136639846563,-0.6309220496776665,-0.6505684099646967,0.0,0.0,0.8787878787878787,0.8787878787878787,-0.19430002775154487,0.0,0.4374765061867958,0.6575031592342735,-0.6829968743182837,-0.651087827846492,0.8660254037844386,0.5000000000000001,-0.9659258262890684,0.2588190451025203,0.9749279121818236,-0.22252093395631434
0.2734969175029384,-0.5096459418126703,0.09747940632609654,0.1011607999698797,-0.36655490993915496,-1.283732703236845,-0.09774798840678739,-0.6841423458248278,-0.24617536834274129,-0.6826680894736445,-0.6525136639846563,0.3184851894455662,-0.6505684099646967,0.0,0.0,0.8787878787878787,0.8787878787878787,-0.3521669230772707,0.0,0.4477299630393883,0.6575031592342735,-0.6829968743182837,-0.651087827846492,0.8660254037844386,0.5000000000000001,-0.8660254037844386,0.5000000000000001,0.9749279121818236,-0.22252093395631434
0.27782161303126646,-0.6412389163541294,0.8084834342116368,-0.18890459195191697,-0.42049315882922256,-1.607304264246724,0.4953877901119818,-0.6841423458248278,0.5040986008765844,-0.6826680894736445,-0.6525136639846563,1.233741089031992,-0.6505684099646967,0.0,0.0,0.0,0.0,-0.3521669230772707,0.0,0.41384012308696516,0.9811223246574435,-0.6829968743182837,-0.651087827846492,0.8660254037844386,0.5000000000000001,-0.7071067811865477,0.7071067811865474,0.9749279121818236,-0.22252093395631434
0.4058463504557171,-0.9307434603453393,1.4141535320400604,-0.18890459195191697,-0.42049315882922256,-2.0387330122598954,0.3336234868795902,-0.6841423458248278,1.250505178501996,-0.6826680894736445,-0.6525136639846563,1.7186901104546504,-0.6505684099646967,0.0,0.0,0.0,0.0,-0.3521669230772707,0.0,0.2897647722208383,0.6575031592342735,-0.6829968743182837,-0.651087827846492,0.8660254037844386,0.5000000000000001,-0.5000000000000004,0.8660254037844384,0.9749279121818236,-0.22252093395631434
0.3785252580704068,-0.9307434603453393,1.9934901473542042,-0.18890459195191697,-0.5283696566093578,-2.1465901992631884,0.010094880414807005,-0.6841423458248278,1.791940001649963,-0.6826680894736445,-0.6525136639846563,1.9406738174438956,-0.6505684099646967,0.0,0.0,0.0,0.0,-0.5100338184029966,0.0,0.2624185498723426,0.8193127419458585,-0.6829968743182837,-0.651087827846492,0.8660254037844386,0.5000000000000001,-0.25881904510252157,0.9659258262890681,0.9749279121818236,-0.22252093395631434
0.2900405974801103,-0.9307434603453393,2.4411593500969526,-0.9272528622983084,-0.7980609010596958,-2.308375979768128,0.9806806998091566,-0.6841423458248278,2.093596545975259,-0.6826680894736445,-0.6525136639846563,2.0397127021006356,-0.6505684099646967,0.0,0.0,0.0,0.0,-0.3521669230772707,0.0,0.2259689566920956,-0.09760822675312336,-0.6829968743182837,-0.651087827846492,0.8660254037844386,0.5000000000000001,-2.4492935982947064e-16,1.0,0.9749279121818236,-0.22252093395631434
0.2779188500346931,-0.7991504858038802,2.1251575599256007,-0.3471220784547151,-1.0138138966199663,-1.7151614512500166,-0.3673551604607734,-0.6416504723217455,2.097463937569173,-0.6826680894736445,-0.6320387013398517,2.0089764965175094,-0.6505684099646967,0.0,0.0,0.0,0.0,-0.3521669230772707,0.0,0.2382903556933227,-0.09760822675312336,-0.6829968743182837,-0.651087827846492,0.8660254037844386,0.5000000000000001,0.25881904510252074,0.9659258262890683,0.43388373911755823,-0.900968867902419
0.3601052471569052,0.09568174107804124,1.7038218396971327,-0.5053395649575132,-1.2835051410703044,-1.6612328577483704,-0.6369623325147594,-0.24763491802043816,1.8808900083099862,-0.6826680894736445,0.3166345678694212,1.957749487212299,-0.6505684099646967,0.0,0.0,0.0,0.0,-0.5100338184029966,0.0,0.23254361340391605,-0.3672908646057651,-0.6829968743182837,-0.651087827846492,0.8660254037844386,0.5000000000000001,0.49999999999999994,0.8660254037844387,0.43388373911755823,-0.900968867902419
0.261094878302815,0.8062838036019201,1.5458209446114568,-0.5053395649575132,-1.60713463441071,-1.8230186382533096,-1.0144123733903398,0.5017672146702838,1.393598667476816,-0.6826680894736445,1.2311828993373535,1.7733322537135416,-0.6505684099646967,0.0,0.0,0.0,0.0,-0.6415895645077683,0.0,0.2402243789450974,-0.42122739217629346,-0.6829968743182837,-0.651087827846492,0.8660254037844386,0.5000000000000001,0.7071067811865476,0.7071067811865476,0.43388373911755823,-0.900968867902419
0.3705794537886333,1.4116114864926321,1.2561526369543852,-0.7954049568793099,-2.0386406255312512,-1.2298041097351986,-0.798726635747151,1.2473064497698165,0.6936007889783729,-0.6826680894736445,1.7157570152643922,1.3771767150865812,-0.6505684099646967,0.0,0.8787878787878787,0.0,0.0,-0.9310122059382657,0.0,0.2620270780874808,-0.42122739217629346,-0.6829968743182837,-0.651087827846492,0.8660254037844386,0.5000000000000001,0.8660254037844386,0.5000000000000001,0.43388373911755823,-0.900968867902419
0.3871574533138906,1.990620574475052,0.9664843292973129,-1.2173182542201055,-2.146517123311386,-0.9062325487253197,0.279702052468793,1.7881121125363169,-0.07214274661660902,-0.6826680894736445,1.9375691105831072,0.6087715755084252,-0.6505684099646967,0.0,0.8787878787878787,0.0,0.0,-0.9310122059382657,0.0,0.338666528168733,-0.5291004473173502,-0.6829968743182837,-0.651087827846492,0.8660254037844386,0.5000000000000001,0.9659258262890683,0.25881904510252074,0.43388373911755823,-0.900968867902419
0.2608202944597465,2.438036687916014,0.38714771398316894,-1.3755357407229036,-2.3083318699815893,-0.47480380071214795,0.6032306589335762,2.089418124649081,-0.5710362622315215,-0.6826680894736445,2.0365314300329955,-0.5216377631598843,-0.6505684099646967,0.0,0.8787878787878787,0.0,0.0,-0.9310122059382657,0.0,0.4174070082925124,-0.7987830851699919,-0.6829968743182837,-0.651087827846492,0.8660254037844386,0.5000000000000001,1.0,6.123233995736766e-17,0.43388373911755823,-0.900968867902419
0.3074480633108068,2.122213549016511,0.09747940632609654,-1.085470348801107,-1.7150111321908454,-0.366946613708855,1.1424450030415483,2.0932810222402707,-0.6831906184550289,-0.6400644952321932,2.0058189860657887,-0.6514128533997506,-0.6471520424707868,0.0,0.8787878787878787,0.0,0.0,-0.7994564598334941,0.03522407380443307,0.42255350750370424,-1.0145291954521052,-0.6404076734669372,-0.6305770510580229,0.8660254037844386,0.5000000000000001,0.9659258262890683,-0.25881904510252063,0.43388373911755823,-0.900968867902419
0.5175161328106348,1.7011160304838424,0.09747940632609654,-0.7954049568793099,-1.6610728833007777,-0.09730364620062269,1.1424450030415483,1.8769587571336706,-0.6831906184550289,-0.264378255103032,1.9546315794537774,-0.6514128533997506,0.1898579935371213,0.0,0.8787878787878787,0.0,0.0,0.09512261367895261,0.13703240258225258,0.4248705820298828,-1.284211833304747,-0.24548962920899658,0.3197556068077133,0.8660254037844386,0.5000000000000001,0.8660254037844387,-0.4999999999999998,0.43388373911755823,-0.900968867902419
0.13980318040356332,1.5432044610340911,-0.1921889013309754,-0.5053395649575132,-1.8228876299709806,0.4959108823174885,0.9806806998091566,1.3902336606438201,-0.6831906184550289,0.4482636849357894,1.7703569156505374,-0.6514128533997506,0.9482915771851033,0.0,0.0,0.0,0.0,0.8055236426447192,0.32901858053594984,0.4513455069124246,-1.607830998727917,0.5056290039874787,1.2359036366926677,0.8660254037844386,0.5000000000000001,0.7071067811865476,-0.7071067811865475,0.43388373911755823,-0.900968867902419
0.14038667793467985,1.2536999170428818,-0.1921889013309754,0.1011607999698797,-1.2295668921802367,0.33412510181254906,0.4953877901119818,0.6910491966385589,-0.6831906184550289,1.1647786789965608,1.3745076378509846,-0.6514128533997506,1.5974014010279707,0.8787878787878787,0.0,0.0,0.0,1.410680074726669,0.4142182642470502,0.45928025021003893,-2.0393232192921436,1.2528758916520133,1.7213253540197704,0.8660254037844386,0.5000000000000001,0.49999999999999994,-0.8660254037844387,0.43388373911755823,-0.900968867902419
0.14486582344243581,0.9641953730516715,-0.1921889013309754,0.1011607999698797,-0.9059373988398312,0.010553540802670241,0.6571520933443734,-0.07380452641692017,-0.6831906184550289,1.7418637282671283,0.6066965386708176,-0.6514128533997506,1.9356217829250437,0.8787878787878787,0.0,0.0,0.0,1.989525357587664,0.6756048402547341,0.45989350307935095,-2.1471962744332003,1.7949202661236965,1.9435254358948526,0.8660254037844386,0.5000000000000001,0.258819045102521,-0.9659258262890682,0.43388373911755823,-0.900968867902419
0.14093584562081674,0.3851862850692516,-0.9295264117307949,0.1011607999698797,-0.47443140771929015,0.9812682238323067,0.6571520933443734,-0.5721183156803384,-0.6831906184550289,1.9393894833865841,-0.5228389005675613,-0.6514128533997506,1.6452305459427083,0.8787878787878787,0.0,0.0,0.0,2.4368148943438883,0.51956340402469,0.4569964172367028,-2.3090058571447853,2.0969164176150628,2.04266085703912,0.8660254037844386,0.5000000000000001,1.2246467991473532e-16,-1.0,0.43388373911755823,-0.900968867902419
0.16063151472014772,0.09568174107804124,-0.350189796416651,-0.05705668653291797,-0.36655490993915496,-0.366946613708855,0.818916396576765,-0.6841423458248278,-0.6831906184550289,2.0323427799133866,-0.6525136639846563,-0.6514128533997506,1.9595363553824126,0.8787878787878787,0.0,0.0,0.0,2.1210811036924357,0.7200036178017559,0.43621824426517897,-1.7157040538689736,2.1007881631470036,2.0118946918564165,0.8660254037844386,0.5000000000000001,-0.2588190451025208,-0.9659258262890683,0.43388373911755823,-0.900968867902419
0.22222410301843823,0.09568174107804124,-0.5081906915023265,-0.05705668653291797,-0.09686366548881685,-0.6365895812170874,0.6571520933443734,-0.6841423458248278,-0.6831906184550289,1.3855427582477176,-0.6525136639846563,-0.6514128533997506,0.8287187148982593,0.8787878787878787,0.0,0.0,0.0,1.700102716157167,0.5727321311034307,0.4329828526343571,-1.6617675262984453,1.8839704133583302,1.9606177498852435,0.8660254037844386,0.5000000000000001,-0.4999999999999997,-0.8660254037844388,0.43388373911755823,-0.900968867902419
0.22133170552846582,-0.19382280291316867,-0.5081906915023265,-0.18890459195191697,0.4964570723019269,-1.0140897357286127,0.6571520933443734,-0.6841423458248278,-0.6831906184550289,1.1144289767112094,-0.6525136639846563,-0.6514128533997506,0.7911386724652512,0.0,0.0,0.0,0.0,1.5422358208314406,0.2303867301288061,0.4414084850574609,-1.8235771090100303,1.3961304763338152,1.7760207587890213,0.8660254037844386,0.5000000000000001,-0.7071067811865471,-0.7071067811865479,0.43388373911755823,-0.900968867902419
0.21376922029161585,-0.19382280291316867,-0.7978589991593985,-0.3471220784547151,0.3346423256317241,-0.7983753617220268,0.818916396576765,-0.6841423458248278,-0.6831906184550289,0.20038822753098195,-0.6525136639846563,-0.6514128533997506,0.03270508881726917,0.0,0.0,0.8787878787878787,0.8787878787878787,1.2528131794009436,0.10374304645517161,0.4907520104865062,-1.2302753057342186,0.6953445350525678,1.3794790742119516,0.8660254037844386,0.5000000000000001,-0.8660254037844385,-0.5000000000000004,0.43388373911755823,-0.900968867902419
0.24093583867141186,-0.19382280291316867,-1.2191947193878672,-0.6371874703765118,0.01101283229131838,0.2801965083109026,0.818916396576765,-0.6841423458248278,-0.6831906184550289,-0.30310879532253315,-0.6525136639846563,-0.6514128533997506,-0.48658277025702484,0.0,0.0,0.8787878787878787,0.8787878787878787,0.9633905379704456,0.0,0.4959856855419783,-0.9066561403110486,-0.07126108027166986,0.6103249446443593,0.8660254037844386,0.5000000000000001,-0.9659258262890683,-0.25881904510252063,0.43388373911755823,-0.900968867902419
0.3856186511343547,-0.9307434603453393,-1.3771956144735429,-0.7954049568793099,0.9819013123125355,0.6037680693207814,0.9806806998091566,-0.6841423458248278,-0.6831906184550289,-0.6129531170785425,-0.6525136639846563,-0.6514128533997506,-0.6505684099646967,0.0,0.0,0.8787878787878787,0.8787878787878787,0.3845452551094506,0.0,0.5022350974763719,-0.47516391974682176,-0.5707162538920065,-0.5211862415195209,0.8660254037844386,0.5000000000000001,-1.0,-1.8369701987210297e-16,0.43388373911755823,-0.900968867902419
0.39669781745683325,-0.3517343723629195,-1.0875273068164708,-0.9272528622983084,-0.36655490993915496,1.1430540043372461,1.1424450030415483,-0.6841423458248278,-0.6406493109219744,-0.6826680894736445,-0.6525136639846563,-0.64799771944607,-0.6505684099646967,0.0,0.0,0.8787878787878787,0.8787878787878787,0.09512261367895261,0.0,0.4733020391515832,-0.3672908646057651,-0.6829968743182837,-0.651087827846492,0.8660254037844386,0.5000000000000001,-0.9659258262890684,0.2588190451025203,0.43388373911755823,-0.900968867902419
0.4077769837793117,-0.5096459418126703,-0.7978589991593985,-0.9272528622983084,-0.6362461543894931,1.1430540043372461,1.1424450030415483,-0.6841423458248278,-0.26551232631231153,-0.6826680894736445,-0.6525136639846563,0.18871009920569987,-0.6505684099646967,0.0,0.0,0.8787878787878787,0.8787878787878787,0.09512261367895261,0.0,0.47538002035161564,-0.09760822675312336,-0.6829968743182837,-0.651087827846492,0.8660254037844386,0.5000000000000001,-0.8660254037844386,0.5000000000000001,0.43388373911755823,-0.900968867902419
0.4188561501017902,-0.5096459418126703,-0.5081906915023265,-0.9272528622983084,-1.0138138966199663,0.9812682238323067,1.1424450030415483,-0.6841423458248278,0.4460877269678737,-0.6826680894736445,-0.6525136639846563,0.9468698369228138,-0.6505684099646967,0.0,0.0,0.0,0.0,-0.19430002775154487,0.0,0.4016972757855979,0.4956935765226884,-0.6829968743182837,-0.651087827846492,0.8660254037844386,0.5000000000000001,-0.7071067811865477,0.7071067811865474,0.43388373911755823,-0.900968867902419
0.4299353164242687,-0.7991504858038802,0.09747940632609654,-0.9272528622983084,-0.7980609010596958,0.4959108823174885,1.1424450030415483,-0.6841423458248278,1.1615551718419728,-0.6826680894736445,-0.6525136639846563,1.5957452881221454,-0.6505684099646967,0.0,0.0,0.0,0.0,-0.19430002775154487,0.0,0.26804515135073637,0.3338839938111034,-0.6829968743182837,-0.651087827846492,0.8660254037844386,0.5000000000000001,-0.5000000000000004,0.8660254037844384,0.43388373911755823,-0.900968867902419
0.4370744963440482,-1.2202480043365496,0.09747940632609654,-0.9272528622983084,0.2807040767416565,0.6576966628224279,1.1424450030415483,-0.6841423458248278,1.7377965193351663,-0.6826680894736445,-0.6525136639846563,1.9338435495365343,-0.6505684099646967,0.0,0.0,0.0,0.0,-0.19430002775154487,0.0,0.2510858437748431,0.010264828387933323,-0.6829968743182837,-0.651087827846492,0.8660254037844386,0.5000000000000001,-0.25881904510252157,0.9659258262890681,0.43388373911755823,-0.900968867902419
0.5450174551659391,-1.3781595737863004,0.09747940632609654,-1.2173182542201055,0.6043335700820621,0.6576966628224279,0.9806806998091566,-0.6841423458248278,1.9350334906247828,-0.6826680894736445,-0.6525136639846563,1.6435571634736752,-0.6505684099646967,0.0,0.0,0.0,0.0,-0.9310122059382657,0.0,0.2006565129856922,0.9811223246574435,-0.6829968743182837,-0.651087827846492,0.8660254037844386,0.5000000000000001,-2.4492935982947064e-16,1.0,0.43388373911755823,-0.900968867902419
0.5143355595104122,-1.0886550297950905,-0.06052148875957856,-0.9272528622983084,1.1437160589827384,0.8194824433273673,0.9806806998091566,-0.6416504723217455,2.02785088887872,-0.6826680894736445,-0.6491011702105222,1.957749487212299,-0.6505684099646967,0.0,0.0,0.0,0.0,-0.3521669230772707,0.0,0.198102163430942,-0.3672908646057651,-0.6829968743182837,-0.651087827846492,0.8660254037844386,0.5000000000000001,0.25881904510252074,0.9659258262890683,-0.433883739117558,-0.9009688679024191
0.3890852721530938,-0.7991504858038802,-0.06052148875957856,-0.9272528622983084,1.1437160589827384,0.6576966628224279,0.9806806998091566,-0.2669494059763846,1.3819964926950736,-0.6826680894736445,0.18695980445232635,0.8273401485439895,-0.6505684099646967,0.0,0.0,0.0,0.0,-0.5100338184029966,0.0,0.20603780307243114,-0.6369735024584068,-0.6829968743182837,-0.651087827846492,0.8660254037844386,0.5000000000000001,0.49999999999999994,0.8660254037844387,-0.433883739117558,-0.9009688679024191
0.4224128861055263,-0.5096459418126703,-0.1921889013309754,-0.9272528622983084,0.9819013123125355,0.6576966628224279,0.9806806998091566,0.4438237508024445,1.1112790811210902,-0.6826680894736445,0.9445334223100912,0.7897736750535019,-0.6505684099646967,0.0,0.0,0.0,0.0,-0.5100338184029966,0.0,0.20793065084758022,-1.0145291954521052,-0.6829968743182837,-0.651087827846492,0.8660254037844386,0.5000000000000001,0.7071067811865476,0.7071067811865476,-0.433883739117558,-0.9009688679024191
0.539431355785535,0.09568174107804124,-0.350189796416651,-0.9272528622983084,0.4964570723019269,0.8194824433273673,0.9806806998091566,1.1584598051724628,0.1985746649573745,-0.6826680894736445,1.5929072393955654,0.03161393733638798,-0.6505684099646967,0.0,0.8787878787878787,0.0,0.0,-0.7994564598334941,0.0,0.20779709561023518,-0.7987830851699919,-0.6829968743182837,-0.651087827846492,0.8660254037844386,0.5000000000000001,0.8660254037844386,0.5000000000000001,-0.433883739117558,-0.9009688679024191
0.5694639636211462,0.09568174107804124,-0.6398581040737229,-0.9272528622983084,0.6582718189721298,0.8194824433273673,0.7649949621659677,1.734031546259667,-0.304186242251452,-0.6826680894736445,1.930744123034839,-0.48748642362307737,-0.6505684099646967,0.0,0.8787878787878787,0.0,0.0,-1.2204348473687636,0.0,0.23725761389060518,0.27994746624057504,-0.6829968743182837,-0.651087827846492,0.8660254037844386,0.5000000000000001,0.9659258262890683,0.25881904510252074,-0.433883739117558,-0.9009688679024191
0.6660774214631312,0.09568174107804124,-0.7978589991593985,-0.9272528622983084,0.6582718189721298,0.9812682238323067,0.7649949621659677,1.9310393234103205,-0.613577569764576,-0.6826680894736445,1.6406821522334425,-0.6514128533997506,-0.6505684099646967,0.0,0.8787878787878787,0.0,0.0,-1.3783017426944895,0.0,0.32689102819708316,0.6035666316637451,-0.6829968743182837,-0.651087827846492,0.8660254037844386,0.5000000000000001,1.0,6.123233995736766e-17,-0.433883739117558,-0.9009688679024191
0.32815627062834685,-0.06222982837170911,-0.9295264117307949,-0.9272528622983084,0.8200865656423326,1.1430540043372461,0.6032306589335762,2.023748865598863,-0.6831906184550289,-0.6400644952321932,1.9546315794537774,-0.6514128533997506,-0.6505684099646967,0.0,0.8787878787878787,0.0,0.0,-1.088879101263992,0.03213628559367712,0.3031243935273318,1.1429319073690285,-0.6404076734669372,-0.6476693650484138,0.8660254037844386,0.5000000000000001,0.9659258262890683,-0.25881904510252063,-0.433883739117558,-0.9009688679024191
0.4602597039161204,-0.06222982837170911,-0.9295264117307949,-0.9272528622983084,0.6582718189721298,1.1430540043372461,0.6032306589335762,1.3786449678702524,-0.6831906184550289,-0.4890153883761387,0.8250961402153985,-0.6514128533997506,-0.6369029399890573,0.0,0.8787878787878787,0.0,0.0,-0.7994564598334941,0.12333969881241587,0.3202795445569211,1.1429319073690285,-0.26484835686869956,0.1898540204807422,0.8660254037844386,0.5000000000000001,0.8660254037844387,-0.4999999999999998,-0.433883739117558,-0.9009688679024191
0.1430352622004475,-0.19382280291316867,-0.9295264117307949,-0.9272528622983084,0.6582718189721298,1.1430540043372461,0.6032306589335762,1.108242136487002,-0.6831906184550289,-0.05523333791772571,0.7875587086999236,-0.6514128533997506,-0.6334865724951475,0.0,0.0,0.0,0.0,-0.5100338184029966,0.3710391244132115,0.3341175573943068,0.9811223246574435,0.44755282100836974,0.9487527616540999,0.8660254037844386,0.5000000000000001,0.7071067811865476,-0.7071067811865475,-0.433883739117558,-0.9009688679024191
0.1458726331552188,-0.3517343723629195,-0.9295264117307949,-0.7954049568793099,0.8200865656423326,1.1430540043372461,0.6032306589335762,0.19659830496633002,-0.6831906184550289,0.13067325513587988,0.02998509084215887,-0.6514128533997506,-0.6198211025195082,0.8787878787878787,0.0,0.0,0.0,0.09512261367895261,0.5870180042847375,0.32591913533855177,0.4956935765226884,1.1638257444173796,1.5982606932889556,0.8660254037844386,0.5000000000000001,0.49999999999999994,-0.8660254037844387,-0.433883739117558,-0.9009688679024191
0.14860703516883944,-0.6412389163541294,-0.9295264117307949,-0.3471220784547151,0.8200865656423326,1.1430540043372461,0.1718591836471986,-0.30557838188827746,-0.6831906184550289,1.6411643236964253,-0.4887139628262206,-0.6514128533997506,1.2284337116857091,0.8787878787878787,0.0,0.0,0.0,0.09512261367895261,0.7310242625815203,0.3298921411488577,0.6575031592342735,1.740715828676528,1.9366885102986962,0.8660254037844386,0.5000000000000001,0.258819045102521,-0.9659258262890682,-0.433883739117558,-0.9009688679024191
0.14987698201073296,-0.7991504858038802,-1.2191947193878672,-0.18890459195191697,0.9819013123125355,0.9812682238323067,0.3336234868795902,-0.6146101891834206,-0.6831906184550289,0.870426573328352,-0.6525136639846563,-0.6514128533997506,-0.1551951233477714,0.8787878787878787,0.0,0.0,0.0,0.09512261367895261,0.818236275343771,0.3386264231827921,0.6575031592342735,1.9381748508054983,1.6461191724620503,0.8660254037844386,0.5000000000000001,1.2246467991473532e-16,-1.0,-0.433883739117558,-0.9009688679024191
0.14301811100714984,-0.9307434603453393,-0.9295264117307949,-0.18890459195191697,1.1437160589827384,0.9812682238323067,0.3336234868795902,-0.6841423458248278,-0.6831906184550289,1.3584313800940668,-0.6525136639846563,-0.6514128533997506,0.4016727781595307,0.8787878787878787,0.0,0.0,0.0,-0.06274428164677277,0.8357873104033461,0.3520672788541671,0.8193127419458585,2.0310967435720726,1.9606177498852435,0.8660254037844386,0.5000000000000001,-0.2588190451025208,-0.9659258262890683,-0.433883739117558,-0.9009688679024191
0.21793946240821785,-0.9307434603453393,-0.9295264117307949,-0.3471220784547151,1.1437160589827384,0.9812682238323067,0.4953877901119818,-0.6841423458248278,-0.6831906184550289,1.8967858891451328,-0.6525136639846563,-0.6514128533997506,1.552988623607143,0.8787878787878787,0.0,0.0,0.0,-0.06274428164677277,0.7783223106928553,0.35031679609616106,0.6575031592342735,1.3845152397379934,0.8291065637213633,0.8660254037844386,0.5000000000000001,-0.4999999999999997,-0.8660254037844388,-0.433883739117558,-0.9009688679024191
0.22206964960671224,-0.9307434603453393,-0.9295264117307949,-0.3471220784547151,1.1437160589827384,0.9812682238323067,0.3336234868795902,-0.6841423458248278,-0.6831906184550289,1.1299211927990098,-0.6525136639846563,-0.6514128533997506,0.8116368774287102,0.0,0.0,0.0,0.0,-0.19430002775154487,0.5592611680337466,0.35223584272227915,0.6575031592342735,1.1134930525021518,0.7915034729425032,0.8660254037844386,0.5000000000000001,-0.7071067811865471,-0.7071067811865479,-0.433883739117558,-0.9009688679024191
0.2674961141443481,-0.9307434603453393,-0.9295264117307949,-0.5053395649575132,1.1437160589827384,0.9812682238323067,0.4953877901119818,-0.6841423458248278,-0.6831906184550289,0.48699422515529056,-0.6525136639846563,-0.6514128533997506,0.22060530098230977,0.0,0.0,0.8787878787878787,0.8787878787878787,-0.3521669230772707,0.3120107878399286,0.3614831919901481,0.8193127419458585,0.1997611069641717,0.03260473176914557,0.8660254037844386,0.5000000000000001,-0.8660254037844385,-0.5000000000000004,-0.433883739117558,-0.9009688679024191
0.8684228546996395,-0.9307434603453393,-0.9295264117307949,-0.5053395649575132,1.1437160589827384,0.7655538498257208,0.1718591836471986,-0.6841423458248278,-0.6831906184550289,-0.020375851720174663,-0.6525136639846563,-0.6514128533997506,0.8389678173799888,0.0,0.0,0.8787878787878787,0.8787878787878787,-0.6415895645077683,0.05279175963959499,0.3687237553714686,0.8193127419458585,-0.3035658121881055,-0.48700161353873894,0.8660254037844386,0.5000000000000001,-0.9659258262890683,-0.25881904510252063,-0.433883739117558,-0.9009688679024191
0.5290357831018656,-1.2202480043365496,-0.9295264117307949,-0.9272528622983084,0.9819013123125355,0.7655538498257208,0.6032306589335762,-0.6841423458248278,-0.6831906184550289,-0.5432381446834403,-0.6525136639846563,-0.6514128533997506,-0.2918498231041646,0.0,0.0,0.8787878787878787,0.8787878787878787,-0.7994564598334941,0.0019956982325457827,0.3906435119019356,0.9811223246574435,-0.613305454743353,-0.651087827846492,0.8660254037844386,0.5000000000000001,-1.0,-1.8369701987210297e-16,-0.433883739117558,-0.9009688679024191
0.5995824132306966,-0.9307434603453393,-0.9295264117307949,-0.9272528622983084,0.9819013123125355,0.6037680693207814,0.6032306589335762,-0.6841423458248278,-0.6406493109219744,-0.6826680894736445,-0.6525136639846563,-0.6514128533997506,-0.6505684099646967,0.0,0.0,0.8787878787878787,0.8787878787878787,-0.9310122059382657,0.0,0.388984097681609,1.1429319073690285,-0.6829968743182837,-0.651087827846492,0.8660254037844386,0.5000000000000001,-0.9659258262890684,0.2588190451025203,-0.433883739117558,-0.9009688679024191
0.6946341411422494,-0.9307434603453393,-0.9295264117307949,-1.085470348801107,0.9819013123125355,0.6037680693207814,0.7649949621659677,-0.6841423458248278,-0.4898210387593264,-0.6826680894736445,-0.6525136639846563,-0.6377523175850279,-0.6505684099646967,0.0,0.0,0.8787878787878787,0.8787878787878787,-0.9310122059382657,0.0,0.3625170606251654,1.1429319073690285,-0.6829968743182837,-0.651087827846492,0.8660254037844386,0.5000000000000001,-0.8660254037844386,0.5000000000000001,-0.433883739117558,-0.9009688679024191
0.6565985812625261,-0.9307434603453393,-0.9295264117307949,-1.085470348801107,0.9819013123125355,0.6037680693207814,0.7649949621659677,-0.6841423458248278,-0.056673180240952824,-0.6826680894736445,-0.6525136639846563,-0.6343371836313472,-0.6505684099646967,0.0,0.0,0.0,0.0,-0.9310122059382657,0.0,0.3204866256018245,1.1429319073690285,-0.6829968743182837,-0.651087827846492,0.8660254037844386,0.5000000000000001,-0.7071067811865477,0.7071067811865474,-0.433883739117558,-0.9009688679024191
0.4713975110505842,-0.9307434603453393,-0.7978589991593985,-1.2173182542201055,0.9819013123125355,0.6037680693207814,0.9806806998091566,-0.6841423458248278,0.1289616162669216,-0.6826680894736445,-0.6525136639846563,-0.6206766478166245,-0.6505684099646967,0.0,0.0,0.0,0.0,-0.9310122059382657,0.0,0.19748112517483174,1.1429319073690285,-0.6829968743182837,-0.651087827846492,0.8660254037844386,0.5000000000000001,-0.5000000000000004,0.8660254037844384,-0.433883739117558,-0.9009688679024191
0.3928150131394532,-0.9307434603453393,-0.350189796416651,-1.2173182542201055,0.766148316752265,0.17233932130760965,0.9806806998091566,-0.6841423458248278,1.637244337893401,-0.6826680894736445,-0.6525136639846563,1.2269108211246307,-0.6505684099646967,0.0,0.0,0.0,0.0,-0.9310122059382657,0.0,0.17893021307323176,1.1429319073690285,-0.6829968743182837,-0.651087827846492,0.8660254037844386,0.5000000000000001,-0.25881904510252157,0.9659258262890681,-0.433883739117558,-0.9009688679024191
0.2974486361698303,-0.9307434603453393,-0.1921889013309754,-0.9272528622983084,0.766148316752265,0.33412510181254906,0.6032306589335762,-0.6841423458248278,0.8676334107045052,-0.6826680894736445,-0.6525136639846563,-0.15621843011605016,-0.6505684099646967,0.0,0.0,0.0,0.0,-1.2204348473687636,0.0,0.17954397813904355,0.9811223246574435,-0.6829968743182837,-0.651087827846492,0.8660254037844386,0.5000000000000001,-2.4492935982947064e-16,1.0,-0.433883739117558,-0.9009688679024191
0.18187743957756863,-0.9307434603453393,-0.1921889013309754,-1.2173182542201055,0.6043335700820621,0.33412510181254906,1.1424450030415483,-0.6416504723217455,1.3549247515376754,-0.6826680894736445,-0.6525136639846563,0.4004484043339029,-0.6505684099646967,0.0,0.0,0.0,0.0,-0.9310122059382657,0.0,0.1644949483851903,0.9811223246574435,-0.6829968743182837,-0.651087827846492,0.8660254037844386,0.5000000000000001,0.25881904510252074,0.9659258262890683,-0.9749279121818236,-0.2225209339563146
0.1816543402050755,-0.9307434603453393,-0.350189796416651,-1.2173182542201055,0.6043335700820621,0.4959108823174885,1.1424450030415483,-0.49099746626536334,1.8924921830917283,-0.6826680894736445,-0.63886368888812,1.5513485467242965,-0.6505684099646967,0.0,0.0,0.0,0.0,-0.9310122059382657,0.0,0.16836421391640954,0.9811223246574435,-0.6829968743182837,-0.651087827846492,0.8660254037844386,0.5000000000000001,0.49999999999999994,0.8660254037844387,-0.9749279121818236,-0.2225209339563146
0.5531891389816168,-0.9307434603453393,-0.350189796416651,-1.2173182542201055,0.6043335700820621,0.33412510181254906,1.1424450030415483,-0.05835293605216302,1.1267486474967463,-0.6826680894736445,-0.6354511951139858,0.810264478775586,-0.6505684099646967,0.0,0.0,0.0,0.0,-0.9310122059382657,0.0,0.17061746875870243,0.9811223246574435,-0.6829968743182837,-0.651087827846492,0.8660254037844386,0.5000000000000001,0.7071067811865476,0.7071067811865476,-0.9749279121818236,-0.2225209339563146
0.3863966158077284,-0.7991504858038802,-0.5081906915023265,-1.2173182542201055,0.6043335700820621,0.4959108823174885,1.1424450030415483,0.12706614832492283,0.4847616429070142,-0.6826680894736445,-0.6218012200174495,0.21944630478882612,-0.6505684099646967,0.0,0.8787878787878787,0.0,0.0,-0.9310122059382657,0.0,0.18701026651786323,0.9811223246574435,-0.6829968743182837,-0.651087827846492,0.8660254037844386,0.5000000000000001,0.8660254037844386,0.5000000000000001,-0.9749279121818236,-0.2225209339563146
0.42127453013812527,-0.3517343723629195,-0.5081906915023265,-1.2173182542201055,0.17282757896152123,0.17233932130760965,1.1424450030415483,1.6335962088887455,-0.02186665589572637,-0.6826680894736445,1.2243579117890853,0.8375855504050316,-0.6505684099646967,0.0,0.8787878787878787,0.0,0.0,-0.9310122059382657,0.0,0.24394597822539987,0.7653762143753301,-0.6829968743182837,-0.651087827846492,0.8660254037844386,0.5000000000000001,0.9659258262890683,0.25881904510252074,-0.9749279121818236,-0.2225209339563146
0.5265030560563826,-0.19382280291316867,-0.9295264117307949,-1.2173182542201055,0.3346423256317241,0.6037680693207814,1.1424450030415483,0.8648795882420769,-0.5439645210741232,-0.6826680894736445,-0.15770206673521528,-0.2928237882632779,-0.6505684099646967,0.0,0.8787878787878787,0.0,0.0,-0.9310122059382657,0.0,0.3487291918251184,0.7653762143753301,-0.6829968743182837,-0.651087827846492,0.8660254037844386,0.5000000000000001,1.0,6.123233995736766e-17,-0.9749279121818236,-0.2225209339563146
0.6501973454209931,-0.19382280291316867,-0.9295264117307949,-1.085470348801107,0.3346423256317241,0.6037680693207814,0.4414663557011846,1.3516046847319272,-0.6831906184550289,-0.6090800630565923,0.398534418448639,-0.6514128533997506,-0.544661017653492,0.0,0.8787878787878787,0.0,0.0,-0.9310122059382657,0.03365523413638102,0.37727016372924527,0.6035666316637451,-0.6404076734669372,-0.651087827846492,0.8660254037844386,0.5000000000000001,0.9659258262890683,-0.25881904510252063,-0.9749279121818236,-0.2225209339563146
0.22245864567259124,-0.3517343723629195,-1.0875273068164708,-1.085470348801107,0.4964570723019269,0.7655538498257208,0.4414663557011846,1.8885474499072383,-0.6831906184550289,-0.16755190455427907,1.5485448203318226,-0.6514128533997506,0.25476897592140807,0.0,0.8787878787878787,0.0,0.0,-0.9310122059382657,0.1361509718571425,0.3748291888697447,0.6035666316637451,-0.48940959772125403,-0.6374139766541792,0.8660254037844386,0.5000000000000001,0.8660254037844387,-0.4999999999999998,-0.9749279121818236,-0.2225209339563146
0.14490586806364933,-0.3517343723629195,-1.0875273068164708,-0.7954049568793099,0.3346423256317241,0.7655538498257208,0.3336234868795902,1.1236937268517593,-0.6831906184550289,-0.14431358042257839,0.808033671344728,-0.6514128533997506,-0.5480773851474018,0.0,0.0,0.0,0.0,-0.9310122059382657,0.37985345827362205,0.37325838464389816,0.6035666316637451,-0.055774098143907484,-0.633995513856101,0.8660254037844386,0.5000000000000001,0.7071067811865476,-0.7071067811865475,-0.9749279121818236,-0.2225209339563146
0.14655337112206,-0.5096459418126703,-1.2191947193878672,-0.6371874703765118,0.4964570723019269,0.9812682238323067,0.1718591836471986,0.48245272671433737,-0.6831906184550289,0.6457894400552453,0.21767224841953303,-0.6514128533997506,-0.4011735829092791,0.8787878787878787,0.0,0.0,0.0,-0.7994564598334941,0.594241314295543,0.3534838094942484,0.6035666316637451,0.13006968738924102,-0.6203216626637883,0.8660254037844386,0.5000000000000001,0.49999999999999994,-0.8660254037844387,-0.9749279121818236,-0.2225209339563146
0.14984838067117937,-0.5096459418126703,-1.2191947193878672,-0.3471220784547151,0.17282757896152123,0.9812682238323067,-0.09774798840678739,-0.02358685773145942,-0.6831906184550289,0.5993127917918439,0.8353336215378007,-0.6514128533997506,-0.3533444379945415,0.8787878787878787,0.0,0.0,0.0,-0.3521669230772707,0.7371942962838076,0.34457865870795257,0.17207441109951835,1.6400504448460727,1.2290667110965114,0.8660254037844386,0.5000000000000001,0.258819045102521,-0.9659258262890682,-0.9749279121818236,-0.2225209339563146
0.14954519205625924,-0.9307434603453393,-0.9295264117307949,-0.18890459195191697,0.6043335700820621,0.6037680693207814,0.010094880414807005,-0.5450780325420134,-0.6831906184550289,1.532718811081822,-0.2942018177005783,-0.6514128533997506,0.2479362409335884,0.8787878787878787,0.0,0.0,0.0,-0.19430002775154487,0.806117943317487,0.32930439566523995,0.3338839938111034,0.8695730839898944,-0.15541072212515475,0.8660254037844386,0.5000000000000001,1.2246467991473532e-16,-1.0,-0.9749279121818236,-0.2225209339563146
0.1453005892026563,-0.9307434603453393,-1.2191947193878672,-0.05705668653291797,0.6043335700820621,1.1430540043372461,-0.09774798840678739,-0.6841423458248278,-0.6831906184550289,1.1918900571502118,-0.6525136639846563,-0.6514128533997506,-0.19277516578077955,0.8787878787878787,0.0,0.0,0.0,-0.19430002775154487,0.8418131881699693,0.3397082334101986,0.3338839938111034,1.3574130210144093,0.40179871396158984,0.8660254037844386,0.5000000000000001,-0.2588190451025208,-0.9659258262890683,-0.9749279121818236,-0.2225209339563146
0.14599276358656124,-1.0886550297950905,-1.2191947193878672,-0.05705668653291797,0.766148316752265,1.1430540043372461,-0.09774798840678739,-0.6841423458248278,-0.6831906184550289,1.0563331663819577,-0.6525136639846563,-0.6514128533997506,-0.21668973823814835,0.8787878787878787,0.0,0.0,0.0,-0.3521669230772707,0.7841486186362239,0.3501229297209547,0.4956935765226884,1.895585649954152,1.553820676913939,0.8660254037844386,0.5000000000000001,-0.4999999999999997,-0.8660254037844388,-0.9749279121818236,-0.2225209339563146
0.20544016561087958,-1.0886550297950905,-1.2191947193878672,-0.18890459195191697,0.766148316752265,1.1430540043372461,0.010094880414807005,-0.6841423458248278,-0.6831906184550289,1.1221750847551097,-0.6525136639846563,-0.6514128533997506,0.25476897592140807,0.0,0.0,0.0,0.0,-0.3521669230772707,0.6478812656409523,0.35283874922229364,0.3338839938111034,1.1289800346299144,0.8120142497309724,0.8660254037844386,0.5000000000000001,-0.7071067811865471,-0.7071067811865479,-0.9749279121818236,-0.2225209339563146
0.22540469004785293,-1.2202480043365496,-1.2191947193878672,-0.3471220784547151,0.9819013123125355,1.1430540043372461,0.010094880414807005,-0.6841423458248278,-0.6831906184550289,-0.01262974367627443,-0.6525136639846563,-0.6514128533997506,-0.43875362534228723,0.0,0.0,0.8787878787878787,0.8787878787878787,-0.5100338184029966,0.4149555550020819,0.36612615082230326,0.4956935765226884,0.48627027632777564,0.2206201856634459,0.8660254037844386,0.5000000000000001,-0.8660254037844385,-0.5000000000000004,-0.9749279121818236,-0.2225209339563146
0.26029972811316326,-1.2202480043365496,-1.2191947193878672,-0.5053395649575132,0.9819013123125355,1.1430540043372461,0.010094880414807005,-0.6841423458248278,-0.6831906184550289,-0.34183933554203433,-0.6525136639846563,-0.6514128533997506,-0.6266538375073278,0.0,0.0,0.8787878787878787,0.8787878787878787,-0.5100338184029966,0.056494890799650206,0.3871005462729329,0.17207441109951835,-0.020928388356442142,0.8393619521155978,0.8660254037844386,0.5000000000000001,-0.9659258262890683,-0.25881904510252063,-0.9749279121818236,-0.2225209339563146
0.28896513837426213,-0.9307434603453393,-1.2191947193878672,-0.6371874703765118,0.6043335700820621,1.1430540043372461,0.1718591836471986,-0.6841423458248278,-0.6831906184550289,-0.5897147929468417,-0.6525136639846563,-0.6514128533997506,-0.643735674976877,0.0,0.0,0.8787878787878787,0.8787878787878787,-0.9310122059382657,0.0,0.4172571395966461,0.6035666316637451,-0.5436140351684223,-0.29214923404828225,0.8660254037844386,0.5000000000000001,-1.0,-1.8369701987210297e-16,-0.9749279121818236,-0.2225209339563146
0.2246925087986824,-1.2202480043365496,-1.0875273068164708,-0.7954049568793099,1.1437160589827384,0.441982288815842,0.4414663557011846,-0.6841423458248278,-0.609710178170662,-0.6826680894736445,-0.6525136639846563,-0.5455437008356492,-0.6505684099646967,0.0,0.0,0.8787878787878787,0.8787878787878787,-0.9310122059382657,0.0,0.39549565178464363,0.6035666316637451,-0.6829968743182837,-0.651087827846492,0.8660254037844386,0.5000000000000001,-0.9659258262890684,0.2588190451025203,-0.9749279121818236,-0.2225209339563146
0.5141467487953223,-1.2202480043365496,-1.0875273068164708,-0.7954049568793099,1.1437160589827384,0.441982288815842,0.4414663557011846,-0.6841423458248278,-0.16882753646446028,-0.6826680894736445,-0.6525136639846563,0.25359764432563303,-0.6505684099646967,0.0,0.0,0.8787878787878787,0.8787878787878787,-1.088879101263992,0.0,0.37124125238805206,0.7653762143753301,-0.6829968743182837,-0.651087827846492,0.8660254037844386,0.5000000000000001,-0.8660254037844386,0.5000000000000001,-0.9749279121818236,-0.2225209339563146
0.583633656904811,-1.2202480043365496,-0.7978589991593985,-0.7954049568793099,1.1437160589827384,0.33412510181254906,0.4414663557011846,-0.6841423458248278,-0.14562318690097598,-0.6826680894736445,-0.6525136639846563,-0.5489588347893298,-0.6505684099646967,0.0,0.0,0.0,0.0,-1.088879101263992,0.0,0.3223248476202607,0.7653762143753301,-0.6829968743182837,-0.651087827846492,0.8660254037844386,0.5000000000000001,-0.7071067811865477,0.7071067811865474,-0.9749279121818236,-0.2225209339563146
0.40706478193635287,-1.2202480043365496,-0.6398581040737229,-0.7954049568793099,1.1437160589827384,0.17233932130760965,0.4414663557011846,-0.6841423458248278,0.6433246982574903,-0.6826680894736445,-0.6525136639846563,-0.4021080747810601,-0.6505684099646967,0.0,0.0,0.0,0.0,-1.2204348473687636,0.0,0.22890305385382537,0.9811223246574435,-0.6829968743182837,-0.651087827846492,0.8660254037844386,0.5000000000000001,-0.5000000000000004,0.8660254037844384,-0.9749279121818236,-0.2225209339563146
0.289451392037356,-1.2202480043365496,-0.350189796416651,-0.9272528622983084,1.1437160589827384,-0.09730364620062269,0.6032306589335762,-0.6841423458248278,0.5969159991305216,-0.6826680894736445,-0.6525136639846563,-0.35429619942953033,-0.6505684099646967,0.0,0.0,0.0,0.0,-1.2204348473687636,0.0,0.22586728568686854,0.9811223246574435,-0.6829968743182837,-0.651087827846492,0.8660254037844386,0.5000000000000001,-0.25881904510252157,0.9659258262890681,-0.9749279121818236,-0.2225209339563146
0.26173843418500664,-1.2202480043365496,-0.1921889013309754,-0.9272528622983084,1.1437160589827384,0.010553540802670241,1.1424450030415483,-0.6841423458248278,1.5289573732638075,-0.6826680894736445,-0.6525136639846563,0.24676737641827165,-0.6505684099646967,0.0,0.0,0.0,0.0,-0.9310122059382657,0.0,0.15847421170013531,0.6035666316637451,-0.6829968743182837,-0.651087827846492,0.8660254037844386,0.5000000000000001,-2.4492935982947064e-16,1.0,-0.9749279121818236,-0.2225209339563146
0.25345230382353806,-1.0886550297950905,-0.06052148875957856,-0.9272528622983084,0.44251882341185933,-0.09730364620062269,0.6032306589335762,-0.6107472915922313,1.1886269129993712,-0.6826680894736445,-0.5467263569864999,-0.19378490360653777,-0.6505684099646967,0.0,0.0,0.0,0.0,-1.2204348473687636,0.0,0.13578726676428104,1.1429319073690285,-0.6829968743182837,-0.651087827846492,0.8660254037844386,0.5000000000000001,0.25881904510252074,0.9659258262890683,-0.7818314824680299,0.6234898018587334
0.25234825024273233,-1.0886550297950905,-0.06052148875957856,-0.9272528622983084,0.44251882341185933,-0.09730364620062269,0.6032306589335762,-0.17037696619665238,1.0532682072123793,-0.6826680894736445,0.25179718616087376,-0.21769084128230262,-0.6505684099646967,0.0,0.0,0.0,0.0,-1.2204348473687636,0.0,0.08983178801088332,1.1429319073690285,-0.6829968743182837,-0.651087827846492,0.8660254037844386,0.5000000000000001,0.49999999999999994,0.8660254037844387,-0.7818314824680299,0.6234898018587334
0.17675760415648303,-0.7991504858038802,-0.1921889013309754,-0.9272528622983084,0.3346423256317241,0.010553540802670241,0.6032306589335762,-0.14719958064951666,1.1190138643089182,-0.6826680894736445,-0.550138850760634,0.25359764432563303,-0.6505684099646967,0.0,0.0,0.0,0.0,-1.2204348473687636,0.0,0.07525554635821369,1.1429319073690285,-0.6829968743182837,-0.651087827846492,0.8660254037844386,0.5000000000000001,0.7071067811865476,0.7071067811865476,-0.7818314824680299,0.6234898018587334
0.17532175032430952,-0.6412389163541294,-0.350189796416651,-0.9272528622983084,0.17282757896152123,0.010553540802670241,0.6032306589335762,0.6408315279530982,-0.01413187270789827,-0.6826680894736445,-0.4034016184728687,-0.43967454827154767,-0.6505684099646967,0.0,0.8787878787878787,0.0,0.0,-1.2204348473687636,0.0,0.07820103477010082,1.1429319073690285,-0.6829968743182837,-0.651087827846492,0.8660254037844386,0.5000000000000001,0.8660254037844386,0.5000000000000001,-0.7818314824680299,0.6234898018587334
0.17326808627753004,-0.3517343723629195,-0.5081906915023265,-0.9272528622983084,-0.09686366548881685,0.010553540802670241,0.6032306589335762,0.5944767568588267,-0.3428601581905925,-0.6826680894736445,-0.35562670563499166,-0.6275069157239859,-0.6505684099646967,0.0,0.8787878787878787,0.0,0.0,-1.2204348473687636,0.0,0.09036585530131308,1.1429319073690285,-0.6829968743182837,-0.651087827846492,0.8660254037844386,0.5000000000000001,0.9659258262890683,0.25881904510252074,-0.7818314824680299,0.6234898018587334
0.17076823035036043,-0.19382280291316867,-0.6398581040737229,-0.9272528622983084,0.01101283229131838,0.17233932130760965,0.6032306589335762,1.5254350763354452,-0.5903732202010917,-0.6826680894736445,0.24497219861260564,-0.6445825854923893,-0.6505684099646967,0.0,0.8787878787878787,0.0,0.0,-1.2204348473687636,0.0,0.18075563017917096,1.1429319073690285,-0.6829968743182837,-0.651087827846492,0.8660254037844386,0.5000000000000001,1.0,6.123233995736766e-17,-0.7818314824680299,0.6234898018587334
0.17465245220683018,-0.06222982837170911,-0.7978589991593985,-0.9272528622983084,-0.09686366548881685,0.441982288815842,0.6032306589335762,1.1855000883107878,-0.6831906184550289,-0.6090800630565923,-0.19523949825069012,-0.6514128533997506,-0.6505684099646967,0.0,0.8787878787878787,0.0,0.0,-1.088879101263992,0.03419850577017561,0.18005691220188813,0.44175704895216006,-0.6094337092114124,-0.5451154811060681,0.8660254037844386,0.5000000000000001,0.9659258262890683,-0.25881904510252063,-0.7818314824680299,0.6234898018587334
0.17432065195546237,-0.06222982837170911,-0.7978589991593985,-0.9272528622983084,-0.09686366548881685,0.441982288815842,0.6032306589335762,1.0502986726191628,-0.6831906184550289,-0.4773962263102884,-0.21912695466962864,-0.6514128533997506,-0.6471520424707868,0.0,0.8787878787878787,0.0,0.0,-1.088879101263992,0.1327361113239856,0.18709170576134493,0.44175704895216006,-0.16805471857018472,0.25480481364422775,0.8660254037844386,0.5000000000000001,0.8660254037844387,-0.4999999999999998,-0.7818314824680299,0.6234898018587334
0.17391450812858375,-0.19382280291316867,-0.7978589991593985,-0.9272528622983084,0.01101283229131838,0.441982288815842,0.7649949621659677,1.1159679316693807,-0.6831906184550289,-0.1714249585762292,0.25179718616087376,-0.6514128533997506,-0.6369029399890573,0.0,0.0,0.0,0.0,-0.7994564598334941,0.3727132757465295,0.20553943587804335,0.3338839938111034,-0.14482424537854116,-0.5485339439041463,0.8660254037844386,0.5000000000000001,0.7071067811865476,-0.7071067811865475,-0.7818314824680299,0.6234898018587334
0.7711057414368112,-0.3517343723629195,-0.7978589991593985,-0.5053395649575132,0.01101283229131838,0.441982288815842,0.3336234868795902,-0.015861062549080842,-0.6831906184550289,0.9130301675698034,-0.44093904998834355,-0.6514128533997506,0.23085440346403924,0.8787878787878787,0.0,0.0,0.0,-0.6415895645077683,0.5755815491258949,0.19548768200710542,0.17207441109951835,0.6450118431373401,-0.40154004358678425,0.8660254037844386,0.5000000000000001,0.49999999999999994,-0.8660254037844387,-0.7818314824680299,0.6234898018587334
0.7968079561293507,-0.5096459418126703,-0.9295264117307949,-0.18890459195191697,0.01101283229131838,0.6037680693207814,0.1718591836471986,-0.34420735780017037,-0.6831906184550289,0.35918344243093675,-0.6286262075657176,-0.6514128533997506,-0.6198211025195082,0.8787878787878787,0.0,0.0,0.0,-0.3521669230772707,0.7186398374575634,0.18570534349510692,-0.09760822675312336,0.5985508967540529,-0.35368156441368964,0.8660254037844386,0.5000000000000001,0.258819045102521,-0.9659258262890682,-0.7818314824680299,0.6234898018587334
0.3434242786904972,-0.6412389163541294,-0.9295264117307949,0.1011607999698797,0.17282757896152123,1.1430540043372461,-0.09774798840678739,-0.5914328036362848,-0.6831906184550289,0.2584840378602337,-0.645688676436388,-0.6514128533997506,-0.6164047350255983,0.8787878787878787,0.0,0.0,0.0,-0.19430002775154487,0.8317737616878732,0.17707933980124824,0.010264828387933323,1.531641569951736,0.2479678880480714,0.8660254037844386,0.5000000000000001,1.2246467991473532e-16,-1.0,-0.7818314824680299,0.6234898018587334
0.2942451625770958,-0.7991504858038802,-0.9295264117307949,-0.05705668653291797,0.44251882341185933,0.6037680693207814,0.010094880414807005,-0.6841423458248278,-0.6831906184550289,0.4947403331991908,-0.6525136639846563,-0.6514128533997506,-0.6198211025195082,0.8787878787878787,0.0,0.0,0.0,-0.06274428164677277,0.6473656969595564,0.18265293406386884,-0.09760822675312336,1.1909279631409637,-0.19301381290401481,0.8660254037844386,0.5000000000000001,-0.2588190451025208,-0.9659258262890683,-0.7818314824680299,0.6234898018587334
0.3021022591160681,-0.7991504858038802,-0.9295264117307949,-0.18890459195191697,0.44251882341185933,0.6037680693207814,0.3336234868795902,-0.6841423458248278,-0.6831906184550289,0.45213673895773954,-0.6525136639846563,-0.6514128533997506,-0.623237470013418,0.8787878787878787,0.0,0.0,0.0,-0.06274428164677277,0.4948583362922886,0.19309259995399453,-0.09760822675312336,1.055416869523043,-0.21694305249056212,0.8660254037844386,0.5000000000000001,-0.4999999999999997,-0.8660254037844388,-0.7818314824680299,0.6234898018587334
0.2410674192490103,-0.7991504858038802,-0.9295264117307949,-0.3471220784547151,0.44251882341185933,0.6037680693207814,0.3336234868795902,-0.6841423458248278,-0.6831906184550289,0.27010319992608406,-0.6525136639846563,-0.6514128533997506,-0.6334865724951475,0.0,0.0,0.0,0.0,-0.19430002775154487,0.1857385302166807,0.20839946430392464,0.010264828387933323,1.121236543566033,0.25480481364422775,0.8660254037844386,0.5000000000000001,-0.7071067811865471,-0.7071067811865479,-0.7818314824680299,0.6234898018587334
0.23356212982667146,-0.7991504858038802,-0.9295264117307949,-0.5053395649575132,0.44251882341185933,0.6037680693207814,0.3336234868795902,-0.6841423458248278,-0.6831906184550289,-0.32634711945423384,-0.6525136639846563,-0.6514128533997506,-0.6300702050012377,0.0,0.0,0.8787878787878787,0.8787878787878787,-0.3521669230772707,0.056941150211895254,0.21651739467972264,0.010264828387933323,-0.013184897292560954,-0.43914313436564434,0.8660254037844386,0.5000000000000001,-0.8660254037844385,-0.5000000000000004,-0.7818314824680299,0.6234898018587334
0.23144553459535874,-0.9307434603453393,-0.9295264117307949,-0.6371874703765118,0.6043335700820621,0.6037680693207814,0.6032306589335762,-0.6841423458248278,-0.6831906184550289,-0.5161267665297895,-0.6525136639846563,-0.6514128533997506,-0.643735674976877,0.0,0.0,0.8787878787878787,0.8787878787878787,-0.5100338184029966,0.0075947407178212556,0.23884742060659736,0.010264828387933323,-0.3422832675075114,-0.6271585882599446,0.8660254037844386,0.5000000000000001,-0.9659258262890683,-0.25881904510252063,-0.7818314824680299,0.6234898018587334
0.3887477399640019,-0.9307434603453393,-0.9295264117307949,-0.7954049568793099,1.1437160589827384,0.6037680693207814,0.818916396576765,-0.6841423458248278,-0.6831906184550289,-0.6284453331663429,-0.6525136639846563,-0.6514128533997506,-0.6505684099646967,0.0,0.0,0.8787878787878787,0.8787878787878787,-0.6415895645077683,0.0,0.2784346783254882,0.17207441109951835,-0.5900749815517095,-0.6442509022503355,0.8660254037844386,0.5000000000000001,-1.0,-1.8369701987210297e-16,-0.7818314824680299,0.6234898018587334
0.532572491646548,-0.9307434603453393,-0.9295264117307949,-0.9272528622983084,0.6043335700820621,0.6037680693207814,0.9806806998091566,-0.6841423458248278,-0.609710178170662,-0.6826680894736445,-0.6525136639846563,-0.6514128533997506,-0.6505684099646967,0.0,0.0,0.8787878787878787,0.8787878787878787,-0.7994564598334941,0.0,0.2782986901547688,0.44175704895216006,-0.6829968743182837,-0.651087827846492,0.8660254037844386,0.5000000000000001,-0.9659258262890684,0.2588190451025203,-0.7818314824680299,0.6234898018587334
0.7330587520046203,-0.9307434603453393,-0.9295264117307949,-0.9272528622983084,0.6043335700820621,0.6037680693207814,1.1424450030415483,-0.6841423458248278,-0.4782188639775843,-0.6826680894736445,-0.6525136639846563,-0.64799771944607,-0.6505684099646967,0.0,0.0,0.8787878787878787,0.8787878787878787,-0.7994564598334941,0.0,0.25823272641633466,0.44175704895216006,-0.6829968743182837,-0.651087827846492,0.8660254037844386,0.5000000000000001,-0.8660254037844386,0.5000000000000001,-0.7818314824680299,0.6234898018587334
0.9335450123626926,-0.9307434603453393,-0.9295264117307949,-0.9272528622983084,0.6043335700820621,0.7655538498257208,0.9806806998091566,-0.6841423458248278,-0.17269492805837433,-0.6826680894736445,-0.6525136639846563,-0.6377523175850279,-0.6505684099646967,0.0,0.0,0.0,0.0,-0.7994564598334941,0.0,0.23604732429316755,0.44175704895216006,-0.6829968743182837,-0.651087827846492,0.8660254037844386,0.5000000000000001,-0.7071067811865477,0.7071067811865474,-0.7818314824680299,0.6234898018587334
0.47620272830428195,-0.9307434603453393,-0.5081906915023265,-0.9272528622983084,0.6043335700820621,0.33412510181254906,0.9806806998091566,-0.6841423458248278,0.9101747182375597,-0.6826680894736445,-0.6525136639846563,0.22969170664986818,-0.6505684099646967,0.0,0.0,0.0,0.0,-0.7994564598334941,0.0,0.194574025890611,0.44175704895216006,-0.6829968743182837,-0.651087827846492,0.8660254037844386,0.5000000000000001,-0.5000000000000004,0.8660254037844384,-0.7818314824680299,0.6234898018587334
0.8126880321714889,-0.9307434603453393,-0.1921889013309754,-0.9272528622983084,0.6043335700820621,0.17233932130760965,0.9806806998091566,-0.6841423458248278,0.3571377203078505,-0.6826680894736445,-0.6525136639846563,-0.6206766478166245,-0.6505684099646967,0.0,0.0,0.0,0.0,-0.9310122059382657,0.0,0.1391834061446267,0.6035666316637451,-0.6829968743182837,-0.651087827846492,0.8660254037844386,0.5000000000000001,-0.25881904510252157,0.9659258262890681,-0.7818314824680299,0.6234898018587334
0.3275126941523669,-0.9307434603453393,0.09747940632609654,-0.5053395649575132,0.6043335700820621,-0.09730364620062269,1.1424450030415483,-0.6841423458248278,0.25658553886608526,-0.6826680894736445,-0.6525136639846563,-0.6172615138629437,-0.6505684099646967,0.0,0.0,0.0,0.0,-0.9310122059382657,0.0,0.09612729763026656,1.1429319073690285,-0.6829968743182837,-0.651087827846492,0.8660254037844386,0.5000000000000001,-2.4492935982947064e-16,1.0,-0.7818314824680299,0.6234898018587334
0.6140895700574925,-0.9307434603453393,-0.06052148875957856,-0.9272528622983084,0.6043335700820621,0.010553540802670241,0.9806806998091566,-0.6107472915922313,0.4924964260948423,-0.6826680894736445,-0.6525136639846563,-0.6206766478166245,-0.6505684099646967,0.0,0.0,0.0,0.0,-0.9310122059382657,0.0,0.07727974692575812,0.6035666316637451,-0.6829968743182837,-0.651087827846492,0.8660254037844386,0.5000000000000001,0.25881904510252074,0.9659258262890683,-2.4492935982947064e-16,1.0
0.17307932704691067,-0.9307434603453393,-0.1921889013309754,-1.085470348801107,0.6043335700820621,0.33412510181254906,1.3042093062739397,-0.47940877349179545,0.44995511856178777,-0.6826680894736445,-0.6491011702105222,-0.6240917817703051,-0.6505684099646967,0.0,0.0,0.0,0.0,-0.9310122059382657,0.0,0.08620449435013966,0.6035666316637451,-0.6829968743182837,-0.651087827846492,0.8660254037844386,0.5000000000000001,0.49999999999999994,0.8660254037844387,-2.4492935982947064e-16,1.0
0.17301639243007938,-0.9307434603453393,-0.350189796416651,-1.085470348801107,0.766148316752265,0.33412510181254906,0.9806806998091566,-0.17423986378784168,0.2681877136478274,-0.6826680894736445,-0.63886368888812,-0.6343371836313472,-0.6505684099646967,0.0,0.0,0.0,0.0,-0.9310122059382657,0.0,0.07334408024029387,0.6035666316637451,-0.6829968743182837,-0.651087827846492,0.8660254037844386,0.5000000000000001,0.7071067811865476,0.7071067811865476,-2.4492935982947064e-16,1.0
0.17285622767441758,-0.5096459418126703,-0.5081906915023265,-1.085470348801107,0.3346423256317241,0.33412510181254906,1.1424450030415483,0.9073714617451591,-0.32739059181493635,-0.6826680894736445,0.22790972974193524,-0.6309220496776665,-0.6505684099646967,0.0,0.8787878787878787,0.0,0.0,-0.9310122059382657,0.0,0.07141125552832883,0.6035666316637451,-0.6829968743182837,-0.651087827846492,0.8660254037844386,0.5000000000000001,0.8660254037844386,0.5000000000000001,-2.4492935982947064e-16,1.0
0.17289053349331093,-0.19382280291316867,-0.6398581040737229,-1.085470348801107,0.17282757896152123,0.6037680693207814,1.1424450030415483,0.3549771062050909,-0.5168927799167248,-0.6826680894736445,-0.6218012200174495,-0.6445825854923893,-0.6505684099646967,0.0,0.8787878787878787,0.0,0.0,-0.9310122059382657,0.0,0.10490168465014188,0.6035666316637451,-0.6829968743182837,-0.651087827846492,0.8660254037844386,0.5000000000000001,0.9659258262890683,0.25881904510252074,-2.4492935982947064e-16,1.0
0.17271320381515928,0.09568174107804124,-0.7978589991593985,-1.085470348801107,-0.09686366548881685,0.8194824433273673,1.1424450030415483,0.25454176883416935,-0.6290471361402322,-0.6826680894736445,-0.6183887262433154,-0.6514128533997506,-0.6505684099646967,0.0,0.8787878787878787,0.0,0.0,-0.9310122059382657,0.0,0.1600989502174197,0.6035666316637451,-0.6829968743182837,-0.651087827846492,0.8660254037844386,0.5000000000000001,1.0,6.123233995736766e-17,-2.4492935982947064e-16,1.0
0.15131855061914035,-0.06222982837170911,-0.9295264117307949,-1.085470348801107,0.01101283229131838,0.9812682238323067,1.1424450030415483,0.49017852189671596,-0.6831906184550289,-0.6206992251224427,-0.6218012200174495,-0.6514128533997506,-0.6505684099646967,0.0,0.8787878787878787,0.0,0.0,-0.9310122059382657,0.045063975699101075,0.1426742557797661,0.6035666316637451,-0.6094337092114124,-0.651087827846492,0.8660254037844386,0.5000000000000001,0.9659258262890683,-0.25881904510252063,-2.4492935982947064e-16,1.0
0.2740518033976072,-0.19382280291316867,-0.9295264117307949,-1.085470348801107,0.3346423256317241,1.1430540043372461,1.3042093062739397,0.44768664839363376,-0.6831906184550289,-0.35733155162983476,-0.6252137137915836,-0.6514128533997506,-0.6505684099646967,0.0,0.8787878787878787,0.0,0.0,-0.9310122059382657,0.1501984708587612,0.12609366117392257,0.6035666316637451,-0.4777943611254322,-0.6476693650484138,0.8660254037844386,0.5000000000000001,0.8660254037844387,-0.4999999999999998,-2.4492935982947064e-16,1.0
0.37481837618898284,-0.3517343723629195,-0.9295264117307949,-0.7954049568793099,0.3346423256317241,0.9812682238323067,0.9806806998091566,0.26613046160773723,-0.6831906184550289,0.07257744480662813,-0.6354511951139858,-0.6514128533997506,-0.6505684099646967,0.0,0.0,0.0,0.0,-0.9310122059382657,0.22658935544588266,0.15364553041712203,0.7653762143753301,-0.1719264641021253,-0.6374139766541792,0.8660254037844386,0.5000000000000001,0.7071067811865476,-0.7071067811865475,-2.4492935982947064e-16,1.0
0.3596132615560873,-0.5096459418126703,-0.9295264117307949,-0.6371874703765118,0.3346423256317241,0.9812682238323067,0.6032306589335762,-0.32875576743541324,-0.6831906184550289,0.43664452286993904,-0.6320387013398517,-0.6514128533997506,-0.6471520424707868,0.8787878787878787,0.0,0.0,0.0,-0.5100338184029966,0.1576324387922013,0.16413703059303597,0.3338839938111034,0.912162284841241,0.23087557405768044,0.8660254037844386,0.5000000000000001,0.49999999999999994,-0.8660254037844387,-2.4492935982947064e-16,1.0
0.2719638335319344,-0.6412389163541294,-0.9295264117307949,-0.5053395649575132,0.6043335700820621,0.9812682238323067,0.4953877901119818,-0.5180377494036883,-0.6831906184550289,0.5915666837479437,-0.645688676436388,-0.6514128533997506,-0.6505684099646967,0.8787878787878787,0.0,0.0,0.0,-0.19430002775154487,0.44790120665769184,0.17630379234898275,0.17207441109951835,0.35850267377373607,-0.6203216626637883,0.8660254037844386,0.5000000000000001,0.258819045102521,-0.9659258262890682,-2.4492935982947064e-16,1.0
0.19232878710436133,-0.7991504858038802,-0.5081906915023265,-0.5053395649575132,0.8200865656423326,1.1430540043372461,0.4953877901119818,-0.6300617795481778,-0.6831906184550289,0.765854114735699,-0.6525136639846563,-0.6514128533997506,-0.643735674976877,0.8787878787878787,0.0,0.0,0.0,0.09512261367895261,0.3150431448670429,0.1652905227206013,-0.09760822675312336,0.25783728994328065,-0.6169031998657101,0.8660254037844386,0.5000000000000001,1.2246467991473532e-16,-1.0,-2.4492935982947064e-16,1.0
0.14501455864562993,-0.9307434603453393,-0.9295264117307949,-0.5053395649575132,0.9819013123125355,0.9812682238323067,0.4953877901119818,-0.6841423458248278,-0.6831906184550289,0.7116313584283973,-0.6525136639846563,-0.6514128533997506,-0.6505684099646967,0.8787878787878787,0.0,0.0,0.0,-0.06274428164677277,0.45876669255220326,0.16101875269191268,0.010264828387933323,0.49401376739165687,-0.6203216626637883,0.8660254037844386,0.5000000000000001,-0.2588190451025208,-0.9659258262890683,-2.4492935982947064e-16,1.0
0.18846745181121133,-0.9307434603453393,-1.0875273068164708,-0.5053395649575132,1.1437160589827384,1.3048397848421855,0.6571520933443734,-0.6841423458248278,-0.6831906184550289,0.6651547101649959,-0.6525136639846563,-0.6514128533997506,-0.6471520424707868,0.8787878787878787,0.0,0.0,0.0,-0.19430002775154487,0.2294886659241605,0.18305949003565247,0.3338839938111034,0.4514245665403103,-0.6237401254618664,0.8660254037844386,0.5000000000000001,-0.4999999999999997,-0.8660254037844388,-2.4492935982947064e-16,1.0
0.22323663093975313,-0.9307434603453393,-1.0875273068164708,-0.18890459195191697,0.9819013123125355,0.9812682238323067,0.1718591836471986,-0.6841423458248278,-0.6831906184550289,0.5218517113528416,-0.6525136639846563,-0.6514128533997506,-0.6505684099646967,0.0,0.0,0.0,0.0,-0.3521669230772707,0.13404994067188294,0.214405608510698,0.3338839938111034,0.2694525265391024,-0.633995513856101,0.8660254037844386,0.5000000000000001,-0.7071067811865471,-0.7071067811865479,-2.4492935982947064e-16,1.0
0.22370570938346304,-0.9307434603453393,-1.0875273068164708,-0.05705668653291797,0.9819013123125355,1.1430540043372461,0.010094880414807005,-0.6841423458248278,-0.6831906184550289,0.12292714709197965,-0.6525136639846563,-0.6514128533997506,-0.643735674976877,0.0,0.0,0.8787878787878787,0.8787878787878787,-0.5100338184029966,0.15766570309034136,0.27428965132069605,0.3338839938111034,-0.3267962853797491,-0.6305770510580229,0.8660254037844386,0.5000000000000001,-0.8660254037844385,-0.5000000000000004,-2.4492935982947064e-16,1.0
0.5437703399705968,-0.9307434603453393,-1.0875273068164708,-0.05705668653291797,0.9819013123125355,1.1430540043372461,0.010094880414807005,-0.6841423458248278,-0.6831906184550289,-0.2140285528176805,-0.6525136639846563,-0.6514128533997506,-0.6471520424707868,0.0,0.0,0.8787878787878787,0.8787878787878787,-0.6415895645077683,0.0018681953342597631,0.296427219412739,0.6035666316637451,-0.5165118164448381,-0.6442509022503355,0.8660254037844386,0.5000000000000001,-0.9659258262890683,-0.25881904510252063,-2.4492935982947064e-16,1.0
0.8638349705577304,-0.5096459418126703,-1.0875273068164708,-0.3471220784547151,1.1437160589827384,1.1430540043372461,0.818916396576765,-0.6841423458248278,-0.6831906184550289,-0.5587303607712408,-0.6525136639846563,-0.6514128533997506,-0.6505684099646967,0.0,0.0,0.8787878787878787,0.8787878787878787,-0.7994564598334941,0.0,0.3292095880931113,0.8193127419458585,-0.6287924368711154,-0.651087827846492,0.8660254037844386,0.5000000000000001,-1.0,-1.8369701987210297e-16,-2.4492935982947064e-16,1.0
0.7715919950999051,-0.9307434603453393,-1.0875273068164708,-0.5053395649575132,0.9819013123125355,1.1430540043372461,0.9806806998091566,-0.6841423458248278,-0.6213123529524042,-0.6826680894736445,-0.6525136639846563,-0.6514128533997506,-0.6505684099646967,0.0,0.0,0.8787878787878787,0.8787878787878787,-0.9310122059382657,0.0,0.34742754685996136,0.9811223246574435,-0.6829968743182837,-0.651087827846492,0.8660254037844386,0.5000000000000001,-0.9659258262890684,0.2588190451025203,-2.4492935982947064e-16,1.0
0.7224529510661016,-1.0886550297950905,-1.0875273068164708,-0.5053395649575132,1.305530805652941,1.3048397848421855,1.1424450030415483,-0.6841423458248278,-0.35832972456624873,-0.6826680894736445,-0.6525136639846563,-0.6514128533997506,-0.6505684099646967,0.0,0.0,0.8787878787878787,0.8787878787878787,-0.9310122059382657,0.0,0.30816865831714646,1.1429319073690285,-0.6829968743182837,-0.651087827846492,0.8660254037844386,0.5000000000000001,-0.8660254037844386,0.5000000000000001,-2.4492935982947064e-16,1.0
0.7629197106153333,-1.0886550297950905,-0.7978589991593985,-0.5053395649575132,0.9819013123125355,0.9812682238323067,1.1424450030415483,-0.6841423458248278,0.07095074235821083,-0.6826680894736445,-0.6525136639846563,-0.6514128533997506,-0.6505684099646967,0.0,0.0,0.0,0.0,-0.9310122059382657,0.0,0.2870967406529388,0.9811223246574435,-0.6829968743182837,-0.651087827846492,0.8660254037844386,0.5000000000000001,-0.7071067811865477,0.7071067811865474,-2.4492935982947064e-16,1.0
0.4231279367558569,-1.0886550297950905,-0.6398581040737229,-0.5053395649575132,1.1437160589827384,0.6037680693207814,1.1424450030415483,-0.6841423458248278,0.43448555218613155,-0.6826680894736445,-0.6525136639846563,-0.64799771944607,-0.6505684099646967,0.0,0.0,0.0,0.0,-0.9310122059382657,0.0,0.21869154077260844,0.9811223246574435,-0.6829968743182837,-0.651087827846492,0.8660254037844386,0.5000000000000001,-0.5000000000000004,0.8660254037844384,-2.4492935982947064e-16,1.0
0.6367370051729152,-1.0886550297950905,-0.5081906915023265,-0.5053395649575132,1.1437160589827384,0.4959108823174885,1.1424450030415483,-0.6841423458248278,0.5891812159426936,-0.6826680894736445,-0.6525136639846563,-0.6514128533997506,-0.6505684099646967,0.0,0.0,0.0,0.0,-0.9310122059382657,0.0,0.17202513839933564,0.9811223246574435,-0.6829968743182837,-0.651087827846492,0.8660254037844386,0.5000000000000001,-0.25881904510252157,0.9659258262890681,-2.4492935982947064e-16,1.0
0.3157542245636273,-1.0886550297950905,-0.5081906915023265,-0.7426657947117107,1.1437160589827384,0.4959108823174885,0.9806806998091566,-0.6841423458248278,0.7632138376688258,-0.6826680894736445,-0.6525136639846563,-0.6445825854923893,-0.6505684099646967,0.0,0.0,0.0,0.0,-0.5100338184029966,0.0,0.1517246398836043,1.1429319073690285,-0.6829968743182837,-0.651087827846492,0.8660254037844386,0.5000000000000001,-2.4492935982947064e-16,1.0,-2.4492935982947064e-16,1.0
0.20457064438733277,-1.0886550297950905,-0.5081906915023265,-0.5053395649575132,1.1437160589827384,0.4959108823174885,1.1424450030415483,-0.6223359843657992,0.7090703553540291,-0.6826680894736445,-0.6525136639846563,-0.6514128533997506,-0.6505684099646967,0.0,0.0,0.0,0.0,-0.9310122059382657,0.0,0.1332993951932509,0.9811223246574435,-0.6829968743182837,-0.651087827846492,0.8660254037844386,0.5000000000000001,0.25881904510252074,0.9659258262890683,0.7818314824680298,0.6234898018587336
0.17367424726589883,-1.0886550297950905,-0.5081906915023265,-0.5053395649575132,1.305530805652941,0.6576966628224279,1.3042093062739397,-0.3596589481649275,0.6626616562270605,-0.6826680894736445,-0.6525136639846563,-0.64799771944607,-0.6505684099646967,0.0,0.0,0.0,0.0,-1.088879101263992,0.0,0.1375720871756394,1.3047414900806136,-0.6829968743182837,-0.651087827846492,0.8660254037844386,0.5000000000000001,0.49999999999999994,0.8660254037844387,0.7818314824680298,0.6234898018587336
0.17235281252113194,-0.7991504858038802,-0.1921889013309754,-0.6371874703765118,0.9819013123125355,0.17233932130760965,1.5198950439171286,0.0691226844570835,0.5195681672522406,-0.6826680894736445,-0.6525136639846563,-0.6514128533997506,-0.6505684099646967,0.0,0.0,0.0,0.0,-1.088879101263992,0.0,0.14313090456923827,0.9811223246574435,-0.6829968743182837,-0.651087827846492,0.8660254037844386,0.5000000000000001,0.7071067811865476,0.7071067811865476,0.7818314824680298,0.6234898018587336
0.17190661377614574,-0.6412389163541294,-0.06052148875957856,-0.6371874703765118,0.6043335700820621,0.010553540802670241,1.5198950439171286,0.43223505802887663,0.12122683307909349,-0.6826680894736445,-0.6491011702105222,-0.6445825854923893,-0.6505684099646967,0.0,0.8787878787878787,0.0,0.0,-1.088879101263992,0.0,0.133032592036461,1.1429319073690285,-0.6829968743182837,-0.651087827846492,0.8660254037844386,0.5000000000000001,0.8660254037844386,0.5000000000000001,0.7818314824680298,0.6234898018587336
0.516515068764768,-0.5096459418126703,-0.06052148875957856,-0.5053395649575132,0.4964570723019269,0.010553540802670241,1.5198950439171286,0.5867509616764481,-0.21523623559142888,-0.6826680894736445,-0.6525136639846563,-0.64799771944607,-0.6505684099646967,0.0,0.8787878787878787,0.0,0.0,-1.088879101263992,0.0,0.19546473560391064,1.1429319073690285,-0.6829968743182837,-0.651087827846492,0.8660254037844386,0.5000000000000001,0.9659258262890683,0.25881904510252074,0.7818314824680298,0.6234898018587336
0.3890852721530938,-0.5096459418126703,-0.350189796416651,-0.5053395649575132,0.4964570723019269,0.8194824433273673,1.5198950439171286,0.7605813532799661,-0.5594340874497793,-0.6826680894736445,-0.645688676436388,-0.6514128533997506,-0.6505684099646967,0.0,0.8787878787878787,0.0,0.0,-1.088879101263992,0.0,0.2920125465605825,1.1429319073690285,-0.6829968743182837,-0.651087827846492,0.8660254037844386,0.5000000000000001,1.0,6.123233995736766e-17,0.7818314824680298,0.6234898018587336
0.4343629808937473,-0.5096459418126703,-0.5081906915023265,-0.5053395649575132,0.4964570723019269,0.9812682238323067,1.5198950439171286,0.7065007870033161,-0.6831906184550289,-0.6439375492541434,-0.6525136639846563,-0.6514128533997506,-0.6505684099646967,0.0,0.8787878787878787,0.0,0.0,-1.088879101263992,0.05207109305084039,0.3319864614172363,1.1429319073690285,-0.6210489458072342,-0.651087827846492,0.8660254037844386,0.5000000000000001,0.9659258262890683,-0.25881904510252063,0.7818314824680298,0.6234898018587336
0.5701218321861578,-0.5096459418126703,-0.5081906915023265,-0.5053395649575132,0.6582718189721298,1.1430540043372461,1.5198950439171286,0.6601460159090446,-0.6831906184550289,-0.5045076044639392,-0.6491011702105222,-0.6514128533997506,-0.6471520424707868,0.0,0.8787878787878787,0.0,0.0,-1.088879101263992,0.08370291003669104,0.33016181260604704,1.3047414900806136,-0.3577702496352738,-0.651087827846492,0.8660254037844386,0.5000000000000001,0.8660254037844387,-0.4999999999999998,0.7818314824680298,0.6234898018587336
0.17855382182429957,-0.19382280291316867,-0.5081906915023265,-0.18890459195191697,0.17282757896152123,1.1430540043372461,1.358130740684737,0.5172188050350409,-0.6831906184550289,-0.24501298499328142,-0.6525136639846563,-0.6514128533997506,-0.6505684099646967,0.0,0.0,0.0,0.0,-0.7994564598334941,0.11527375178921,0.31438595553099735,0.9811223246574435,0.07199350441013211,-0.651087827846492,0.8660254037844386,0.5000000000000001,0.7071067811865476,-0.7071067811865475,0.7818314824680298,0.6234898018587336
0.4502831461769735,-0.06222982837170911,-0.5081906915023265,0.23300870538887822,0.01101283229131838,1.1430540043372461,0.9806806998091566,0.11934035314254425,-0.6831906184550289,0.301087632101685,-0.645688676436388,-0.6514128533997506,-0.6505684099646967,0.8787878787878787,0.0,0.0,0.0,-0.6415895645077683,0.18516199960660795,0.3165690906724561,0.6035666316637451,0.43593758441254793,-0.6476693650484138,0.8660254037844386,0.5000000000000001,0.49999999999999994,-0.8660254037844387,0.7818314824680298,0.6234898018587336
0.1406212171565348,-0.06222982837170911,-0.5081906915023265,0.5230740973106753,0.01101283229131838,1.1430540043372461,0.818916396576765,-0.21673173729092385,-0.6831906184550289,0.4637559010235899,-0.6491011702105222,-0.6514128533997506,-0.1176150809147633,0.8787878787878787,0.0,0.0,0.0,-0.5100338184029966,0.2820863971292599,0.3008517776573433,0.4956935765226884,0.5908074056901716,-0.651087827846492,0.8660254037844386,0.5000000000000001,0.258819045102521,-0.9659258262890682,0.7818314824680298,0.6234898018587336
0.43322462492634634,-0.3517343723629195,-0.7451920341308401,0.23300870538887822,0.8200865656423326,0.9812682238323067,1.1424450030415483,-0.5605296229067706,-0.6831906184550289,0.4598828470016398,-0.6525136639846563,-0.6514128533997506,-0.10394961093912398,0.8787878787878787,0.0,0.0,0.0,-0.5100338184029966,0.19021776846239064,0.3032645817093502,0.4956935765226884,0.7650359546274984,-0.6442509022503355,0.8660254037844386,0.5000000000000001,1.2246467991473532e-16,-1.0,0.7818314824680298,0.6234898018587336
0.13982606353458504,-0.5096459418126703,-0.5081906915023265,0.23300870538887822,0.9819013123125355,1.1430540043372461,1.1424450030415483,-0.6841423458248278,-0.6831906184550289,-0.05523333791772571,-0.6525136639846563,-0.6514128533997506,-0.6369029399890573,0.8787878787878787,0.0,0.0,0.0,-0.5100338184029966,0.12875025757811856,0.30950103507229676,0.4956935765226884,0.7108315171803301,-0.651087827846492,0.8660254037844386,0.5000000000000001,-0.2588190451025208,-0.9659258262890683,0.7818314824680298,0.6234898018587336
0.31608602481499515,-0.5096459418126703,-0.5081906915023265,0.23300870538887822,1.1437160589827384,1.3048397848421855,0.9806806998091566,-0.6841423458248278,-0.6831906184550289,0.049339120674927434,-0.6525136639846563,-0.6514128533997506,-0.6129883675316885,0.8787878787878787,0.0,0.0,0.0,-0.5100338184029966,0.07738319896696273,0.3245641194981067,0.6575031592342735,0.664370570797043,-0.6476693650484138,0.8660254037844386,0.5000000000000001,-0.4999999999999997,-0.8660254037844388,0.7818314824680298,0.6234898018587336
0.260156707686203,-0.5096459418126703,-0.6398581040737229,0.1011607999698797,1.1437160589827384,1.5205541588487714,1.1424450030415483,-0.6841423458248278,-0.6831906184550289,-0.13656747237867814,-0.6525136639846563,-0.6514128533997506,-0.6266538375073278,0.0,0.0,0.0,0.0,-0.19430002775154487,0.048733841230550724,0.3544874073161226,0.17207441109951835,0.521115986115241,-0.651087827846492,0.8660254037844386,0.5000000000000001,-0.7071067811865471,-0.7071067811865479,0.7818314824680298,0.6234898018587336
0.8165093468695116,-0.5096459418126703,-0.6398581040737229,-0.05705668653291797,1.1437160589827384,1.5205541588487714,1.1424450030415483,-0.6841423458248278,-0.6831906184550289,-0.3147279573883835,-0.6525136639846563,-0.6514128533997506,-0.6505684099646967,0.0,0.0,0.8787878787878787,0.8787878787878787,-0.06274428164677277,0.00919684268831515,0.3809248394148729,0.010264828387933323,0.12232619632535983,-0.6442509022503355,0.8660254037844386,0.5000000000000001,-0.8660254037844385,-0.5000000000000004,0.7818314824680298,0.6234898018587336
0.9209598737914151,-0.5096459418126703,-0.5081906915023265,-0.05705668653291797,1.1437160589827384,1.5205541588487714,1.1424450030415483,-0.6841423458248278,-0.6831906184550289,-0.4735231722883383,-0.6525136639846563,-0.6514128533997506,-0.643735674976877,0.0,0.0,0.8787878787878787,0.8787878787878787,-0.06274428164677277,0.0,0.4013670114824722,0.010264828387933323,-0.21451566495347185,-0.6476693650484138,0.8660254037844386,0.5000000000000001,-0.9659258262890683,-0.25881904510252063,0.7818314824680298,0.6234898018587336
0.664338413339018,-0.7465132959872968,-0.5081906915023265,-0.18890459195191697,0.9819013123125355,1.5205541588487714,1.1424450030415483,-0.6841423458248278,-0.6831906184550289,-0.6245722791443928,-0.6525136639846563,-0.6514128533997506,-0.6505684099646967,0.0,0.0,0.8787878787878787,0.8787878787878787,-0.3521669230772707,0.0,0.4256354962828106,0.8193127419458585,-0.5591010172961847,-0.651087827846492,0.8660254037844386,0.5000000000000001,-1.0,-1.8369701987210297e-16,0.7818314824680298,0.6234898018587336
0.37655738431309604,-0.5096459418126703,-0.5081906915023265,-0.18890459195191697,1.1437160589827384,1.5205541588487714,1.1424450030415483,-0.6841423458248278,-0.6445167025158884,-0.6826680894736445,-0.6525136639846563,-0.6514128533997506,-0.6505684099646967,0.0,0.0,0.8787878787878787,0.8787878787878787,-0.5100338184029966,0.0,0.42965639246585574,0.9811223246574435,-0.6829968743182837,-0.651087827846492,0.8660254037844386,0.5000000000000001,-0.9659258262890684,0.2588190451025203,0.7818314824680298,0.6234898018587336
0.7322635915180744,-0.5096459418126703,-0.5081906915023265,-0.05705668653291797,1.305530805652941,1.5205541588487714,0.9806806998091566,-0.6841423458248278,-0.5052906051349826,-0.6826680894736445,-0.6525136639846563,-0.64799771944607,-0.6505684099646967,0.0,0.0,0.8787878787878787,0.8787878787878787,-0.5100338184029966,0.0,0.4232532191421968,1.1429319073690285,-0.6829968743182837,-0.651087827846492,0.8660254037844386,0.5000000000000001,-0.8660254037844386,0.5000000000000001,0.7818314824680298,0.6234898018587336
0.789125306138178,-0.6412389163541294,-0.1921889013309754,-0.05705668653291797,1.5212838012132117,1.358768378343832,0.9806806998091566,-0.6841423458248278,-0.24617536834274129,-0.6826680894736445,-0.6525136639846563,-0.6514128533997506,-0.6505684099646967,0.0,0.0,0.0,0.0,-0.5100338184029966,0.0,0.36561692506211774,1.1429319073690285,-0.6829968743182837,-0.651087827846492,0.8660254037844386,0.5000000000000001,-0.7071067811865477,0.7071067811865474,0.7818314824680298,0.6234898018587336
0.4166237319731731,-0.6412389163541294,0.22914681889749292,-0.2943829162871159,1.5212838012132117,0.9812682238323067,0.6571520933443734,-0.6841423458248278,0.2991268463991398,-0.6826680894736445,-0.6525136639846563,-0.6514128533997506,-0.6505684099646967,0.0,0.0,0.0,0.0,-0.5100338184029966,0.0,0.2811160270023848,1.1429319073690285,-0.6829968743182837,-0.651087827846492,0.8660254037844386,0.5000000000000001,-0.5000000000000004,0.8660254037844384,0.7818314824680298,0.6234898018587336
0.7258623556765412,-0.5096459418126703,0.5188151265545653,-0.5053395649575132,1.5212838012132117,0.8194824433273673,0.818916396576765,-0.6841423458248278,0.4615572933435299,-0.6826680894736445,-0.6525136639846563,-0.11865195662556252,-0.6505684099646967,0.0,0.0,0.0,0.0,-0.5100338184029966,0.0,0.2586411775151677,1.1429319073690285,-0.6829968743182837,-0.651087827846492,0.8660254037844386,0.5000000000000001,-0.25881904510252157,0.9659258262890681,0.7818314824680298,0.6234898018587336
0.7126279979313089,-0.5096459418126703,0.22914681889749292,-0.9272528622983084,1.5212838012132117,1.1430540043372461,0.279702052468793,-0.6841423458248278,0.4576899017496158,-0.6826680894736445,-0.6525136639846563,-0.10499142081083974,-0.6505684099646967,0.0,0.0,0.0,0.0,-0.7468341613915856,0.0,0.1457060032041988,0.9811223246574435,-0.6829968743182837,-0.651087827846492,0.8660254037844386,0.5000000000000001,-2.4492935982947064e-16,1.0,0.7818314824680298,0.6234898018587336
0.19119041740776818,-0.5096459418126703,0.22914681889749292,-0.9799920244659082,1.5212838012132117,1.1430540043372461,0.9806806998091566,-0.6455133699129348,-0.056673180240952824,-0.6826680894736445,-0.6525136639846563,-0.6377523175850279,-0.6505684099646967,0.0,0.0,0.0,0.0,-0.5100338184029966,0.0,0.11164329181109967,1.1429319073690285,-0.6829968743182837,-0.651087827846492,0.8660254037844386,0.5000000000000001,0.25881904510252074,0.9659258262890683,0.9749279121818236,-0.22252093395631434
0.1749156064974309,-0.5096459418126703,0.22914681889749292,-1.2173182542201055,1.5212838012132117,0.9812682238323067,0.9806806998091566,-0.5064490566301205,0.04774639279472653,-0.6826680894736445,-0.6491011702105222,-0.613846379909263,-0.6505684099646967,0.0,0.0,0.0,0.0,-0.5100338184029966,0.0,0.09536929803008715,1.3047414900806136,-0.6829968743182837,-0.651087827846492,0.8660254037844386,0.5000000000000001,0.49999999999999994,0.8660254037844387,0.9749279121818236,-0.22252093395631434
0.17390306484692386,-0.19382280291316867,0.09747940632609654,-1.4282749028905029,1.3594690545430088,1.1430540043372461,0.9806806998091566,-0.24763491802043816,-0.13788840371314787,-0.6826680894736445,-0.6525136639846563,-0.6275069157239859,-0.6505684099646967,0.0,0.0,0.0,0.0,-0.6415895645077683,0.0,0.11081442982516115,1.520487600362727,-0.6829968743182837,-0.651087827846492,0.8660254037844386,0.5000000000000001,0.7071067811865476,0.7071067811865476,0.9749279121818236,-0.22252093395631434
0.17299349900216357,0.22727471561950033,-0.06052148875957856,-1.6656011326447004,0.9819013123125355,1.1430540043372461,0.7649949621659677,0.29703364233725155,-0.31578841703319416,-0.6826680894736445,-0.6525136639846563,-0.6514128533997506,-0.6505684099646967,0.0,0.8787878787878787,0.0,0.0,-0.6415895645077683,0.0,0.12523611618399055,1.520487600362727,-0.6829968743182837,-0.651087827846492,0.8660254037844386,0.5000000000000001,0.8660254037844386,0.5000000000000001,0.9749279121818236,-0.22252093395631434
0.17159770695269375,0.5167792596107107,-0.06052148875957856,-1.955666524566497,0.8200865656423326,1.1430540043372461,0.7649949621659677,0.45927534116720165,-0.47435147238367026,-0.6826680894736445,-0.12016463521974045,-0.6445825854923893,-0.6505684099646967,0.0,0.8787878787878787,0.0,0.0,-0.5100338184029966,0.0,0.19521375931896712,1.520487600362727,-0.6829968743182837,-0.651087827846492,0.8660254037844386,0.5000000000000001,0.9659258262890683,0.25881904510252074,0.9749279121818236,-0.22252093395631434
0.16974426601198173,0.22727471561950033,-0.1921889013309754,-2.1138840110692954,1.1437160589827384,1.1430540043372461,0.7649949621659677,0.45541244357601235,-0.6251797445463182,-0.6826680894736445,-0.10651466012320415,-0.6514128533997506,-0.6505684099646967,0.0,0.8787878787878787,0.0,0.0,-0.5100338184029966,0.0,0.32730713663358946,1.520487600362727,-0.6829968743182837,-0.651087827846492,0.8660254037844386,0.5000000000000001,1.0,6.123233995736766e-17,0.9749279121818236,-0.22252093395631434
0.30239115564195646,0.22727471561950033,-0.1921889013309754,-2.1138840110692954,1.1437160589827384,1.1430540043372461,0.7649949621659677,-0.05835293605216302,-0.6831906184550289,-0.597460900990742,-0.63886368888812,-0.6514128533997506,-0.5924901625682295,0.0,0.8787878787878787,0.0,0.0,-0.5100338184029966,0.03937069168665558,0.37513287017452623,1.520487600362727,-0.6442794189988778,-0.651087827846492,0.8660254037844386,0.5000000000000001,0.9659258262890683,-0.25881904510252063,0.9749279121818236,-0.22252093395631434
0.2539957327073548,0.22727471561950033,-0.06052148875957856,-1.8238186191474985,0.9819013123125355,0.9812682238323067,0.4414663557011846,0.04594529890994777,-0.6831906184550289,-0.09396387813722687,-0.6149762324691814,-0.6514128533997506,0.9448752096911934,0.0,0.8787878787878787,0.0,0.0,-0.5100338184029966,0.15007650708744288,0.36108895434418686,1.520487600362727,-0.5048965798490164,-0.6476693650484138,0.8660254037844386,0.5000000000000001,0.8660254037844387,-0.4999999999999998,0.9749279121818236,-0.22252093395631434
0.565310882994736,0.09568174107804124,-0.06052148875957856,-1.085470348801107,1.1437160589827384,0.9812682238323067,-0.6908837669255565,-0.13947378546713807,-0.6831906184550289,0.6729008182088961,-0.6286262075657176,-0.6514128533997506,1.7203906308087247,0.0,0.0,0.0,0.0,-0.19430002775154487,0.4110528473664447,0.36487398403903504,1.358678017651142,-0.24548962920899658,-0.651087827846492,0.8660254037844386,0.5000000000000001,0.7071067811865476,-0.7071067811865475,0.9749279121818236,-0.22252093395631434
0.7221897967755009,-0.06222982837170911,-0.2975228313880926,-0.18890459195191697,1.1437160589827384,0.6576966628224279,-0.9604909389795426,-0.31716707466184535,-0.6831906184550289,1.3506852720501665,-0.6525136639846563,-0.6514128533997506,1.8809599030224866,0.8787878787878787,0.0,0.0,0.0,0.22667835978372425,0.7505433221914832,0.3337525661684888,0.9811223246574435,0.30042649079462713,-0.651087827846492,0.8660254037844386,0.5000000000000001,0.49999999999999994,-0.8660254037844387,0.9749279121818236,-0.22252093395631434
0.1535438192709435,-0.06222982837170911,-0.5081906915023265,-0.05705668653291797,1.1437160589827384,0.8194824433273673,-0.7448052013363538,-0.47554587590060615,-0.6831906184550289,1.9858661316499853,-0.645688676436388,-0.6514128533997506,2.372916822145502,0.8787878787878787,0.0,0.0,0.0,0.5161010012142222,0.6069638905280224,0.32343943842365985,0.8193127419458585,0.4630398031361321,-0.11780763134629468,0.8660254037844386,0.5000000000000001,0.258819045102521,-0.9659258262890682,0.9749279121818236,-0.22252093395631434
0.15408154710771854,-0.19382280291316867,-0.9295264117307949,0.1011607999698797,1.1437160589827384,0.2801965083109026,-0.9604909389795426,-0.6261988819569885,-0.6831906184550289,2.2298685350328427,-0.6525136639846563,-0.6514128533997506,2.389998659615051,0.8787878787878787,0.0,0.0,0.0,0.22667835978372425,0.6341164825728179,0.3443436629538055,1.1429319073690285,0.4591680576041915,-0.10413378015398193,0.8660254037844386,0.5000000000000001,1.2246467991473532e-16,-1.0,0.9749279121818236,-0.22252093395631434
0.15734794845268824,-0.19382280291316867,-0.9821933767593537,-0.05705668653291797,1.1437160589827384,0.9812682238323067,-0.47519802928236776,-0.6841423458248278,-0.6831906184550289,2.3692984798230468,-0.6525136639846563,-0.6514128533997506,2.526653359371444,0.8787878787878787,0.0,0.0,0.0,0.22667835978372425,0.7413797278357223,0.3518388904348686,1.1429319073690285,-0.055774098143907484,-0.6374139766541792,0.8660254037844386,0.5000000000000001,-0.2588190451025208,-0.9659258262890683,0.9749279121818236,-0.22252093395631434
0.15512267636858704,-0.06222982837170911,-1.2191947193878672,-0.05705668653291797,0.9819013123125355,0.9812682238323067,-0.6369623325147594,-0.6841423458248278,-0.6831906184550289,2.1136769143743392,-0.6525136639846563,-0.6514128533997506,2.454909641999338,0.8787878787878787,0.0,0.0,0.0,0.22667835978372425,0.7948311256121207,0.35449130000952167,0.9811223246574435,0.04876303121848855,-0.6134847370676318,0.8660254037844386,0.5000000000000001,-0.4999999999999997,-0.8660254037844388,0.9749279121818236,-0.22252093395631434
0.15412730993746393,-0.06222982837170911,-1.4298625795021012,-0.18890459195191697,0.9819013123125355,0.9812682238323067,-0.259512291639179,-0.6841423458248278,-0.6831906184550289,1.6217990535866746,-0.6525136639846563,-0.6514128533997506,2.311422207255125,0.0,0.0,0.0,0.0,0.09512261367895261,0.611149322079937,0.3540581354295691,1.1429319073690285,-0.13708075431465996,-0.6271585882599446,0.8660254037844386,0.5000000000000001,-0.7071067811865471,-0.7071067811865479,0.9749279121818236,-0.22252093395631434
0.15150160193812193,-0.29909718254633605,-1.6668639221306147,-0.18890459195191697,0.6582718189721298,0.7655538498257208,-0.259512291639179,-0.6841423458248278,-0.6831906184550289,0.8084577089771502,-0.6525136639846563,-0.6514128533997506,1.7955507156747408,0.0,0.0,0.8787878787878787,0.8787878787878787,-0.06274428164677277,0.3155420694251793,0.36251557525531586,1.1429319073690285,-0.3151810487839273,-0.651087827846492,0.8660254037844386,0.5000000000000001,-0.8660254037844385,-0.5000000000000004,0.9749279121818236,-0.22252093395631434
0.1523768379379026,-0.5096459418126703,-1.9565322297876868,-0.3471220784547151,0.8200865656423326,0.7655538498257208,-0.259512291639179,-0.6841423458248278,-0.6831906184550289,0.10356187698222906,-0.6525136639846563,-0.6514128533997506,0.9312097397155541,0.0,0.0,0.8787878787878787,0.8787878787878787,-0.06274428164677277,0.021836264827771776,0.3822753991457688,1.1429319073690285,-0.47392261559349164,-0.6442509022503355,0.8660254037844386,0.5000000000000001,-0.9659258262890683,-0.25881904510252063,0.9749279121818236,-0.22252093395631434
0.9704708073176744,-0.9307434603453393,-2.114533124873362,-0.6371874703765118,0.2807040767416565,0.7655538498257208,0.010094880414807005,-0.6841423458248278,-0.6831906184550289,-0.5083806584858893,-0.6525136639846563,-0.6514128533997506,-0.4899991377509347,0.0,0.0,0.8787878787878787,0.8787878787878787,-0.19430002775154487,0.0,0.4031832090514136,1.1429319073690285,-0.6249206913391748,-0.651087827846492,0.8660254037844386,0.5000000000000001,-1.0,-1.8369701987210297e-16,0.9749279121818236,-0.22252093395631434
0.5344087710970682,-0.9833806501619232,-2.114533124873362,-0.7954049568793099,0.9819013123125355,0.7655538498257208,0.3336234868795902,-0.6841423458248278,-0.5981080033889198,-0.6826680894736445,-0.6525136639846563,-0.5933555761871789,-0.6505684099646967,0.0,0.0,0.8787878787878787,0.8787878787878787,-0.19430002775154487,0.0,0.37051726263546503,1.1429319073690285,-0.6829968743182837,-0.651087827846492,0.8660254037844386,0.5000000000000001,-0.9659258262890684,0.2588190451025203,0.9749279121818236,-0.22252093395631434
0.23846458408379587,-1.2202480043365496,-1.8248648172162902,-0.9272528622983084,0.9819013123125355,0.441982288815842,0.279702052468793,-0.6841423458248278,-0.09534709618009332,-0.6826680894736445,-0.6525136639846563,0.9434547029691331,-0.6505684099646967,0.0,0.0,0.8787878787878787,0.8787878787878787,-0.06274428164677277,0.0,0.35385417878331504,0.9811223246574435,-0.6829968743182837,-0.651087827846492,0.8660254037844386,0.5000000000000001,-0.8660254037844386,0.5000000000000001,0.9749279121818236,-0.22252093395631434
0.383347602491316,-1.430796763602884,-1.0875273068164708,-0.7954049568793099,0.9819013123125355,-0.6905181747187339,0.3336234868795902,-0.6841423458248278,0.6703964394148886,-0.6826680894736445,-0.6525136639846563,1.7186901104546504,-0.6505684099646967,0.0,0.0,0.0,0.0,-0.06274428164677277,0.0,0.2788590843452927,0.9811223246574435,-0.6829968743182837,-0.651087827846492,0.8660254037844386,0.5000000000000001,-0.7071067811865477,0.7071067811865474,0.9749279121818236,-0.22252093395631434
0.4302671166756365,-1.6676641177775104,-0.1921889013309754,-0.7954049568793099,0.766148316752265,-0.9601611422269661,0.3336234868795902,-0.6841423458248278,1.3471899683498472,-0.6826680894736445,-0.6525136639846563,1.879201406277643,-0.6505684099646967,0.0,0.0,0.0,0.0,-0.2995446246353623,0.0,0.18975056901189657,0.6575031592342735,-0.6829968743182837,-0.651087827846492,0.8660254037844386,0.5000000000000001,-0.5000000000000004,0.8660254037844384,0.9749279121818236,-0.22252093395631434
0.22071200411764072,-1.9571686617687203,-0.06052148875957856,-0.6371874703765118,0.766148316752265,-0.7444467682203804,0.1718591836471986,-0.6841423458248278,1.9814421897517516,-0.6826680894736445,-0.6525136639846563,2.370980695607663,-0.6505684099646967,0.0,0.0,0.0,0.0,-0.5100338184029966,0.0,0.16990134122238865,0.8193127419458585,-0.6829968743182837,-0.651087827846492,0.8660254037844386,0.5000000000000001,-0.25881904510252157,0.9659258262890681,0.9749279121818236,-0.22252093395631434
0.2905239851743421,-2.115080231218471,0.09747940632609654,-0.9272528622983084,0.766148316752265,-0.9601611422269661,0.4414663557011846,-0.6841423458248278,2.225087860168337,-0.6826680894736445,-0.6525136639846563,2.3880563653760665,-0.6505684099646967,0.0,0.0,0.0,0.0,-0.9310122059382657,0.0,0.120248628376188,0.27994746624057504,-0.6829968743182837,-0.651087827846492,0.8660254037844386,0.5000000000000001,-2.4492935982947064e-16,1.0,0.9749279121818236,-0.22252093395631434
0.32128022440537973,-2.115080231218471,-0.06052148875957856,-0.9272528622983084,0.766148316752265,-0.47480380071214795,0.279702052468793,-0.5991585988186634,2.3643139575492422,-0.6826680894736445,-0.5945012698243769,2.524661723523294,-0.6505684099646967,0.0,0.0,0.0,0.0,-0.9836345043801746,0.0,0.08999948114494555,0.9811223246574435,-0.6829968743182837,-0.651087827846492,1.0,6.123233995736766e-17,0.25881904510252074,0.9659258262890683,0.43388373911755823,-0.900968867902419
0.21091468098205668,-1.8255756872272613,-0.06052148875957856,-0.9272528622983084,0.44251882341185933,-0.6365895812170874,0.279702052468793,-0.0969819119640559,2.109066112350915,-0.6826680894736445,0.9411209285359571,2.4529439104959994,-0.6505684099646967,0.0,0.0,0.0,0.0,-1.2204348473687636,0.0,0.12841806011004947,0.9811223246574435,-0.6829968743182837,-0.651087827846492,1.0,6.123233995736766e-17,0.49999999999999994,0.8660254037844387,0.43388373911755823,-0.900968867902419
0.4933928095387193,-1.0886550297950905,-0.1921889013309754,-0.9272528622983084,-0.6901844032795607,-0.2590894267055621,0.279702052468793,0.6678718110914232,1.6179073799238308,-0.6826680894736445,1.7157570152643922,2.3095082844414105,-0.6505684099646967,0.0,0.0,0.0,0.0,-1.430924041136398,0.0,0.09604721058554455,0.9811223246574435,-0.6829968743182837,-0.651087827846492,1.0,6.123233995736766e-17,0.7071067811865476,0.7071067811865476,0.43388373911755823,-0.900968867902419
0.4838166980117073,-0.19382280291316867,-0.1921889013309754,-1.085470348801107,-0.9598756477298988,-0.2590894267055621,0.6032306589335762,1.3438788895495488,0.8057551452018804,-0.6826680894736445,1.8761442226486937,1.7938230574356258,-0.6505684099646967,0.0,0.8787878787878787,0.0,0.0,-1.6677243841249871,0.0,0.10366300912268056,0.7653762143753301,-0.6829968743182837,-0.651087827846492,1.0,6.123233995736766e-17,0.8660254037844386,0.5000000000000001,0.43388373911755823,-0.900968867902419
0.17079111691368018,-0.06222982837170911,-0.350189796416651,-1.2173182542201055,-0.7441226521696283,-0.2590894267055621,0.6032306589335762,1.977394094504592,0.10188987510952323,-0.6826680894736445,2.3675433261240006,0.9297941671544103,-0.6505684099646967,0.0,0.8787878787878787,0.0,0.0,-1.9571470255554846,0.0,0.10818281542840341,0.7653762143753301,-0.6829968743182837,-0.651087827846492,1.0,6.123233995736766e-17,0.9659258262890683,0.25881904510252074,0.43388373911755823,-0.900968867902419
0.5368171116616411,0.09568174107804124,-0.6398581040737229,-1.085470348801107,-0.9598756477298988,0.010553540802670241,0.4414663557011846,2.220756642749517,-0.5091579967288967,-0.6826680894736445,2.384605794994671,-0.4909015575767581,-0.6505684099646967,0.0,0.8787878787878787,0.0,0.0,-2.11501392088121,0.0,0.17585273162332427,0.7653762143753301,-0.6829968743182837,-0.651087827846492,1.0,6.123233995736766e-17,1.0,6.123233995736766e-17,0.43388373911755823,-0.900968867902419
0.299239139061413,-0.06222982837170911,-0.7978589991593985,-1.085470348801107,-0.47443140771929015,0.33412510181254906,0.4414663557011846,2.3598209560323316,-0.6831906184550289,-0.6284453331663429,2.521105545960034,-0.6514128533997506,-0.6471520424707868,0.0,0.8787878787878787,0.0,0.0,-2.11501392088121,0.03152094663577432,0.18115440076415612,0.7653762143753301,-0.5978184726155906,-0.5929739602791627,1.0,6.123233995736766e-17,0.9659258262890683,-0.25881904510252063,0.43388373911755823,-0.900968867902419
0.1933184215977604,-0.06222982837170911,-0.9295264117307949,-0.9272528622983084,-0.6362461543894931,0.2801965083109026,0.010094880414807005,2.1048697150138382,-0.6831906184550289,-0.44641179413468746,2.4494431767032183,-0.6514128533997506,-0.6061556325438688,0.0,0.8787878787878787,0.0,0.0,-1.825591279450713,0.14597977766963754,0.18067375556866438,0.44175704895216006,-0.09449155346331342,0.9453342988560218,1.0,6.123233995736766e-17,0.8660254037844387,-0.4999999999999998,0.43388373911755823,-0.900968867902419
0.14270920418369784,-0.19382280291316867,-0.7978589991593985,-0.6371874703765118,-0.2586784121590197,0.33412510181254906,-0.529119463693165,1.6142817209327989,-0.6831906184550289,0.057085228718827666,2.3061184381895874,-0.6514128533997506,-0.623237470013418,0.0,0.0,0.0,0.0,-1.088879101263992,0.40396258390447554,0.22040732221774728,-0.6909100300289351,0.6721140618609242,1.7213253540197704,1.0,6.123233995736766e-17,0.7071067811865476,-0.7071067811865475,0.43388373911755823,-0.900968867902419
0.15012295764965172,-0.19382280291316867,-0.7978589991593985,-0.3471220784547151,-0.2586784121590197,0.33412510181254906,-0.7448052013363538,0.8030732267830484,-0.6831906184550289,0.7968385469112998,1.7908318782953419,-0.6514128533997506,-0.3533444379945415,0.8787878787878787,0.0,0.0,0.0,-0.19430002775154487,0.628650504597663,0.25803734393948863,-0.9605926678815769,1.3496695299505281,1.8819931055294452,1.0,6.123233995736766e-17,0.49999999999999994,-0.8660254037844387,0.43388373911755823,-0.900968867902419
0.1585092115771972,-0.3517343723629195,-0.6398581040737229,0.1011607999698797,-0.2586784121590197,0.17233932130760965,-1.1761766766227313,0.10002586518659781,-0.6831906184550289,0.7464888446259483,0.9274709534394208,-0.6514128533997506,-0.322597130549353,0.8787878787878787,0.0,0.0,0.0,-0.06274428164677277,0.785107684683511,0.26480651239410524,-0.7448465575994635,1.9846357971887856,2.3742517484527044,1.0,6.123233995736766e-17,0.258819045102521,-0.9659258262890682,0.43388373911755823,-0.900968867902419
0.15137003165741764,-0.6412389163541294,-0.9295264117307949,0.1011607999698797,0.01101283229131838,0.441982288815842,-0.9604909389795426,-0.5103119542213098,-0.6831906184550289,1.8115787006622304,-0.49212645660035464,-0.6514128533997506,1.0063698245815704,0.8787878787878787,0.0,0.0,0.0,0.09512261367895261,0.8742322415852848,0.25213620513715673,-0.9605926678815769,2.228555765701043,2.3913440624430953,1.0,6.123233995736766e-17,1.2246467991473532e-16,-1.0,0.43388373911755823,-0.900968867902419
0.26416107027090935,-0.7991504858038802,-0.9295264117307949,-0.05705668653291797,0.3346423256317241,0.2801965083109026,-0.8526480701579482,-0.6841423458248278,-0.6831906184550289,1.4552577306428196,-0.6525136639846563,-0.6514128533997506,0.3435945307630636,0.8787878787878787,0.0,0.0,0.0,-0.06274428164677277,0.8931026327463959,0.2330440088964434,-0.47516391974682176,2.367938604850904,2.5280825743662225,1.0,6.123233995736766e-17,-0.2588190451025208,-0.9659258262890683,0.43388373911755823,-0.900968867902419
0.2790343468971586,-0.9307434603453393,-0.9295264117307949,0.23300870538887822,0.2807040767416565,0.2801965083109026,-1.1761766766227313,-0.6841423458248278,-0.6831906184550289,1.772848160442729,-0.6525136639846563,-0.6514128533997506,1.2216009766978895,0.8787878787878787,0.0,0.0,0.0,-0.06274428164677277,0.8367131148134241,0.25805356008067504,-0.6369735024584068,2.112403399742825,2.456294855606581,1.0,6.123233995736766e-17,-0.4999999999999997,-0.8660254037844388,0.43388373911755823,-0.900968867902419
0.1430638635400011,-0.7991504858038802,-0.9295264117307949,-0.05705668653291797,0.3346423256317241,0.2801965083109026,-1.068333807801137,-0.6841423458248278,-0.6831906184550289,1.13379424682096,-0.6525136639846563,-0.6514128533997506,0.2923490183544162,0.0,0.0,0.0,0.0,-0.19430002775154487,0.7088664774638305,0.2607718893448633,-0.2594178094647084,1.6206917171863697,2.3127194180872968,1.0,6.123233995736766e-17,-0.7071067811865471,-0.7071067811865479,0.43388373911755823,-0.900968867902419
0.14225728379788166,-0.7991504858038802,-1.0875273068164708,-0.05705668653291797,0.3346423256317241,0.6037680693207814,-0.9604909389795426,-0.6841423458248278,-0.6831906184550289,0.7813463308234994,-0.6525136639846563,-0.6514128533997506,1.1430245243379635,0.0,0.0,0.8787878787878787,0.8787878787878787,-0.19430002775154487,0.48762668426287104,0.26166905273406127,-0.2594178094647084,0.807625155478845,1.7965315355774905,1.0,6.123233995736766e-17,-0.8660254037844385,-0.5000000000000004,0.43388373911755823,-0.900968867902419
0.16146098789018298,-0.6412389163541294,-1.2191947193878672,-0.3471220784547151,0.17282757896152123,0.6037680693207814,-0.529119463693165,-0.6841423458248278,-0.6831906184550289,0.057085228718827666,-0.6525136639846563,-0.6514128533997506,0.38459094068998156,0.0,0.0,0.8787878787878787,0.8787878787878787,-0.3521669230772707,0.08555447894288237,0.3006390624509411,-0.2594178094647084,0.10296746866565687,0.931660447663709,1.0,6.123233995736766e-17,-0.9659258262890683,-0.25881904510252063,0.43388373911755823,-0.900968867902419
0.520994217704822,-0.9307434603453393,-1.0875273068164708,-0.6371874703765118,0.44251882341185933,0.441982288815842,-0.4212765948715706,-0.6841423458248278,-0.6831906184550289,-0.5354920366395401,-0.6525136639846563,-0.6514128533997506,-0.37384264295800046,0.0,0.0,0.8787878787878787,0.8787878787878787,-0.6415895645077683,0.0,0.29221701540333656,0.010264828387933323,-0.508768325380957,-0.4904200763368171,1.0,6.123233995736766e-17,-1.0,-1.8369701987210297e-16,0.43388373911755823,-0.900968867902419
0.9241976978229174,-0.9307434603453393,-1.0875273068164708,-0.6371874703765118,0.2807040767416565,0.441982288815842,-0.259512291639179,-0.6841423458248278,-0.6290471361402322,-0.6826680894736445,-0.6525136639846563,-0.64799771944607,-0.6505684099646967,0.0,0.0,0.8787878787878787,0.8787878787878787,-0.7994564598334941,0.0,0.28741271467371765,0.3338839938111034,-0.6829968743182837,-0.651087827846492,1.0,6.123233995736766e-17,-0.9659258262890684,0.2588190451025203,0.43388373911755823,-0.900968867902419
0.6753617876568829,-0.9307434603453393,-0.9295264117307949,-0.6371874703765118,0.2807040767416565,0.010553540802670241,-0.259512291639179,-0.6841423458248278,-0.4472797312262719,-0.6826680894736445,-0.6525136639846563,-0.6070161120019016,-0.6505684099646967,0.0,0.0,0.8787878787878787,0.8787878787878787,-0.9310122059382657,0.0,0.26984288935782175,0.27994746624057504,-0.6829968743182837,-0.651087827846492,1.0,6.123233995736766e-17,-0.8660254037844386,0.5000000000000001,0.43388373911755823,-0.900968867902419
0.5947371067359108,-0.9307434603453393,-0.6398581040737229,-0.6371874703765118,0.2807040767416565,-0.5287323942137945,0.010094880414807005,-0.6841423458248278,0.055481175982554636,-0.6826680894736445,-0.6525136639846563,-0.6240917817703051,-0.6505684099646967,0.0,0.0,0.0,0.0,-0.7994564598334941,0.0,0.21261138417160175,0.3338839938111034,-0.6829968743182837,-0.651087827846492,1.0,6.123233995736766e-17,-0.7071067811865477,0.7071067811865474,0.43388373911755823,-0.900968867902419
0.6454321830854028,-1.0886550297950905,-0.350189796416651,-0.7954049568793099,0.6043335700820621,-0.7444467682203804,0.1718591836471986,-0.6841423458248278,0.7941529704201382,-0.6826680894736445,-0.6525136639846563,-0.35429619942953033,-0.6505684099646967,0.0,0.0,0.0,0.0,-0.7994564598334941,0.0,0.14976415656064546,0.3338839938111034,-0.6829968743182837,-0.651087827846492,1.0,6.123233995736766e-17,-0.5000000000000004,0.8660254037844384,0.43388373911755823,-0.900968867902419
0.5742119987895249,-1.2202480043365496,0.09747940632609654,-0.7954049568793099,0.6043335700820621,-1.1758755162335521,0.3336234868795902,-0.6841423458248278,0.7438768796992555,-0.6826680894736445,-0.6525136639846563,-0.3235599938464041,-0.6505684099646967,0.0,0.0,0.0,0.0,-0.6415895645077683,0.0,0.14701166378991493,0.17207441109951835,-0.6829968743182837,-0.651087827846492,1.0,6.123233995736766e-17,-0.25881904510252157,0.9659258262890681,0.43388373911755823,-0.900968867902419
0.29780615463039956,-1.0886550297950905,0.09747940632609654,-0.5053395649575132,0.44251882341185933,-0.9601611422269661,0.6571520933443734,-0.6841423458248278,1.8074095680256193,-0.6826680894736445,-0.6525136639846563,1.0049271141353855,-0.6505684099646967,0.0,0.0,0.0,0.0,-0.9310122059382657,0.0,0.1370280320534618,0.44175704895216006,-0.6829968743182837,-0.651087827846492,1.0,6.123233995736766e-17,-2.4492935982947064e-16,1.0,0.43388373911755823,-0.900968867902419
0.24494020468841624,-1.0886550297950905,-0.06052148875957856,-1.085470348801107,0.44251882341185933,-0.8523039552236732,0.4414663557011846,-0.6300617795481778,1.4516095413855266,-0.6826680894736445,-0.6491011702105222,0.3423911271213311,-0.6505684099646967,0.0,0.0,0.0,0.0,-0.9310122059382657,0.0,0.11495395071757958,0.27994746624057504,-0.6829968743182837,-0.651087827846492,1.0,6.123233995736766e-17,0.25881904510252074,0.9659258262890683,-0.433883739117558,-0.9009688679024191
0.1449544934299587,-0.9307434603453393,0.22914681889749292,-1.085470348801107,0.01101283229131838,-1.1758755162335521,0.279702052468793,-0.44850559276228114,1.7687356520864788,-0.6826680894736445,-0.6081512449209132,1.2200805532172692,-0.6505684099646967,0.0,0.0,0.0,0.0,-0.9310122059382657,0.0,0.12064353187759913,0.27994746624057504,-0.6829968743182837,-0.651087827846492,1.0,6.123233995736766e-17,0.49999999999999994,0.8660254037844387,-0.433883739117558,-0.9009688679024191
0.14441963156204568,-0.6412389163541294,-0.06052148875957856,-1.2173182542201055,-0.5283696566093578,-1.0680183292302592,0.279702052468793,0.05367109409232635,1.1306160390906606,-0.6826680894736445,-0.6252137137915836,0.29116411781612067,-0.6505684099646967,0.0,0.0,0.0,0.0,-0.9310122059382657,0.0,0.1187902000624162,0.27994746624057504,-0.6829968743182837,-0.651087827846492,1.0,6.123233995736766e-17,0.7071067811865476,0.7071067811865476,-0.433883739117558,-0.9009688679024191
0.1434871860185617,-0.3517343723629195,-0.06052148875957856,-1.2173182542201055,-0.7441226521696283,-0.9601611422269661,0.1179377492364014,0.7914845340094805,0.778683404044482,-0.6826680894736445,-0.35562670563499166,1.1415324722826132,-0.6505684099646967,0.0,0.8787878787878787,0.0,0.0,-1.088879101263992,0.0,0.1259396231985473,0.6035666316637451,-0.6829968743182837,-0.651087827846492,1.0,6.123233995736766e-17,0.8660254037844386,0.5000000000000001,-0.433883739117558,-0.9009688679024191
0.14302954742421364,0.09568174107804124,-0.350189796416651,-1.3755357407229036,-1.1756286432901693,-0.5287323942137945,0.1179377492364014,0.7412668653240198,0.055481175982554636,-0.6826680894736445,-0.324914261667785,0.3833727345654994,-0.6505684099646967,0.0,0.8787878787878787,0.0,0.0,-1.2204348473687636,0.0,0.15970563452515818,0.6035666316637451,-0.6829968743182837,-0.651087827846492,1.0,6.123233995736766e-17,0.9659258262890683,0.25881904510252074,-0.433883739117558,-0.9009688679024191
0.3993020907549257,0.09568174107804124,-0.6398581040737229,-1.3755357407229036,-0.9598756477298988,-0.4208752072105015,-0.15166942281758458,1.803563702901074,-0.536229737886295,-0.6826680894736445,1.0025458164703704,-0.3747870031516145,-0.6505684099646967,0.0,0.8787878787878787,0.0,0.0,-1.088879101263992,0.0,0.2652771697578493,0.44175704895216006,-0.6829968743182837,-0.651087827846492,1.0,6.123233995736766e-17,1.0,6.123233995736766e-17,-0.433883739117558,-0.9009688679024191
0.3228419200128315,-0.06222982837170911,-0.6398581040737229,-1.2173182542201055,-0.8519991499497634,-0.2590894267055621,-0.15166942281758458,1.4481771245116595,-0.6831906184550289,-0.5858417389248917,0.34052202428835976,-0.6514128533997506,-0.4558354628118364,0.0,0.8787878787878787,0.0,0.0,-1.088879101263992,0.03182584408988071,0.2823393571227094,0.44175704895216006,-0.6287924368711154,-0.6476693650484138,1.0,6.123233995736766e-17,0.9659258262890683,-0.25881904510252063,-0.433883739117558,-0.9009688679024191
0.33338480692830713,0.22727471561950033,-0.6398581040737229,-0.5053395649575132,-1.1756286432901693,-0.2590894267055621,-1.1222552422119343,1.764934726989181,-0.6831906184550289,-0.09783693215917699,1.2175329242408173,-0.6514128533997506,0.39484004317171106,0.0,0.8787878787878787,0.0,0.0,-0.9310122059382657,0.15310331607347066,0.3092931857326435,0.010264828387933323,-0.4468203968699075,-0.6066478114714755,1.0,6.123233995736766e-17,0.8660254037844387,-0.4999999999999998,-0.433883739117558,-0.9009688679024191
0.32772721277976413,-0.06222982837170911,-0.6398581040737229,-0.05705668653291797,-1.067752145510034,0.010553540802670241,-1.3918624142659202,1.1275566244429485,-0.6831906184550289,0.3475642803650864,0.2893346176763486,-0.6514128533997506,0.19669072852494096,0.0,0.0,0.0,0.0,-0.6415895645077683,0.41365280310984065,0.3202605932864253,-0.5291004473173502,0.056506522282369735,-0.6237401254618664,1.0,6.123233995736766e-17,0.7071067811865476,-0.7071067811865475,-0.433883739117558,-0.9009688679024191
0.42603965815073513,-0.06222982837170911,-0.7978589991593985,0.39122619189167684,-0.9598756477298988,0.17233932130760965,-1.607548151909109,0.7760329436447233,-0.6831906184550289,0.15003852524563047,1.1390455674357334,-0.6514128533997506,-0.6471520424707868,0.8787878787878787,0.0,0.0,0.0,-0.3521669230772707,0.6363006811557552,0.3278537015186165,-0.7448465575994635,0.7960099188830232,-0.35368156441368964,1.0,6.123233995736766e-17,0.49999999999999994,-0.8660254037844387,-0.433883739117558,-0.9009688679024191
0.2921686051024005,-0.3517343723629195,-0.7978589991593985,0.681291583813473,-0.5283696566093578,0.33412510181254906,-1.4457838486767174,0.05367109409232635,-0.6831906184550289,1.695387080003727,0.38147194957796865,-0.6514128533997506,1.0405334995206685,0.8787878787878787,0.0,0.0,0.0,0.09512261367895261,0.7966106897260816,0.3243238993396609,-1.1763387781636903,0.7456772269677955,-0.32291539923098594,1.0,6.123233995736766e-17,0.258819045102521,-0.9659258262890682,-0.433883739117558,-0.9009688679024191
0.15310906380761713,-0.6412389163541294,-0.5081906915023265,1.1295744622380688,-0.42049315882922256,0.6576966628224279,-1.607548151909109,-0.5373522373596348,-0.6831906184550289,2.14853440057189,-0.37610166827979613,-0.6514128533997506,1.9185399454554946,0.8787878787878787,0.0,0.0,0.0,0.09512261367895261,0.888274187223955,0.29789568677790845,-0.9605926678815769,1.8104072482514588,1.0068666292214292,1.0,6.123233995736766e-17,1.2246467991473532e-16,-1.0,-0.433883739117558,-0.9009688679024191
0.14644468740467545,-0.6412389163541294,-1.0875273068164708,1.2614223676570673,-0.2586784121590197,0.441982288815842,-1.4997052830875146,-0.6841423458248278,-0.6831906184550289,2.202757156879192,-0.6525136639846563,-0.6514128533997506,1.6759778533878968,0.8787878787878787,0.0,0.0,0.0,-0.06274428164677277,0.904178757937025,0.29919810003781533,-0.8527196127405202,1.4542066593129241,0.34368484639426067,1.0,6.123233995736766e-17,-0.2588190451025208,-0.9659258262890683,-0.433883739117558,-0.9009688679024191
0.14626734742962968,-0.6412389163541294,-1.0875273068164708,1.8415531515006607,-0.2586784121590197,0.2801965083109026,-1.7153910207307033,-0.6841423458248278,-0.6831906184550289,2.14078829252799,-0.6525136639846563,-0.6514128533997506,2.3660840871576823,0.8787878787878787,0.0,0.0,0.0,0.22667835978372425,0.846436635569963,0.3105050426513708,-1.1763387781636903,1.7716897929320528,1.222229785500355,1.0,6.123233995736766e-17,-0.4999999999999997,-0.8660254037844388,-0.433883739117558,-0.9009688679024191
0.14515185056716415,-0.6412389163541294,-1.2191947193878672,0.8131394892324716,0.01101283229131838,0.2801965083109026,-1.1222552422119343,-0.6841423458248278,-0.6831906184550289,1.5404649191257223,-0.6525136639846563,-0.6514128533997506,1.6998924258452657,0.0,0.0,0.0,0.0,-0.06274428164677277,0.6917090074003683,0.31722470219230847,-1.0684657230226335,1.132851780161855,0.29240790442308784,1.0,6.123233995736766e-17,-0.7071067811865471,-0.7071067811865479,-0.433883739117558,-0.9009688679024191
0.14313823800619424,-0.7991504858038802,-1.2191947193878672,0.39122619189167684,0.17282757896152123,0.11841072780596318,-0.3673551604607734,-0.6841423458248278,-0.6831906184550289,0.7077583044064472,-0.6525136639846563,-0.6514128533997506,1.2489319166491681,0.0,0.0,0.8787878787878787,0.8787878787878787,-0.06274428164677277,0.3350333888297098,0.32580122770427844,-0.9605926678815769,0.7805229367552609,1.1436051411445567,1.0,6.123233995736766e-17,-0.8660254037844385,-0.5000000000000004,-0.433883739117558,-0.9009688679024191
0.19533204788792244,-0.7991504858038802,-1.3771956144735429,0.23300870538887822,0.3346423256317241,0.11841072780596318,-0.09774798840678739,-0.6841423458248278,-0.6831906184550289,0.037719958609077085,-0.6525136639846563,-0.6514128533997506,0.35384363324479307,0.0,0.0,0.8787878787878787,0.8787878787878787,-0.3521669230772707,0.06823070468477122,0.38284419335889086,-0.5291004473173502,0.056506522282369735,0.3847063999711989,1.0,6.123233995736766e-17,-0.9659258262890683,-0.25881904510252063,-0.433883739117558,-0.9009688679024191
0.2824266106111948,-0.5096459418126703,-1.3771956144735429,-0.18890459195191697,0.6582718189721298,-0.15123223970226915,0.4953877901119818,-0.6841423458248278,-0.6831906184550289,-0.5587303607712408,-0.6525136639846563,-0.6514128533997506,-0.4114226853910086,0.0,0.0,0.8787878787878787,0.8787878787878787,-0.6415895645077683,0.0,0.4376563383779054,-0.42122739217629346,-0.5358705441045412,-0.3741923412021588,1.0,6.123233995736766e-17,-1.0,-1.8369701987210297e-16,-0.433883739117558,-0.9009688679024191
0.9071791971674175,-1.0886550297950905,-1.2191947193878672,-0.3471220784547151,0.44251882341185933,-0.15123223970226915,0.6571520933443734,-0.6841423458248278,-0.5865058286071777,-0.6826680894736445,-0.6525136639846563,-0.45675021803995114,-0.6505684099646967,0.0,0.0,0.8787878787878787,0.8787878787878787,-0.6415895645077683,0.0,0.4402160916057293,-0.2594178094647084,-0.6829968743182837,-0.651087827846492,1.0,6.123233995736766e-17,-0.9659258262890684,0.2588190451025203,-0.433883739117558,-0.9009688679024191
0.5404667771347658,-1.0886550297950905,-0.5081906915023265,-0.5053395649575132,0.2807040767416565,-1.1219469227319057,0.6571520933443734,-0.6841423458248278,-0.09921448777400738,-0.6826680894736445,-0.6525136639846563,0.3936181364265415,-0.6505684099646967,0.0,0.0,0.8787878787878787,0.8787878787878787,-0.6415895645077683,0.0,0.3950150065891518,-0.2594178094647084,-0.6829968743182837,-0.651087827846492,1.0,6.123233995736766e-17,-0.8660254037844386,0.5000000000000001,-0.433883739117558,-0.9009688679024191
0.7901950161448118,-1.2202480043365496,-0.06052148875957856,-0.5053395649575132,0.2807040767416565,-1.391589890240138,0.6571520933443734,-0.6841423458248278,0.3455355455261084,-0.6826680894736445,-0.6525136639846563,0.19554036711306128,-0.6505684099646967,0.0,0.0,0.0,0.0,-0.6415895645077683,0.0,0.3440364987128245,0.010264828387933323,-0.6829968743182837,-0.651087827846492,1.0,6.123233995736766e-17,-0.7071067811865477,0.7071067811865474,-0.433883739117558,-0.9009688679024191
0.7975001133517655,-1.2202480043365496,0.38714771398316894,-0.5053395649575132,0.11888933007145361,-1.607304264246724,0.6571520933443734,-0.6841423458248278,0.14829857423649184,-0.6826680894736445,-0.6525136639846563,-0.64799771944607,-0.6505684099646967,0.0,0.0,0.0,0.0,-0.7994564598334941,0.0,0.28307441031969405,0.17207441109951835,-0.6829968743182837,-0.651087827846492,1.0,6.123233995736766e-17,-0.5000000000000004,0.8660254037844384,-0.433883739117558,-0.9009688679024191
0.31284821794498296,-1.3781595737863004,0.6768160216402405,-0.5053395649575132,0.11888933007145361,-1.4455184837417845,0.6571520933443734,-0.6841423458248278,1.6913878202081978,-0.6826680894736445,-0.6525136639846563,1.0390784536721924,-0.6505684099646967,0.0,0.0,0.0,0.0,-0.7994564598334941,0.0,0.2300835028831797,0.3338839938111034,-0.6829968743182837,-0.651087827846492,1.0,6.123233995736766e-17,-0.25881904510252157,0.9659258262890681,-0.433883739117558,-0.9009688679024191
0.2874549272373857,-1.3781595737863004,1.1244852243829888,0.39122619189167684,-0.15080191437888446,-1.607304264246724,-1.337940979855123,-0.6841423458248278,2.1438726366961416,-0.6826680894736445,-0.6525136639846563,1.9167678797681307,-0.6505684099646967,0.0,0.0,0.0,0.0,-0.5100338184029966,0.0,0.17579003877173838,0.6575031592342735,-0.6829968743182837,-0.651087827846492,1.0,6.123233995736766e-17,-2.4492935982947064e-16,1.0,-0.433883739117558,-0.9009688679024191
0.1758022720496793,-1.2202480043365496,1.2561526369543852,-0.3471220784547151,-0.15080191437888446,-1.499447077243431,-0.09774798840678739,-0.5875699060450955,2.1980161190109384,-0.6826680894736445,-0.4580015188590139,1.6742933690568014,-0.6505684099646967,0.0,0.0,0.0,0.0,-1.088879101263992,0.0,0.13501919738091384,0.44175704895216006,-0.6829968743182837,-0.651087827846492,1.0,6.123233995736766e-17,0.25881904510252074,0.9659258262890683,-0.9749279121818236,-0.2225209339563146
0.17568787355606091,-0.5096459418126703,1.835489252268529,-0.7954049568793099,-1.1216903944001015,-1.7151614512500166,0.4414663557011846,-0.10084480955524519,2.1361378535083135,-0.6826680894736445,0.39170943090037086,2.3641504277003014,-0.6505684099646967,0.0,0.0,0.0,0.0,-1.088879101263992,0.0,0.1500094986840903,0.27994746624057504,-0.6829968743182837,-0.651087827846492,1.0,6.123233995736766e-17,0.49999999999999994,0.8660254037844387,-0.9749279121818236,-0.2225209339563146
0.17615693140598257,-0.06222982837170911,0.8084834342116368,-0.7954049568793099,-1.3913816388504396,-1.1219469227319057,-0.259512291639179,0.343388413431523,1.5366921564516358,-0.6826680894736445,0.19378479200059448,1.6981993067325662,-0.6505684099646967,0.0,0.0,0.0,0.0,-1.2204348473687636,0.0,0.14401239474553995,0.27994746624057504,-0.6829968743182837,-0.651087827846492,1.0,6.123233995736766e-17,0.7071067811865476,0.7071067811865476,-0.9749279121818236,-0.2225209339563146
0.17517302885030755,0.3851862850692516,0.38714771398316894,0.23300870538887822,-1.60713463441071,-0.366946613708855,-2.0389196271954866,0.14638063628086928,0.705202963760115,-0.6826680894736445,-0.6491011702105222,1.2474016248467148,-0.6505684099646967,0.0,0.8787878787878787,0.0,0.0,-1.2204348473687636,0.0,0.17020417740294547,0.11813788352899002,-0.6829968743182837,-0.651087827846492,1.0,6.123233995736766e-17,0.8660254037844386,0.5000000000000001,-0.9749279121818236,-0.2225209339563146
0.1749441975400904,0.6746908290604611,0.22914681889749292,-0.3471220784547151,-1.4453198877405073,-0.09730364620062269,-1.6614695863199063,1.6876767751653954,0.03614421801298438,-0.6826680894736445,1.0366707542117113,0.35263652898237313,-0.6505684099646967,0.0,0.8787878787878787,0.0,0.0,-1.3783017426944895,0.0,0.23586899795976757,0.11813788352899002,-0.6829968743182837,-0.651087827846492,1.0,6.123233995736766e-17,0.9659258262890683,0.25881904510252074,-0.9749279121818236,-0.2225209339563146
0.2360677142592671,1.1221069425014227,-0.1921889013309754,-1.2173182542201055,-1.60713463441071,0.4959108823174885,-0.3134337260499762,2.139635793334542,-0.5594340874497793,-0.6826680894736445,1.9136816541641686,-0.41235347664210215,-0.6505684099646967,0.0,0.8787878787878787,0.0,0.0,-1.3783017426944895,0.0,0.3067240593088717,-0.15154475432365172,-0.6829968743182837,-0.651087827846492,1.0,6.123233995736766e-17,1.0,6.123233995736766e-17,-0.9749279121818236,-0.2225209339563146
0.3289571218650402,1.2536999170428818,-0.350189796416651,-0.05705668653291797,-1.4992581366305748,0.6576966628224279,-1.877155323963095,2.193716359611192,-0.6831906184550289,-0.6129531170785425,1.6713945962006493,-0.6514128533997506,-0.6471520424707868,0.0,0.8787878787878787,0.0,0.0,-1.2204348473687636,0.03283477997506814,0.3956252374991145,-0.15154475432365172,-0.5862032360197689,-0.45623544835603524,1.0,6.123233995736766e-17,0.9659258262890683,-0.25881904510252063,-0.9749279121818236,-0.2225209339563146
0.23809274950810866,1.8327090050253017,-0.5081906915023265,0.1011607999698797,-1.7150111321908454,0.6576966628224279,-1.7153910207307033,2.1319099981521634,-0.6831906184550289,-0.4193004159810366,2.3607183385757327,-0.6514128533997506,-0.5856574275804098,0.0,0.8787878787878787,0.0,0.0,-0.5100338184029966,0.1571944974501895,0.3864628616305764,-1.122402250593162,-0.09836329899525402,0.39496178836543344,1.0,6.123233995736766e-17,0.8660254037844387,-0.4999999999999998,-0.9749279121818236,-0.2225209339563146
0.14595271896534776,0.8062838036019201,-0.5081906915023265,0.8131394892324716,-1.1216903944001015,0.6576966628224279,-2.2546053648386755,1.5331608715178238,-0.6831906184550289,-0.0784716620494264,1.6952820526195878,-0.6514128533997506,-0.602739265049959,0.0,0.0,0.0,0.0,-0.06274428164677277,0.41186778408737734,0.37713540483012553,-1.3920848884458037,0.34688743717791426,0.19669094607689858,1.0,6.123233995736766e-17,0.7071067811865476,-0.7071067811865475,-0.9749279121818236,-0.2225209339563146
0.14963672114804807,0.3851862850692516,-0.5081906915023265,1.419639854159865,-0.36655490993915496,0.6576966628224279,-2.416369668071067,0.7026378894121268,-0.6831906184550289,0.46762895504554,1.24483287443389,-0.6514128533997506,-0.25085341317724663,0.8787878787878787,0.0,0.0,0.0,0.3845452551094506,0.6198527749465472,0.3126067897689978,-1.607830998727917,0.149428415048944,-0.6476693650484138,1.0,6.123233995736766e-17,0.49999999999999994,-0.8660254037844387,-0.9749279121818236,-0.2225209339563146
0.15321775095729973,0.22727471561950033,-0.5081906915023265,2.448053516428054,-0.09686366548881685,0.6576966628224279,-2.9016625777682417,0.03435660613637991,-0.6831906184550289,0.6457894400552453,0.35075950561076197,-0.6514128533997506,-0.5788246925925902,0.8787878787878787,0.0,0.0,0.0,0.6739678965399476,0.7606381625611695,0.33757181058952934,-1.446021416016332,1.694254882293241,1.041051257202211,1.0,6.123233995736766e-17,0.258819045102521,-0.9659258262890682,-0.9749279121818236,-0.2225209339563146
0.15263426029077926,-0.19382280291316867,0.38714771398316894,2.8699668137688485,0.4964570723019269,-1.3376612967384915,-3.0634268810006335,-0.5605296229067706,-0.6831906184550289,0.5257247653747917,-0.4136390997952709,-0.6514128533997506,-0.6266538375073278,0.8787878787878787,0.0,0.0,0.0,1.121257433296172,0.8281815048692909,0.3274332394118611,-1.607830998727917,2.1472491095302906,1.9195961963083052,1.0,6.123233995736766e-17,1.2246467991473532e-16,-1.0,-0.9749279121818236,-0.2225209339563146
0.14689660435819357,-0.3517343723629195,-0.350189796416651,2.8699668137688485,0.6582718189721298,-0.09730364620062269,-2.9016625777682417,-0.6841423458248278,-0.6831906184550289,1.2693511375892141,-0.6525136639846563,-0.6514128533997506,0.295765385848326,0.8787878787878787,0.0,0.0,0.0,1.2528131794009436,0.8041555599407698,0.2971757945973206,-1.4999579435868604,2.2014535469774588,1.676885337644754,1.0,6.123233995736766e-17,-0.2588190451025208,-0.9659258262890683,-0.9749279121818236,-0.2225209339563146
0.13361932915828945,-0.5096459418126703,-0.7978589991593985,2.131618543422457,0.6582718189721298,0.441982288815842,-2.5242125368926613,-0.6841423458248278,-0.6831906184550289,1.4707499467306202,-0.6525136639846563,-0.6514128533997506,0.18302525854930166,0.8787878787878787,0.0,0.0,0.0,1.8316584622619385,0.7275540094482208,0.2908156457796518,-1.7157040538689736,2.1395056184664094,2.367414822856548,1.0,6.123233995736766e-17,-0.4999999999999997,-0.8660254037844388,-0.9749279121818236,-0.2225209339563146
0.13045588988987436,-0.5096459418126703,-0.7978589991593985,2.131618543422457,0.6582718189721298,-0.2590894267055621,-2.9016625777682417,-0.6841423458248278,-0.6831906184550289,1.6101798915208243,-0.6525136639846563,-0.6514128533997506,1.3035937965517255,0.0,0.0,0.0,0.0,0.8055236426447192,0.6159002014644062,0.3049194886004779,-1.122402250593162,1.5393850610156172,1.7008145772313013,1.0,6.123233995736766e-17,-0.7071067811865471,-0.7071067811865479,-0.9749279121818236,-0.2225209339563146
0.12934611810053678,-0.5096459418126703,0.22914681889749292,1.9997706380034583,0.6582718189721298,-2.0387330122598954,-2.793819708946647,-0.6841423458248278,-0.6831906184550289,0.3475642803650864,-0.6525136639846563,-0.6514128533997506,0.06686876375636745,0.0,0.0,0.8787878787878787,0.8787878787878787,0.3845452551094506,0.43850479414612215,0.3216470067723133,-0.3672908646057651,0.7069597716483895,1.2495774878849806,1.0,6.123233995736766e-17,-0.8660254037844385,-0.5000000000000004,-0.9749279121818236,-0.2225209339563146
0.27053941268452664,-0.5096459418126703,-0.350189796416651,0.9713569757352701,0.6582718189721298,-1.6612328577483704,-1.607548151909109,-0.6841423458248278,-0.6831906184550289,-0.11332914824697746,-0.6525136639846563,-0.6514128533997506,-0.3020989255858941,0.0,0.0,0.8787878787878787,0.8787878787878787,0.22667835978372425,0.09117569563121965,0.3782129126069331,-0.09760822675312336,0.03714779462266677,0.35394023478849523,1.0,6.123233995736766e-17,-0.9659258262890683,-0.25881904510252063,-0.9749279121818236,-0.2225209339563146
0.41786509120470516,0.3851862850692516,-1.2191947193878672,0.681291583813473,-1.3374433899603722,-0.3130180202072086,-1.337940979855123,-0.6841423458248278,-0.6831906184550289,-0.5432381446834403,-0.6525136639846563,-0.6514128533997506,-0.6129883675316885,0.0,0.0,0.8787878787878787,0.8787878787878787,-0.19430002775154487,0.0,0.4093160962820833,0.4956935765226884,-0.5591010172961847,-0.4117954319810188,1.0,6.123233995736766e-17,-1.0,-1.8369701987210297e-16,-0.9749279121818236,-0.2225209339563146
0.4925576284570462,-0.3517343723629195,-0.06052148875957856,0.681291583813473,-0.09686366548881685,-1.876947231754956,-1.7153910207307033,-0.6841423458248278,-0.613577569764576,-0.6826680894736445,-0.6525136639846563,-0.64799771944607,-0.6505684099646967,0.0,0.0,0.8787878787878787,0.8787878787878787,-0.3521669230772707,0.0,0.41913654221367325,0.6575031592342735,-0.6829968743182837,-0.651087827846492,1.0,6.123233995736766e-17,-0.9659258262890684,0.2588190451025203,-0.9749279121818236,-0.2225209339563146
0.38582458901665606,-0.7991504858038802,0.09747940632609654,0.681291583813473,0.44251882341185933,-1.7151614512500166,-2.146762496017081,-0.6841423458248278,-0.42020799006887355,-0.6826680894736445,-0.6525136639846563,-0.5865253082798175,-0.6505684099646967,0.0,0.0,0.8787878787878787,0.8787878787878787,-0.5100338184029966,0.0,0.41595124340054,0.6575031592342735,-0.6829968743182837,-0.651087827846492,1.0,6.123233995736766e-17,-0.8660254037844386,0.5000000000000001,-0.9749279121818236,-0.2225209339563146
0.36611746633877107,-0.7991504858038802,0.8084834342116368,0.681291583813473,-0.2586784121590197,-2.2544473862664813,-2.0928410616062836,-0.6841423458248278,-0.07987752980443712,-0.6826680894736445,-0.6525136639846563,-0.603600978048221,-0.6505684099646967,0.0,0.0,0.0,0.0,-0.5100338184029966,0.0,0.3924198605831859,0.6575031592342735,-0.6829968743182837,-0.651087827846492,1.0,6.123233995736766e-17,-0.7071067811865477,0.7071067811865474,-0.9749279121818236,-0.2225209339563146
0.31825408392309495,0.22727471561950033,1.4141535320400604,0.681291583813473,-2.0386406255312512,-2.4162331667714207,-1.877155323963095,-0.6841423458248278,0.46542468493744393,-0.6826680894736445,-0.6525136639846563,-0.2518421808191096,-0.6505684099646967,0.0,0.0,0.0,0.0,-0.5100338184029966,0.0,0.3211606249760227,0.6575031592342735,-0.6829968743182837,-0.651087827846492,1.0,6.123233995736766e-17,-0.5000000000000004,0.8660254037844384,-0.9749279121818236,-0.2225209339563146
0.31793946575570714,-0.3517343723629195,2.4411593500969526,0.23300870538887822,-1.6610728833007777,-2.901590508286239,-0.8526480701579482,-0.6841423458248278,0.6433246982574903,-0.6826680894736445,-0.6525136639846563,-0.5796950403724561,-0.6505684099646967,0.0,0.0,0.0,0.0,-0.5100338184029966,0.0,0.34411399404325704,0.6575031592342735,-0.6829968743182837,-0.651087827846492,1.0,6.123233995736766e-17,-0.25881904510252157,0.9659258262890681,-0.9749279121818236,-0.2225209339563146
0.3034751783314103,-1.2202480043365496,2.8624950703254206,-0.3471220784547151,-0.3126166610490873,-3.0633762887911784,0.818916396576765,-0.6841423458248278,0.5234355588461547,-0.6826680894736445,-0.6525136639846563,-0.6275069157239859,-0.6505684099646967,0.0,0.0,0.0,0.0,0.3845452551094506,0.0,0.30812783625610574,-1.3381483608752753,-0.6829968743182837,-0.651087827846492,1.0,6.123233995736766e-17,-2.4492935982947064e-16,1.0,-0.9749279121818236,-0.2225209339563146
0.2220353266263287,-0.06222982837170911,2.8624950703254206,0.23300870538887822,-1.8768258788610481,-2.901590508286239,-1.1761766766227313,-0.6146101891834206,1.2659747448776522,-0.6826680894736445,-0.6491011702105222,0.2945792517698014,-0.6505684099646967,0.0,0.0,0.0,0.0,-0.3521669230772707,0.0,0.30807057268741855,-0.09760822675312336,-0.6829968743182837,-0.651087827846492,1.0,6.123233995736766e-17,0.25881904510252074,0.9659258262890683,-0.7818314824680299,0.6234898018587334
0.18078481898152873,0.09568174107804124,2.1251575599256007,-0.05705668653291797,-1.7150111321908454,-2.5240903537747137,-0.7448052013363538,-0.4214653096239561,1.4670791077611829,-0.6826680894736445,-0.5876762822761088,0.18187983129833848,-0.6505684099646967,0.0,0.0,0.0,0.0,-0.7994564598334941,0.0,0.30288740020683513,0.44175704895216006,-0.6829968743182837,-0.651087827846492,1.0,6.123233995736766e-17,0.49999999999999994,0.8660254037844387,-0.7818314824680299,0.6234898018587334
0.18108229968481102,0.8062838036019201,2.1251575599256007,-0.18890459195191697,-2.2543936210915216,-2.901590508286239,-0.09774798840678739,-0.08153032159929875,1.6063052051420885,-0.6826680894736445,-0.6047387511467791,1.3020437681056058,-0.6505684099646967,0.0,0.0,0.0,0.0,-0.7994564598334941,0.0,0.2854180166245667,-0.2594178094647084,-0.6829968743182837,-0.651087827846492,1.0,6.123233995736766e-17,0.7071067811865476,0.7071067811865476,-0.7818314824680299,0.6234898018587334
0.18026997084347735,1.4116114864926321,1.9934901473542042,-0.18890459195191697,-2.4162083677617243,-2.793733321282946,-0.3673551604607734,0.46313823875839094,0.3455355455261084,-0.6826680894736445,-0.2532518924109694,0.06576527687319492,-0.6505684099646967,0.0,0.8787878787878787,0.0,0.0,0.22667835978372425,0.0,0.28328937919069563,-2.0393232192921436,-0.6829968743182837,-0.651087827846492,1.0,6.123233995736766e-17,0.8660254037844386,0.5000000000000001,-0.7818314824680299,0.6234898018587334
0.17942334648014444,2.438036687916014,0.9664843292973129,-0.05705668653291797,-2.901652607772333,-1.607304264246724,-1.1761766766227313,0.6408315279530982,-0.11468405414966357,-0.6826680894736445,-0.5808512947278406,-0.30306919012431993,-0.6505684099646967,0.0,0.8787878787878787,0.0,0.0,-0.3521669230772707,0.0,0.283972137125042,-1.6617675262984453,-0.6829968743182837,-0.651087827846492,1.0,6.123233995736766e-17,0.9659258262890683,0.25881904510252074,-0.7818314824680299,0.6234898018587334
0.16805099669152762,2.859134206448682,0.6768160216402405,0.1011607999698797,-3.063467354442536,-1.3376612967384915,-1.3918624142659202,0.5210817026262302,-0.5439645210741232,-0.6826680894736445,-0.6286262075657176,-0.613846379909263,-0.6505684099646967,0.0,0.8787878787878787,0.0,0.0,-1.2204348473687636,0.0,0.2905580621598599,-0.31335433703523674,-0.6829968743182837,-0.651087827846492,1.0,6.123233995736766e-17,1.0,6.123233995736766e-17,-0.7818314824680299,0.6234898018587334
0.18111660207140634,2.859134206448682,0.6768160216402405,0.23300870538887822,-2.901652607772333,-1.7151614512500166,-1.2840195454443257,1.2627580401345737,-0.6831906184550289,-0.6594297653419439,0.29274711145048266,-0.6514128533997506,-0.6471520424707868,0.0,0.8787878787878787,0.0,0.0,-0.06274428164677277,0.10114309869456856,0.3091352755517289,-1.8775136365805587,-0.613305454743353,-0.6476693650484138,1.0,6.123233995736766e-17,0.9659258262890683,-0.25881904510252063,-0.7818314824680299,0.6234898018587334
0.2153880979843866,2.122213549016511,0.6768160216402405,0.1011607999698797,-2.5240848655418597,-2.1465901992631884,-0.09774798840678739,1.4636287148764167,-0.6831906184550289,-0.46965011826638814,0.1801348169040582,-0.6514128533997506,-0.6334865724951475,0.0,0.8787878787878787,0.0,0.0,0.09512261367895261,0.2327538544117384,0.3329128200069279,-1.7157040538689736,-0.41971817814632334,-0.5861370346830064,1.0,6.123233995736766e-17,0.8660254037844387,-0.4999999999999998,-0.7818314824680299,0.6234898018587334
0.3208168641702017,2.122213549016511,0.6768160216402405,0.1011607999698797,-2.901652607772333,-2.092661605761542,-0.7448052013363538,1.602693028159231,-0.6831906184550289,-0.21790160683963058,1.299432774820035,-0.6514128533997506,-0.5959065300621393,0.0,0.0,0.0,0.0,0.8055236426447192,0.3885458150580594,0.34228826961941805,-2.255069329574257,-0.07900457133555105,-0.6032293486733973,1.0,6.123233995736766e-17,0.7071067811865476,-0.7071067811865475,-0.7818314824680299,0.6234898018587334
0.36640924599501173,1.990620574475052,0.6768160216402405,0.1011607999698797,-2.793776109992198,-1.876947231754956,-0.8526480701579482,0.343388413431523,-0.6831906184550289,-0.1249483103128278,0.06411002858349962,-0.6514128533997506,-0.6266538375073278,0.8787878787878787,0.0,0.0,0.0,1.410680074726669,0.5692840036112027,0.33597544775833876,-2.416878912285842,0.4669115486680727,-0.251127680471344,1.0,6.123233995736766e-17,0.49999999999999994,-0.8660254037844387,-0.7818314824680299,0.6234898018587334
0.34527198769348505,0.9641953730516715,0.22914681889749292,0.39122619189167684,-1.60713463441071,-0.8523039552236732,-1.337940979855123,-0.11629639992000235,-0.6831906184550289,0.3514373343870365,-0.3044392990229805,-0.6514128533997506,-0.6266538375073278,0.8787878787878787,0.0,0.0,0.0,2.4368148943438883,0.7820697663106554,0.32155199432158466,-2.9023076604205973,0.6450118431373401,-0.57930010908685,1.0,6.123233995736766e-17,0.258819045102521,-0.9659258262890682,-0.7818314824680299,0.6234898018587334
0.22030201611695915,0.6746908290604611,-0.350189796416651,0.39122619189167684,-1.3374433899603722,0.8194824433273673,-1.068333807801137,-0.5450780325420134,-0.6831906184550289,0.28559541601388455,-0.6149762324691814,-0.6514128533997506,-0.6471520424707868,0.8787878787878787,0.0,0.0,0.0,2.857793281879157,0.8057686828221365,0.32017910282329365,-3.0641172431321824,0.5249877316471816,-0.6271585882599446,1.0,6.123233995736766e-17,1.2246467991473532e-16,-1.0,-0.7818314824680299,0.6234898018587334
0.42921456815919434,0.6746908290604611,0.22914681889749292,-0.05705668653291797,-1.7150111321908454,-1.1758755162335521,-0.47519802928236776,-0.6841423458248278,-0.6831906184550289,0.1384193631797801,-0.6525136639846563,-0.6514128533997506,-0.6369029399890573,0.8787878787878787,0.0,0.0,0.0,2.857793281879157,0.7091713669351439,0.3055325878108397,-2.9023076604205973,1.2683628737797756,0.295826367221166,1.0,6.123233995736766e-17,-0.2588190451025208,-0.9659258262890683,-0.7818314824680299,0.6234898018587334
0.471689222060864,0.6746908290604611,-0.06052148875957856,0.1011607999698797,-2.146517123311386,-0.7444467682203804,-0.09774798840678739,-0.6841423458248278,-0.6831906184550289,0.10356187698222906,-0.6525136639846563,-0.6514128533997506,-0.6334865724951475,0.8787878787878787,0.0,0.0,0.0,2.1210811036924357,0.6449320627068608,0.31109596375328785,-2.524751967426899,1.4696936414406865,0.18301709488458584,1.0,6.123233995736766e-17,-0.4999999999999997,-0.8660254037844388,-0.7818314824680299,0.6234898018587334
0.49157938919313454,0.6746908290604611,-0.1921889013309754,0.23300870538887822,-2.0925788744213185,-0.09730364620062269,-0.09774798840678739,-0.6841423458248278,-0.6831906184550289,-0.0784716620494264,-0.6525136639846563,-0.6514128533997506,-0.6471520424707868,0.0,0.0,0.0,0.0,2.1210811036924357,0.2796028571160958,0.3380955827303115,-2.9023076604205973,1.609076480590548,1.3042728926542315,1.0,6.123233995736766e-17,-0.7071067811865471,-0.7071067811865479,-0.7818314824680299,0.6234898018587334
0.33479203539484076,0.6746908290604611,-0.1921889013309754,0.39122619189167684,-1.8768258788610481,-0.366946613708855,-0.09774798840678739,-0.6841423458248278,-0.6831906184550289,-0.20240939075183012,-0.6525136639846563,-0.6514128533997506,-0.6505684099646967,0.0,0.0,0.8787878787878787,0.8787878787878787,1.989525357587664,0.12067876783568816,0.3653540658183769,-2.7944346052795406,0.34688743717791426,0.06678935974992745,1.0,6.123233995736766e-17,-0.8660254037844385,-0.5000000000000004,-0.7818314824680299,0.6234898018587334
0.5253532018905532,0.22727471561950033,-0.06052148875957856,0.23300870538887822,-0.8519991499497634,-1.1758755162335521,0.1718591836471986,-0.6841423458248278,-0.6831906184550289,-0.4154273619590865,-0.6525136639846563,-0.6514128533997506,-0.6505684099646967,0.0,0.0,0.8787878787878787,0.8787878787878787,0.9633905379704456,0.014624033603087871,0.42971683165284214,-1.607830998727917,-0.1138502811230164,-0.3024046224425168,1.0,6.123233995736766e-17,-0.9659258262890683,-0.25881904510252063,-0.7818314824680299,0.6234898018587334
0.5726331416918814,-0.3517343723629195,0.09747940632609654,-0.05705668653291797,0.8200865656423326,-1.391589890240138,0.4953877901119818,-0.6841423458248278,-0.6831906184550289,-0.6168261711004925,-0.6525136639846563,-0.6514128533997506,-0.6505684099646967,0.0,0.0,0.8787878787878787,0.8787878787878787,0.6739678965399476,0.0,0.4674715527344454,-1.3381483608752753,-0.5436140351684223,-0.6134847370676318,1.0,6.123233995736766e-17,-1.0,-1.8369701987210297e-16,-0.7818314824680299,0.6234898018587334
0.31688688291628464,0.22727471561950033,0.22914681889749292,-0.18890459195191697,-1.1756286432901693,-1.283732703236845,0.6571520933443734,-0.6841423458248278,-0.6599862688915447,-0.6826680894736445,-0.6525136639846563,-0.64799771944607,-0.6505684099646967,0.0,0.0,0.8787878787878787,0.8787878787878787,0.6739678965399476,0.0,0.48381236254886795,-1.7157040538689736,-0.6829968743182837,-0.651087827846492,1.0,6.123233995736766e-17,-0.9659258262890684,0.2588190451025203,-0.7818314824680299,0.6234898018587334
0.2803329088077979,-0.06222982837170911,0.09747940632609654,-0.3471220784547151,-0.7441226521696283,-0.09730364620062269,0.818916396576765,-0.6841423458248278,-0.4704840807897562,-0.6826680894736445,-0.6525136639846563,-0.6343371836313472,-0.6505684099646967,0.0,0.0,0.8787878787878787,0.8787878787878787,0.6739678965399476,0.0,0.467304576675483,-2.1471962744332003,-0.6829968743182837,-0.651087827846492,1.0,6.123233995736766e-17,-0.8660254037844386,0.5000000000000001,-0.7818314824680299,0.6234898018587334
0.29428520033371325,-0.19382280291316867,0.09747940632609654,-0.3471220784547151,-0.09686366548881685,-0.7444467682203804,0.9806806998091566,-0.6841423458248278,-0.21910362718534293,-0.6826680894736445,-0.6525136639846563,-0.5967707101408596,-0.6505684099646967,0.0,0.0,0.0,0.0,0.6739678965399476,0.0,0.4325469734129552,-2.093259746862672,-0.6829968743182837,-0.651087827846492,1.0,6.123233995736766e-17,-0.7071067811865477,0.7071067811865474,-0.7818314824680299,0.6234898018587334
0.32619414253795226,-0.19382280291316867,0.09747940632609654,-0.3471220784547151,-0.36655490993915496,-0.8523039552236732,0.9806806998091566,-0.6841423458248278,-0.12628622893140573,-0.6826680894736445,-0.6525136639846563,-0.6275069157239859,-0.6505684099646967,0.0,0.0,0.0,0.0,0.6739678965399476,0.0,0.3488765507581353,-1.8775136365805587,-0.6829968743182837,-0.651087827846492,1.0,6.123233995736766e-17,-0.5000000000000004,0.8660254037844384,-0.7818314824680299,0.6234898018587334
0.33155995703025465,-0.06222982837170911,0.38714771398316894,-0.18890459195191697,-1.1756286432901693,-1.3376612967384915,0.6571520933443734,-0.6841423458248278,0.34940293712002246,-0.6826680894736445,-0.6525136639846563,-0.6275069157239859,-0.6505684099646967,0.0,0.0,0.0,0.0,0.22667835978372425,0.0,0.3307860264804565,-0.8527196127405202,-0.6829968743182837,-0.651087827846492,1.0,6.123233995736766e-17,-0.25881904510252157,0.9659258262890681,-0.7818314824680299,0.6234898018587334
0.275839447184924,0.09568174107804124,0.38714771398316894,-0.6371874703765118,-1.3913816388504396,-1.0680183292302592,0.818916396576765,-0.6841423458248278,0.2836572800234836,-0.6826680894736445,-0.6525136639846563,-0.64799771944607,-0.6505684099646967,0.0,0.0,0.0,0.0,-0.3521669230772707,0.0,0.3048202761384501,0.8193127419458585,-0.6829968743182837,-0.651087827846492,1.0,6.123233995736766e-17,-2.4492935982947064e-16,1.0,-0.7818314824680299,0.6234898018587334
0.22489556355063153,0.22727471561950033,-0.06052148875957856,-0.3471220784547151,-1.2835051410703044,-0.47480380071214795,0.818916396576765,-0.660964960277692,0.13669639945474968,-0.6826680894736445,-0.6491011702105222,-0.6377523175850279,-0.6505684099646967,0.0,0.0,0.0,0.0,0.22667835978372425,0.0,0.31695933318571823,-1.1763387781636903,-0.6829968743182837,-0.651087827846492,1.0,6.123233995736766e-17,0.25881904510252074,0.9659258262890683,-2.4492935982947064e-16,1.0
0.2287054143732062,0.09568174107804124,0.09747940632609654,-0.3471220784547151,-0.09686366548881685,-0.09730364620062269,0.6571520933443734,-0.4716829783094169,0.10188987510952323,-0.6826680894736445,-0.6354511951139858,-0.6343371836313472,-0.6505684099646967,0.0,0.0,0.0,0.0,-0.06274428164677277,0.0,0.2995432692590877,-0.7448465575994635,-0.6829968743182837,-0.651087827846492,1.0,6.123233995736766e-17,0.49999999999999994,0.8660254037844387,-2.4492935982947064e-16,1.0
0.22966645782394576,0.09568174107804124,0.22914681889749292,-0.18890459195191697,-0.7441226521696283,-0.09730364620062269,0.4953877901119818,-0.22059463488211314,-0.07987752980443712,-0.6826680894736445,-0.597913763598511,-0.64799771944607,-0.6505684099646967,0.0,0.0,0.0,0.0,-0.19430002775154487,0.0,0.2953487384625817,-0.09760822675312336,-0.6829968743182837,-0.651087827846492,1.0,6.123233995736766e-17,0.7071067811865476,0.7071067811865476,-2.4492935982947064e-16,1.0
0.22316225304126197,0.09568174107804124,0.38714771398316894,-0.3471220784547151,-0.8519991499497634,-0.09730364620062269,0.818916396576765,-0.1278850926935702,-0.2036340608096867,-0.6826680894736445,-0.6286262075657176,-0.6514128533997506,-0.6505684099646967,0.0,0.8787878787878787,0.0,0.0,-0.19430002775154487,0.0,0.3073344438777843,-0.3672908646057651,-0.6829968743182837,-0.651087827846492,1.0,6.123233995736766e-17,0.8660254037844386,0.5000000000000001,-2.4492935982947064e-16,1.0
0.22323091616351928,0.3851862850692516,0.22914681889749292,-0.5053395649575132,-1.3374433899603722,0.17233932130760965,0.9806806998091566,0.3472513110227123,-0.41634059847495947,-0.6826680894736445,-0.6286262075657176,-0.6514128533997506,-0.6505684099646967,0.0,0.8787878787878787,0.0,0.0,-0.06274428164677277,0.0,0.33204111278377413,-1.1763387781636903,-0.6829968743182837,-0.651087827846492,1.0,6.123233995736766e-17,0.9659258262890683,0.25881904510252074,-2.4492935982947064e-16,1.0
0.21419824038492008,0.3851862850692516,-0.06052148875957856,0.23300870538887822,-1.067752145510034,0.4959108823174885,-0.3673551604607734,0.28158205197249436,-0.6174449613584901,-0.6826680894736445,-0.6491011702105222,-0.6514128533997506,-0.6505684099646967,0.0,0.8787878787878787,0.0,0.0,0.09512261367895261,0.0,0.3391274025793294,-1.3920848884458037,-0.6829968743182837,-0.651087827846492,1.0,6.123233995736766e-17,1.0,6.123233995736766e-17,-2.4492935982947064e-16,1.0
0.28319887766982477,-0.06222982837170911,-0.1921889013309754,-0.3471220784547151,-0.47443140771929015,0.6576966628224279,0.6571520933443734,0.13479194350730142,-0.6831906184550289,-0.6206992251224427,-0.63886368888812,-0.6514128533997506,-0.6505684099646967,0.0,0.8787878787878787,0.0,0.0,0.22667835978372425,0.04354502848686267,0.3184007053560438,-1.284211833304747,-0.6597664011266401,-0.6476693650484138,1.0,6.123233995736766e-17,0.9659258262890683,-0.25881904510252063,-2.4492935982947064e-16,1.0
0.4961443799071278,0.09568174107804124,-0.350189796416651,-0.5053395649575132,-0.09686366548881685,0.8194824433273673,0.9806806998091566,0.10002586518659781,-0.6831906184550289,-0.46577706424443804,-0.6354511951139858,-0.6514128533997506,-0.6505684099646967,0.0,0.8787878787878787,0.0,0.0,0.09512261367895261,0.12529103932557958,0.3338552103470658,-0.09760822675312336,-0.47005087006155105,-0.633995513856101,1.0,6.123233995736766e-17,0.8660254037844387,-0.4999999999999998,-2.4492935982947064e-16,1.0
0.4086550685864642,0.22727471561950033,-0.350189796416651,-0.18890459195191697,-0.09686366548881685,0.9812682238323067,0.4953877901119818,-0.08153032159929875,-0.6831906184550289,-0.004883635632374196,-0.6491011702105222,-0.6514128533997506,-0.6471520424707868,0.0,0.0,0.0,0.0,0.09512261367895261,0.2502051178643411,0.3406722896622817,-0.7448465575994635,-0.21838741048541244,-0.5963924230772409,1.0,6.123233995736766e-17,0.7071067811865476,-0.7071067811865475,-2.4492935982947064e-16,1.0
0.5381842989392593,0.3851862850692516,-0.350189796416651,-0.05705668653291797,-0.09686366548881685,0.9812682238323067,0.3336234868795902,-0.205143044517356,-0.6831906184550289,0.28946847003583465,-0.6525136639846563,-0.6514128533997506,-0.4695009327874757,0.8787878787878787,0.0,0.0,0.0,0.09512261367895261,0.42602058411053806,0.3405685698710549,-0.8527196127405202,-0.12546551771883818,-0.6271585882599446,1.0,6.123233995736766e-17,0.49999999999999994,-0.8660254037844387,-2.4492935982947064e-16,1.0
0.48264971667866635,0.22727471561950033,-0.1921889013309754,0.681291583813473,0.17282757896152123,0.6576966628224279,-0.2055908572283818,-0.4176024120327668,-0.6831906184550289,0.730996628538148,-0.6525136639846563,-0.6514128533997506,-0.18935879828686972,0.8787878787878787,0.0,0.0,0.0,0.3845452551094506,0.4591713403258342,0.32269373153947767,-1.3381483608752753,0.3507591827098549,-0.6271585882599446,1.0,6.123233995736766e-17,0.258819045102521,-0.9659258262890682,-2.4492935982947064e-16,1.0
0.5031119106020091,-0.06222982837170911,-0.6398581040737229,0.8131394892324716,0.4964570723019269,0.8194824433273673,-0.798726635747151,-0.6184730867746099,-0.6831906184550289,0.80071160093325,-0.6525136639846563,-0.6514128533997506,-0.43192089035446757,0.8787878787878787,0.0,0.0,0.0,0.3845452551094506,0.18354324885622544,0.3241115938904586,-1.0684657230226335,0.2849395086668648,-0.6476693650484138,1.0,6.123233995736766e-17,1.2246467991473532e-16,-1.0,-2.4492935982947064e-16,1.0
0.6926720164841528,-0.19382280291316867,-0.350189796416651,0.23300870538887822,0.6582718189721298,0.8194824433273673,0.1718591836471986,-0.6841423458248278,-0.6831906184550289,0.27397625394803415,-0.6525136639846563,-0.6514128533997506,-0.6129883675316885,0.8787878787878787,0.0,0.0,0.0,-0.06274428164677277,0.09971284031178448,0.32862619627974254,-0.47516391974682176,0.13781317845312221,-0.6374139766541792,1.0,6.123233995736766e-17,-0.2588190451025208,-0.9659258262890683,-2.4492935982947064e-16,1.0
0.8822321223662966,-0.3517343723629195,-0.350189796416651,-0.05705668653291797,0.8200865656423326,0.6576966628224279,0.3336234868795902,-0.6841423458248278,-0.6831906184550289,0.5218517113528416,-0.6525136639846563,-0.6514128533997506,-0.6164047350255983,0.8787878787878787,0.0,0.0,0.0,0.09512261367895261,0.10831652157142237,0.31333062586263494,-0.09760822675312336,0.10296746866565687,-0.633995513856101,1.0,6.123233995736766e-17,-0.4999999999999997,-0.8660254037844388,-2.4492935982947064e-16,1.0
0.7036839784110404,-0.3517343723629195,-0.1921889013309754,-0.05705668653291797,0.9819013123125355,0.4959108823174885,0.3336234868795902,-0.6841423458248278,-0.6831906184550289,0.34369122634313626,-0.6525136639846563,-0.6514128533997506,-0.6403193074829672,0.0,0.0,0.0,0.0,0.22667835978372425,0.1303967006371759,0.3061296552707554,-0.09760822675312336,-0.07900457133555105,-0.6476693650484138,1.0,6.123233995736766e-17,-0.7071067811865471,-0.7071067811865479,-2.4492935982947064e-16,1.0
0.7784451616241485,-0.3517343723629195,-0.350189796416651,-0.18890459195191697,0.9819013123125355,0.8194824433273673,0.6571520933443734,-0.6841423458248278,-0.6831906184550289,0.002862472411526036,-0.6525136639846563,-0.6514128533997506,-0.6403193074829672,0.0,0.0,0.8787878787878787,0.8787878787878787,0.3845452551094506,0.3397897896459557,0.34003311965007543,-0.09760822675312336,-0.20290042835765007,-0.651087827846492,1.0,6.123233995736766e-17,-0.8660254037844385,-0.5000000000000004,-2.4492935982947064e-16,1.0
0.6965133586412294,-0.19382280291316867,-0.5081906915023265,-0.18890459195191697,0.6582718189721298,0.9812682238323067,0.4953877901119818,-0.6841423458248278,-0.6831906184550289,-0.3844429297834856,-0.6525136639846563,-0.6514128533997506,-0.6403193074829672,0.0,0.0,0.8787878787878787,0.8787878787878787,0.22667835978372425,0.08012173998702317,0.4158836334625553,0.17207441109951835,-0.4158464326143827,-0.651087827846492,1.0,6.123233995736766e-17,-0.9659258262890683,-0.25881904510252063,-2.4492935982947064e-16,1.0
0.6145815556583104,-0.6412389163541294,0.22914681889749292,-0.3471220784547151,0.8200865656423326,-0.366946613708855,0.818916396576765,-0.6841423458248278,-0.6831906184550289,-0.6245722791443928,-0.6525136639846563,-0.6514128533997506,-0.6334865724951475,0.0,0.0,0.8787878787878787,0.8787878787878787,-0.06274428164677277,0.0,0.4667025921291684,0.4956935765226884,-0.6171772002752937,-0.651087827846492,1.0,6.123233995736766e-17,-1.0,-1.8369701987210297e-16,-2.4492935982947064e-16,1.0
0.41512498471174475,-0.3517343723629195,-0.350189796416651,-0.5053395649575132,0.8200865656423326,0.6576966628224279,0.9806806998091566,-0.6841423458248278,-0.6213123529524042,-0.6826680894736445,-0.6525136639846563,-0.6514128533997506,-0.6505684099646967,0.0,0.0,0.8787878787878787,0.8787878787878787,-0.19430002775154487,0.0,0.4616606322236031,0.6575031592342735,-0.6829968743182837,-0.651087827846492,1.0,6.123233995736766e-17,-0.9659258262890684,0.2588190451025203,-2.4492935982947064e-16,1.0
0.44264628304163234,-0.3517343723629195,-0.5081906915023265,-0.5053395649575132,0.6582718189721298,0.9812682238323067,0.9806806998091566,-0.6841423458248278,-0.46661668919584215,-0.6826680894736445,-0.6525136639846563,-0.6514128533997506,-0.6505684099646967,0.0,0.0,0.8787878787878787,0.8787878787878787,-0.3521669230772707,0.0,0.449037600703594,0.8193127419458585,-0.6829968743182837,-0.651087827846492,1.0,6.123233995736766e-17,-0.8660254037844386,0.5000000000000001,-2.4492935982947064e-16,1.0
0.4797436928985319,-0.19382280291316867,-0.1921889013309754,-0.5053395649575132,0.4964570723019269,0.4959108823174885,1.1424450030415483,-0.6841423458248278,-0.006397089520070169,-0.6826680894736445,-0.6525136639846563,-0.64799771944607,-0.6505684099646967,0.0,0.0,0.0,0.0,-0.3521669230772707,0.0,0.4026929857813739,0.9811223246574435,-0.6829968743182837,-0.651087827846492,1.0,6.123233995736766e-17,-0.7071067811865477,0.7071067811865474,-2.4492935982947064e-16,1.0
0.7353183367722109,-0.3517343723629195,-0.06052148875957856,-0.5053395649575132,0.8200865656423326,0.33412510181254906,1.1424450030415483,-0.6841423458248278,0.28752467161739764,-0.6826680894736445,-0.6525136639846563,-0.47041075385467396,-0.6505684099646967,0.0,0.0,0.0,0.0,-0.3521669230772707,0.0,0.3426547462150855,0.9811223246574435,-0.6829968743182837,-0.651087827846492,1.0,6.123233995736766e-17,-0.5000000000000004,0.8660254037844384,-2.4492935982947064e-16,1.0
0.2571591651111738,-0.5096459418126703,0.6768160216402405,-0.5053395649575132,0.9819013123125355,-0.20516083320391562,0.9806806998091566,-0.6841423458248278,0.7284073133235993,-0.6826680894736445,-0.6525136639846563,-0.19036976965285707,-0.6505684099646967,0.0,0.0,0.0,0.0,-0.19430002775154487,0.0,0.32997952187173807,0.6575031592342735,-0.6829968743182837,-0.651087827846492,1.0,6.123233995736766e-17,-0.25881904510252157,0.9659258262890681,-2.4492935982947064e-16,1.0
0.18113376356159813,0.22727471561950033,0.8084834342116368,-0.3471220784547151,-0.36655490993915496,-0.7983753617220268,0.3336234868795902,-0.6841423458248278,0.7980203620140522,-0.6826680894736445,-0.6525136639846563,-0.4328442803641863,-0.6505684099646967,0.0,0.0,0.0,0.0,-0.6415895645077683,0.0,0.26790427682540807,0.8193127419458585,-0.6829968743182837,-0.651087827846492,1.0,6.123233995736766e-17,-2.4492935982947064e-16,1.0,-2.4492935982947064e-16,1.0
0.1800411601270484,-0.3517343723629195,0.22914681889749292,-0.6371874703765118,0.6582718189721298,0.17233932130760965,-1.877155323963095,-0.6223359843657992,0.2720551052417414,-0.6826680894736445,-0.6525136639846563,-0.613846379909263,-0.6505684099646967,0.0,0.0,0.0,0.0,-0.3521669230772707,0.0,0.28114481244567824,0.8193127419458585,-0.6829968743182837,-0.651087827846492,1.0,6.123233995736766e-17,0.25881904510252074,0.9659258262890683,0.7818314824680298,0.6234898018587336
0.17897143295892434,-0.5096459418126703,-0.06052148875957856,-0.5053395649575132,0.9819013123125355,0.33412510181254906,0.9806806998091566,-0.4678200807182276,0.5195681672522406,-0.6826680894736445,-0.6525136639846563,-0.6172615138629437,-0.6505684099646967,0.0,0.0,0.0,0.0,-0.3521669230772707,0.0,0.2965865125242032,0.6575031592342735,-0.6829968743182837,-0.651087827846492,1.0,6.123233995736766e-17,0.49999999999999994,0.8660254037844387,0.7818314824680298,0.6234898018587336
0.17719235275521328,-0.19382280291316867,-0.06052148875957856,-0.6371874703765118,0.4964570723019269,0.33412510181254906,0.9806806998091566,-0.008135267366702266,0.34166815393219435,-0.6826680894736445,-0.6491011702105222,-0.6411674515387086,-0.6505684099646967,0.0,0.0,0.0,0.0,-0.19430002775154487,0.0,0.2985574446557595,0.4956935765226884,-0.6829968743182837,-0.651087827846492,1.0,6.123233995736766e-17,0.7071067811865476,0.7071067811865476,0.7818314824680298,0.6234898018587336
0.5623247837013666,-0.06222982837170911,-0.1921889013309754,-0.7954049568793099,0.3346423256317241,0.6576966628224279,1.358130740684737,0.28544494956368366,0.0013376936677579315,-0.6826680894736445,-0.4716514939555502,-0.6411674515387086,-0.6505684099646967,0.0,0.8787878787878787,0.0,0.0,-0.3521669230772707,0.0,0.3106012331540491,0.8193127419458585,-0.6829968743182837,-0.651087827846492,1.0,6.123233995736766e-17,0.8660254037844386,0.5000000000000001,0.7818314824680298,0.6234898018587336
0.2957038858110989,0.6746908290604611,-0.1921889013309754,-0.7954049568793099,-0.20474016326895209,0.4959108823174885,1.358130740684737,0.7258152749592626,-0.3854014657236471,-0.6826680894736445,-0.19182700447655604,-0.6411674515387086,-0.6505684099646967,0.0,0.8787878787878787,0.0,0.0,-0.5100338184029966,0.0,0.37486227676363715,0.9811223246574435,-0.6829968743182837,-0.651087827846492,1.0,6.123233995736766e-17,0.9659258262890683,0.25881904510252074,0.7818314824680298,0.6234898018587336
0.5425948019185463,0.8062838036019201,-0.350189796416651,-0.5053395649575132,-0.7980609010596958,0.8194824433273673,0.9806806998091566,0.7953474316006698,-0.6251797445463182,-0.6826680894736445,-0.4341140624400754,-0.6343371836313472,-0.6505684099646967,0.0,0.8787878787878787,0.0,0.0,0.22667835978372425,0.0,0.42678425059275205,-0.3672908646057651,-0.6829968743182837,-0.651087827846492,1.0,6.123233995736766e-17,1.0,6.123233995736766e-17,0.7818314824680298,0.6234898018587336
0.33025568377567954,0.22727471561950033,-0.5081906915023265,-0.3471220784547151,0.17282757896152123,0.9812682238323067,0.6571520933443734,0.26999335919892653,-0.6831906184550289,-0.632318387188293,-0.6149762324691814,-0.6514128533997506,-0.6403193074829672,0.0,0.8787878787878787,0.0,0.0,-0.3521669230772707,0.032829235925378134,0.40178342723687854,0.6575031592342735,-0.6210489458072342,-0.651087827846492,1.0,6.123233995736766e-17,0.9659258262890683,-0.25881904510252063,0.7818314824680298,0.6234898018587336
0.23382527038808004,-0.06222982837170911,-0.5081906915023265,-0.3471220784547151,0.3346423256317241,0.9812682238323067,0.6571520933443734,0.5172188050350409,-0.6831906184550289,-0.4541579021785877,-0.6183887262433154,-0.6514128533997506,-0.6266538375073278,0.0,0.8787878787878787,0.0,0.0,-0.5100338184029966,0.1707430665718098,0.4100659519579145,0.9811223246574435,-0.46617912452961047,-0.651087827846492,1.0,6.123233995736766e-17,0.8660254037844387,-0.4999999999999998,0.7818314824680298,0.6234898018587336
0.1466849448350623,-0.06222982837170911,-0.5081906915023265,-0.3471220784547151,0.3346423256317241,1.1430540043372461,0.4953877901119818,0.3395255158403337,-0.6831906184550289,-0.05523333791772571,-0.642276182662254,-0.6514128533997506,-0.643735674976877,0.0,0.0,0.0,0.0,-0.19430002775154487,0.4352506884360623,0.3777638187158342,0.4956935765226884,-0.005441406228679766,-0.6476693650484138,1.0,6.123233995736766e-17,0.7071067811865476,-0.7071067811865475,0.7818314824680298,0.6234898018587336
0.15012295764965172,-0.19382280291316867,-0.5081906915023265,-0.3471220784547151,0.6582718189721298,1.1430540043372461,0.3336234868795902,-0.00040947218432368785,-0.6831906184550289,0.3320720642772859,-0.642276182662254,-0.6514128533997506,-0.6471520424707868,0.8787878787878787,0.0,0.0,0.0,-0.06274428164677277,0.6486074869231209,0.37282322249759614,0.3338839938111034,0.2888112541988054,-0.46990929954834804,1.0,6.123233995736766e-17,0.49999999999999994,-0.8660254037844387,0.7818314824680298,0.6234898018587336
0.15269719147531252,-0.19382280291316867,-0.5081906915023265,-0.18890459195191697,0.4964570723019269,0.9812682238323067,0.3336234868795902,-0.38669923130325257,-0.6831906184550289,0.4443906309138393,-0.642276182662254,-0.6514128533997506,-0.6198211025195082,0.8787878787878787,0.0,0.0,0.0,0.6739678965399476,0.7927024473540129,0.35176185608128585,-0.20548128189418005,0.730190244840033,-0.18959535010593662,1.0,6.123233995736766e-17,0.258819045102521,-0.9659258262890682,0.7818314824680298,0.6234898018587336
0.15223954601636838,-0.3517343723629195,-0.350189796416651,-0.5053395649575132,0.8200865656423326,0.33412510181254906,0.6571520933443734,-0.6261988819569885,-0.6831906184550289,0.5915666837479437,-0.6354511951139858,-0.6514128533997506,-0.6164047350255983,0.8787878787878787,0.0,0.0,0.0,0.8055236426447192,0.8750637825155121,0.3484337568839849,-0.7987830851699919,0.7998816644149638,-0.43230620876948794,1.0,6.123233995736766e-17,1.2246467991473532e-16,-1.0,0.7818314824680298,0.6234898018587336
0.14793201197823214,-0.5096459418126703,-0.6398581040737229,-0.3471220784547151,0.9819013123125355,-1.876947231754956,0.3336234868795902,-0.6841423458248278,-0.6831906184550289,0.80071160093325,-0.6525136639846563,-0.6514128533997506,-0.6300702050012377,0.8787878787878787,0.0,0.0,0.0,0.22667835978372425,0.890868648144884,0.3447767250944579,0.17207441109951835,0.273324272071043,-0.6134847370676318,1.0,6.123233995736766e-17,-0.2588190451025208,-0.9659258262890683,0.7818314824680298,0.6234898018587336
0.14813794986053347,-0.5096459418126703,-0.5081906915023265,0.1011607999698797,0.9819013123125355,0.9812682238323067,-0.09774798840678739,-0.6841423458248278,-0.6831906184550289,1.9742469695841351,-0.6525136639846563,-0.6514128533997506,1.8365471256016588,0.8787878787878787,0.0,0.0,0.0,-0.06274428164677277,0.8336419481080142,0.35153054814193796,0.3338839938111034,0.521115986115241,-0.6169031998657101,1.0,6.123233995736766e-17,-0.4999999999999997,-0.8660254037844388,0.7818314824680298,0.6234898018587336
0.1476459848535038,-0.5096459418126703,-0.6398581040737229,0.1011607999698797,1.1437160589827384,0.9812682238323067,0.0640163148256042,-0.6841423458248278,-0.6831906184550289,1.5482110271696223,-0.6525136639846563,-0.6514128533997506,1.470995803753307,0.0,0.0,0.0,0.0,-0.06274428164677277,0.707397390776234,0.36167839007625413,0.3338839938111034,0.3430156916459737,-0.6408324394522574,1.0,6.123233995736766e-17,-0.7071067811865471,-0.7071067811865479,0.7818314824680298,0.6234898018587336
0.14857270532385983,-0.5096459418126703,-0.7978589991593985,-0.5053395649575132,1.1437160589827384,1.358768378343832,0.4953877901119818,-0.6841423458248278,-0.6831906184550289,0.5450900354845423,-0.6525136639846563,-0.6514128533997506,0.11469790867110506,0.0,0.0,0.8787878787878787,0.8787878787878787,-0.19430002775154487,0.48046434948539724,0.38138730163461876,0.6575031592342735,0.0023020848352014217,-0.6408324394522574,1.0,6.123233995736766e-17,-0.8660254037844385,-0.5000000000000004,0.7818314824680298,0.6234898018587336
0.27902863555322277,-0.5096459418126703,-0.7978589991593985,-0.18890459195191697,0.9819013123125355,1.358768378343832,0.3336234868795902,-0.6841423458248278,-0.6831906184550289,-0.330220173476184,-0.6525136639846563,-0.6514128533997506,-0.483166402763115,0.0,0.0,0.8787878787878787,0.8787878787878787,-0.19430002775154487,0.09567709943196574,0.39464975926508394,0.4956935765226884,-0.38487246835885797,-0.6408324394522574,1.0,6.123233995736766e-17,-0.9659258262890683,-0.25881904510252063,0.7818314824680298,0.6234898018587336
0.8545048861541077,-0.3517343723629195,-0.5081906915023265,-0.3471220784547151,0.3346423256317241,0.9812682238323067,0.3336234868795902,-0.6841423458248278,-0.6831906184550289,-0.6013339550126922,-0.6525136639846563,-0.6514128533997506,-0.643735674976877,0.0,0.0,0.8787878787878787,0.8787878787878787,-0.3521669230772707,0.0,0.4219706278868355,0.8193127419458585,-0.6249206913391748,-0.633995513856101,1.0,6.123233995736766e-17,-1.0,-1.8369701987210297e-16,0.7818314824680298,0.6234898018587336
0.6788112815084106,-0.6412389163541294,-0.350189796416651,-0.3471220784547151,-1.8768258788610481,0.6576966628224279,0.3336234868795902,-0.6841423458248278,-0.6329145277341462,-0.6826680894736445,-0.6525136639846563,-0.6411674515387086,-0.6505684099646967,0.0,0.0,0.8787878787878787,0.8787878787878787,-0.5100338184029966,0.0,0.40836889129484655,0.9811223246574435,-0.6829968743182837,-0.651087827846492,1.0,6.123233995736766e-17,-0.9659258262890684,0.2588190451025203,0.7818314824680298,0.6234898018587336
0.3425204173250766,-0.5096459418126703,-0.350189796416651,-0.3471220784547151,0.9819013123125355,0.6576966628224279,0.4953877901119818,-0.6841423458248278,-0.45501451441409996,-0.6826680894736445,-0.6525136639846563,-0.6275069157239859,-0.6505684099646967,0.0,0.0,0.8787878787878787,0.8787878787878787,-0.5100338184029966,0.0,0.37996421487933896,0.9811223246574435,-0.6829968743182837,-0.651087827846492,1.0,6.123233995736766e-17,-0.8660254037844386,0.5000000000000001,0.7818314824680298,0.6234898018587336
0.6760024947317027,-0.6412389163541294,-0.350189796416651,-0.3471220784547151,0.9819013123125355,0.4959108823174885,0.4953877901119818,-0.6841423458248278,-0.056673180240952824,-0.6826680894736445,-0.6525136639846563,-0.6445825854923893,-0.6505684099646967,0.0,0.0,0.0,0.0,-0.5100338184029966,0.0,0.3198581092768158,1.1429319073690285,-0.6829968743182837,-0.651087827846492,1.0,6.123233995736766e-17,-0.7071067811865477,0.7071067811865474,0.7818314824680298,0.6234898018587336
0.6556661288544461,-0.7991504858038802,-0.350189796416651,-0.3471220784547151,1.3594690545430088,0.33412510181254906,0.6571520933443734,-0.6841423458248278,0.3300659791504522,-0.6826680894736445,-0.6525136639846563,-0.64799771944607,-0.6505684099646967,0.0,0.0,0.0,0.0,-0.5100338184029966,0.0,0.28202932458132923,1.1429319073690285,-0.6829968743182837,-0.651087827846492,1.0,6.123233995736766e-17,-0.5000000000000004,0.8660254037844384,0.7818314824680298,0.6234898018587336
0.5284708954907131,-0.7991504858038802,-0.1921889013309754,-0.3471220784547151,1.3594690545430088,0.33412510181254906,0.6571520933443734,-0.6841423458248278,0.44222033537395966,-0.6826680894736445,-0.6525136639846563,-0.6206766478166245,-0.6505684099646967,0.0,0.0,0.0,0.0,-0.5100338184029966,0.0,0.26036336141655514,0.9811223246574435,-0.6829968743182837,-0.651087827846492,1.0,6.123233995736766e-17,-0.25881904510252157,0.9659258262890681,0.7818314824680298,0.6234898018587336
0.318179726618392,-0.5096459418126703,-0.5081906915023265,-0.7954049568793099,0.9819013123125355,0.6576966628224279,0.4414663557011846,-0.6841423458248278,0.5891812159426936,-0.6826680894736445,-0.6525136639846563,-0.6172615138629437,-0.6505684099646967,0.0,0.0,0.0,0.0,-0.3521669230772707,0.0,0.1869278336131719,0.3338839938111034,-0.6829968743182837,-0.651087827846492,1.0,6.123233995736766e-17,-2.4492935982947064e-16,1.0,0.7818314824680298,0.6234898018587336
0.20117268649085096,-0.3517343723629195,-0.350189796416651,-0.6371874703765118,0.6582718189721298,0.33412510181254906,0.6571520933443734,-0.633924677139367,0.7980203620140522,-0.6826680894736445,-0.642276182662254,-0.6309220496776665,-0.6505684099646967,0.0,0.0,0.0,0.0,-0.6415895645077683,0.0,0.18372360401740295,-1.8775136365805587,-0.6829968743182837,-0.651087827846492,1.0,6.123233995736766e-17,0.25881904510252074,0.9659258262890683,0.9749279121818236,-0.22252093395631434
0.1750986509518164,-0.3517343723629195,0.09747940632609654,-0.6371874703765118,0.6582718189721298,-0.09730364620062269,0.6571520933443734,-0.4562313879446597,1.9698400149700093,-0.6826680894736445,-0.6286262075657176,1.834804664879794,-0.6505684099646967,0.0,0.0,0.0,0.0,-0.5100338184029966,0.0,0.1965460131469573,0.9811223246574435,-0.6829968743182837,-0.651087827846492,1.0,6.123233995736766e-17,0.49999999999999994,0.8660254037844387,0.9749279121818236,-0.22252093395631434
0.17490415978347298,-0.3517343723629195,0.09747940632609654,-0.7954049568793099,0.4964570723019269,0.06448213430431671,0.6032306589335762,-0.05835293605216302,1.5444269396394639,-0.6826680894736445,-0.645688676436388,1.4693853318359598,-0.6505684099646967,0.0,0.0,0.0,0.0,-0.6415895645077683,0.0,0.17774721842727292,0.9811223246574435,-0.6829968743182837,-0.651087827846492,1.0,6.123233995736766e-17,0.7071067811865476,0.7071067811865476,0.9749279121818236,-0.22252093395631434
0.4539419758858605,-0.3517343723629195,-0.5081906915023265,-1.085470348801107,0.3346423256317241,0.4959108823174885,0.9806806998091566,0.32793682306676586,0.5427725168157249,-0.6826680894736445,-0.6491011702105222,0.11357715222472463,-0.6505684099646967,0.0,0.8787878787878787,0.0,0.0,-0.7994564598334941,0.0,0.18687525152049367,1.358678017651142,-0.6829968743182837,-0.651087827846492,1.0,6.123233995736766e-17,0.8660254037844386,0.5000000000000001,0.9749279121818236,-0.22252093395631434
0.4529488747714427,-0.19382280291316867,-0.1921889013309754,-0.9272528622983084,0.3346423256317241,0.33412510181254906,0.818916396576765,0.4399608532112552,-0.3312579834088504,-0.6826680894736445,-0.6218012200174495,-0.4840712896693967,-0.6505684099646967,0.0,0.8787878787878787,0.0,0.0,-0.7994564598334941,0.0,0.22012126047256164,1.358678017651142,-0.6829968743182837,-0.651087827846492,1.0,6.123233995736766e-17,0.9659258262890683,0.25881904510252074,0.9749279121818236,-0.22252093395631434
0.2588009499610526,-0.5096459418126703,-0.350189796416651,-0.6371874703765118,0.6582718189721298,0.33412510181254906,0.4953877901119818,0.5867509616764481,-0.6019753949828339,-0.6826680894736445,-0.6183887262433154,-0.6445825854923893,-0.6505684099646967,0.0,0.8787878787878787,0.0,0.0,-0.5100338184029966,0.0,0.277107116217437,0.9811223246574435,-0.6829968743182837,-0.651087827846492,1.0,6.123233995736766e-17,1.0,6.123233995736766e-17,0.9749279121818236,-0.22252093395631434
0.29087006378554947,-0.3517343723629195,-0.350189796416651,-0.6371874703765118,0.3346423256317241,0.33412510181254906,0.3336234868795902,0.7953474316006698,-0.6831906184550289,-0.597460900990742,-0.6320387013398517,-0.6514128533997506,-0.6198211025195082,0.0,0.8787878787878787,0.0,0.0,-0.3521669230772707,0.03238574787274534,0.3151716137421706,0.6575031592342735,-0.632664182403056,-0.6408324394522574,1.0,6.123233995736766e-17,0.9659258262890683,-0.25881904510252063,0.9749279121818236,-0.22252093395631434
0.2072306925285485,0.09568174107804124,-0.350189796416651,-0.5053395649575132,-0.09686366548881685,0.4959108823174885,0.1718591836471986,1.9658054017310242,-0.6831906184550289,0.04546606665297732,1.8317818035849507,-0.6514128533997506,1.153273626819693,0.0,0.8787878787878787,0.0,0.0,-0.3521669230772707,0.1729882270834238,0.3368077670706513,0.6575031592342735,-0.45456388793378866,-0.6271585882599446,1.0,6.123233995736766e-17,0.8660254037844387,-0.4999999999999998,0.9749279121818236,-0.22252093395631434
0.14674214751416953,0.09568174107804124,-0.350189796416651,-0.18890459195191697,0.064951081181386,0.4959108823174885,0.010094880414807005,1.5408866667002024,-0.6831906184550289,0.8549343572405517,1.4666449697526047,-0.6514128533997506,1.7955507156747408,0.0,0.0,0.0,0.0,-0.3521669230772707,0.43309424336321245,0.35806197546916796,0.4956935765226884,-0.055774098143907484,-0.6442509022503355,1.0,6.123233995736766e-17,0.7071067811865476,-0.7071067811865475,0.9749279121818236,-0.22252093395631434
0.1508723484418561,-0.5096459418126703,-0.350189796416651,-0.05705668653291797,0.4964570723019269,0.6576966628224279,-0.09774798840678739,0.5403961905821767,-0.6831906184550289,1.4939882708623209,0.11188494142137669,-0.6514128533997506,1.9595363553824126,0.8787878787878787,0.0,0.0,0.0,-0.3521669230772707,0.6211888017806525,0.35945909386190367,0.3338839938111034,0.3314004550501519,-0.6476693650484138,1.0,6.123233995736766e-17,0.49999999999999994,-0.8660254037844387,0.9749279121818236,-0.22252093395631434
0.15288023936199605,-0.19382280291316867,-0.350189796416651,-0.05705668653291797,0.3346423256317241,0.6576966628224279,-0.259512291639179,-0.3326186650266025,-0.6831906184550289,2.0245966718694866,-0.48530146905208654,-0.6514128533997506,2.21234754993174,0.8787878787878787,0.0,0.0,0.0,-0.19430002775154487,0.7368672678667678,0.35842650571813606,0.3338839938111034,0.44368107547642915,-0.6203216626637883,1.0,6.123233995736766e-17,0.258819045102521,-0.9659258262890682,0.9749279121818236,-0.22252093395631434
0.1652107700647884,-0.3517343723629195,-0.7978589991593985,0.1011607999698797,0.3346423256317241,0.441982288815842,-0.6369623325147594,-0.6030214964098527,-0.6831906184550289,2.1601535626377406,-0.645688676436388,-0.6514128533997506,1.9082908429737653,0.8787878787878787,0.0,0.0,0.0,-0.5100338184029966,0.823904643729016,0.36055724315765647,0.6575031592342735,0.5908074056901716,-0.6169031998657101,1.0,6.123233995736766e-17,1.2246467991473532e-16,-1.0,0.9749279121818236,-0.22252093395631434
0.14748581323324594,-0.3517343723629195,-0.6398581040737229,0.1011607999698797,0.3346423256317241,0.6576966628224279,-0.3673551604607734,-0.6841423458248278,-0.6831906184550289,2.4312673441742487,-0.6525136639846563,-0.6514128533997506,2.355834984675953,0.8787878787878787,0.0,0.0,0.0,-0.3521669230772707,0.8538095963388995,0.3624803361361236,0.3338839938111034,0.7998816644149638,-0.6305770510580229,1.0,6.123233995736766e-17,-0.2588190451025208,-0.9659258262890683,0.9749279121818236,-0.22252093395631434
0.14741144219935085,-0.3517343723629195,-0.6398581040737229,0.1011607999698797,0.4964570723019269,0.6576966628224279,-0.09774798840678739,-0.6841423458248278,-0.6831906184550289,2.0517080500231373,-0.6525136639846563,-0.6514128533997506,1.751137938253913,0.8787878787878787,0.0,0.0,0.0,0.09512261367895261,0.8188460276770881,0.3518106684077249,-0.09760822675312336,1.9730205605929638,1.8375530891544287,1.0,6.123233995736766e-17,-0.4999999999999997,-0.8660254037844388,0.9749279121818236,-0.22252093395631434
0.17988097477759837,-0.3517343723629195,-0.7978589991593985,-0.05705668653291797,0.4964570723019269,0.6037680693207814,-0.6369623325147594,-0.6841423458248278,-0.6831906184550289,1.699260134025677,-0.6525136639846563,-0.6514128533997506,2.1679347725109124,0.0,0.0,0.0,0.0,0.09512261367895261,0.6987383222383156,0.34472504446761953,0.06420135595846167,1.5471285520794984,1.4717775697600626,1.0,6.123233995736766e-17,-0.7071067811865471,-0.7071067811865479,0.9749279121818236,-0.22252093395631434
0.18759221581143062,-0.3517343723629195,-1.0875273068164708,-0.05705668653291797,0.6582718189721298,0.9812682238323067,-0.9604909389795426,-0.6841423458248278,-0.6831906184550289,1.0137295721405064,-0.6525136639846563,-0.6514128533997506,1.9151235779615847,0.0,0.0,0.8787878787878787,0.8787878787878787,-0.5100338184029966,0.4553739789475656,0.3963369345357043,0.4956935765226884,0.5443464593068845,0.11464783892302208,1.0,6.123233995736766e-17,-0.8660254037844385,-0.5000000000000004,0.9749279121818236,-0.22252093395631434
0.23312164929021717,-0.3517343723629195,-0.9295264117307949,-0.3471220784547151,0.6582718189721298,0.8194824433273673,-0.3673551604607734,-0.6841423458248278,-0.6831906184550289,0.17714990339928127,-0.6525136639846563,-0.6514128533997506,1.2762628566004468,0.0,0.0,0.8787878787878787,0.8787878787878787,-0.19430002775154487,0.09158591805524689,0.42679377744765,0.3338839938111034,-0.33066803091168967,-0.48358315074066077,1.0,6.123233995736766e-17,-0.9659258262890683,-0.25881904510252063,0.9749279121818236,-0.22252093395631434
0.38728331568295715,-0.7991504858038802,-0.6398581040737229,-0.6371874703765118,0.44251882341185933,0.4959108823174885,-0.259512291639179,-0.6841423458248278,-0.6831906184550289,-0.5587303607712408,-0.6525136639846563,-0.6514128533997506,-0.4797500352692052,0.0,0.0,0.8787878787878787,0.8787878787878787,-0.3521669230772707,0.0,0.45436434186309527,0.3338839938111034,-0.6016902181475312,-0.6442509022503355,1.0,6.123233995736766e-17,-1.0,-1.8369701987210297e-16,0.9749279121818236,-0.22252093395631434
0.4780847602876535,-0.6412389163541294,-0.6398581040737229,-0.6371874703765118,0.6582718189721298,0.33412510181254906,0.1718591836471986,-0.6841423458248278,-0.5981080033889198,-0.6826680894736445,-0.6525136639846563,-0.6206766478166245,-0.6505684099646967,0.0,0.0,0.8787878787878787,0.8787878787878787,-0.3521669230772707,0.0,0.4372726007601917,0.3338839938111034,-0.6829968743182837,-0.651087827846492,1.0,6.123233995736766e-17,-0.9659258262890684,0.2588190451025203,0.9749279121818236,-0.22252093395631434
0.4625765050920105,-0.6412389163541294,-0.5081906915023265,-0.6371874703765118,0.6582718189721298,0.17233932130760965,0.4953877901119818,-0.6841423458248278,0.043879001200812486,-0.6826680894736445,-0.6525136639846563,1.1517778741436553,-0.6505684099646967,0.0,0.0,0.8787878787878787,0.8787878787878787,-0.3521669230772707,0.0,0.406113280348654,0.4956935765226884,-0.6829968743182837,-0.651087827846492,1.0,6.123233995736766e-17,-0.8660254037844386,0.5000000000000001,0.9749279121818236,-0.22252093395631434
0.43696582978815385,-0.7991504858038802,-0.1921889013309754,-0.7954049568793099,0.6043335700820621,0.010553540802670241,0.818916396576765,-0.6841423458248278,0.852163844328849,-0.6826680894736445,-0.6525136639846563,1.7938230574356258,-0.6505684099646967,0.0,0.0,0.0,0.0,-0.3521669230772707,0.0,0.38074213892336384,0.4956935765226884,-0.6829968743182837,-0.651087827846492,1.0,6.123233995736766e-17,-0.7071067811865477,0.7071067811865474,0.9749279121818236,-0.22252093395631434
0.38687143991835454,-1.0886550297950905,-0.06052148875957856,-0.6371874703765118,0.9819013123125355,-0.09730364620062269,0.6571520933443734,-0.6841423458248278,1.490283457324667,-0.6826680894736445,-0.6525136639846563,1.957749487212299,-0.6505684099646967,0.0,0.0,0.0,0.0,-0.3521669230772707,0.0,0.322936512680423,0.6575031592342735,-0.6829968743182837,-0.651087827846492,1.0,6.123233995736766e-17,-0.5000000000000004,0.8660254037844384,0.9749279121818236,-0.22252093395631434
0.2679480276655682,-0.9307434603453393,-0.06052148875957856,-0.6371874703765118,0.8200865656423326,-0.2590894267055621,0.4953877901119818,-0.6841423458248278,2.020116105690892,-0.6826680894736445,-0.6525136639846563,2.2104693997846705,-0.6505684099646967,0.0,0.0,0.0,0.0,-0.3521669230772707,0.0,0.2557733124828382,0.6575031592342735,-0.6829968743182837,-0.651087827846492,1.0,6.123233995736766e-17,-0.25881904510252157,0.9659258262890681,0.9749279121818236,-0.22252093395631434
0.1441736456262328,-0.6412389163541294,0.09747940632609654,-0.9272528622983084,0.4964570723019269,-0.6365895812170874,1.1424450030415483,-0.6841423458248278,2.155474811477884,-0.6826680894736445,-0.6525136639846563,1.9065224779070886,-0.6505684099646967,0.0,0.0,0.0,0.0,-0.7994564598334941,0.0,0.1941107646443253,0.44175704895216006,-0.6829968743182837,-0.651087827846492,1.0,6.123233995736766e-17,-2.4492935982947064e-16,1.0,0.9749279121818236,-0.22252093395631434
0.1418110816205974,-0.6412389163541294,0.09747940632609654,-0.6371874703765118,0.3346423256317241,-0.366946613708855,0.6571520933443734,-0.5991585988186634,2.426192223051867,-0.6826680894736445,-0.6218012200174495,2.3539050258392593,-0.6505684099646967,0.0,0.0,0.0,0.0,-0.6415895645077683,0.0,0.20453337951296968,0.6575031592342735,-0.6829968743182837,-0.651087827846492,1.0,6.123233995736766e-17,0.25881904510252074,0.9659258262890683,0.43388373911755823,-0.900968867902419
0.1418110816205974,-0.5096459418126703,0.09747940632609654,-0.6371874703765118,0.17282757896152123,-0.09730364620062269,0.4953877901119818,0.04208240131875848,2.0471878468482902,-0.6826680894736445,1.1492830487581358,1.7494263160377768,-0.6505684099646967,0.0,0.0,0.0,0.0,-0.6415895645077683,0.0,0.19621617908889155,0.6575031592342735,-0.6829968743182837,-0.651087827846492,1.0,6.123233995736766e-17,0.49999999999999994,0.8660254037844387,0.43388373911755823,-0.900968867902419
0.14215430799213494,-0.19382280291316867,-0.06052148875957856,-0.6371874703765118,0.01101283229131838,-0.6365895812170874,0.4953877901119818,0.8494279978773198,1.6952552118021118,-0.6826680894736445,1.7908318782953419,2.1660726583868213,-0.6505684099646967,0.0,0.0,0.0,0.0,-0.7994564598334941,0.0,0.19027006431190463,0.6035666316637451,-0.6829968743182837,-0.651087827846492,1.0,6.123233995736766e-17,0.7071067811865476,0.7071067811865476,0.43388373911755823,-0.900968867902419
0.14159942209746612,-0.06222982837170911,-0.06052148875957856,-0.6371874703765118,-0.09686366548881685,-0.9601611422269661,0.6571520933443734,1.4868061004235524,1.0107268996793248,-0.6826680894736445,1.9546315794537774,1.91335274581445,-0.6505684099646967,0.0,0.8787878787878787,0.0,0.0,-1.088879101263992,0.0,0.1974219920889202,0.9811223246574435,-0.6829968743182837,-0.651087827846492,1.0,6.123233995736766e-17,0.8660254037844386,0.5000000000000001,0.43388373911755823,-0.900968867902419
0.14142208212242038,-0.06222982837170911,-0.350189796416651,-0.6371874703765118,-0.2586784121590197,-0.366946613708855,0.6571520933443734,2.0160230704164848,0.1753703153938902,-0.6826680894736445,2.2071561187396993,1.2747226964761604,-0.6505684099646967,0.0,0.8787878787878787,0.0,0.0,-0.9310122059382657,0.0,0.20293937278567842,0.8193127419458585,-0.6829968743182837,-0.651087827846492,1.0,6.123233995736766e-17,0.9659258262890683,0.25881904510252074,0.43388373911755823,-0.900968867902419
0.16241058805926267,0.09568174107804124,-0.6398581040737229,-0.6371874703765118,-0.6362461543894931,-0.2590894267055621,0.6571520933443734,2.15122448610811,-0.5594340874497793,-0.6826680894736445,1.9034441728417664,-0.480656155715716,-0.6505684099646967,0.0,0.8787878787878787,0.0,0.0,-0.6415895645077683,0.0,0.2553277015279385,0.4956935765226884,-0.6829968743182837,-0.651087827846492,1.0,6.123233995736766e-17,1.0,6.123233995736766e-17,0.43388373911755823,-0.900968867902419
0.25685599022544586,0.09568174107804124,-0.6398581040737229,-0.6371874703765118,-0.36655490993915496,0.17233932130760965,0.4953877901119818,2.42162731749136,-0.6831906184550289,-0.597460900990742,2.3504808572533302,-0.6514128533997506,-0.6471520424707868,0.0,0.8787878787878787,0.0,0.0,-0.6415895645077683,0.045529637289562934,0.2665606829669105,0.3338839938111034,-0.5978184726155906,-0.6203216626637883,1.0,6.123233995736766e-17,0.9659258262890683,-0.25881904510252063,0.43388373911755823,-0.900968867902419
0.23081058005205118,0.09568174107804124,-0.6398581040737229,-0.6371874703765118,-0.09686366548881685,0.4959108823174885,0.4953877901119818,2.0430633535548095,-0.6831906184550289,-0.3147279573883835,1.7464694592315988,-0.6514128533997506,-0.6095720000377787,0.0,0.8787878787878787,0.0,0.0,-0.5100338184029966,0.1807825462725253,0.2676709713197105,0.17207441109951835,0.04489128568654795,1.1538605295387911,1.0,6.123233995736766e-17,0.8660254037844387,-0.4999999999999998,0.43388373911755823,-0.900968867902419
0.11132083519063822,-0.06222982837170911,-0.7978589991593985,-0.5053395649575132,-0.6362461543894931,0.8194824433273673,0.010094880414807005,1.6915396727565848,-0.6831906184550289,-0.09783693215917699,2.162793699675956,-0.6514128533997506,-0.6198211025195082,0.0,0.0,0.0,0.0,-0.19430002775154487,0.4203495015756969,0.28415668152395057,0.010264828387933323,0.8540861018621321,1.7965315355774905,1.0,6.123233995736766e-17,0.7071067811865476,-0.7071067811865475,0.43388373911755823,-0.900968867902419
0.1158800630762251,-0.06222982837170911,-0.6398581040737229,-0.18890459195191697,-0.9598756477298988,0.6576966628224279,0.010094880414807005,1.0078067991160806,-0.6831906184550289,0.2623570918821838,1.9102691603900346,-0.6514128533997506,-0.623237470013418,0.8787878787878787,0.0,0.0,0.0,-0.06274428164677277,0.6348260730363819,0.252503296368624,-0.09760822675312336,1.49292411463233,1.9606177498852435,1.0,6.123233995736766e-17,0.49999999999999994,-0.8660254037844387,0.43388373911755823,-0.900968867902419
0.11812822515594407,-0.3517343723629195,-0.6398581040737229,0.5230740973106753,-0.36655490993915496,0.4959108823174885,-0.47519802928236776,0.1734209194191943,-0.6831906184550289,2.0594541580670374,1.2721328246269625,-0.6514128533997506,1.0644480719780374,0.8787878787878787,0.0,0.0,0.0,-0.06274428164677277,0.7774519201703678,0.23010791416836407,-0.2594178094647084,2.0233532525081914,2.2135839969430293,1.0,6.123233995736766e-17,0.258819045102521,-0.9659258262890682,0.43388373911755823,-0.900968867902419
0.114192522261197,-0.6412389163541294,-0.9295264117307949,0.39122619189167684,-0.2586784121590197,1.1430540043372461,-0.3673551604607734,-0.5605296229067706,-0.6831906184550289,0.8742996273503022,-0.48188897527795244,-0.6514128533997506,-0.12103144840867314,0.8787878787878787,0.0,0.0,0.0,0.09512261367895261,0.8657227838915328,0.21759428782073043,-0.6369735024584068,2.158864346126112,1.9093408079140708,1.0,6.123233995736766e-17,1.2246467991473532e-16,-1.0,0.43388373911755823,-0.900968867902419
0.1332474980149003,-0.6412389163541294,-0.6398581040737229,-0.05705668653291797,0.17282757896152123,0.6576966628224279,0.1718591836471986,-0.6841423458248278,-0.6831906184550289,1.3235738938965156,-0.6525136639846563,-0.6514128533997506,0.056619661274637974,0.8787878787878787,0.0,0.0,0.0,0.09512261367895261,0.8429275195397484,0.21895396464932437,-0.3672908646057651,2.429886533361954,2.3571594344623135,1.0,6.123233995736766e-17,-0.2588190451025208,-0.9659258262890683,0.43388373911755823,-0.900968867902419
0.150494795657637,-0.6412389163541294,-0.6398581040737229,0.1011607999698797,0.4964570723019269,0.4959108823174885,0.1718591836471986,-0.6841423458248278,-0.6831906184550289,1.8464361868597814,-0.6525136639846563,-0.6514128533997506,1.2899283265760861,0.8787878787878787,0.0,0.0,0.0,0.09512261367895261,0.7940384342741534,0.2810879586341911,-0.09760822675312336,2.0504554712317757,1.752091519202474,1.0,6.123233995736766e-17,-0.4999999999999997,-0.8660254037844388,0.43388373911755823,-0.900968867902419
0.11366623084148575,-0.7991504858038802,-0.6398581040737229,0.1011607999698797,0.8200865656423326,0.4959108823174885,0.1718591836471986,-0.6841423458248278,-0.6831906184550289,1.7186254041354276,-0.6525136639846563,-0.6514128533997506,2.21234754993174,0.0,0.0,0.0,0.0,-0.06274428164677277,0.6535468267440168,0.3136828633956057,-0.6369735024584068,1.6981266278251816,2.169143980568013,1.0,6.123233995736766e-17,-0.7071067811865471,-0.7071067811865479,0.43388373911755823,-0.900968867902419
0.11380352619531801,-0.6412389163541294,-0.6398581040737229,-0.05705668653291797,0.6582718189721298,0.6576966628224279,0.3336234868795902,-0.6841423458248278,-0.6831906184550289,0.9749990319210052,-0.6525136639846563,-0.6514128533997506,1.8467962280833883,0.0,0.0,0.8787878787878787,0.8787878787878787,-0.06274428164677277,0.436043432992649,0.3178050720463279,-0.9605926678815769,1.0128276686716964,1.916177733510227,1.0,6.123233995736766e-17,-0.8660254037844385,-0.5000000000000004,0.43388373911755823,-0.900968867902419
0.2266975406145564,-0.6412389163541294,-0.6398581040737229,-0.3471220784547151,0.4964570723019269,0.6576966628224279,0.4953877901119818,-0.6841423458248278,-0.6831906184550289,0.1384193631797801,-0.6525136639846563,-0.6514128533997506,0.9312097397155541,0.0,0.0,0.8787878787878787,0.8787878787878787,-0.3521669230772707,0.08856465178844364,0.3263587535944029,-0.3672908646057651,0.17653063377252814,1.276925190269606,1.0,6.123233995736766e-17,-0.9659258262890683,-0.25881904510252063,0.43388373911755823,-0.900968867902419
0.2105085234259859,-0.9307434603453393,-0.6398581040737229,-0.3471220784547151,1.1437160589827384,0.6576966628224279,0.6571520933443734,-0.6841423458248278,-0.6831906184550289,-0.5161267665297895,-0.6525136639846563,-0.6514128533997506,-0.5754083250986803,0.0,0.0,0.8787878787878787,0.8787878787878787,-0.6415895645077683,0.0,0.35647047850472624,-0.2594178094647084,-0.5591010172961847,-0.48016468794258255,1.0,6.123233995736766e-17,-1.0,-1.8369701987210297e-16,0.43388373911755823,-0.900968867902419
0.24718833930975087,-0.6412389163541294,-0.6398581040737229,-0.5053395649575132,0.6582718189721298,0.4959108823174885,0.6571520933443734,-0.6841423458248278,-0.5981080033889198,-0.6826680894736445,-0.6525136639846563,-0.64799771944607,-0.6505684099646967,0.0,0.0,0.8787878787878787,0.8787878787878787,-0.6415895645077683,0.0,0.3114324768537121,0.17207441109951835,-0.6829968743182837,-0.651087827846492,1.0,6.123233995736766e-17,-0.9659258262890684,0.2588190451025203,0.43388373911755823,-0.900968867902419
0.3106744234668611,-0.6412389163541294,-0.6398581040737229,-0.5053395649575132,0.4964570723019269,0.4959108823174885,0.818916396576765,-0.6841423458248278,-0.31578841703319416,-0.6826680894736445,-0.6525136639846563,-0.6104312459555824,-0.6505684099646967,0.0,0.0,0.8787878787878787,0.8787878787878787,-0.6415895645077683,0.0,0.26637782881645167,0.4956935765226884,-0.6829968743182837,-0.651087827846492,1.0,6.123233995736766e-17,-0.8660254037844386,0.5000000000000001,0.43388373911755823,-0.900968867902419
0.9090155452638985,-0.6412389163541294,-0.5081906915023265,-0.6371874703765118,0.4964570723019269,0.010553540802670241,0.818916396576765,-0.6841423458248278,-0.09921448777400738,-0.6826680894736445,-0.6525136639846563,-0.6206766478166245,-0.6505684099646967,0.0,0.0,0.0,0.0,-0.7994564598334941,0.0,0.22317338819572485,0.8193127419458585,-0.6829968743182837,-0.651087827846492,1.0,6.123233995736766e-17,-0.7071067811865477,0.7071067811865474,0.43388373911755823,-0.900968867902419
0.29848976543069883,-0.6412389163541294,-0.1921889013309754,-0.6371874703765118,0.6582718189721298,0.010553540802670241,0.9806806998091566,-0.6841423458248278,0.2604529304599993,-0.6826680894736445,-0.6525136639846563,-0.6240917817703051,-0.6505684099646967,0.0,0.0,0.0,0.0,-0.6415895645077683,0.0,0.19020872878104345,0.6575031592342735,-0.6829968743182837,-0.651087827846492,1.0,6.123233995736766e-17,-0.5000000000000004,0.8660254037844384,0.43388373911755823,-0.900968867902419
0.2547279654416654,-0.6412389163541294,0.5188151265545653,-0.7954049568793099,0.6582718189721298,-0.47480380071214795,0.9806806998091566,-0.6841423458248278,2.0549226300361183,-0.6826680894736445,-0.6525136639846563,1.0629843913479573,-0.6505684099646967,0.0,0.0,0.0,0.0,-0.6415895645077683,0.0,0.17765812184611796,0.4956935765226884,-0.6829968743182837,-0.651087827846492,1.0,6.123233995736766e-17,-0.25881904510252157,0.9659258262890681,0.43388373911755823,-0.900968867902419
0.14864421382119092,-0.6412389163541294,0.38714771398316894,-0.7954049568793099,0.6582718189721298,-0.366946613708855,0.818916396576765,-0.6841423458248278,0.8715008022984192,-0.6826680894736445,-0.6525136639846563,-0.12206709057924321,-0.6505684099646967,0.0,0.0,0.0,0.0,-0.9310122059382657,0.0,0.14989241056421665,1.1429319073690285,-0.6829968743182837,-0.651087827846492,1.0,6.123233995736766e-17,-2.4492935982947064e-16,1.0,0.43388373911755823,-0.900968867902419
0.14709109895883501,-0.6412389163541294,-0.06052148875957856,-0.9272528622983084,0.4964570723019269,0.17233932130760965,1.358130740684737,-0.5991585988186634,1.320118227192449,-0.6826680894736445,-0.6491011702105222,0.05551987501215284,-0.6505684099646967,0.0,0.0,0.0,0.0,-0.6415895645077683,0.0,0.1276688190700181,0.6575031592342735,-0.6829968743182837,-0.651087827846492,1.0,6.123233995736766e-17,0.25881904510252074,0.9659258262890683,-0.433883739117558,-0.9009688679024191
0.1463531548805886,-0.6412389163541294,0.09747940632609654,-1.085470348801107,0.4964570723019269,0.17233932130760965,1.5198950439171286,-0.31716707466184535,1.8422160923708457,-0.6826680894736445,-0.6115637386950473,1.288383232290883,-0.6505684099646967,0.0,0.0,0.0,0.0,-0.6415895645077683,0.0,0.115369772324046,0.4956935765226884,-0.6829968743182837,-0.651087827846492,1.0,6.123233995736766e-17,0.49999999999999994,0.8660254037844387,-0.433883739117558,-0.9009688679024191
0.1464103575596958,-0.5096459418126703,0.09747940632609654,-1.3755357407229036,0.01101283229131838,0.17233932130760965,1.5198950439171286,-0.10084480955524519,1.714592169771682,-0.6826680894736445,-0.6218012200174495,2.2104693997846705,-0.6505684099646967,0.0,0.0,0.0,0.0,-0.6415895645077683,0.0,0.12424444741859875,0.4956935765226884,-0.6829968743182837,-0.651087827846492,1.0,6.123233995736766e-17,0.7071067811865476,0.7071067811865476,-0.433883739117558,-0.9009688679024191
0.14545503574978622,-0.19382280291316867,-0.06052148875957856,-1.5073836461419021,0.01101283229131838,0.33412510181254906,1.5198950439171286,0.25840466642535864,0.9720529837401846,-0.6826680894736445,-0.6252137137915836,1.845050066740836,-0.6505684099646967,0.0,0.8787878787878787,0.0,0.0,-0.6415895645077683,0.0,0.11761940081511973,0.6575031592342735,-0.6829968743182837,-0.651087827846492,1.0,6.123233995736766e-17,0.8660254037844386,0.5000000000000001,-0.433883739117558,-0.9009688679024191
0.1451690120573559,0.5167792596107107,-0.350189796416651,-1.085470348801107,-0.47443140771929015,0.4959108823174885,1.3042093062739397,2.0507891487371883,0.13669639945474968,-0.6826680894736445,1.0605582106306497,0.9297941671544103,-0.6505684099646967,0.0,0.8787878787878787,0.0,0.0,-0.6415895645077683,0.0,0.1405474366434698,0.6575031592342735,-0.6829968743182837,-0.651087827846492,1.0,6.123233995736766e-17,0.9659258262890683,0.25881904510252074,-0.433883739117558,-0.9009688679024191
0.31363762933231454,0.3851862850692516,-0.350189796416651,-0.9272528622983084,-0.36655490993915496,0.6576966628224279,1.1424450030415483,0.8687424858332662,-0.5168927799167248,-0.6826680894736445,-0.12357712899387452,-0.5762799064187755,-0.6505684099646967,0.0,0.8787878787878787,0.0,0.0,-0.6415895645077683,0.0,0.21824841397073313,0.6575031592342735,-0.6829968743182837,-0.651087827846492,1.0,6.123233995736766e-17,1.0,6.123233995736766e-17,-0.433883739117558,-0.9009688679024191
0.4130341317157198,-0.06222982837170911,-0.5081906915023265,-0.9272528622983084,0.17282757896152123,0.6576966628224279,0.9806806998091566,1.3168386064112236,-0.6831906184550289,-0.5780956308809914,0.0538725472610974,-0.6514128533997506,-0.5104973427143936,0.0,0.8787878787878787,0.0,0.0,-0.6415895645077683,0.032391290591969865,0.22358550149953205,0.4956935765226884,-0.5978184726155906,-0.6476693650484138,1.0,6.123233995736766e-17,0.9659258262890683,-0.25881904510252063,-0.433883739117558,-0.9009688679024191
0.18473769023106362,0.09568174107804124,-0.5081906915023265,-0.6371874703765118,0.17282757896152123,0.8194824433273673,0.6571520933443734,1.8383297812217776,-0.6831906184550289,-0.16367885053232897,1.2857827997234987,-0.6514128533997506,-0.4797500352692052,0.0,0.8787878787878787,0.0,0.0,-0.6415895645077683,0.17991219566400232,0.22948654298452897,0.4956935765226884,-0.3151810487839273,-0.6100662742695537,1.0,6.123233995736766e-17,0.8660254037844387,-0.4999999999999998,-0.433883739117558,-0.9009688679024191
0.10930721576507224,0.09568174107804124,-0.6398581040737229,-0.3471220784547151,0.17282757896152123,0.8194824433273673,0.3336234868795902,1.7108541607125312,-0.6831906184550289,-0.09009082411527676,2.2071561187396993,-0.6514128533997506,-0.6198211025195082,0.0,0.0,0.0,0.0,-0.5100338184029966,0.42823801772137454,0.23209977464890585,0.010264828387933323,-0.09836329899525402,-0.6203216626637883,1.0,6.123233995736766e-17,0.7071067811865476,-0.7071067811865475,-0.433883739117558,-0.9009688679024191
0.113185712548414,-0.06222982837170911,-0.6398581040737229,-0.18890459195191697,0.3346423256317241,0.9812682238323067,0.010094880414807005,0.9691778232041878,-0.6831906184550289,0.28946847003583465,1.8420192849073531,-0.6514128533997506,-0.3909244804275496,0.8787878787878787,0.0,0.0,0.0,-0.19430002775154487,0.6313280397836855,0.23392687688132974,0.010264828387933323,0.26170903547522123,-0.6237401254618664,1.0,6.123233995736766e-17,0.49999999999999994,-0.8660254037844387,-0.433883739117558,-0.9009688679024191
0.11686971473111435,-0.3517343723629195,-0.7978589991593985,-0.05705668653291797,0.4964570723019269,0.9812682238323067,0.010094880414807005,0.13479194350730142,-0.6831906184550289,1.4087810823794182,0.9274709534394208,-0.6514128533997506,0.37092547071434223,0.8787878787878787,0.0,0.0,0.0,0.5161010012142222,0.7730836028324226,0.22522396688301327,-0.47516391974682176,2.058198962295657,1.0649804967887584,1.0,6.123233995736766e-17,0.258819045102521,-0.9659258262890682,-0.433883739117558,-0.9009688679024191
0.09863276886578644,-0.3517343723629195,-0.7978589991593985,0.23300870538887822,0.6582718189721298,0.8194824433273673,-0.2055908572283818,-0.5180377494036883,-0.6831906184550289,2.0517080500231373,-0.5774388009537066,-0.6514128533997506,1.252348284143078,0.8787878787878787,0.0,0.0,0.0,0.3845452551094506,0.8531886680954802,0.21350767682674998,-0.3672908646057651,0.8734448295218351,-0.12122609414437287,1.0,6.123233995736766e-17,1.2246467991473532e-16,-1.0,-0.433883739117558,-0.9009688679024191
0.09465130657359203,-0.5096459418126703,-0.9295264117307949,0.39122619189167684,0.6582718189721298,1.358768378343832,-0.2055908572283818,-0.6841423458248278,-0.6831906184550289,2.3770445878669473,-0.6525136639846563,-0.6514128533997506,1.9014581079859456,0.8787878787878787,0.0,0.0,0.0,-0.06274428164677277,0.8490587701730499,0.21495921609759838,0.17207441109951835,1.322567311226944,0.05653397135569289,1.0,6.123233995736766e-17,-0.2588190451025208,-0.9659258262890683,-0.433883739117558,-0.9009688679024191
0.09471423089352919,-0.5096459418126703,-1.0875273068164708,0.1011607999698797,0.8200865656423326,1.5205541588487714,0.0640163148256042,-0.6841423458248278,-0.6831906184550289,0.9904912480088057,-0.6525136639846563,-0.6514128533997506,-0.2337715757076975,0.8787878787878787,0.0,0.0,0.0,0.09512261367895261,0.7879515546648886,0.2186360442818459,0.17207441109951835,1.845252958038924,1.2905990414619186,1.0,6.123233995736766e-17,-0.4999999999999997,-0.8660254037844388,-0.433883739117558,-0.9009688679024191
0.09447969510397228,-0.6412389163541294,-1.3771956144735429,0.1011607999698797,0.8200865656423326,1.5205541588487714,0.1718591836471986,-0.6841423458248278,-0.6831906184550289,0.9749990319210052,-0.6525136639846563,-0.6514128533997506,0.2479362409335884,0.0,0.0,0.0,0.0,0.09512261367895261,0.6428642931588103,0.2276947003591573,0.17207441109951835,1.7174853554848846,2.2135839969430293,1.0,6.123233995736766e-17,-0.7071067811865471,-0.7071067811865479,-0.433883739117558,-0.9009688679024191
0.11316283284969034,-0.6412389163541294,-1.5088630270449392,-0.18890459195191697,0.9819013123125355,1.5205541588487714,0.3336234868795902,-0.6841423458248278,-0.6831906184550289,0.6922660883186468,-0.6525136639846563,-0.6514128533997506,0.5417438454098337,0.0,0.0,0.8787878787878787,0.8787878787878787,-0.06274428164677277,0.42090938806251016,0.24229086645567244,0.3338839938111034,0.9741102133522905,1.8478084775486634,1.0,6.123233995736766e-17,-0.8660254037844385,-0.5000000000000004,-0.433883739117558,-0.9009688679024191
0.21928377341941035,-0.7991504858038802,-1.0875273068164708,-0.3471220784547151,0.9819013123125355,1.3048397848421855,0.6571520933443734,-0.6841423458248278,-0.6831906184550289,0.2081343355748822,-0.6525136639846563,-0.6514128533997506,0.9346261072094639,0.0,0.0,0.8787878787878787,0.8787878787878787,-0.3521669230772707,0.07577000956232156,0.29272516555087214,0.4956935765226884,0.13781317845312221,0.931660447663709,1.0,6.123233995736766e-17,-0.9659258262890683,-0.25881904510252063,-0.433883739117558,-0.9009688679024191
0.6336250778334597,-0.7991504858038802,-0.9295264117307949,-0.6371874703765118,0.8200865656423326,1.1430540043372461,0.818916396576765,-0.6841423458248278,-0.6831906184550289,-0.4619040102224879,-0.6525136639846563,-0.6514128533997506,0.3333454282813341,0.0,0.0,0.8787878787878787,0.8787878787878787,-0.3521669230772707,0.0,0.33840341282674224,0.6575031592342735,-0.5165118164448381,-0.5758816462887718,1.0,6.123233995736766e-17,-1.0,-1.8369701987210297e-16,-0.433883739117558,-0.9009688679024191
0.9162977147199559,-0.9307434603453393,-0.9295264117307949,-0.7954049568793099,1.3594690545430088,0.9812682238323067,0.9806806998091566,-0.6841423458248278,-0.5787710454193495,-0.6826680894736445,-0.6525136639846563,-0.5113923612988422,-0.6505684099646967,0.0,0.0,0.8787878787878787,0.8787878787878787,-0.5100338184029966,0.0,0.36802757788882534,0.6575031592342735,-0.6829968743182837,-0.651087827846492,1.0,6.123233995736766e-17,-0.9659258262890684,0.2588190451025203,-0.433883739117558,-0.9009688679024191
0.4000857873660234,-1.0886550297950905,-0.6398581040737229,-0.7954049568793099,1.5212838012132117,0.6576966628224279,0.9806806998091566,-0.6841423458248278,-0.16496014487054622,-0.6826680894736445,-0.6525136639846563,-0.480656155715716,-0.6505684099646967,0.0,0.0,0.8787878787878787,0.8787878787878787,-0.5100338184029966,0.0,0.38412704071250214,0.8193127419458585,-0.6829968743182837,-0.651087827846492,1.0,6.123233995736766e-17,-0.8660254037844386,0.5000000000000001,-0.433883739117558,-0.9009688679024191
0.33956292280355893,-1.3781595737863004,-0.350189796416651,-0.6371874703765118,1.5212838012132117,0.33412510181254906,0.818916396576765,-0.6841423458248278,-0.09147970458617927,-0.6826680894736445,-0.6525136639846563,-0.6206766478166245,-0.6505684099646967,0.0,0.0,0.0,0.0,-0.6415895645077683,0.0,0.33993339499154795,0.8193127419458585,-0.6829968743182837,-0.651087827846492,1.0,6.123233995736766e-17,-0.7071067811865477,0.7071067811865474,-0.433883739117558,-0.9009688679024191
0.8471826617799427,-1.5097525483277596,-0.1921889013309754,-0.6371874703765118,1.5212838012132117,0.010553540802670241,0.6571520933443734,-0.6841423458248278,0.28752467161739764,-0.6826680894736445,-0.6525136639846563,-0.391862672920018,-0.6505684099646967,0.0,0.0,0.0,0.0,-0.6415895645077683,0.0,0.25573715140994635,0.9811223246574435,-0.6829968743182837,-0.651087827846492,1.0,6.123233995736766e-17,-0.5000000000000004,0.8660254037844384,-0.433883739117558,-0.9009688679024191
0.9351867491603988,-1.0886550297950905,-0.06052148875957856,-0.7954049568793099,1.305530805652941,0.010553540802670241,0.9806806998091566,-0.6841423458248278,1.405200842258558,-0.6826680894736445,-0.6525136639846563,0.3697121987507766,-0.6505684099646967,0.0,0.0,0.0,0.0,-0.7994564598334941,0.0,0.24838098527860186,0.9811223246574435,-0.6829968743182837,-0.651087827846492,1.0,6.123233995736766e-17,-0.25881904510252157,0.9659258262890681,-0.433883739117558,-0.9009688679024191
0.209733404127686,-0.9307434603453393,0.22914681889749292,-0.7954049568793099,1.1437160589827384,-0.20516083320391562,0.9806806998091566,-0.6841423458248278,2.0471878468482902,-0.6826680894736445,-0.6525136639846563,1.2508167588003956,-0.6505684099646967,0.0,0.0,0.0,0.0,-0.7994564598334941,0.0,0.1978334702690675,0.8193127419458585,-0.6829968743182837,-0.651087827846492,1.0,6.123233995736766e-17,-2.4492935982947064e-16,1.0,-0.433883739117558,-0.9009688679024191
0.14606140954732835,-0.9307434603453393,0.38714771398316894,-0.9272528622983084,0.9819013123125355,-0.20516083320391562,0.9806806998091566,-0.5798441108627169,2.3720487407370707,-0.6826680894736445,-0.5126014192451591,1.8996922099997273,-0.6505684099646967,0.0,0.0,0.0,0.0,-0.9310122059382657,0.0,0.1895273281674218,1.358678017651142,-0.6829968743182837,-0.651087827846492,1.0,6.123233995736766e-17,0.25881904510252074,0.9659258262890683,-0.9749279121818236,-0.2225209339563146
0.1448029025547967,-0.6412389163541294,0.09747940632609654,-0.6371874703765118,0.6582718189721298,0.06448213430431671,0.6571520933443734,-0.16651406860546308,0.9875225501158407,-0.6826680894736445,-0.48188897527795244,-0.2347665110507061,-0.6505684099646967,0.0,0.0,0.0,0.0,-1.088879101263992,0.0,0.2109019283532365,1.520487600362727,-0.6829968743182837,-0.651087827846492,1.0,6.123233995736766e-17,0.49999999999999994,0.8660254037844387,-0.9749279121818236,-0.2225209339563146
0.1444425043961733,-0.3517343723629195,0.09747940632609654,-0.7954049568793099,0.3346423256317241,0.17233932130760965,0.818916396576765,-0.09311901437286661,0.9720529837401846,-0.6826680894736445,-0.6218012200174495,0.24676737641827165,-0.6505684099646967,0.0,0.0,0.0,0.0,-1.3783017426944895,0.0,0.20556917400682662,1.520487600362727,-0.6829968743182837,-0.651087827846492,1.0,6.123233995736766e-17,0.7071067811865476,0.7071067811865476,-0.9749279121818236,-0.2225209339563146
0.14365307927964951,-0.19382280291316867,-0.1921889013309754,-0.7954049568793099,0.01101283229131838,0.33412510181254906,0.6032306589335762,0.28544494956368366,0.6897333973844588,-0.6826680894736445,-0.3931641371504665,0.5404688964348113,-0.6505684099646967,0.0,0.8787878787878787,0.0,0.0,-1.509857488799261,0.0,0.2260835862687698,1.520487600362727,-0.6829968743182837,-0.651087827846492,1.0,6.123233995736766e-17,0.8660254037844386,0.5000000000000001,-0.9749279121818236,-0.2225209339563146
0.14360731644990413,-0.06222982837170911,-0.350189796416651,-0.9272528622983084,0.01101283229131838,0.6576966628224279,0.818916396576765,1.4018223534173881,0.20630944814520258,-0.6826680894736445,0.36782197448143233,0.933209301108091,-0.6505684099646967,0.0,0.8787878787878787,0.0,0.0,-1.088879101263992,0.0,0.302448089268884,1.3047414900806136,-0.6829968743182837,-0.651087827846492,1.0,6.123233995736766e-17,0.9659258262890683,0.25881904510252074,-0.9749279121818236,-0.2225209339563146
0.12326522893181752,0.22727471561950033,-0.6398581040737229,-1.085470348801107,-0.20474016326895209,0.8194824433273673,0.9806806998091566,2.0430633535548095,-0.46274929760192807,-0.6826680894736445,1.248245368208024,0.332145725260289,-0.6505684099646967,0.0,0.8787878787878787,0.0,0.0,-0.9310122059382657,0.0,0.339542025645986,1.1429319073690285,-0.6829968743182837,-0.651087827846492,1.0,6.123233995736766e-17,1.0,6.123233995736766e-17,-0.9749279121818236,-0.2225209339563146
0.3359761919472656,0.3851862850692516,-0.7978589991593985,-0.9272528622983084,-0.20474016326895209,0.9812682238323067,0.818916396576765,2.36754675121471,-0.6831906184550289,-0.6052070090346422,1.8966191852934982,-0.6514128533997506,-0.6334865724951475,0.0,0.8787878787878787,0.0,0.0,-0.9310122059382657,0.13765328558984538,0.3567761061562075,0.9811223246574435,-0.5784597449558877,-0.5109308531252863,1.0,6.123233995736766e-17,0.9659258262890683,-0.25881904510252063,-0.9749279121818236,-0.2225209339563146
0.2038212535951284,0.09568174107804124,-0.7978589991593985,-0.5053395649575132,0.064951081181386,0.9812682238323067,0.3336234868795902,0.9846294135689448,-0.6831906184550289,-0.12107525629087769,-0.236189423540299,-0.6514128533997506,0.0019577813720807074,0.0,0.8787878787878787,0.0,0.0,-0.6415895645077683,0.23692817657682513,0.388157668629045,0.6575031592342735,-0.1641829730382441,-0.48016468794258255,1.0,6.123233995736766e-17,0.8660254037844387,-0.4999999999999998,-0.9749279121818236,-0.2225209339563146
0.1524340371847118,0.09568174107804124,-0.6398581040737229,-0.05705668653291797,0.17282757896152123,0.8194824433273673,-0.259512291639179,0.9691778232041878,-0.6831906184550289,0.6148050078796444,0.24497219861260564,-0.6514128533997506,0.5212456404463747,0.0,0.0,0.0,0.0,-0.3521669230772707,0.4237089136291608,0.40206790117291447,0.3338839938111034,-0.09061980793137284,-0.6203216626637883,1.0,6.123233995736766e-17,0.7071067811865476,-0.7071067811865475,-0.9749279121818236,-0.2225209339563146
0.1483210114764092,-0.19382280291316867,-0.6398581040737229,0.23300870538887822,0.3346423256317241,0.6576966628224279,-0.3673551604607734,0.6871862990473697,-0.6831906184550289,1.435892460533069,0.538446663188136,-0.6514128533997506,1.2455155491552583,0.8787878787878787,0.0,0.0,0.0,-0.19430002775154487,0.6023571670792174,0.39074467071066277,0.010264828387933323,0.2888112541988054,-0.3912846551925497,1.0,6.123233995736766e-17,0.49999999999999994,-0.8660254037844387,-0.9749279121818236,-0.2225209339563146
0.14975685157939053,-0.3517343723629195,-0.7978589991593985,0.39122619189167684,0.6582718189721298,0.9812682238323067,-0.47519802928236776,0.2043241001487086,-0.6831906184550289,1.9974852937158356,0.9308834472135549,-0.6514128533997506,1.4675794362593972,0.8787878787878787,0.0,0.0,0.0,-0.06274428164677277,0.6105007201543595,0.3699057512342526,0.010264828387933323,1.4077457129296371,0.37103254877888614,1.0,6.123233995736766e-17,0.258819045102521,-0.9659258262890682,-0.9749279121818236,-0.2225209339563146
0.13558717888951397,-0.6412389163541294,-0.7978589991593985,0.23300870538887822,0.8200865656423326,0.9812682238323067,-0.3673551604607734,-0.4639571831270383,-0.6831906184550289,2.280218237318194,0.3302845429659575,-0.6514128533997506,1.5598213585949625,0.8787878787878787,0.0,0.0,0.0,0.22667835978372425,0.7503436858449543,0.3641687918979938,-0.20548128189418005,2.0504554712317757,1.2529959506830586,1.0,6.123233995736766e-17,1.2246467991473532e-16,-1.0,-0.9749279121818236,-0.2225209339563146
0.13315025071457956,-0.7991504858038802,-0.9295264117307949,0.23300870538887822,0.9819013123125355,0.9812682238323067,-0.3673551604607734,-0.6841423458248278,-0.6831906184550289,2.307329615471845,-0.6525136639846563,-0.6514128533997506,1.570070461076692,0.8787878787878787,0.0,0.0,0.0,0.3845452551094506,0.7010278537739664,0.3550262892536513,-0.20548128189418005,2.3756820959147853,1.9025038823179143,1.0,6.123233995736766e-17,-0.2588190451025208,-0.9659258262890683,-0.9749279121818236,-0.2225209339563146
0.13107942860990635,-0.7991504858038802,-0.6398581040737229,0.1011607999698797,0.9819013123125355,0.6576966628224279,-0.259512291639179,-0.6841423458248278,-0.6831906184550289,2.0594541580670374,-0.6525136639846563,-0.6514128533997506,1.491494008716766,0.8787878787878787,0.0,0.0,0.0,0.09512261367895261,0.6825509610856939,0.34635295860320314,0.06420135595846167,0.9895971954800529,-0.23403536648095305,1.0,6.123233995736766e-17,-0.4999999999999997,-0.8660254037844388,-0.9749279121818236,-0.2225209339563146
0.130101223668975,-0.6412389163541294,-0.7978589991593985,0.1011607999698797,0.8200865656423326,0.8194824433273673,0.1718591836471986,-0.6841423458248278,-0.6831906184550289,1.536591865103772,-0.6525136639846563,-0.6514128533997506,1.2762628566004468,0.0,0.0,0.0,0.0,0.09512261367895261,0.45955386245839364,0.3375802618317775,0.17207441109951835,0.9741102133522905,0.2479678880480714,1.0,6.123233995736766e-17,-0.7071067811865471,-0.7071067811865479,-0.9749279121818236,-0.2225209339563146
0.1445225970708983,-0.6412389163541294,-0.7978589991593985,0.1011607999698797,0.6582718189721298,0.6037680693207814,0.3336234868795902,-0.6841423458248278,-0.6831906184550289,0.8123307629991003,-0.6525136639846563,-0.6514128533997506,0.8765478598129969,0.0,0.0,0.8787878787878787,0.8787878787878787,-0.19430002775154487,0.17145819177180538,0.35204704709242174,0.3338839938111034,0.6914727895206272,0.5419556886827955,1.0,6.123233995736766e-17,-0.8660254037844385,-0.5000000000000004,-0.9749279121818236,-0.2225209339563146
0.2630684496748694,-0.7991504858038802,-0.9295264117307949,-0.05705668653291797,0.9819013123125355,0.8194824433273673,0.6571520933443734,-0.6841423458248278,-0.6831906184550289,-0.14044052640062826,-0.6525136639846563,-0.6514128533997506,-0.21327337074423852,0.0,0.0,0.8787878787878787,0.8787878787878787,-0.3521669230772707,0.024918508988837712,0.35725495866394963,0.6575031592342735,0.2075045980280529,0.9350789104617873,1.0,6.123233995736766e-17,-0.9659258262890683,-0.25881904510252063,-0.9749279121818236,-0.2225209339563146
0.15761109244639482,-0.7991504858038802,-1.0875273068164708,-0.3471220784547151,0.9819013123125355,0.9812682238323067,0.9806806998091566,-0.6841423458248278,-0.6831906184550289,-0.5277459285956398,-0.6525136639846563,-0.6514128533997506,-0.5924901625682295,0.0,0.0,0.8787878787878787,0.8787878787878787,-0.6415895645077683,0.0,0.41257494651259996,0.8193127419458585,-0.4623073789976698,0.3334294580000261,1.0,6.123233995736766e-17,-1.0,-1.8369701987210297e-16,-0.9749279121818236,-0.2225209339563146
0.26053426047042216,-0.9307434603453393,-0.9295264117307949,-0.3471220784547151,0.9819013123125355,0.8194824433273673,0.9806806998091566,-0.6841423458248278,-0.605842786576748,-0.6826680894736445,-0.6525136639846563,-0.6343371836313472,-0.6505684099646967,0.0,0.0,0.8787878787878787,0.8787878787878787,-0.7994564598334941,0.0,0.38790541185285177,0.9811223246574435,-0.6829968743182837,-0.651087827846492,1.0,6.123233995736766e-17,-0.9659258262890684,0.2588190451025203,-0.9749279121818236,-0.2225209339563146
0.3903666519797531,-0.6412389163541294,-0.5081906915023265,-0.18890459195191697,0.6582718189721298,0.33412510181254906,0.6571520933443734,-0.6841423458248278,-0.12241883733749168,-0.6826680894736445,-0.6525136639846563,0.0008777317532617444,-0.6505684099646967,0.0,0.0,0.8787878787878787,0.8787878787878787,-0.7994564598334941,0.0,0.41500470426875313,0.9811223246574435,-0.6829968743182837,-0.651087827846492,1.0,6.123233995736766e-17,-0.8660254037844386,0.5000000000000001,-0.9749279121818236,-0.2225209339563146
0.28791256583173375,-0.7991504858038802,-0.06052148875957856,-0.3471220784547151,0.8200865656423326,-0.2590894267055621,0.818916396576765,-0.6841423458248278,0.6123855655061778,-0.6826680894736445,-0.6525136639846563,0.5199780927127271,-0.6505684099646967,0.0,0.0,0.0,0.0,-0.6415895645077683,0.0,0.37182940762886973,0.8193127419458585,-0.6829968743182837,-0.651087827846492,1.0,6.123233995736766e-17,-0.7071067811865477,0.7071067811865474,-0.9749279121818236,-0.2225209339563146
0.297385698120701,-0.7991504858038802,0.22914681889749292,-0.5053395649575132,0.6043335700820621,-0.366946613708855,0.818916396576765,-0.6841423458248278,1.4322725834159564,-0.6826680894736445,-0.6525136639846563,1.243986490893034,-0.6505684099646967,0.0,0.0,0.0,0.0,-0.6415895645077683,0.0,0.2597307987391976,0.6575031592342735,-0.6829968743182837,-0.651087827846492,1.0,6.123233995736766e-17,-0.5000000000000004,0.8660254037844384,-0.9749279121818236,-0.2225209339563146
0.3802528023190719,-0.9307434603453393,0.38714771398316894,-0.6371874703765118,0.8200865656423326,-0.47480380071214795,0.818916396576765,-0.6841423458248278,1.9930443645334937,-0.6826680894736445,-0.6525136639846563,1.4659701978822792,-0.6505684099646967,0.0,0.0,0.0,0.0,-0.7994564598334941,0.0,0.21862508327674834,0.9811223246574435,-0.6829968743182837,-0.651087827846492,1.0,6.123233995736766e-17,-0.25881904510252157,0.9659258262890681,-0.9749279121818236,-0.2225209339563146
0.24149645650380472,-1.0886550297950905,0.22914681889749292,-0.9272528622983084,0.9819013123125355,-0.366946613708855,0.6032306589335762,-0.6841423458248278,2.2753639508892194,-0.6826680894736445,-0.6525136639846563,1.558178814631658,-0.6505684099646967,0.0,0.0,0.0,0.0,-0.7994564598334941,0.0,0.25333310591808733,0.9811223246574435,-0.6829968743182837,-0.651087827846492,1.0,6.123233995736766e-17,-2.4492935982947064e-16,1.0,-0.9749279121818236,-0.2225209339563146
0.2391510642852552,-0.9307434603453393,0.22914681889749292,-0.7954049568793099,0.8200865656423326,-0.366946613708855,1.358130740684737,-0.606884394001042,2.302435692046618,-0.6826680894736445,-0.6354511951139858,1.5684242164927,-0.6505684099646967,0.0,0.0,0.0,0.0,-0.9310122059382657,0.0,0.23822264331603793,0.9811223246574435,-0.6829968743182837,-0.651087827846492,1.0,6.123233995736766e-17,0.25881904510252074,0.9659258262890683,-0.7818314824680299,0.6234898018587334
0.23647956943008153,-0.5096459418126703,0.09747940632609654,-0.7954049568793099,0.3346423256317241,-0.2590894267055621,1.1424450030415483,-0.12402219510238092,2.0549226300361183,-0.6826680894736445,-0.0007273531250478081,1.489876135558044,-0.6505684099646967,0.0,0.0,0.0,0.0,-0.6415895645077683,0.0,0.24837683648695275,0.6575031592342735,-0.6829968743182837,-0.651087827846492,1.0,6.123233995736766e-17,0.49999999999999994,0.8660254037844387,-0.7818314824680299,0.6234898018587334
0.2328871203652563,-0.06222982837170911,0.09747940632609654,-0.7954049568793099,-0.2586784121590197,0.17233932130760965,1.1424450030415483,0.6099283472235839,1.5328247648577216,-0.6826680894736445,0.5179717005433316,1.2747226964761604,-0.6505684099646967,0.0,0.0,0.0,0.0,-0.7994564598334941,0.0,0.25472172184892483,0.8193127419458585,-0.6829968743182837,-0.651087827846492,1.0,6.123233995736766e-17,0.7071067811865476,0.7071067811865476,-0.7818314824680299,0.6234898018587334
0.23151420114991408,0.22727471561950033,0.09747940632609654,-0.7954049568793099,-0.36655490993915496,0.33412510181254906,1.1424450030415483,1.428862636555713,0.8096225367957944,-0.6826680894736445,1.2414203806597557,0.8751520238955193,-0.6505684099646967,0.0,0.8787878787878787,0.0,0.0,-0.7994564598334941,0.0,0.2682506240986302,0.6035666316637451,-0.6829968743182837,-0.651087827846492,1.0,6.123233995736766e-17,0.8660254037844386,0.5000000000000001,-0.7818314824680299,0.6234898018587334
0.23151989876465776,0.3851862850692516,-0.06052148875957856,-0.6371874703765118,-0.47443140771929015,0.6576966628224279,0.9806806998091566,1.9889827872781596,-0.14175579530706192,-0.6826680894736445,1.4632324759784707,-0.21427570732862194,-0.6505684099646967,0.0,0.8787878787878787,0.0,0.0,-0.9310122059382657,0.0,0.2708623140515424,0.8193127419458585,-0.6829968743182837,-0.651087827846492,1.0,6.123233995736766e-17,0.9659258262890683,0.25881904510252074,-0.7818314824680299,0.6234898018587334
0.2135232274912069,0.22727471561950033,-0.350189796416651,-0.6371874703765118,-0.36655490993915496,0.9812682238323067,0.9806806998091566,2.2709743114349776,-0.528494954698467,-0.6826680894736445,1.5553698078800906,-0.5933555761871789,-0.6505684099646967,0.0,0.8787878787878787,0.0,0.0,-1.088879101263992,0.0,0.3230494007889977,0.9811223246574435,-0.6829968743182837,-0.651087827846492,1.0,6.123233995736766e-17,1.0,6.123233995736766e-17,-0.7818314824680299,0.6234898018587334
0.2034837557290169,0.22727471561950033,-0.350189796416651,-0.6371874703765118,-0.36655490993915496,0.9812682238323067,1.1424450030415483,2.298014594573303,-0.6831906184550289,-0.6129531170785425,1.5656072892024928,-0.6514128533997506,-0.643735674976877,0.0,0.8787878787878787,0.0,0.0,-0.9310122059382657,0.03582278327419681,0.33002541467812774,0.8193127419458585,-0.6055619636794718,-0.633995513856101,1.0,6.123233995736766e-17,0.9659258262890683,-0.25881904510252063,-0.7818314824680299,0.6234898018587334
0.17685484115990963,0.09568174107804124,-0.1921889013309754,-0.5053395649575132,-0.2586784121590197,0.6576966628224279,0.9806806998091566,2.0507891487371883,-0.6831906184550289,-0.3689507136956851,1.4871199323974091,-0.6514128533997506,-0.6266538375073278,0.0,0.8787878787878787,0.0,0.0,-0.5100338184029966,0.1897188439042542,0.36363503192546387,0.3338839938111034,-0.12159377218689758,0.0018385665864418855,1.0,6.123233995736766e-17,0.8660254037844387,-0.4999999999999998,-0.7818314824680299,0.6234898018587334
0.21832844474490468,0.09568174107804124,-0.350189796416651,-0.3471220784547151,0.17282757896152123,0.8194824433273673,0.818916396576765,1.5292979739266346,-0.6831906184550289,0.1384193631797801,1.2721328246269625,-0.6514128533997506,-0.6300702050012377,0.0,0.0,0.0,0.0,-0.06274428164677277,0.4364702729306259,0.3621981670843373,-0.2594178094647084,0.6140378788818153,0.5214449118943264,1.0,6.123233995736766e-17,0.7071067811865476,-0.7071067811865475,-0.7818314824680299,0.6234898018587334
0.29661344822356117,0.09568174107804124,-0.5081906915023265,-0.5053395649575132,0.3346423256317241,0.8194824433273673,0.6571520933443734,0.8069361243742376,-0.6831906184550289,0.3165798481894855,0.8728710530532755,-0.6514128533997506,-0.6164047350255983,0.8787878787878787,0.0,0.0,0.0,0.22667835978372425,0.6386844229526372,0.3751421921508242,-0.3672908646057651,1.4348479316532212,1.2461590250869023,1.0,6.123233995736766e-17,0.49999999999999994,-0.8660254037844387,-0.7818314824680299,0.6234898018587334
0.37489845170221764,-0.06222982837170911,-0.6398581040737229,-0.3471220784547151,0.6582718189721298,0.8194824433273673,0.9806806998091566,-0.14333668305832736,-0.6831906184550289,0.6225511159235446,-0.21571446089549456,-0.6514128533997506,-0.6334865724951475,0.8787878787878787,0.0,0.0,0.0,0.3845452551094506,0.7750848224967452,0.38637609554349595,-0.47516391974682176,1.9962510337846073,1.4683591069619846,1.0,6.123233995736766e-17,0.258819045102521,-0.9659258262890682,-0.7818314824680299,0.6234898018587334
0.27941763161910177,-0.3517343723629195,-0.9295264117307949,-0.05705668653291797,0.9819013123125355,0.6037680693207814,0.818916396576765,-0.5296264421772562,-0.6831906184550289,0.7077583044064472,-0.5945012698243769,-0.6514128533997506,-0.6505684099646967,0.8787878787878787,0.0,0.0,0.0,0.22667835978372425,0.8511376224986185,0.392943171747118,-0.3672908646057651,2.2788884576162705,1.5606576025100956,1.0,6.123233995736766e-17,1.2246467991473532e-16,-1.0,-0.7818314824680299,0.6234898018587334
0.2782506365568687,-0.3517343723629195,-0.7978589991593985,0.23300870538887822,0.9819013123125355,1.358768378343832,0.0640163148256042,-0.6841423458248278,-0.6831906184550289,0.5838205757040434,-0.6525136639846563,-0.6514128533997506,-0.30893166057371374,0.8787878787878787,0.0,0.0,0.0,0.22667835978372425,0.8672306669527701,0.38301045234275344,-0.3672908646057651,2.3059906763398548,1.57091299090433,1.0,6.123233995736766e-17,-0.2588190451025208,-0.9659258262890683,-0.7818314824680299,0.6234898018587334
0.16464158521649183,-0.19382280291316867,-0.7978589991593985,-0.18890459195191697,0.6582718189721298,1.1430540043372461,0.4953877901119818,-0.6841423458248278,-0.6831906184550289,0.7581080066917987,-0.6525136639846563,-0.6514128533997506,-0.4080063178970988,0.8787878787878787,0.0,0.0,0.0,0.09512261367895261,0.8049427431516152,0.3713427697343292,-0.2594178094647084,2.058198962295657,1.4922883465485317,1.0,6.123233995736766e-17,-0.4999999999999997,-0.8660254037844388,-0.7818314824680299,0.6234898018587334
0.14822375731149237,-0.3517343723629195,-0.7978589991593985,-0.18890459195191697,0.8200865656423326,1.1430540043372461,0.1718591836471986,-0.6841423458248278,-0.6831906184550289,0.3281990102553358,-0.6525136639846563,-0.6514128533997506,-0.6471520424707868,0.0,0.0,0.0,0.0,0.09512261367895261,0.6907167462391466,0.3606913874209764,0.17207441109951835,1.5355133154836766,1.276925190269606,1.0,6.123233995736766e-17,-0.7071067811865471,-0.7071067811865479,-0.7818314824680299,0.6234898018587334
0.20811162614307283,-0.5096459418126703,-0.7978589991593985,-0.18890459195191697,0.8200865656423326,1.1430540043372461,0.4953877901119818,-0.6841423458248278,-0.6831906184550289,0.15391157926758056,-0.6525136639846563,-0.6514128533997506,-0.524162812690033,0.0,0.0,0.8787878787878787,0.8787878787878787,0.09512261367895261,0.4763842375815415,0.3795707967477775,0.3338839938111034,0.8114969010107855,0.876965042894458,1.0,6.123233995736766e-17,-0.8660254037844385,-0.5000000000000004,-0.7818314824680299,0.6234898018587334
0.2119958548641387,-0.6412389163541294,-0.6398581040737229,-0.5053395649575132,0.8200865656423326,0.9812682238323067,0.3336234868795902,-0.6841423458248278,-0.6831906184550289,0.05321217469687755,-0.6525136639846563,-0.6514128533997506,0.21035619850058027,0.0,0.0,0.8787878787878787,0.8787878787878787,-0.06274428164677277,0.08782180500953252,0.38962797990161413,0.6575031592342735,-0.14095249984660055,-0.21352458969248395,1.0,6.123233995736766e-17,-0.9659258262890683,-0.25881904510252063,-0.7818314824680299,0.6234898018587334
0.19961668849814285,-0.9307434603453393,-0.6398581040737229,-0.5053395649575132,0.6043335700820621,0.9812682238323067,0.4953877901119818,-0.6841423458248278,-0.6831906184550289,-0.6129531170785425,-0.6525136639846563,-0.6514128533997506,-0.6061556325438688,0.0,0.0,0.8787878787878787,0.8787878787878787,-0.3521669230772707,0.0,0.4102134133302314,0.9811223246574435,-0.52812705304066,-0.5929739602791627,1.0,6.123233995736766e-17,-1.0,-1.8369701987210297e-16,-0.7818314824680299,0.6234898018587334
0.1733996634228304,-0.7991504858038802,-0.6398581040737229,-0.5053395649575132,1.3594690545430088,1.1430540043372461,0.4953877901119818,-0.6841423458248278,-0.613577569764576,-0.6826680894736445,-0.6525136639846563,-0.6445825854923893,-0.6505684099646967,0.0,0.0,0.8787878787878787,0.8787878787878787,-0.3521669230772707,0.0,0.41667251851167775,0.9811223246574435,-0.6829968743182837,-0.651087827846492,1.0,6.123233995736766e-17,-0.9659258262890684,0.2588190451025203,-0.7818314824680299,0.6234898018587334
0.17397172453688312,-0.7991504858038802,-0.5081906915023265,-0.5053395649575132,1.1437160589827384,0.9812682238323067,0.3336234868795902,-0.6841423458248278,-0.36993189934799087,-0.6826680894736445,-0.6525136639846563,-0.6275069157239859,-0.6505684099646967,0.0,0.0,0.8787878787878787,0.8787878787878787,-0.19430002775154487,0.0,0.42895458082171367,0.6575031592342735,-0.6829968743182837,-0.651087827846492,1.0,6.123233995736766e-17,-0.8660254037844386,0.5000000000000001,-0.7818314824680299,0.6234898018587334
0.174057531987842,-0.7991504858038802,-0.350189796416651,-0.6371874703765118,1.1437160589827384,0.8194824433273673,0.4953877901119818,-0.6841423458248278,0.13669639945474968,-0.6826680894736445,-0.6525136639846563,-0.6309220496776665,-0.6505684099646967,0.0,0.0,0.0,0.0,-0.3521669230772707,0.0,0.4355844010965717,0.8193127419458585,-0.6829968743182837,-0.651087827846492,1.0,6.123233995736766e-17,-0.7071067811865477,0.7071067811865474,-0.7818314824680299,0.6234898018587334
0.24401919556199603,-0.7991504858038802,-0.5081906915023265,-0.7954049568793099,1.1437160589827384,0.6576966628224279,0.6032306589335762,-0.6841423458248278,0.314596412774796,-0.6826680894736445,-0.6525136639846563,-0.6172615138629437,-0.6505684099646967,0.0,0.0,0.0,0.0,-0.5100338184029966,0.0,0.40480845976519775,0.8193127419458585,-0.6829968743182837,-0.651087827846492,1.0,6.123233995736766e-17,-0.5000000000000004,0.8660254037844384,-0.7818314824680299,0.6234898018587334
0.2596247220840462,-0.6412389163541294,-0.350189796416651,-0.9272528622983084,0.9819013123125355,0.9812682238323067,1.358130740684737,-0.6841423458248278,0.6201203486940059,-0.6826680894736445,-0.6525136639846563,-0.6343371836313472,-0.6505684099646967,0.0,0.0,0.0,0.0,-0.6415895645077683,0.0,0.36469394696932556,0.8193127419458585,-0.6829968743182837,-0.651087827846492,1.0,6.123233995736766e-17,-0.25881904510252157,0.9659258262890681,-0.7818314824680299,0.6234898018587334
0.16784505537692826,-0.6412389163541294,-0.06052148875957856,-0.9272528622983084,0.9819013123125355,0.8194824433273673,0.818916396576765,-0.6841423458248278,0.705202963760115,-0.6826680894736445,-0.6525136639846563,-0.6514128533997506,-0.6505684099646967,0.0,0.0,0.0,0.0,-0.9310122059382657,0.0,0.3462714169204215,0.6035666316637451,-0.6829968743182837,-0.651087827846492,1.0,6.123233995736766e-17,-2.4492935982947064e-16,1.0,-0.7818314824680299,0.6234898018587334
0.12789883471589555,-0.6412389163541294,0.22914681889749292,-0.6371874703765118,1.1437160589827384,0.06448213430431671,0.010094880414807005,-0.6146101891834206,0.5814464327548654,-0.6826680894736445,-0.645688676436388,-0.30989945803168134,-0.6505684099646967,0.0,0.0,0.0,0.0,-0.7994564598334941,0.0,0.34671938397922075,1.358678017651142,-0.6829968743182837,-0.651087827846492,1.0,6.123233995736766e-17,0.25881904510252074,0.9659258262890683,-2.4492935982947064e-16,1.0
0.12939760257111213,-0.5096459418126703,-0.1921889013309754,-0.7954049568793099,0.9819013123125355,0.4959108823174885,0.4414663557011846,-0.3712476409384954,0.7554790544809977,-0.6826680894736445,-0.6286262075657176,-0.40893834268842144,-0.6505684099646967,0.0,0.0,0.0,0.0,-0.7994564598334941,0.0,0.3497412921088906,1.1429319073690285,-0.6829968743182837,-0.651087827846492,1.0,6.123233995736766e-17,0.49999999999999994,0.8660254037844387,-2.4492935982947064e-16,1.0
0.12696067096387967,-0.3517343723629195,-0.1921889013309754,-0.7954049568793099,0.8200865656423326,0.17233932130760965,0.6032306589335762,0.13479194350730142,0.32619858755653813,-0.6826680894736445,-0.6320387013398517,-0.64799771944607,-0.6505684099646967,0.0,0.0,0.0,0.0,-0.7994564598334941,0.0,0.3527632514582105,1.1429319073690285,-0.6829968743182837,-0.651087827846492,1.0,6.123233995736766e-17,0.7071067811865476,0.7071067811865476,-2.4492935982947064e-16,1.0
0.12783590696366035,-0.5096459418126703,-0.1921889013309754,-0.9272528622983084,0.6582718189721298,0.4959108823174885,0.818916396576765,0.3124852327020087,0.1521659658304059,-0.6826680894736445,-0.6183887262433154,-0.5250528971135651,-0.6505684099646967,0.0,0.8787878787878787,0.0,0.0,-0.7994564598334941,0.0,0.36950741601629233,1.1429319073690285,-0.6829968743182837,-0.651087827846492,1.0,6.123233995736766e-17,0.8660254037844386,0.5000000000000001,-2.4492935982947064e-16,1.0
0.12731533718477903,-0.3517343723629195,-0.5081906915023265,-0.9272528622983084,0.9819013123125355,0.33412510181254906,0.818916396576765,0.6176541424059625,0.05161378438864058,-0.6826680894736445,-0.6354511951139858,0.20920090292778404,-0.6505684099646967,0.0,0.8787878787878787,0.0,0.0,-0.6415895645077683,0.0,0.3716143363185681,0.9811223246574435,-0.6829968743182837,-0.651087827846492,1.0,6.123233995736766e-17,0.9659258262890683,0.25881904510252074,-2.4492935982947064e-16,1.0
0.12737826836931226,-0.06222982837170911,-0.5081906915023265,-0.7954049568793099,0.8200865656423326,0.4959108823174885,0.6032306589335762,0.7026378894121268,-0.613577569764576,-0.6826680894736445,-0.6525136639846563,-0.6070161120019016,-0.6505684099646967,0.0,0.8787878787878787,0.0,0.0,-0.6415895645077683,0.0,0.3474329761428602,0.9811223246574435,-0.6829968743182837,-0.651087827846492,1.0,6.123233995736766e-17,1.0,6.123233995736766e-17,-2.4492935982947064e-16,1.0
0.12523308209534006,0.22727471561950033,-0.5081906915023265,-0.7954049568793099,0.064951081181386,0.4959108823174885,0.4414663557011846,0.5790251664940695,-0.6831906184550289,-0.597460900990742,-0.31126428657124866,-0.6514128533997506,-0.6505684099646967,0.0,0.8787878787878787,0.0,0.0,-0.6415895645077683,0.005876222351862779,0.35762020598801747,1.1429319073690285,-0.613305454743353,-0.6442509022503355,1.0,6.123233995736766e-17,0.9659258262890683,-0.25881904510252063,-2.4492935982947064e-16,1.0
0.1287797889242081,-0.19382280291316867,-0.5081906915023265,-0.5053395649575132,0.4964570723019269,0.33412510181254906,0.3336234868795902,0.7528555580975875,-0.6831906184550289,-0.2953626872786329,-0.41022660602113686,-0.6514128533997506,-0.6471520424707868,0.0,0.8787878787878787,0.0,0.0,-0.5100338184029966,0.03609996314078411,0.3926929637569244,0.9811223246574435,-0.36938548623109557,-0.6271585882599446,1.0,6.123233995736766e-17,0.8660254037844387,-0.4999999999999998,-2.4492935982947064e-16,1.0
0.12728673927752346,-0.19382280291316867,-0.6398581040737229,-0.05705668653291797,0.17282757896152123,0.4959108823174885,-0.09774798840678739,0.32407392547557656,-0.6831906184550289,-0.03199501378602501,-0.6491011702105222,-0.6514128533997506,-0.6129883675316885,0.0,0.0,0.0,0.0,-0.3521669230772707,0.19470808948561863,0.4087373142372136,0.8193127419458585,0.13781317845312221,-0.6305770510580229,1.0,6.123233995736766e-17,0.7071067811865476,-0.7071067811865475,-2.4492935982947064e-16,1.0
0.5281963116476446,-0.19382280291316867,-0.7978589991593985,0.1011607999698797,0.4964570723019269,0.6037680693207814,-0.3673551604607734,0.15024353387205858,-0.6831906184550289,0.6109319538576943,-0.5262513943416954,-0.6514128533997506,-0.4592518303057462,0.8787878787878787,0.0,0.0,0.0,-0.5100338184029966,0.4413597602096728,0.40304184281744526,0.6575031592342735,0.3159134729223895,-0.6169031998657101,1.0,6.123233995736766e-17,0.49999999999999994,-0.8660254037844387,-2.4492935982947064e-16,1.0
0.5274946011956897,-0.5096459418126703,-0.9295264117307949,0.23300870538887822,0.3346423256317241,1.358768378343832,-0.3673551604607734,0.04980819650113706,-0.6831906184550289,2.0865655362206885,0.2074347670971308,-0.6514128533997506,1.6008177685218805,0.8787878787878787,0.0,0.0,0.0,-0.3521669230772707,0.6421713335138509,0.3981457052553973,0.9811223246574435,0.6217813699456964,-0.633995513856101,1.0,6.123233995736766e-17,0.258819045102521,-0.9659258262890682,-2.4492935982947064e-16,1.0
0.5267928907437349,-0.5096459418126703,-0.9295264117307949,0.39122619189167684,0.4964570723019269,0.8194824433273673,-0.47519802928236776,-0.6146101891834206,-0.6831906184550289,2.0981846982865386,-0.6081512449209132,-0.6514128533997506,1.3070101640456353,0.8787878787878787,0.0,0.0,0.0,-0.06274428164677277,0.7734383847595497,0.38944251354900583,0.8193127419458585,0.7069597716483895,-0.651087827846492,1.0,6.123233995736766e-17,1.2246467991473532e-16,-1.0,-2.4492935982947064e-16,1.0
0.52609118029178,-0.5096459418126703,-0.6398581040737229,0.5230740973106753,0.4964570723019269,0.010553540802670241,-0.5830408981039622,-0.6841423458248278,-0.6831906184550289,2.0284697258914366,-0.6525136639846563,-0.6514128533997506,1.41291755635684,0.8787878787878787,0.0,0.0,0.0,0.22667835978372425,0.8482549029249805,0.3618342514711691,0.06420135595846167,0.5830639146262905,-0.3092415480386732,1.0,6.123233995736766e-17,-0.2588190451025208,-0.9659258262890683,-2.4492935982947064e-16,1.0
0.9534408771097067,-0.5096459418126703,-0.7978589991593985,0.5230740973106753,0.3346423256317241,0.441982288815842,-0.3673551604607734,-0.6841423458248278,-0.6831906184550289,1.765102052398829,-0.6525136639846563,-0.6514128533997506,1.0781135419536767,0.8787878787878787,0.0,0.0,0.0,-0.19430002775154487,0.8650187680783651,0.3470711605353415,0.4956935765226884,0.7572924635636172,-0.40837696918294064,1.0,6.123233995736766e-17,-0.4999999999999997,-0.8660254037844388,-2.4492935982947064e-16,1.0
0.21277385386049272,-0.6412389163541294,-0.7978589991593985,0.1011607999698797,0.4964570723019269,0.6037680693207814,-0.259512291639179,-0.6841423458248278,-0.6831906184550289,1.6915140259817767,-0.6525136639846563,-0.6514128533997506,2.249927592364748,0.0,0.0,0.0,0.0,-0.19430002775154487,0.8189126307794357,0.3772000440284111,0.17207441109951835,0.32752870951821134,-0.6476693650484138,1.0,6.123233995736766e-17,-0.7071067811865471,-0.7071067811865479,-2.4492935982947064e-16,1.0
0.2115725495470683,-0.7991504858038802,-0.9295264117307949,0.1011607999698797,0.6043335700820621,0.8194824433273673,-0.09774798840678739,-0.6841423458248278,-0.6831906184550289,1.1183020307331595,-0.6525136639846563,-0.6514128533997506,2.154269302535273,0.0,0.0,0.8787878787878787,0.8787878787878787,-0.19430002775154487,0.6763476657461974,0.38109586182618427,0.4956935765226884,0.15330016058088458,-0.524604704317599,1.0,6.123233995736766e-17,-0.8660254037844385,-0.5000000000000004,-2.4492935982947064e-16,1.0
0.7271666289311164,-0.9307434603453393,-0.9295264117307949,-0.18890459195191697,1.3594690545430088,0.8194824433273673,-0.09774798840678739,-0.6841423458248278,-0.6831906184550289,0.2972145780797349,-0.6525136639846563,-0.6514128533997506,1.693059690857446,0.0,0.0,0.8787878787878787,0.8787878787878787,-0.5100338184029966,0.45975341897699334,0.398484011043571,0.3338839938111034,0.052634776750429144,0.21036479726921134,1.0,6.123233995736766e-17,-0.9659258262890683,-0.25881904510252063,-2.4492935982947064e-16,1.0
0.2700417294689651,-0.9307434603453393,-0.7978589991593985,-0.5053395649575132,0.8200865656423326,0.6037680693207814,0.4953877901119818,-0.6841423458248278,-0.6831906184550289,-0.4580309562005378,-0.6525136639846563,-0.6514128533997506,0.32651269329351446,0.0,0.0,0.8787878787878787,0.8787878787878787,-0.5100338184029966,0.09211255620950595,0.4362081027744813,0.4956935765226884,-0.613305454743353,-0.6066478114714755,1.0,6.123233995736766e-17,-1.0,-1.8369701987210297e-16,-2.4492935982947064e-16,1.0
0.984629036725891,-0.6412389163541294,-0.7978589991593985,-0.6371874703765118,0.01101283229131838,0.441982288815842,0.6571520933443734,-0.6841423458248278,-0.5981080033889198,-0.6826680894736445,-0.6525136639846563,-0.6514128533997506,-0.6505684099646967,0.0,0.0,0.8787878787878787,0.8787878787878787,-0.5100338184029966,0.0,0.45793281487779214,0.4956935765226884,-0.6829968743182837,-0.651087827846492,1.0,6.123233995736766e-17,-0.9659258262890684,0.2588190451025203,-2.4492935982947064e-16,1.0
0.4448830087042875,-0.7991504858038802,-0.5081906915023265,-0.6371874703765118,0.44251882341185933,0.33412510181254906,0.6571520933443734,-0.6841423458248278,-0.2964514590636239,-0.6826680894736445,-0.6525136639846563,-0.64799771944607,-0.6505684099646967,0.0,0.0,0.8787878787878787,0.8787878787878787,-0.5100338184029966,0.0,0.46187903281115406,0.3338839938111034,-0.6829968743182837,-0.651087827846492,1.0,6.123233995736766e-17,-0.8660254037844386,0.5000000000000001,-2.4492935982947064e-16,1.0
0.4730907666418461,-0.7991504858038802,-0.06052148875957856,-0.6371874703765118,0.6043335700820621,-0.09730364620062269,0.4953877901119818,-0.6841423458248278,-0.03346883067746852,-0.6826680894736445,-0.6525136639846563,-0.613846379909263,-0.6505684099646967,0.0,0.0,0.0,0.0,-0.6415895645077683,0.0,0.4841974318774812,0.4956935765226884,-0.6829968743182837,-0.651087827846492,1.0,6.123233995736766e-17,-0.7071067811865477,0.7071067811865474,-2.4492935982947064e-16,1.0
0.4411532333949477,-0.9307434603453393,0.09747940632609654,-0.7954049568793099,0.8200865656423326,-0.366946613708855,0.818916396576765,-0.6841423458248278,0.6085181739122638,-0.6826680894736445,-0.6525136639846563,-0.46016535199363184,-0.6505684099646967,0.0,0.0,0.0,0.0,-0.7994564598334941,0.0,0.4384965967359663,0.6035666316637451,-0.6829968743182837,-0.651087827846492,1.0,6.123233995736766e-17,-0.5000000000000004,0.8660254037844384,-2.4492935982947064e-16,1.0
0.32450801582971595,-0.9307434603453393,0.22914681889749292,-0.7954049568793099,0.8200865656423326,-0.366946613708855,0.6032306589335762,-0.6841423458248278,2.0819943711935167,-0.6826680894736445,-0.6525136639846563,1.5991604220758262,-0.6505684099646967,0.0,0.0,0.0,0.0,-0.9310122059382657,0.0,0.4295335677451835,1.358678017651142,-0.6829968743182837,-0.651087827846492,1.0,6.123233995736766e-17,-0.25881904510252157,0.9659258262890681,-2.4492935982947064e-16,1.0
0.2078627982644842,-0.7991504858038802,0.38714771398316894,-1.2173182542201055,0.6043335700820621,-0.47480380071214795,0.6032306589335762,-0.6841423458248278,2.093596545975259,-0.6826680894736445,-0.6525136639846563,1.3054589020592866,-0.6505684099646967,0.0,0.0,0.0,0.0,-0.9310122059382657,0.0,0.5072119572068018,0.8193127419458585,-0.6829968743182837,-0.651087827846492,1.0,6.123233995736766e-17,-2.4492935982947064e-16,1.0,-2.4492935982947064e-16,1.0
0.18774095787922082,-0.7991504858038802,0.5188151265545653,-1.2173182542201055,0.44251882341185933,-0.582660987715441,1.1424450030415483,-0.5991585988186634,2.023983497284806,-0.6826680894736445,-0.6525136639846563,1.4113280546233882,-0.6505684099646967,0.0,0.0,0.0,0.0,-0.6415895645077683,0.0,0.5187090783807644,0.010264828387933323,-0.6829968743182837,-0.651087827846492,1.0,6.123233995736766e-17,0.25881904510252074,0.9659258262890683,0.7818314824680298,0.6234898018587336
0.18742060090951287,-0.5096459418126703,0.5188151265545653,-1.3755357407229036,0.3346423256317241,-0.366946613708855,1.3042093062739397,-0.2978525867058989,1.7610008688986507,-0.6826680894736445,-0.6491011702105222,1.0766449271626801,-0.6505684099646967,0.0,0.0,0.0,0.0,-0.7994564598334941,0.0,0.5360431908674134,0.44175704895216006,-0.6829968743182837,-0.651087827846492,1.0,6.123233995736766e-17,0.49999999999999994,0.8660254037844387,0.7818314824680298,0.6234898018587336
0.1843830171455682,-0.06222982837170911,0.09747940632609654,-1.3755357407229036,-0.09686366548881685,-0.2590894267055621,1.1424450030415483,-0.035175550505027284,1.6875204286142838,-0.6826680894736445,-0.6149762324691814,2.2480358732751577,-0.6505684099646967,0.0,0.0,0.0,0.0,-0.7994564598334941,0.0,0.5227127135417633,0.6035666316637451,-0.6829968743182837,-0.651087827846492,1.0,6.123233995736766e-17,0.7071067811865476,0.7071067811865476,0.7818314824680298,0.6234898018587336
0.18446309265880304,0.09568174107804124,0.09747940632609654,-1.3755357407229036,-0.36655490993915496,-0.09730364620062269,1.1424450030415483,0.6060654496323946,1.1151464727150042,-0.6826680894736445,-0.461414012633148,2.1524121225720987,-0.6505684099646967,0.0,0.8787878787878787,0.0,0.0,-0.9310122059382657,0.0,0.537990766838575,0.8193127419458585,-0.6829968743182837,-0.651087827846492,1.0,6.123233995736766e-17,0.8660254037844386,0.5000000000000001,0.7818314824680298,0.6234898018587336
0.18405694883192442,0.22727471561950033,-0.1921889013309754,-1.5073836461419021,-0.36655490993915496,-0.09730364620062269,1.3042093062739397,2.0778294318755135,0.29525945480522575,-0.6826680894736445,1.5963197331696997,1.691369038825205,-0.6505684099646967,0.0,0.8787878787878787,0.0,0.0,-0.9310122059382657,0.0,0.5988989209402676,0.8193127419458585,-0.6829968743182837,-0.651087827846492,1.0,6.123233995736766e-17,0.9659258262890683,0.25881904510252074,0.7818314824680298,0.6234898018587336
0.18317600148820795,0.3851862850692516,-0.5081906915023265,-1.2173182542201055,-0.47443140771929015,0.4959108823174885,0.9806806998091566,2.089418124649081,-0.45888190600801404,-0.6826680894736445,1.3028452685941692,0.3253154573529276,-0.6505684099646967,0.0,0.8787878787878787,0.0,0.0,-0.7994564598334941,0.0,0.6784013957969255,0.6035666316637451,-0.6829968743182837,-0.651087827846492,1.0,6.123233995736766e-17,1.0,6.123233995736766e-17,0.7818314824680298,0.6234898018587336
0.35329786748849346,0.5167792596107107,-0.6398581040737229,-1.2173182542201055,-0.5823079054994255,0.6576966628224279,0.9806806998091566,2.019885968007674,-0.6831906184550289,-0.4928884423980888,1.4086325755923255,-0.6514128533997506,-0.0014585861218291217,0.0,0.8787878787878787,0.0,0.0,-0.7994564598334941,0.007855290031897113,0.6459338743050325,0.44175704895216006,-0.5978184726155906,-0.651087827846492,1.0,6.123233995736766e-17,0.9659258262890683,-0.25881904510252063,0.7818314824680298,0.6234898018587336
0.25718205853908965,0.5167792596107107,-0.6398581040737229,-0.7954049568793099,-0.36655490993915496,0.6576966628224279,0.6032306589335762,1.7572089318068025,-0.6831906184550289,0.0415930126310272,1.0742081857271861,-0.6514128533997506,0.5485765803976533,0.0,0.8787878787878787,0.0,0.0,-0.5100338184029966,0.037652173320697105,0.6090499384928831,0.3338839938111034,-0.2958223211242243,-0.6476693650484138,1.0,6.123233995736766e-17,0.8660254037844387,-0.4999999999999998,0.7818314824680298,0.6234898018587336
0.1533722043690257,0.09568174107804124,-0.6398581040737229,-0.6371874703765118,-0.2586784121590197,0.4959108823174885,0.4953877901119818,1.6838138775742062,-0.6831906184550289,-0.06297944596162594,2.244693550255174,-0.6514128533997506,-0.43192089035446757,0.0,0.0,0.0,0.0,-0.06274428164677277,0.20121627429642858,0.6015255158113265,-0.09760822675312336,-0.03254362495226392,-0.6134847370676318,1.0,6.123233995736766e-17,0.7071067811865476,-0.7071067811865475,0.7818314824680298,0.6234898018587336
0.15458495196411004,0.09568174107804124,-0.7978589991593985,-0.05705668653291797,-0.09686366548881685,0.8194824433273673,0.010094880414807005,1.1121050340781915,-0.6831906184550289,0.7155044124503475,2.1491437245794196,-0.6514128533997506,-0.37384264295800046,0.8787878787878787,0.0,0.0,0.0,0.09512261367895261,0.4474466132096277,0.6116334576383018,-0.3672908646057651,0.6101661333498747,-0.45965391115411347,1.0,6.123233995736766e-17,0.49999999999999994,-0.8660254037844387,0.7818314824680298,0.6234898018587336
0.15790283777965505,-0.19382280291316867,-0.7978589991593985,-0.05705668653291797,-0.09686366548881685,0.6037680693207814,-0.259512291639179,0.29317074474606225,-0.6831906184550289,0.4947403331991908,1.6884570650713195,-0.6514128533997506,-0.32601349804326285,0.8787878787878787,0.0,0.0,0.0,0.22667835978372425,0.6470497247107249,0.58426997426776,-0.3672908646057651,2.085301181019241,1.6016791560870338,1.0,6.123233995736766e-17,0.258819045102521,-0.9659258262890682,0.7818314824680298,0.6234898018587336
0.16025968700905657,-0.5096459418126703,-1.2191947193878672,-0.18890459195191697,0.4964570723019269,0.6037680693207814,0.010094880414807005,-0.460094285535849,-0.6831906184550289,1.2073822732380122,0.32345955541768934,-0.6514128533997506,-0.19277516578077955,0.8787878787878787,0.0,0.0,0.0,0.3845452551094506,0.7802293334006017,0.59773295682793,-0.47516391974682176,2.0969164176150628,1.3076913554523097,1.0,6.123233995736766e-17,1.2246467991473532e-16,-1.0,0.7818314824680298,0.6234898018587336
0.5169440716965821,-0.6412389163541294,-1.2191947193878672,-0.18890459195191697,0.6582718189721298,1.1430540043372461,-0.09774798840678739,-0.6841423458248278,-0.6831906184550289,1.8929128351231828,-0.6525136639846563,-0.6514128533997506,0.44608555558035845,0.8787878787878787,0.0,0.0,0.0,0.5161010012142222,0.8561545417621409,0.6006252792431291,-0.5830369748878784,2.0272249980401322,1.4136637021927334,1.0,6.123233995736766e-17,-0.2588190451025208,-0.9659258262890683,0.7818314824680298,0.6234898018587336
0.35496253203709593,-0.6412389163541294,-1.3771956144735429,-0.18890459195191697,0.6582718189721298,1.3048397848421855,0.1718591836471986,-0.6841423458248278,-0.6831906184550289,1.033094842250257,-0.6525136639846563,-0.6514128533997506,-0.5993228975560492,0.8787878787878787,0.0,0.0,0.0,0.5161010012142222,0.8708894470457706,0.6118154922743608,-0.3672908646057651,1.7639463018681716,1.078654347981071,1.0,6.123233995736766e-17,-0.4999999999999997,-0.8660254037844388,0.7818314824680298,0.6234898018587336
0.6772896064960862,-0.6412389163541294,-1.3771956144735429,-0.18890459195191697,0.4964570723019269,1.1430540043372461,0.010094880414807005,-0.6841423458248278,-0.6831906184550289,0.2817223619919344,-0.6525136639846563,-0.6514128533997506,-0.6164047350255983,0.0,0.0,0.0,0.0,0.09512261367895261,0.8125984278368292,0.6068461106128291,-0.2594178094647084,1.6903831367613005,2.2511870877218896,1.0,6.123233995736766e-17,-0.7071067811865471,-0.7071067811865479,0.7818314824680298,0.6234898018587336
0.6833962138740068,-0.7991504858038802,-1.3771956144735429,-0.5053395649575132,0.8200865656423326,1.1430540043372461,0.4953877901119818,-0.6841423458248278,-0.6831906184550289,0.0919427149163787,-0.6525136639846563,-0.6514128533997506,-0.6369029399890573,0.0,0.0,0.8787878787878787,0.8787878787878787,0.09512261367895261,0.686858329799617,0.596253630896963,-0.09760822675312336,1.1173647980340924,2.1554701293757,1.0,6.123233995736766e-17,-0.8660254037844385,-0.5000000000000004,0.7818314824680298,0.6234898018587336
0.6895028212519274,-0.7991504858038802,-1.5088630270449392,-0.6371874703765118,0.6043335700820621,1.3048397848421855,0.3336234868795902,-0.6841423458248278,-0.6831906184550289,-0.2140285528176805,-0.6525136639846563,-0.6514128533997506,-0.6471520424707868,0.0,0.0,0.8787878787878787,0.8787878787878787,-0.19430002775154487,0.4710014136994093,0.6036472385924491,-0.09760822675312336,0.29655474526268655,1.6939776516351448,1.0,6.123233995736766e-17,-0.9659258262890683,-0.25881904510252063,0.7818314824680298,0.6234898018587336
0.5089353877147459,-1.2202480043365496,-1.2191947193878672,-0.7954049568793099,0.6043335700820621,0.9812682238323067,0.4414663557011846,-0.6841423458248278,-0.6831906184550289,-0.5161267665297895,-0.6525136639846563,-0.6514128533997506,-0.5412446501595821,0.0,0.0,0.8787878787878787,0.8787878787878787,-0.5100338184029966,0.10328846631176233,0.6030012051471445,0.4956935765226884,-0.45843563346572924,0.3265925324038697,1.0,6.123233995736766e-17,-1.0,-1.8369701987210297e-16,0.7818314824680298,0.6234898018587336
0.4903781192026905,-1.2202480043365496,-1.2191947193878672,-0.7954049568793099,1.1437160589827384,0.9812682238323067,0.4414663557011846,-0.6841423458248278,-0.4936884303532405,-0.6826680894736445,-0.6525136639846563,-0.002537402200418949,-0.6505684099646967,0.0,0.0,0.8787878787878787,0.8787878787878787,-0.6415895645077683,0.0,0.6246079071768819,0.6575031592342735,-0.6829968743182837,-0.651087827846492,1.0,6.123233995736766e-17,-0.9659258262890684,0.2588190451025203,0.7818314824680298,0.6234898018587336
0.374395036548932,-1.3781595737863004,-0.7978589991593985,-0.7954049568793099,1.305530805652941,0.6037680693207814,0.1718591836471986,-0.6841423458248278,0.04001160960689843,-0.6826680894736445,-0.6525136639846563,0.5472991643421726,-0.6505684099646967,0.0,0.0,0.8787878787878787,0.8787878787878787,-0.6415895645077683,0.0,0.6117973605182648,0.6575031592342735,-0.6829968743182837,-0.651087827846492,1.0,6.123233995736766e-17,-0.8660254037844386,0.5000000000000001,0.7818314824680298,0.6234898018587336
0.6358102847025592,-1.3781595737863004,-0.6398581040737229,-0.7954049568793099,1.1437160589827384,0.4959108823174885,0.1718591836471986,-0.6841423458248278,-0.06440796342878093,-0.6826680894736445,-0.6525136639846563,-0.4328442803641863,-0.6505684099646967,0.0,0.0,0.0,0.0,-0.6415895645077683,0.0,0.5959500008118314,0.4956935765226884,-0.6829968743182837,-0.651087827846492,1.0,6.123233995736766e-17,-0.7071067811865477,0.7071067811865474,0.7818314824680298,0.6234898018587336
0.416034543691909,-1.3781595737863004,-0.06052148875957856,-0.6371874703765118,1.1437160589827384,0.010553540802670241,0.1718591836471986,-0.6841423458248278,0.7129377469479432,-0.6826680894736445,-0.6525136639846563,-0.3747870031516145,-0.6505684099646967,0.0,0.0,0.0,0.0,-0.7994564598334941,0.0,0.5422429197413182,0.8193127419458585,-0.6829968743182837,-0.651087827846492,1.0,6.123233995736766e-17,-0.5000000000000004,0.8660254037844384,0.7818314824680298,0.6234898018587336
0.3026199697906834,-1.5097525483277596,-0.06052148875957856,-1.085470348801107,1.305530805652941,-0.2590894267055621,1.1424450030415483,-0.6841423458248278,0.4924964260948423,-0.6826680894736445,-0.6525136639846563,-0.3269751278000848,-0.6505684099646967,0.0,0.0,0.0,0.0,-0.7994564598334941,0.0,0.5215649836248217,0.6035666316637451,-0.6829968743182837,-0.651087827846492,1.0,6.123233995736766e-17,-0.25881904510252157,0.9659258262890681,0.7818314824680298,0.6234898018587336
0.1610176482494627,-1.2202480043365496,-0.1921889013309754,-1.2173182542201055,0.9819013123125355,0.010553540802670241,-0.3134337260499762,-0.6841423458248278,1.2040964793750275,-0.6826680894736445,-0.6525136639846563,-0.19378490360653777,-0.6505684099646967,0.0,0.0,0.0,0.0,-1.2204348473687636,0.0,0.518799685941594,0.6035666316637451,-0.6829968743182837,-0.651087827846492,1.0,6.123233995736766e-17,-2.4492935982947064e-16,1.0,0.7818314824680298,0.6234898018587336
0.15919567118486833,-1.2202480043365496,-0.1921889013309754,-1.2173182542201055,0.9819013123125355,-0.09730364620062269,0.4414663557011846,-0.49486036385655263,1.8886247914978143,-0.6826680894736445,-0.0041398468991818834,0.4448451457317519,-0.6505684099646967,0.0,0.0,0.0,0.0,-1.2204348473687636,0.0,0.5360434981853133,1.1429319073690285,-0.6829968743182837,-0.651087827846492,1.0,6.123233995736766e-17,0.25881904510252074,0.9659258262890683,0.9749279121818236,-0.22252093395631434
0.1603626525179092,-0.7991504858038802,-0.1921889013309754,-1.3755357407229036,0.6043335700820621,0.17233932130760965,-0.15166942281758458,0.038219503727569194,1.0300638576488952,-0.6826680894736445,0.5452716507364043,-0.6001858440945402,-0.6505684099646967,0.0,0.0,0.0,0.0,-1.3783017426944895,0.0,0.5142699225359134,1.3047414900806136,-0.6829968743182837,-0.651087827846492,1.0,6.123233995736766e-17,0.49999999999999994,0.8660254037844387,0.9749279121818236,-0.22252093395631434
0.15707908625044972,-0.6412389163541294,-0.1921889013309754,-1.5073836461419021,0.4964570723019269,0.010553540802670241,-0.15166942281758458,-0.0660787312345416,0.27978988842956953,-0.6826680894736445,-0.4341140624400754,-0.6172615138629437,-0.6505684099646967,0.0,0.0,0.0,0.0,-1.3783017426944895,0.0,0.5200533893143618,1.1429319073690285,-0.6829968743182837,-0.651087827846492,1.0,6.123233995736766e-17,0.7071067811865476,0.7071067811865476,0.9749279121818236,-0.22252093395631434
0.15767402019863003,-0.06222982837170911,-0.5081906915023265,-1.6656011326447004,0.01101283229131838,0.4959108823174885,-0.4212765948715706,0.7103636845945054,0.09028770032778108,-0.6826680894736445,-0.37610166827979613,-0.6377523175850279,-0.6505684099646967,0.0,0.8787878787878787,0.0,0.0,-1.3783017426944895,0.0,0.5175256995874308,1.1429319073690285,-0.6829968743182837,-0.651087827846492,1.0,6.123233995736766e-17,0.8660254037844386,0.5000000000000001,0.9749279121818236,-0.22252093395631434
0.17023050937818143,-0.06222982837170911,-0.6398581040737229,-1.8238186191474985,-0.2586784121590197,0.33412510181254906,-0.3134337260499762,0.49017852189671596,-0.21523623559142888,-0.6826680894736445,-0.328326755441919,-0.64799771944607,-0.6505684099646967,0.0,0.8787878787878787,0.0,0.0,-1.509857488799261,0.0,0.5356958192011916,1.3047414900806136,-0.6829968743182837,-0.651087827846492,1.0,6.123233995736766e-17,0.9659258262890683,0.25881904510252074,0.9749279121818236,-0.22252093395631434
0.30811736142828616,-0.19382280291316867,-0.7978589991593985,-1.6656011326447004,0.01101283229131838,0.441982288815842,-0.5830408981039622,1.200951678675545,-0.5168927799167248,-0.6826680894736445,-0.19523949825069012,-0.5421285668819685,-0.6505684099646967,0.0,0.8787878787878787,0.0,0.0,-1.2204348473687636,0.0,0.5332566370294405,0.9811223246574435,-0.6829968743182837,-0.651087827846492,1.0,6.123233995736766e-17,1.0,6.123233995736766e-17,0.9749279121818236,-0.22252093395631434
0.32526740490610606,-0.19382280291316867,-0.7978589991593985,-1.6656011326447004,-0.09686366548881685,0.441982288815842,-0.5830408981039622,1.8846845523160491,-0.6831906184550289,-0.5083806584858893,0.442896837512382,-0.6514128533997506,-0.18594243079295988,0.0,0.8787878787878787,0.0,0.0,-1.2204348473687636,0.008803247091496005,0.537942159390736,0.9811223246574435,-0.4932813432531946,-0.0015798962116363021,1.0,6.123233995736766e-17,0.9659258262890683,-0.25881904510252063,0.9749279121818236,-0.22252093395631434
0.1676105230196694,-0.19382280291316867,-0.7978589991593985,-1.3755357407229036,0.17282757896152123,0.17233932130760965,-0.798726635747151,1.027121287072027,-0.6831906184550289,0.1616576873114808,-0.6013262573726451,-0.6514128533997506,1.1669390967953324,0.0,0.8787878787878787,0.0,0.0,-0.7994564598334941,0.03952591310378653,0.5606328228731795,0.6035666316637451,0.04101954015460736,0.5487926142789519,1.0,6.123233995736766e-17,0.8660254037844387,-0.4999999999999998,0.9749279121818236,-0.22252093395631434
0.14136487944331314,-0.19382280291316867,-0.7978589991593985,-0.9272528622983084,0.01101283229131838,0.17233932130760965,-0.9065695045687454,0.27771915438130507,-0.6831906184550289,1.0137295721405064,-0.6183887262433154,-0.6514128533997506,1.81263255314429,0.0,0.0,0.0,0.0,-0.6415895645077683,0.2059505228622932,0.5618456017456065,0.4956935765226884,-0.06351758920778867,-0.43230620876948794,1.0,6.123233995736766e-17,0.7071067811865476,-0.7071067811865475,0.9749279121818236,-0.22252093395631434
0.14140492749682468,-0.5096459418126703,-0.6398581040737229,-0.6371874703765118,0.4964570723019269,0.17233932130760965,-1.0144123733903398,0.08843717241302995,-0.6831906184550289,1.633418215652525,-0.63886368888812,-0.6514128533997506,1.6862269558696263,0.8787878787878787,0.0,0.0,0.0,-0.06274428164677277,0.4480009915693192,0.5415042299491845,0.010264828387933323,0.7147032627122707,-0.3741923412021588,1.0,6.123233995736766e-17,0.49999999999999994,-0.8660254037844387,0.9749279121818236,-0.22252093395631434
0.29148787743245347,-0.6412389163541294,-1.0875273068164708,-0.5053395649575132,0.3346423256317241,1.1430540043372461,-1.0144123733903398,-0.21673173729092385,-0.6831906184550289,2.2182493729669925,-0.6491011702105222,-0.6514128533997506,2.0825255851631663,0.8787878787878787,0.0,0.0,0.0,-0.06274428164677277,0.6425427595642375,0.5249975196884492,-0.2594178094647084,0.49401376739165687,-0.3263338620290641,1.0,6.123233995736766e-17,0.258819045102521,-0.9659258262890682,0.9749279121818236,-0.22252093395631434
0.3376179630679522,-0.7991504858038802,-1.2191947193878672,-0.3471220784547151,0.44251882341185933,-0.3130180202072086,-0.9604909389795426,-0.5180377494036883,-0.6831906184550289,2.4932362085254507,-0.5433138632123659,-0.6514128533997506,1.8638780655529374,0.8787878787878787,0.0,0.0,0.0,-0.19430002775154487,0.7812715535409114,0.5404644198347685,0.010264828387933323,1.206414945268726,-0.19301381290401481,1.0,6.123233995736766e-17,1.2246467991473532e-16,-1.0,0.9749279121818236,-0.22252093395631434
0.337635124558144,-0.7991504858038802,-1.2191947193878672,-0.18890459195191697,0.44251882341185933,0.441982288815842,-0.9604909389795426,-0.6841423458248278,-0.6831906184550289,2.2957104534059947,-0.6525136639846563,-0.6514128533997506,1.6008177685218805,0.8787878787878787,0.0,0.0,0.0,-0.19430002775154487,0.8616870164024044,0.5287674908062008,-0.09760822675312336,1.8917139044222113,0.44623873033660627,1.0,6.123233995736766e-17,-0.2588190451025208,-0.9659258262890683,0.9749279121818236,-0.22252093395631434
0.5532635512030883,-0.7991504858038802,-1.3771956144735429,-0.6371874703765118,0.17282757896152123,-0.15123223970226915,-0.6369623325147594,-0.6841423458248278,-0.6831906184550289,1.1299211927990098,-0.6525136639846563,-0.6514128533997506,-0.27818435312852524,0.8787878787878787,0.0,0.0,0.0,-0.19430002775154487,0.869836117518633,0.5073115282063795,0.17207441109951835,1.0321863963313993,-0.5998108858753192,1.0,6.123233995736766e-17,-0.4999999999999997,-0.8660254037844388,0.9749279121818236,-0.22252093395631434
0.43856758031371323,-0.7991504858038802,-1.5088630270449392,-0.6371874703765118,0.17282757896152123,-0.15123223970226915,-0.529119463693165,-0.6841423458248278,-0.6831906184550289,1.0214756801844067,-0.6525136639846563,-0.6514128533997506,0.2718508133909572,0.0,0.0,0.0,0.0,-0.19430002775154487,0.773732204758,0.4699347569220411,0.010264828387933323,0.2810677631349242,-0.6169031998657101,1.0,6.123233995736766e-17,-0.7071067811865471,-0.7071067811865479,0.9749279121818236,-0.22252093395631434
0.6200389095392957,-0.6412389163541294,-1.6668639221306147,-0.6371874703765118,0.17282757896152123,-0.4208752072105015,-0.4212765948715706,-0.6841423458248278,-0.6831906184550289,0.3204529022114356,-0.6525136639846563,-0.6514128533997506,-0.17227696081732058,0.0,0.0,0.8787878787878787,0.8787878787878787,-0.5100338184029966,0.6846631282670911,0.4683502770496477,0.4956935765226884,0.09135223206983509,-0.6374139766541792,1.0,6.123233995736766e-17,-0.8660254037844385,-0.5000000000000004,0.9749279121818236,-0.22252093395631434
0.4374864064316313,-1.0886550297950905,-1.8248648172162902,-0.6371874703765118,1.1437160589827384,-0.3130180202072086,-0.4212765948715706,-0.6841423458248278,-0.6831906184550289,-0.02424890574212478,-0.6525136639846563,-0.6514128533997506,-0.25085341317724663,0.0,0.0,0.8787878787878787,0.8787878787878787,-0.6415895645077683,0.317848205170125,0.46630645935615755,0.3338839938111034,-0.21451566495347185,-0.6476693650484138,1.0,6.123233995736766e-17,-0.9659258262890683,-0.25881904510252063,0.9749279121818236,-0.22252093395631434
0.4882558263566341,-1.2202480043365496,-1.6668639221306147,-0.5053395649575132,-0.3126166610490873,-0.582660987715441,-0.6369623325147594,-0.6841423458248278,-0.6831906184550289,-0.5548573067492907,-0.6525136639846563,-0.6514128533997506,-0.43192089035446757,0.0,0.0,0.8787878787878787,0.8787878787878787,-0.7994564598334941,0.07238286661668374,0.500395543747036,0.44175704895216006,-0.5165118164448381,-0.54169701830799,1.0,6.123233995736766e-17,-1.0,-1.8369701987210297e-16,0.9749279121818236,-0.22252093395631434
0.5528402115630375,-1.2202480043365496,-1.6668639221306147,-0.6371874703765118,0.44251882341185933,-0.582660987715441,-0.6369623325147594,-0.6841423458248278,-0.5091579967288967,-0.6826680894736445,-0.6525136639846563,-0.1869546356991764,-0.6505684099646967,0.0,0.0,0.8787878787878787,0.8787878787878787,-0.7994564598334941,0.0,0.5719628143292297,0.44175704895216006,-0.6829968743182837,-0.651087827846492,1.0,6.123233995736766e-17,-0.9659258262890684,0.2588190451025203,0.9749279121818236,-0.22252093395631434
0.5935014794421029,-1.3781595737863004,-1.3771956144735429,-0.7954049568793099,-0.15080191437888446,-0.7983753617220268,-0.798726635747151,-0.6841423458248278,0.15990074901823398,-0.6826680894736445,-0.6525136639846563,1.165438409958378,-0.6505684099646967,0.0,0.0,0.8787878787878787,0.8787878787878787,-0.7994564598334941,0.0,0.5709956336784974,0.17207441109951835,-0.6829968743182837,-0.651087827846492,1.0,6.123233995736766e-17,-0.8660254037844386,0.5000000000000001,0.9749279121818236,-0.22252093395631434
0.29184253678875677,-1.5097525483277596,-0.9295264117307949,-0.9272528622983084,-0.15080191437888446,-0.9062325487253197,-0.6369623325147594,-0.6841423458248278,1.0107268996793248,-0.6826680894736445,-0.6525136639846563,1.8108987272040291,-0.6505684099646967,0.0,0.0,0.0,0.0,-0.7994564598334941,0.0,0.5385340024463527,0.17207441109951835,-0.6829968743182837,-0.651087827846492,1.0,6.123233995736766e-17,-0.7071067811865477,0.7071067811865474,0.9749279121818236,-0.22252093395631434
0.4053429009794511,-1.6676641177775104,-0.6398581040737229,-1.085470348801107,-0.42049315882922256,-1.0140897357286127,-0.529119463693165,-0.6841423458248278,1.629509554705573,-0.6826680894736445,-0.6525136639846563,1.6845387709178434,-0.6505684099646967,0.0,0.0,0.0,0.0,-0.6415895645077683,0.0,0.5278360614711604,0.17207441109951835,-0.6829968743182837,-0.651087827846492,1.0,6.123233995736766e-17,-0.5000000000000004,0.8660254037844384,0.9749279121818236,-0.22252093395631434
0.35606083308638925,-1.8255756872272613,-0.5081906915023265,-0.9272528622983084,-0.3126166610490873,-1.0140897357286127,-0.6369623325147594,-0.6841423458248278,2.2134856853865945,-0.6826680894736445,-0.6525136639846563,2.080694309544804,-0.6505684099646967,0.0,0.0,0.0,0.0,-1.088879101263992,0.0,0.5229435092846115,1.1429319073690285,-0.6829968743182837,-0.651087827846492,1.0,6.123233995736766e-17,-0.25881904510252157,0.9659258262890681,0.9749279121818236,-0.22252093395631434
0.24974255254095393,-1.6676641177775104,-0.350189796416651,-1.085470348801107,-0.5823079054994255,-0.9601611422269661,0.7649949621659677,-0.6841423458248278,2.488070488554492,-0.6826680894736445,-0.6525136639846563,1.8621257365092396,-0.6505684099646967,0.0,0.0,0.0,0.0,-1.2204348473687636,0.0,0.49029666779810865,-0.31335433703523674,-0.6829968743182837,-0.651087827846492,1.0,6.123233995736766e-17,-2.4492935982947064e-16,1.0,0.9749279121818236,-0.22252093395631434
0.15958466381844927,-1.6676641177775104,-0.1921889013309754,-1.2173182542201055,-0.5823079054994255,-0.9601611422269661,-0.529119463693165,-0.5103119542213098,2.2908335172648755,-0.6826680894736445,-0.18841451070242196,1.5991604220758262,-0.6505684099646967,0.0,0.0,0.0,0.0,-1.2204348473687636,0.0,0.48320966092745354,0.44175704895216006,-0.6829968743182837,-0.651087827846492,1.0,6.123233995736766e-17,0.25881904510252074,0.9659258262890683,0.43388373911755823,-0.900968867902419
0.16074592351066022,-1.3781595737863004,-0.6398581040737229,-1.3755357407229036,-0.7980609010596958,-0.6365895812170874,0.1179377492364014,0.15796932905443714,1.1267486474967463,-0.6826680894736445,1.162933023854672,-0.2791632524485551,-0.6505684099646967,0.0,0.0,0.0,0.0,-1.3783017426944895,0.0,0.4789052127620723,-0.15154475432365172,-0.6829968743182837,-0.651087827846492,1.0,6.123233995736766e-17,0.49999999999999994,0.8660254037844387,0.43388373911755823,-0.900968867902419
0.15856641082400638,-0.9307434603453393,-0.6398581040737229,-1.5073836461419021,-0.9059373988398312,-0.5287323942137945,0.1179377492364014,1.0078067991160806,1.018461682867153,-0.6826680894736445,1.8078943471660123,0.2706733140940365,-0.6505684099646967,0.0,0.0,0.0,0.0,-1.509857488799261,0.0,0.4779381345506398,-0.15154475432365172,-0.6829968743182837,-0.651087827846492,1.0,6.123233995736766e-17,0.7071067811865476,0.7071067811865476,0.43388373911755823,-0.900968867902419
0.1579428789685705,-0.6412389163541294,-0.6398581040737229,-1.5073836461419021,-1.0138138966199663,-0.4208752072105015,-0.5830408981039622,1.6258704137063669,0.31846380436871,-0.6826680894736445,1.6816320775230515,-0.1732940998844536,-0.6505684099646967,0.0,0.8787878787878787,0.0,0.0,-1.6677243841249871,0.0,0.49612023956249796,-0.42122739217629346,-0.6829968743182837,-0.651087827846492,1.0,6.123233995736766e-17,0.8660254037844386,0.5000000000000001,0.43388373911755823,-0.900968867902419
0.21062293564879647,-0.5096459418126703,-0.6398581040737229,-1.8238186191474985,-1.0138138966199663,-0.4208752072105015,-0.4212765948715706,2.2091679499759493,-0.025734047489640418,-0.6826680894736445,2.0774813553226044,-0.2518421808191096,-0.6505684099646967,0.0,0.8787878787878787,0.0,0.0,-1.825591279450713,0.0,0.5203516413362448,-0.31335433703523674,-0.6829968743182837,-0.651087827846492,1.0,6.123233995736766e-17,0.9659258262890683,0.25881904510252074,0.43388373911755823,-0.900968867902419
0.3324866775006106,-0.3517343723629195,-0.5081906915023265,-1.955666524566497,-0.9598756477298988,-0.6365895812170874,-0.3134337260499762,2.4834336789503886,-0.5555666958558653,-0.6826680894736445,1.8590817537780233,-0.4328442803641863,-0.6505684099646967,0.0,0.8787878787878787,0.0,0.0,-1.6677243841249871,0.0,0.5403668976211904,-0.5830369748878784,-0.6829968743182837,-0.651087827846492,1.0,6.123233995736766e-17,1.0,6.123233995736766e-17,0.43388373911755823,-0.900968867902419
0.36159256486586583,-0.19382280291316867,-0.6398581040737229,-1.5073836461419021,-0.9598756477298988,-0.6365895812170874,-0.6908837669255565,2.286425901799735,-0.6831906184550289,-0.5045076044639392,1.5963197331696997,-0.6514128533997506,-0.1517787558538616,0.0,0.8787878787878787,0.0,0.0,-1.6677243841249871,0.006580260117711072,0.5434510888452463,-0.5830369748878784,-0.508768325380957,-0.18617688730785845,1.0,6.123233995736766e-17,0.9659258262890683,-0.25881904510252063,0.43388373911755823,-0.900968867902419
0.16449857165412765,-0.6412389163541294,-0.7978589991593985,-1.085470348801107,-0.6362461543894931,-0.7983753617220268,-0.798726635747151,1.1236937268517593,-0.6831906184550289,0.1810229574212314,-0.280551842604042,-0.6514128533997506,1.194270036746611,0.0,0.8787878787878787,0.0,0.0,-1.3783017426944895,0.0476916437081542,0.5576517880242005,-0.7987830851699919,0.16104365164476578,1.167534380731104,1.0,6.123233995736766e-17,0.8660254037844387,-0.4999999999999998,0.43388373911755823,-0.900968867902419
0.14329840962645213,-0.6412389163541294,-0.9295264117307949,-0.3471220784547151,-0.5283696566093578,-0.6365895812170874,-1.3918624142659202,1.0155325942984592,-0.6831906184550289,1.0408409502941571,0.26885965503154413,-0.6514128533997506,1.833130758107749,0.0,0.0,0.0,0.0,-0.9310122059382657,0.22503714127457317,0.563180949240456,-0.9066561403110486,1.0128276686716964,1.8136238495678814,1.0,6.123233995736766e-17,0.7071067811865476,-0.7071067811865475,0.43388373911755823,-0.900968867902419
0.1435501137707969,-0.6412389163541294,-1.0875273068164708,-0.05705668653291797,-0.42049315882922256,-0.5287323942137945,-1.3918624142659202,0.31634813029319797,-0.6831906184550289,1.7612289983768787,-0.17476453560588565,-0.6514128533997506,2.109856525114445,0.8787878787878787,0.0,0.0,0.0,-0.6415895645077683,0.4580127443692572,0.5617049525867381,-1.0145291954521052,1.6323069537821915,1.6871407260389886,1.0,6.123233995736766e-17,0.49999999999999994,-0.8660254037844387,0.43388373911755823,-0.900968867902419
0.14325263993211068,-0.6412389163541294,-0.9295264117307949,0.23300870538887822,-0.42049315882922256,-0.6365895812170874,-1.5536267174983118,-0.02744975532264871,-0.6831906184550289,2.3189487775376953,-0.2532518924109694,-0.6514128533997506,2.2875076347977563,0.8787878787878787,0.0,0.0,0.0,-0.5100338184029966,0.42373109248885177,0.5454314453924005,-1.0145291954521052,2.216940529105221,2.083682410616058,1.0,6.123233995736766e-17,0.258819045102521,-0.9659258262890682,0.43388373911755823,-0.900968867902419
0.14102165650407367,-0.5096459418126703,-1.0875273068164708,0.1011607999698797,-0.6362461543894931,0.7655538498257208,-1.4457838486767174,-0.5566667253155813,-0.6831906184550289,2.5939356130961535,-0.4341140624400754,-0.6514128533997506,2.3455858821942233,0.8787878787878787,0.0,0.0,0.0,-0.3521669230772707,0.7472615294946103,0.5623343908654466,-0.9605926678815769,2.4918344618730033,1.8649007915390543,1.0,6.123233995736766e-17,1.2246467991473532e-16,-1.0,0.43388373911755823,-0.900968867902419
0.4967736231064995,-0.6412389163541294,-1.2191947193878672,0.1011607999698797,-0.6362461543894931,-0.5287323942137945,-1.3918624142659202,-0.6841423458248278,-0.6831906184550289,2.613300883205904,-0.6525136639846563,-0.6514128533997506,2.3592513521698626,0.8787878787878787,0.0,0.0,0.0,-0.19430002775154487,0.8362474518924967,0.5558959272029456,-0.9605926678815769,2.2943754397440332,1.6016791560870338,1.0,6.123233995736766e-17,-0.2588190451025208,-0.9659258262890683,0.43388373911755823,-0.900968867902419
0.3465419379676766,-0.7991504858038802,-1.3771956144735429,0.1011607999698797,-0.7980609010596958,0.11841072780596318,-0.8526480701579482,-0.6841423458248278,-0.6831906184550289,2.338314047647446,-0.6525136639846563,-0.6514128533997506,2.2806748998099367,0.8787878787878787,0.0,0.0,0.0,-0.6415895645077683,0.8507606484071455,0.5570394058889382,-0.6369735024584068,1.1289800346299144,-0.2784753828559695,1.0,6.123233995736766e-17,-0.4999999999999997,-0.8660254037844388,0.43388373911755823,-0.900968867902419
0.7256792768991754,-0.9307434603453393,-1.5088630270449392,0.1011607999698797,-0.6362461543894931,0.11841072780596318,-0.7448052013363538,-0.6841423458248278,-0.6831906184550289,1.830943970771981,-0.6525136639846563,-0.6514128533997506,2.133771097571814,0.0,0.0,0.0,0.0,-0.6415895645077683,0.815736131121312,0.537511094816433,-0.5291004473173502,1.0205711597355775,0.2718971276346187,1.0,6.123233995736766e-17,-0.7071067811865471,-0.7071067811865479,0.43388373911755823,-0.900968867902419
0.5166294672583864,-1.0886550297950905,-1.5088630270449392,-0.05705668653291797,-0.5283696566093578,-0.582660987715441,-0.3673551604607734,-0.6841423458248278,-0.6831906184550289,1.102809814645359,-0.6525136639846563,-0.6514128533997506,1.8433798605894784,0.0,0.0,0.8787878787878787,0.8787878787878787,-0.6415895645077683,0.6862818524081639,0.5257497826878299,-0.42122739217629346,0.3197852184543301,-0.17250303611554568,1.0,6.123233995736766e-17,-0.8660254037844385,-0.5000000000000004,0.43388373911755823,-0.900968867902419
0.39437670874690506,-0.9307434603453393,-1.8248648172162902,-0.5053395649575132,-0.6362461543894931,-0.4208752072105015,0.3336234868795902,-0.6841423458248278,-0.6831906184550289,0.2584840378602337,-0.6525136639846563,-0.6514128533997506,1.2625973866248075,0.0,0.0,0.8787878787878787,0.8787878787878787,-0.6415895645077683,0.48104086679081504,0.5203951268190851,-0.42122739217629346,-0.024800133888382737,-0.251127680471344,1.0,6.123233995736766e-17,-0.9659258262890683,-0.25881904510252063,0.43388373911755823,-0.900968867902419
0.3974715432421295,-1.0886550297950905,-1.9565322297876868,-0.6371874703765118,0.766148316752265,-0.3130180202072086,0.4953877901119818,-0.6841423458248278,-0.6831906184550289,-0.46577706424443804,-0.6525136639846563,-0.6514128533997506,-0.004874953615738951,0.0,0.0,0.8787878787878787,0.8787878787878787,-0.5100338184029966,0.11709204575353734,0.5455052529080339,-0.6369735024584068,-0.5552292717642441,-0.43230620876948794,1.0,6.123233995736766e-17,-1.0,-1.8369701987210297e-16,0.43388373911755823,-0.900968867902419
0.32738971491365265,-1.2202480043365496,-1.5088630270449392,-0.9272528622983084,-0.5283696566093578,-0.6905181747187339,0.9806806998091566,-0.6841423458248278,-0.5052906051349826,-0.6826680894736445,-0.6525136639846563,-0.15280329616236946,-0.6505684099646967,0.0,0.0,0.8787878787878787,0.8787878787878787,-0.6415895645077683,0.0,0.5551895570099544,-0.6369735024584068,-0.6829968743182837,-0.651087827846492,1.0,6.123233995736766e-17,-0.9659258262890684,0.2588190451025203,0.43388373911755823,-0.900968867902419
0.31939246048428416,-1.3781595737863004,-1.0875273068164708,-0.5053395649575132,0.11888933007145361,-0.7983753617220268,0.4953877901119818,-0.6841423458248278,0.17923770698780422,-0.6826680894736445,-0.6525136639846563,1.1927594815878237,-0.6505684099646967,0.0,0.0,0.8787878787878787,0.8787878787878787,-0.7994564598334941,0.0,0.5396169907257091,-0.7987830851699919,-0.6829968743182837,-0.651087827846492,1.0,6.123233995736766e-17,-0.8660254037844386,0.5000000000000001,0.43388373911755823,-0.900968867902419
0.5804644788340758,-1.5097525483277596,-0.350189796416651,-0.5053395649575132,0.11888933007145361,-1.391589890240138,-1.2840195454443257,-0.6841423458248278,1.0377986408367232,-0.6826680894736445,-0.6525136639846563,1.8313895309261135,-0.6505684099646967,0.0,0.0,0.0,0.0,-0.9310122059382657,0.0,0.5669755570098521,-0.6369735024584068,-0.6829968743182837,-0.651087827846492,1.0,6.123233995736766e-17,-0.7071067811865477,0.7071067811865474,0.43388373911755823,-0.900968867902419
0.4909444140560387,-1.5097525483277596,-0.06052148875957856,-0.6371874703765118,-0.5823079054994255,-1.391589890240138,-1.337940979855123,-0.6841423458248278,1.7571334773047367,-0.6826680894736445,-0.6525136639846563,2.1080153811742495,-0.6505684099646967,0.0,0.0,0.0,0.0,-1.088879101263992,0.0,0.5457943878322189,-0.5291004473173502,-0.6829968743182837,-0.651087827846492,1.0,6.123233995736766e-17,-0.5000000000000004,0.8660254037844384,0.43388373911755823,-0.900968867902419
0.3769807239531468,-1.8255756872272613,0.22914681889749292,-0.9272528622983084,-0.42049315882922256,-1.5533756707450774,0.4414663557011846,-0.6841423458248278,2.3140378668283597,-0.6826680894736445,-0.6525136639846563,2.2856023467656454,-0.6505684099646967,0.0,0.0,0.0,0.0,-0.9310122059382657,0.0,0.5304585075505702,-0.6369735024584068,-0.6829968743182837,-0.651087827846492,1.0,6.123233995736766e-17,-0.25881904510252157,0.9659258262890681,0.43388373911755823,-0.900968867902419
0.23713458918772132,-1.9571686617687203,0.09747940632609654,-0.6371874703765118,-0.3126166610490873,-1.4455184837417845,0.6571520933443734,-0.6841423458248278,2.5886226699962576,-0.6826680894736445,-0.6525136639846563,2.3436596239782173,-0.6505684099646967,0.0,0.0,0.0,0.0,-1.088879101263992,0.0,0.49668468010537103,0.7653762143753301,-0.6829968743182837,-0.651087827846492,1.0,6.123233995736766e-17,-2.4492935982947064e-16,1.0,0.43388373911755823,-0.900968867902419
0.16900060029290534,-1.5097525483277596,0.09747940632609654,-1.2173182542201055,-0.6901844032795607,-1.391589890240138,0.7649949621659677,-0.5064490566301205,2.6079596279658275,-0.6826680894736445,-0.1542895729610812,2.3573201597929403,-0.6505684099646967,0.0,0.0,0.0,0.0,-1.2204348473687636,0.0,0.5156103919957618,-0.5291004473173502,-0.6829968743182837,-0.651087827846492,1.0,6.123233995736766e-17,0.25881904510252074,0.9659258262890683,-0.433883739117558,-0.9009688679024191
0.17473825965778908,-1.0886550297950905,0.09747940632609654,-1.085470348801107,-0.7980609010596958,-0.8523039552236732,0.279702052468793,0.1772838170103836,2.33337482479793,-0.6826680894736445,1.1902329740477446,2.2787720788582844,-0.6505684099646967,0.0,0.0,0.0,0.0,-1.3783017426944895,0.0,0.5089505570060106,0.11813788352899002,-0.6829968743182837,-0.651087827846492,1.0,6.123233995736766e-17,0.49999999999999994,0.8660254037844387,-0.433883739117558,-0.9009688679024191
0.17305643361899484,-0.3517343723629195,0.09747940632609654,-1.2173182542201055,-1.3913816388504396,-0.7444467682203804,0.1179377492364014,1.0348470822544056,1.8267465259951894,-0.6826680894736445,1.8283693098108167,2.1319213188500146,-0.6505684099646967,0.0,0.0,0.0,0.0,-1.509857488799261,0.0,0.4925041322733119,0.11813788352899002,-0.6829968743182837,-0.651087827846492,1.0,6.123233995736766e-17,0.7071067811865476,0.7071067811865476,-0.433883739117558,-0.9009688679024191
0.17283333424650174,-0.06222982837170911,-0.06052148875957856,-1.2173182542201055,-1.3913816388504396,-0.366946613708855,0.1179377492364014,1.7533460342156133,1.0996769063393481,-0.6826680894736445,2.1047813055156768,1.8416349327871555,-0.6505684099646967,0.0,0.8787878787878787,0.0,0.0,-1.509857488799261,0.0,0.4519600914926363,-0.5830369748878784,-0.6829968743182837,-0.651087827846492,1.0,6.123233995736766e-17,0.8660254037844386,0.5000000000000001,-0.433883739117558,-0.9009688679024191
0.1719638301844451,0.22727471561950033,-0.5081906915023265,-1.5073836461419021,-1.5531963855206425,0.33412510181254906,0.4414663557011846,2.309603287346871,0.25658553886608526,-0.6826680894736445,2.2822309817706485,1.2610621606614376,-0.6505684099646967,0.0,0.8787878787878787,0.0,0.0,-1.825591279450713,0.0,0.4940836950593064,-0.42122739217629346,-0.6829968743182837,-0.651087827846492,1.0,6.123233995736766e-17,0.9659258262890683,0.25881904510252074,-0.433883739117558,-0.9009688679024191
0.24379037798097106,0.09568174107804124,-0.6398581040737229,-1.955666524566497,-1.4453198877405073,0.4959108823174885,0.6032306589335762,2.58386901632131,-0.46661668919584215,-0.6826680894736445,2.3402433759309282,-0.005952536154099642,-0.6505684099646967,0.0,0.8787878787878787,0.0,0.0,-1.9571470255554846,0.0,0.5184608679569203,-0.31335433703523674,-0.6829968743182837,-0.651087827846492,1.0,6.123233995736766e-17,1.0,6.123233995736766e-17,-0.433883739117558,-0.9009688679024191
0.3716206070755881,0.09568174107804124,-0.9295264117307949,-1.5073836461419021,-1.3913816388504396,0.9812682238323067,0.010094880414807005,2.6031835042772564,-0.6831906184550289,-0.4890153883761387,2.353893351027464,-0.6514128533997506,0.019039618841629854,0.0,0.8787878787878787,0.0,0.0,-1.509857488799261,0.010915359723808138,0.5722126125622234,-0.6909100300289351,-0.5048965798490164,-0.15199225932707655,1.0,6.123233995736766e-17,0.9659258262890683,-0.25881904510252063,-0.433883739117558,-0.9009688679024191
0.34695951134702296,0.09568174107804124,-0.5081906915023265,-0.9272528622983084,-0.8519991499497634,0.4959108823174885,-0.259512291639179,2.328917775302817,-0.6831906184550289,0.2274996056846328,2.2754059942223805,-0.6514128533997506,1.3514229414664631,0.0,0.8787878787878787,0.0,0.0,-1.088879101263992,0.04380003348515541,0.5443211058199504,-0.7987830851699919,0.18040237930446873,1.1948820831157294,1.0,6.123233995736766e-17,0.8660254037844387,-0.4999999999999998,-0.433883739117558,-0.9009688679024191
0.8566329109378882,0.09568174107804124,-0.5081906915023265,-0.5053395649575132,-0.7441226521696283,-1.283732703236845,-0.09774798840678739,1.8228781908570204,-0.6831906184550289,1.0834445445356085,2.128668761934615,-0.6514128533997506,1.8912090055042161,0.0,0.0,0.0,0.0,-0.3521669230772707,0.21428809771960344,0.526385162445937,-1.3920848884458037,1.0399298873952807,1.8341346263563505,1.0,6.123233995736766e-17,0.7071067811865476,-0.7071067811865475,-0.433883739117558,-0.9009688679024191
0.49428806784910667,-0.06222982837170911,-0.6398581040737229,-0.05705668653291797,-0.36655490993915496,-1.3376612967384915,-0.47519802928236776,1.0966534437134343,-0.6831906184550289,1.8115787006622304,1.838606791133219,-0.6514128533997506,2.232845754895199,0.8787878787878787,0.0,0.0,0.0,-0.06274428164677277,0.45306230846618833,0.5354752673883412,-1.3920848884458037,1.760074556336231,2.111030113000684,1.0,6.123233995736766e-17,0.49999999999999994,-0.8660254037844387,-0.433883739117558,-0.9009688679024191
0.1319432247603252,-0.5096459418126703,-0.9295264117307949,0.23300870538887822,0.3346423256317241,0.441982288815842,-0.9604909389795426,0.25454176883416935,-0.6831906184550289,2.349933209713296,1.258482849530426,-0.6514128533997506,2.3865822921211413,0.8787878787878787,0.0,0.0,0.0,0.22667835978372425,0.640186731363478,0.4928883820875253,-1.5538944711573888,2.3176059129356767,2.2887901785007494,1.0,6.123233995736766e-17,0.258819045102521,-0.9659258262890682,-0.433883739117558,-0.9009688679024191
0.10233393253867855,-0.6412389163541294,-0.6398581040737229,0.681291583813473,0.4964570723019269,0.6576966628224279,-0.6908837669255565,-0.4678200807182276,-0.6831906184550289,2.613300883205904,-0.007552340673315959,-0.6514128533997506,2.430995069541969,0.8787878787878787,0.0,0.0,0.0,0.09512261367895261,0.7651562903131043,0.4973660038895177,-1.446021416016332,2.592499845703459,2.3469040460680786,1.0,6.123233995736766e-17,1.2246467991473532e-16,-1.0,-0.433883739117558,-0.9009688679024191
0.09521191410909075,-0.9307434603453393,-1.2191947193878672,0.39122619189167684,0.9819013123125355,0.7655538498257208,-0.5830408981039622,-0.6841423458248278,-0.6831906184550289,2.632666153315655,-0.6525136639846563,-0.6514128533997506,2.4412441720236986,0.8787878787878787,0.0,0.0,0.0,0.09512261367895261,0.8454996951637472,0.5023380489728487,-1.3920848884458037,2.6118585733631616,2.3605778972603915,1.0,6.123233995736766e-17,-0.2588190451025208,-0.9659258262890683,-0.433883739117558,-0.9009688679024191
0.09482291804321176,-0.5096459418126703,-1.0875273068164708,0.23300870538887822,0.4964570723019269,0.2801965083109026,-0.09774798840678739,-0.6841423458248278,-0.6831906184550289,2.3576793177571966,-0.6525136639846563,-0.6514128533997506,2.3660840871576823,0.8787878787878787,0.0,0.0,0.0,0.09512261367895261,0.8203539772615996,0.5342300152578214,-0.8527196127405202,2.3369646405953794,2.281953252904593,1.0,6.123233995736766e-17,-0.4999999999999997,-0.8660254037844388,-0.433883739117558,-0.9009688679024191
0.0941650632073923,-0.5096459418126703,-1.2191947193878672,0.23300870538887822,-1.2835051410703044,0.11841072780596318,-0.09774798840678739,-0.6841423458248278,-0.6831906184550289,1.8503092408817314,-0.6525136639846563,-0.6514128533997506,2.229429387401289,0.0,0.0,0.0,0.0,0.09512261367895261,0.7651063313340162,0.527673848839647,-0.7448465575994635,1.8297659759111617,2.1349593525872312,1.0,6.123233995736766e-17,-0.7071067811865471,-0.7071067811865479,-0.433883739117558,-0.9009688679024191
0.09417650648905218,-0.6412389163541294,-1.2191947193878672,0.1011607999698797,-1.3374433899603722,0.11841072780596318,-0.259512291639179,-0.6841423458248278,-0.6831906184550289,1.1415403548648602,-0.6525136639846563,-0.6514128533997506,1.9800345603458716,0.0,0.0,0.8787878787878787,0.8787878787878787,-0.06274428164677277,0.6779275935136295,0.4543839589890408,-0.3672908646057651,1.10187781590633,1.8443900147505852,1.0,6.123233995736766e-17,-0.8660254037844385,-0.5000000000000004,-0.433883739117558,-0.9009688679024191
0.09346716031806132,-0.9307434603453393,-1.5088630270449392,-0.18890459195191697,0.44251882341185933,0.441982288815842,0.010094880414807005,-0.6841423458248278,-0.6831906184550289,0.301087632101685,-0.6525136639846563,-0.6514128533997506,1.4436648638020284,0.0,0.0,0.8787878787878787,0.8787878787878787,-0.5100338184029966,0.46603434697773594,0.46214901158624333,0.3338839938111034,0.25783728994328065,1.2632513390772933,1.0,6.123233995736766e-17,-0.9659258262890683,-0.25881904510252063,-0.433883739117558,-0.9009688679024191
0.16655222883631107,-0.6412389163541294,-1.9565322297876868,-0.6371874703765118,0.6582718189721298,0.6037680693207814,0.9806806998091566,-0.6841423458248278,-0.6831906184550289,-0.4580309562005378,-0.6525136639846563,-0.6514128533997506,0.16935978857366232,0.0,0.0,0.8787878787878787,0.8787878787878787,-0.6415895645077683,0.09734018129242056,0.5181598500739379,0.4956935765226884,-0.46617912452961047,-0.00499835900971449,1.0,6.123233995736766e-17,-1.0,-1.8369701987210297e-16,-0.433883739117558,-0.9009688679024191
0.29477715161155077,-1.2202480043365496,-1.5088630270449392,-0.7954049568793099,0.766148316752265,0.010553540802670241,0.9806806998091566,-0.6841423458248278,-0.4898210387593264,-0.6826680894736445,-0.6525136639846563,0.017953401521665212,-0.6505684099646967,0.0,0.0,0.8787878787878787,0.8787878787878787,-0.9310122059382657,0.0,0.5459791371097273,0.9811223246574435,-0.6829968743182837,-0.651087827846492,1.0,6.123233995736766e-17,-0.9659258262890684,0.2588190451025203,-0.433883739117558,-0.9009688679024191
0.452474084983797,-1.0886550297950905,-0.9295264117307949,-0.9272528622983084,0.2807040767416565,-0.2590894267055621,1.1424450030415483,-0.6841423458248278,0.22564640611477285,-0.6826680894736445,-0.6525136639846563,1.3498556434571356,-0.6505684099646967,0.0,0.0,0.8787878787878787,0.8787878787878787,-0.5100338184029966,0.0,0.5254813917218902,0.4956935765226884,-0.6829968743182837,-0.651087827846492,1.0,6.123233995736766e-17,-0.8660254037844386,0.5000000000000001,-0.433883739117558,-0.9009688679024191
0.4794233565226122,-1.2202480043365496,-0.5081906915023265,-0.9272528622983084,0.11888933007145361,-0.09730364620062269,1.1424450030415483,-0.6841423458248278,1.0803399483697778,-0.6826680894736445,-0.6525136639846563,1.889446808138685,-0.6505684099646967,0.0,0.0,0.0,0.0,-0.5100338184029966,0.0,0.5295302026141792,-1.284211833304747,-0.6829968743182837,-0.651087827846492,1.0,6.123233995736766e-17,-0.7071067811865477,0.7071067811865474,-0.433883739117558,-0.9009688679024191
0.3475945208070991,-1.2202480043365496,-0.06052148875957856,-0.9272528622983084,0.11888933007145361,-0.47480380071214795,0.9806806998091566,-0.6841423458248278,1.8074095680256193,-0.6826680894736445,-0.6525136639846563,2.2309602035067546,-0.6505684099646967,0.0,0.0,0.0,0.0,-0.6415895645077683,0.0,0.4568341021658894,-1.3381483608752753,-0.6829968743182837,-0.651087827846492,1.0,6.123233995736766e-17,-0.5000000000000004,0.8660254037844384,-0.433883739117558,-0.9009688679024191
0.22721236472652154,-1.5097525483277596,0.22914681889749292,-0.7954049568793099,0.44251882341185933,-0.9601611422269661,0.9806806998091566,-0.6841423458248278,2.3449769995796723,-0.6826680894736445,-0.6525136639846563,2.3846412314223855,-0.6505684099646967,0.0,0.0,0.0,0.0,-0.9310122059382657,0.0,0.4656819381638482,0.44175704895216006,-0.6829968743182837,-0.651087827846492,1.0,6.123233995736766e-17,-0.25881904510252157,0.9659258262890681,-0.433883739117558,-0.9009688679024191
0.1402436643723157,-1.9571686617687203,0.6768160216402405,-1.2173182542201055,0.6043335700820621,-0.6905181747187339,0.6032306589335762,-0.6841423458248278,2.6079596279658275,-0.6826680894736445,-0.6525136639846563,2.4290379728202347,-0.6505684099646967,0.0,0.0,0.0,0.0,-0.6415895645077683,0.0,0.4427347666742625,0.6575031592342735,-0.6829968743182837,-0.651087827846492,1.0,6.123233995736766e-17,-2.4492935982947064e-16,1.0,-0.433883739117558,-0.9009688679024191
0.1402436643723157,-1.5097525483277596,0.38714771398316894,-0.6371874703765118,0.01101283229131838,-0.582660987715441,0.6571520933443734,-0.49099746626536334,2.627296585935398,-0.6826680894736445,0.016335115745622568,2.4392833746812768,-0.6505684099646967,0.0,0.0,0.0,0.0,-1.2204348473687636,0.0,0.4255731619687746,0.7653762143753301,-0.6829968743182837,-0.651087827846492,1.0,6.123233995736766e-17,0.25881904510252074,0.9659258262890683,-0.9749279121818236,-0.2225209339563146
0.14040384285716967,-0.9307434603453393,0.22914681889749292,-0.9272528622983084,-0.2586784121590197,-0.09730364620062269,0.9806806998091566,0.22363858810465503,2.3527117827675004,-0.6826680894736445,1.347207687657912,2.3641504277003014,-0.6505684099646967,0.0,0.0,0.0,0.0,-1.088879101263992,0.0,0.4322954849315117,0.27994746624057504,-0.6829968743182837,-0.651087827846492,1.0,6.123233995736766e-17,0.49999999999999994,0.8660254037844387,-0.9749279121818236,-0.2225209339563146
0.13947712238681365,-0.5096459418126703,0.22914681889749292,-0.9272528622983084,-0.09686366548881685,-0.09730364620062269,0.9806806998091566,1.0773389557574877,1.8460834839647597,-0.6826680894736445,1.886381703971096,2.2275450695530736,-0.6505684099646967,0.0,0.0,0.0,0.0,-1.2204348473687636,0.0,0.4390204200963983,0.11813788352899002,-0.6829968743182837,-0.651087827846492,1.0,6.123233995736766e-17,0.7071067811865476,0.7071067811865476,-0.9749279121818236,-0.2225209339563146
0.13883642217658992,-0.06222982837170911,0.09747940632609654,-1.3755357407229036,-0.47443140771929015,-0.2590894267055621,1.1424450030415483,1.803563702901074,1.1383508222784886,-0.6826680894736445,2.2276310813845037,1.9782402909343832,-0.6505684099646967,0.0,0.8787878787878787,0.0,0.0,-1.2204348473687636,0.0,0.4444924714029169,0.11813788352899002,-0.6829968743182837,-0.651087827846492,1.0,6.123233995736766e-17,0.8660254037844386,0.5000000000000001,-0.9749279121818236,-0.2225209339563146
0.13898515394748598,0.22727471561950033,-0.1921889013309754,-1.3755357407229036,-0.9598756477298988,0.010553540802670241,1.1424450030415483,2.3405064680763847,0.2991268463991398,-0.6826680894736445,2.381193301220537,1.4420642602065143,-0.6505684099646967,0.0,0.8787878787878787,0.0,0.0,-1.509857488799261,0.0,0.465900902167549,0.44175704895216006,-0.6829968743182837,-0.651087827846492,1.0,6.123233995736766e-17,0.9659258262890683,0.25881904510252074,-0.9749279121818236,-0.2225209339563146
0.3123791429335711,0.6746908290604611,-0.6398581040737229,-1.5073836461419021,-0.6901844032795607,0.9812682238323067,1.1424450030415483,2.6031835042772564,-0.45888190600801404,-0.6826680894736445,2.42555572028428,0.16821929548361572,-0.6505684099646967,0.0,0.8787878787878787,0.0,0.0,-1.9571470255554846,0.0,0.536627248536232,0.6035666316637451,-0.6829968743182837,-0.651087827846492,1.0,6.123233995736766e-17,1.0,6.123233995736766e-17,-0.9749279121818236,-0.2225209339563146
0.325204494315361,0.3851862850692516,-0.7978589991593985,-1.3755357407229036,-0.5823079054994255,0.9812682238323067,0.9806806998091566,2.622497992233203,-0.6831906184550289,-0.566476468815141,2.4357932016066823,-0.6514128533997506,-0.6471520424707868,0.0,0.8787878787878787,0.0,0.0,-1.509857488799261,0.012062887537987451,0.5552391376311434,0.010264828387933323,-0.48940959772125403,0.018930880576832825,1.0,6.123233995736766e-17,0.9659258262890683,-0.25881904510252063,-0.9749279121818236,-0.2225209339563146
0.15836047980630114,0.22727471561950033,-0.9295264117307949,-0.9272528622983084,-0.09686366548881685,1.1430540043372461,0.6032306589335762,2.3482322632587636,-0.6831906184550289,0.014481634477376385,2.3607183385757327,-0.6514128533997506,0.275267180884867,0.0,0.8787878787878787,0.0,0.0,-0.9310122059382657,0.06789254559345573,0.5560861569830027,-0.2594178094647084,0.22686332568775586,1.352131371827326,1.0,6.123233995736766e-17,0.8660254037844387,-0.4999999999999998,-0.9749279121818236,-0.2225209339563146
0.11149244666025794,0.22727471561950033,-0.9295264117307949,-0.6371874703765118,-0.09686366548881685,1.1430540043372461,0.6571520933443734,1.842192678812967,-0.6831906184550289,0.6496624940771955,2.2242185876103693,-0.6514128533997506,0.4597510255559978,0.0,0.0,0.0,0.0,-0.5100338184029966,0.23351885876289274,0.5138038237210183,-0.09760822675312336,1.0825190882466271,1.8922484939236797,1.0,6.123233995736766e-17,0.7071067811865476,-0.7071067811865475,-0.9749279121818236,-0.2225209339563146
0.11163546022262211,0.09568174107804124,-0.9295264117307949,-0.5053395649575132,-0.2586784121590197,0.9812682238323067,0.3336234868795902,1.135282419625327,-0.6831906184550289,0.40953314471628827,1.975106542098582,-0.6514128533997506,-0.5344119151717625,0.8787878787878787,0.0,0.0,0.0,-0.06274428164677277,0.46884494201724963,0.485571142890172,-0.47516391974682176,1.8104072482514588,2.2340947737314987,1.0,6.123233995736766e-17,0.49999999999999994,-0.8660254037844387,-0.9749279121818236,-0.2225209339563146
0.11496478931982701,-0.19382280291316867,-0.7978589991593985,-0.3471220784547151,0.01101283229131838,0.9812682238323067,0.1718591836471986,0.29703364233725155,-0.6831906184550289,0.4056600906943381,1.439345019559532,-0.6514128533997506,-0.602739265049959,0.8787878787878787,0.0,0.0,0.0,0.22667835978372425,0.6582976928238311,0.4863514742577466,-0.9605926678815769,2.3485798771912014,2.387925599645017,1.0,6.123233995736766e-17,0.258819045102521,-0.9659258262890682,-0.9749279121818236,-0.2225209339563146
0.11654937149059855,-0.6412389163541294,-1.2191947193878672,-0.3471220784547151,0.9819013123125355,0.6037680693207814,0.1718591836471986,-0.460094285535849,-0.6831906184550289,0.8626804652844519,0.16648484180752188,-0.6514128533997506,-0.6198211025195082,0.8787878787878787,0.0,0.0,0.0,0.6739678965399476,0.7741036175037317,0.4802903457567105,-0.6909100300289351,2.6118585733631616,2.4323656160200335,1.0,6.123233995736766e-17,1.2246467991473532e-16,-1.0,-0.9749279121818236,-0.2225209339563146
0.1015959884604321,-0.7991504858038802,-0.6398581040737229,-0.05705668653291797,0.9819013123125355,0.6576966628224279,-0.259512291639179,-0.6841423458248278,-0.6831906184550289,1.0214756801844067,-0.6525136639846563,-0.6514128533997506,-0.623237470013418,0.8787878787878787,0.0,0.0,0.0,0.3845452551094506,0.8599796300411869,0.4716428298098566,-0.5830369748878784,2.6312173010228648,2.442621004414268,1.0,6.123233995736766e-17,-0.2588190451025208,-0.9659258262890683,-0.9749279121818236,-0.2225209339563146
0.09764312750779129,-0.9307434603453393,-0.9295264117307949,0.1011607999698797,1.1437160589827384,0.9812682238323067,-0.3673551604607734,-0.6841423458248278,-0.6831906184550289,2.0323427799133866,-0.6525136639846563,-0.6514128533997506,1.6247323409792493,0.8787878787878787,0.0,0.0,0.0,0.22667835978372425,0.833248316588627,0.45015413785369274,-0.09760822675312336,2.3563233682550826,2.367414822856548,1.0,6.123233995736766e-17,-0.4999999999999997,-0.8660254037844388,-0.9749279121818236,-0.2225209339563146
0.09691661984660865,-0.9307434603453393,-0.9295264117307949,-0.18890459195191697,1.1437160589827384,0.9812682238323067,0.010094880414807005,-0.6841423458248278,-0.6831906184550289,1.0176026261624564,-0.6525136639846563,-0.6514128533997506,0.29918175334223585,0.0,0.0,0.0,0.0,0.22667835978372425,0.742815512972145,0.43110088903483057,-0.09760822675312336,1.8491247035708647,2.2306763109334202,1.0,6.123233995736766e-17,-0.7071067811865471,-0.7071067811865479,-0.9749279121818236,-0.2225209339563146
0.1663634524442015,-0.9307434603453393,-1.3771956144735429,-0.18890459195191697,0.9819013123125355,1.1430540043372461,0.010094880414807005,-0.6841423458248278,-0.6831906184550289,1.1763978410624112,-0.6525136639846563,-0.6514128533997506,2.113272892608355,0.0,0.0,0.8787878787878787,0.8787878787878787,0.09512261367895261,0.6029059840931675,0.463963262808485,-0.2594178094647084,1.1405952712257361,1.9811285266737126,1.0,6.123233995736766e-17,-0.8660254037844385,-0.5000000000000004,-0.9749279121818236,-0.2225209339563146
0.3399633724479919,-0.7991504858038802,-1.3771956144735429,-0.3471220784547151,0.9819013123125355,1.1430540043372461,0.1718591836471986,-0.6841423458248278,-0.6831906184550289,0.335945118299236,-0.6525136639846563,-0.6514128533997506,1.6247323409792493,0.0,0.0,0.8787878787878787,0.8787878787878787,-0.19430002775154487,0.41859770427647797,0.4660609635737628,0.010264828387933323,0.30042649079462713,1.4444298673754372,1.0,6.123233995736766e-17,-0.9659258262890683,-0.25881904510252063,-0.9749279121818236,-0.2225209339563146
0.5135632924517822,-1.2202480043365496,-1.5088630270449392,-0.6371874703765118,0.6043335700820621,1.1430540043372461,0.010094880414807005,-0.6841423458248278,-0.6831906184550289,-0.4541579021785877,-0.6525136639846563,-0.6514128533997506,0.25135260842749824,0.0,0.0,0.8787878787878787,0.8787878787878787,-0.6415895645077683,0.06606315554695542,0.5101563187863892,0.9811223246574435,-0.45843563346572924,0.16934324369227308,1.0,6.123233995736766e-17,-1.0,-1.8369701987210297e-16,-0.9749279121818236,-0.2225209339563146
0.2859504308767431,-0.6412389163541294,-1.3771956144735429,-0.7954049568793099,0.6582718189721298,0.9812682238323067,0.1718591836471986,-0.6841423458248278,-0.5671688706376075,-0.6826680894736445,-0.6525136639846563,-0.64799771944607,-0.6505684099646967,0.0,0.0,0.8787878787878787,0.8787878787878787,-0.7994564598334941,0.0,0.5299157841392924,0.9811223246574435,-0.6829968743182837,-0.651087827846492,1.0,6.123233995736766e-17,-0.9659258262890684,0.2588190451025203,-0.9749279121818236,-0.2225209339563146
0.10864936092925277,-0.9307434603453393,-0.9295264117307949,-0.7954049568793099,0.9819013123125355,0.6037680693207814,0.3336234868795902,-0.6841423458248278,0.012939868449500081,-0.6826680894736445,-0.6525136639846563,0.2740884480477172,-0.6505684099646967,0.0,0.0,0.8787878787878787,0.8787878787878787,-0.9310122059382657,0.0,0.521790093986521,1.1429319073690285,-0.6829968743182837,-0.651087827846492,1.0,6.123233995736766e-17,-0.8660254037844386,0.5000000000000001,-0.9749279121818236,-0.2225209339563146
0.20998222857397664,-0.9307434603453393,-0.6398581040737229,-0.9272528622983084,0.9819013123125355,0.6576966628224279,0.4414663557011846,-0.6841423458248278,0.6471920898514043,-0.6826680894736445,-0.6525136639846563,0.45850568154647464,-0.6505684099646967,0.0,0.0,0.0,0.0,-0.9310122059382657,0.0,0.4780701275886602,1.1429319073690285,-0.6829968743182837,-0.651087827846492,1.0,6.123233995736766e-17,-0.7071067811865477,0.7071067811865474,-0.9749279121818236,-0.2225209339563146
0.17322804852091264,-1.3781595737863004,-0.5081906915023265,-0.9272528622983084,1.1437160589827384,0.33412510181254906,0.6032306589335762,-0.6841423458248278,0.4074138110287332,-0.6826680894736445,-0.6525136639846563,-0.5352982989746071,-0.6505684099646967,0.0,0.0,0.0,0.0,-0.9310122059382657,0.0,0.41564761331540845,0.9811223246574435,-0.6829968743182837,-0.651087827846492,1.0,6.123233995736766e-17,-0.5000000000000004,0.8660254037844384,-0.9749279121818236,-0.2225209339563146
0.18657968789011575,-1.3781595737863004,-0.350189796416651,-1.085470348801107,1.1437160589827384,0.17233932130760965,0.6032306589335762,-0.6841423458248278,0.40354641943481917,-0.6826680894736445,-0.6525136639846563,-0.603600978048221,-0.6505684099646967,0.0,0.0,0.0,0.0,-0.7994564598334941,0.0,0.4372498592355969,0.9811223246574435,-0.6829968743182837,-0.651087827846492,1.0,6.123233995736766e-17,-0.25881904510252157,0.9659258262890681,-0.9749279121818236,-0.2225209339563146
0.15914990835512294,-1.5097525483277596,-0.350189796416651,-0.9272528622983084,1.1437160589827384,0.17233932130760965,-1.9310767583738921,-0.6841423458248278,0.859898627516677,-0.6826680894736445,-0.6525136639846563,-0.6206766478166245,-0.6505684099646967,0.0,0.0,0.0,0.0,-1.2204348473687636,0.0,0.4670948322087801,0.6035666316637451,-0.6829968743182837,-0.651087827846492,1.0,6.123233995736766e-17,-2.4492935982947064e-16,1.0,-0.9749279121818236,-0.2225209339563146
0.1254390131130453,-1.3781595737863004,-0.06052148875957856,-1.2173182542201055,0.9819013123125355,-0.2590894267055621,0.6032306589335762,-0.5682554180891491,1.018461682867153,-0.6826680894736445,-0.6491011702105222,-0.6240917817703051,-0.6505684099646967,0.0,0.0,0.0,0.0,-0.6415895645077683,0.0,0.4687883587159991,0.6575031592342735,-0.6829968743182837,-0.651087827846492,1.0,6.123233995736766e-17,0.25881904510252074,0.9659258262890683,-0.7818314824680299,0.6234898018587334
0.1100852078968302,-0.9307434603453393,0.09747940632609654,-1.2173182542201055,0.6043335700820621,-0.366946613708855,0.6032306589335762,0.011179220589244178,2.02785088887872,-0.6826680894736445,0.27227214880567824,1.623066359751591,-0.6505684099646967,0.0,0.0,0.0,0.0,-0.9310122059382657,0.0,0.43406297261331406,0.9811223246574435,-0.6829968743182837,-0.651087827846492,1.0,6.123233995736766e-17,0.49999999999999994,0.8660254037844387,-0.7818314824680299,0.6234898018587334
0.10868368390963633,-0.6412389163541294,-0.1921889013309754,-1.2173182542201055,0.6582718189721298,0.010553540802670241,0.6032306589335762,0.6446944255442875,1.0145942912732389,-0.6826680894736445,0.4565468126089183,0.2979943857234821,-0.6505684099646967,0.0,0.0,0.0,0.0,-0.9310122059382657,0.0,0.40426409732512025,0.9811223246574435,-0.6829968743182837,-0.651087827846492,1.0,6.123233995736766e-17,0.7071067811865476,0.7071067811865476,-0.7818314824680299,0.6234898018587334
0.10759678838672439,-0.5096459418126703,-0.1921889013309754,-1.3755357407229036,0.3346423256317241,0.010553540802670241,0.7649949621659677,0.4051947748905516,1.173157346623715,-0.6826680894736445,-0.5364888756640976,2.11143051512793,-0.6505684099646967,0.0,0.8787878787878787,0.0,0.0,-1.3783017426944895,0.0,0.42452541280861045,1.1429319073690285,-0.6829968743182837,-0.651087827846492,1.0,6.123233995736766e-17,0.8660254037844386,0.5000000000000001,-0.7818314824680299,0.6234898018587334
0.10745377482436022,-0.3517343723629195,-0.350189796416651,-1.6656011326447004,0.17282757896152123,0.17233932130760965,0.9806806998091566,0.4013318772993623,0.33393337074436624,-0.6826680894736445,-0.6047387511467791,1.623066359751591,-0.6505684099646967,0.0,0.8787878787878787,0.0,0.0,-1.3783017426944895,0.0,0.4499693885761843,1.1429319073690285,-0.6829968743182837,-0.651087827846492,1.0,6.123233995736766e-17,0.9659258262890683,0.25881904510252074,-0.7818314824680299,0.6234898018587334
0.4250786146999955,-0.3517343723629195,-0.6398581040737229,-1.3755357407229036,0.17282757896152123,0.010553540802670241,-1.4457838486767174,0.8571537930596984,-0.45501451441409996,-0.6826680894736445,-0.6218012200174495,0.2501825103719524,-0.6505684099646967,0.0,0.8787878787878787,0.0,0.0,-1.509857488799261,0.0,0.44734740347362434,1.1429319073690285,-0.6829968743182837,-0.651087827846492,1.0,6.123233995736766e-17,1.0,6.123233995736766e-17,-0.7818314824680299,0.6234898018587334
0.7423087608950081,-0.06222982837170911,-0.7978589991593985,-1.2173182542201055,-0.2586784121590197,0.17233932130760965,-1.5536267174983118,1.0155325942984592,-0.6831906184550289,-0.4773962263102884,-0.6252137137915836,-0.6514128533997506,0.13519611363456405,0.0,0.8787878787878787,0.0,0.0,-1.3783017426944895,0.01768964827601475,0.442412185318635,0.9811223246574435,-0.5668445083600658,-0.6476693650484138,1.0,6.123233995736766e-17,0.9659258262890683,-0.25881904510252063,-0.7818314824680299,0.6234898018587334
0.5153137301283632,0.09568174107804124,-0.7978589991593985,-0.7954049568793099,-0.36655490993915496,0.33412510181254906,-1.7153910207307033,2.023748865598863,-0.6831906184550289,0.301087632101685,1.620207189588638,-0.6514128533997506,1.5632377260888723,0.0,0.8787878787878787,0.0,0.0,-0.9310122059382657,0.05936093298839153,0.4423974852790884,0.6035666316637451,0.013917321431023203,0.2753155904326969,1.0,6.123233995736766e-17,0.8660254037844387,-0.4999999999999998,-0.7818314824680299,0.6234898018587334
0.21657797274534335,-0.19382280291316867,-0.9295264117307949,-0.3471220784547151,0.01101283229131838,0.441982288815842,-1.7693124551415005,1.0116696967072698,-0.6831906184550289,1.1609056249746108,0.29615960522461676,-0.6514128533997506,2.089358320150986,0.0,0.0,0.0,0.0,-0.6415895645077683,0.2321495969008882,0.46553883046178035,0.6575031592342735,0.6488835886692806,0.459912581528919,1.0,6.123233995736766e-17,0.7071067811865476,-0.7071067811865475,-0.7818314824680299,0.6234898018587334
0.26602595792557926,-0.19382280291316867,-0.9295264117307949,-0.3471220784547151,0.01101283229131838,0.6037680693207814,-1.2840195454443257,1.1700484979460308,-0.6831906184550289,1.8735475650134321,2.1081937992898108,-0.6514128533997506,2.314838574749035,0.8787878787878787,0.0,0.0,0.0,-0.5100338184029966,0.4695101747614316,0.5225509618870997,0.3338839938111034,0.4088353656889638,-0.5348600927118335,1.0,6.123233995736766e-17,0.49999999999999994,-0.8660254037844387,-0.7818314824680299,0.6234898018587334
0.1989416824690257,-0.3517343723629195,-1.0875273068164708,-0.05705668653291797,0.17282757896152123,0.6037680693207814,-1.3918624142659202,0.3317997206579551,-0.6831906184550289,2.3654254258010967,1.620207189588638,-0.6514128533997506,2.4685751119749773,0.8787878787878787,0.0,0.0,0.0,-0.3521669230772707,0.6567676575122126,0.511107979883175,0.17207441109951835,0.4049636201570232,-0.6032293486733973,1.0,6.123233995736766e-17,0.258819045102521,-0.9659258262890682,-0.7818314824680299,0.6234898018587334
0.3272581377683523,-0.6412389163541294,-0.9295264117307949,-0.18890459195191697,0.01101283229131838,-1.9308758252566025,-1.068333807801137,-0.4562313879446597,-0.6831906184550289,2.6868889096229562,0.24838469238673969,-0.6514128533997506,2.526653359371444,0.8787878787878787,0.0,0.0,0.0,-0.3521669230772707,0.7732610337099509,0.5176025802820634,0.17207441109951835,0.8618295929260132,-0.6203216626637883,1.0,6.123233995736766e-17,1.2246467991473532e-16,-1.0,-0.7818314824680299,0.6234898018587334
0.2388707485044627,-0.7991504858038802,-1.2191947193878672,-0.18890459195191697,0.17282757896152123,0.6037680693207814,-0.9604909389795426,-0.6841423458248278,-0.6831906184550289,2.4893631545035007,-0.6525136639846563,-0.6514128533997506,2.3045894722673053,0.8787878787878787,0.0,0.0,0.0,-0.06274428164677277,0.8460817738149065,0.520128630980195,-0.2594178094647084,1.0205711597355775,-0.6237401254618664,1.0,6.123233995736766e-17,-0.2588190451025208,-0.9659258262890683,-0.7818314824680299,0.6234898018587334
0.9535839009689651,-0.7991504858038802,-1.2191947193878672,-0.3471220784547151,0.3346423256317241,0.6037680693207814,-0.9604909389795426,-0.6841423458248278,-0.6831906184550289,2.202757156879192,-0.6525136639846563,-0.6514128533997506,1.7408888357721835,0.8787878787878787,0.0,0.0,0.0,0.09512261367895261,0.8643313165605274,0.4907401275277089,-0.3672908646057651,2.0310967435720726,1.6256083956735812,1.0,6.123233995736766e-17,-0.4999999999999997,-0.8660254037844388,-0.7818314824680299,0.6234898018587334
0.4610205070993023,-0.9307434603453393,-1.2191947193878672,-0.18890459195191697,0.44251882341185933,0.6037680693207814,-0.8526480701579482,-0.6841423458248278,-0.6831906184550289,1.4126541364013683,-0.6525136639846563,-0.6514128533997506,0.9517079446790131,0.0,0.0,0.0,0.0,-0.19430002775154487,0.6371155779627231,0.4889842667064539,0.010264828387933323,1.016699414203637,0.29924483001924423,1.0,6.123233995736766e-17,-0.7071067811865471,-0.7071067811865479,-0.7818314824680299,0.6234898018587334
0.1745437719217437,-0.9307434603453393,-1.3771956144735429,-0.3471220784547151,0.6043335700820621,0.7655538498257208,-0.8526480701579482,-0.6841423458248278,-0.6831906184550289,1.033094842250257,-0.6525136639846563,-0.6514128533997506,1.1430245243379635,0.0,0.0,0.8787878787878787,0.8787878787878787,-0.19430002775154487,0.4196620766671691,0.5027920599503466,0.010264828387933323,1.1754409810132014,2.114448575798762,1.0,6.123233995736766e-17,-0.8660254037844385,-0.5000000000000004,-0.7818314824680299,0.6234898018587334
0.16078024305874575,-1.0886550297950905,-1.6668639221306147,-0.7954049568793099,0.6043335700820621,0.9812682238323067,-0.4212765948715706,-0.6841423458248278,-0.6831906184550289,0.13067325513587988,-0.6525136639846563,-0.6514128533997506,0.28893265086050635,0.0,0.0,0.8787878787878787,0.8787878787878787,-0.3521669230772707,0.3835011156751399,0.5199017279307461,0.17207441109951835,0.3352722005820925,1.6256083956735812,1.0,6.123233995736766e-17,-0.9659258262890683,-0.25881904510252063,-0.7818314824680299,0.6234898018587334
0.2930038067778618,-0.9307434603453393,-1.3771956144735429,-1.085470348801107,-1.9307641277511158,-1.4455184837417845,0.010094880414807005,-0.6841423458248278,-0.6831906184550289,-0.46965011826638814,-0.6525136639846563,-0.6514128533997506,0.0019577813720807074,0.0,0.0,0.8787878787878787,0.8787878787878787,-0.6415895645077683,0.13711001661698177,0.5579515254159328,0.010264828387933323,-0.45456388793378866,0.2513863508461496,1.0,6.123233995736766e-17,-1.0,-1.8369701987210297e-16,-0.7818314824680299,0.6234898018587334
0.3985240917585716,-1.2202480043365496,-1.2191947193878672,-1.085470348801107,0.6043335700820621,-1.5533756707450774,0.010094880414807005,-0.6841423458248278,-0.4782188639775843,-0.6826680894736445,-0.6525136639846563,0.1340679559468088,-0.6505684099646967,0.0,0.0,0.8787878787878787,0.8787878787878787,-0.7994564598334941,0.0,0.55667579759367,0.17207441109951835,-0.6829968743182837,-0.651087827846492,1.0,6.123233995736766e-17,-0.9659258262890684,0.2588190451025203,-0.7818314824680299,0.6234898018587334
0.3545448900117888,-1.2202480043365496,-0.7978589991593985,-1.085470348801107,0.6043335700820621,-1.7151614512500166,-0.4212765948715706,-0.6841423458248278,0.2991268463991398,-0.6826680894736445,-0.6525136639846563,1.5615939485853385,-0.6505684099646967,0.0,0.0,0.8787878787878787,0.8787878787878787,-0.7994564598334941,0.0,0.5529837827832008,0.3338839938111034,-0.6829968743182837,-0.651087827846492,1.0,6.123233995736766e-17,-0.8660254037844386,0.5000000000000001,-0.7818314824680299,0.6234898018587334
0.27547620708352477,-1.2202480043365496,-0.350189796416651,-0.7954049568793099,0.6043335700820621,-1.769090044751663,-1.607548151909109,-0.6841423458248278,1.1576877802480587,-0.6826680894736445,-0.6525136639846563,2.0875245774521654,-0.6505684099646967,0.0,0.0,0.0,0.0,-0.9310122059382657,0.0,0.55556468972647,0.44175704895216006,-0.6829968743182837,-0.651087827846492,1.0,6.123233995736766e-17,-0.7071067811865477,0.7071067811865474,-0.7818314824680299,0.6234898018587334
0.2639150843350965,-1.3781595737863004,-0.350189796416651,-0.9272528622983084,0.766148316752265,-1.283732703236845,-1.877155323963095,-0.6841423458248278,1.8692878335282441,-0.6826680894736445,-0.6525136639846563,2.312923418395091,-0.6505684099646967,0.0,0.0,0.0,0.0,-0.9310122059382657,0.0,0.5188948008316226,0.6035666316637451,-0.6829968743182837,-0.651087827846492,1.0,6.123233995736766e-17,-0.5000000000000004,0.8660254037844384,-0.7818314824680299,0.6234898018587334
0.2550940886734168,-1.6676641177775104,-0.06052148875957856,-0.7954049568793099,0.9819013123125355,-1.391589890240138,-1.877155323963095,-0.6841423458248278,2.3604465659553284,-0.6826680894736445,-0.6525136639846563,2.4666044463107224,-0.6505684099646967,0.0,0.0,0.0,0.0,-1.088879101263992,0.0,0.44840611363888616,0.6035666316637451,-0.6829968743182837,-0.651087827846492,1.0,6.123233995736766e-17,-0.25881904510252157,0.9659258262890681,-0.7818314824680299,0.6234898018587334
0.26330871053755434,-1.3781595737863004,-0.1921889013309754,-1.5073836461419021,-1.4453198877405073,-1.0680183292302592,0.010094880414807005,-0.6841423458248278,2.6814400682501947,-0.6826680894736445,-0.6525136639846563,2.524661723523294,-0.6505684099646967,0.0,0.0,0.0,0.0,-0.9310122059382657,0.0,0.4325345270380081,-1.931450164151087,-0.6829968743182837,-0.651087827846492,1.0,6.123233995736766e-17,-2.4492935982947064e-16,1.0,-0.7818314824680299,0.6234898018587334
0.489943350010172,-1.2202480043365496,-0.1921889013309754,-1.085470348801107,-1.5531963855206425,-0.9601611422269661,-1.9849981927846894,-0.47940877349179545,2.484203096960578,-0.6826680894736445,0.13235990406618114,2.302678016534049,-0.6505684099646967,0.0,0.0,0.0,0.0,-1.2204348473687636,0.0,0.4367562554686578,0.6035666316637451,-0.6829968743182837,-0.651087827846492,1.0,6.123233995736766e-17,0.25881904510252074,0.9659258262890683,-2.4492935982947064e-16,1.0
0.13525538893504024,-0.7991504858038802,-0.350189796416651,-1.2173182542201055,-1.7150111321908454,-0.9601611422269661,-1.8232338895522977,0.29703364233725155,2.1980161190109384,-0.6826680894736445,1.5587823016542248,1.7391809141767347,-0.6505684099646967,0.0,0.0,0.0,0.0,-1.2204348473687636,0.0,0.4320156207639747,0.6035666316637451,-0.6829968743182837,-0.651087827846492,1.0,6.123233995736766e-17,0.49999999999999994,0.8660254037844387,-2.4492935982947064e-16,1.0
0.13808703481668358,-0.3517343723629195,-0.1921889013309754,-1.6656011326447004,-1.768949381080913,-0.8523039552236732,-1.2840195454443257,1.1545969075812736,1.409068233852472,-0.6826680894736445,2.0843063428708724,0.9502849708764944,-0.6505684099646967,0.0,0.0,0.0,0.0,-1.2204348473687636,0.0,0.4159692727173361,0.6035666316637451,-0.6829968743182837,-0.651087827846492,1.0,6.123233995736766e-17,0.7071067811865476,0.7071067811865476,-2.4492935982947064e-16,1.0
0.1383101410537728,-0.3517343723629195,-0.350189796416651,-2.1138840110692954,-1.2835051410703044,-0.8523039552236732,0.279702052468793,1.8653700643601026,1.0300638576488952,-0.6826680894736445,2.3095309319637214,1.1415324722826132,-0.6505684099646967,0.0,0.8787878787878787,0.0,0.0,-1.3783017426944895,0.0,0.4297287146116394,0.7653762143753301,-0.6829968743182837,-0.651087827846492,1.0,6.123233995736766e-17,0.8660254037844386,0.5000000000000001,-2.4492935982947064e-16,1.0
0.1377152105378905,-0.06222982837170911,-0.7978589991593985,-2.245731916488294,-1.3913816388504396,-0.4208752072105015,0.4414663557011846,2.355958058441142,0.1289616162669216,-0.6826680894736445,2.4630931517997547,0.28774898386243997,-0.6505684099646967,0.0,0.8787878787878787,0.0,0.0,-1.6677243841249871,0.0,0.4514737609159958,0.9811223246574435,-0.6829968743182837,-0.651087827846492,1.0,6.123233995736766e-17,0.9659258262890683,0.25881904510252074,-2.4492935982947064e-16,1.0
0.13845315118383889,-0.19382280291316867,-1.0875273068164708,-2.1138840110692954,-1.067752145510034,0.010553540802670241,0.279702052468793,2.676578558509853,-0.4704840807897562,-0.6826680894736445,2.521105545960034,0.0008777317532617444,-0.6505684099646967,0.0,0.8787878787878787,0.0,0.0,-1.3783017426944895,0.0,0.49042830229857903,-1.446021416016332,-0.6829968743182837,-0.651087827846492,1.0,6.123233995736766e-17,1.0,6.123233995736766e-17,-2.4492935982947064e-16,1.0
0.1363766040060377,-0.19382280291316867,-1.0875273068164708,-1.8238186191474985,-0.9598756477298988,0.010553540802670241,0.1179377492364014,2.4795707813591994,-0.6831906184550289,-0.5122537125078395,2.299293450641319,-0.6514128533997506,-0.2576861481650663,0.0,0.8787878787878787,0.0,0.0,-1.2204348473687636,0.01573275439990259,0.48206275052491177,-1.5538944711573888,-0.4777943611254322,0.1351586157114912,1.0,6.123233995736766e-17,0.9659258262890683,-0.25881904510252063,-2.4492935982947064e-16,1.0
0.13936842837253502,-0.3517343723629195,-1.0875273068164708,-1.085470348801107,-0.9598756477298988,-0.4208752072105015,-0.529119463693165,2.193716359611192,-0.6831906184550289,-0.10558304020307722,1.7362319779091966,-0.6514128533997506,-0.42167178787273807,0.0,0.8787878787878787,0.0,0.0,-0.7994564598334941,0.055275298322293664,0.517728734279985,-1.7157040538689736,0.30042649079462713,1.5640760653081738,1.0,6.123233995736766e-17,0.8660254037844387,-0.4999999999999998,-2.4492935982947064e-16,1.0
0.1381099179477053,-0.19382280291316867,-0.7978589991593985,-0.6371874703765118,-0.8519991499497634,-1.607304264246724,-0.9065695045687454,1.4056852510085773,-0.6831906184550289,0.7387427365820481,0.9479459160842253,-0.6514128533997506,0.596405725312391,0.0,0.0,0.0,0.0,-0.3521669230772707,0.2340455102218067,0.5511528851747128,-1.769640581439502,1.159953998885439,2.0905193362122145,1.0,6.123233995736766e-17,0.7071067811865476,-0.7071067811865475,-2.4492935982947064e-16,1.0
0.20475370600320844,-0.3517343723629195,-0.9295264117307949,-0.3471220784547151,-0.8519991499497634,-1.876947231754956,-0.9604909389795426,1.027121287072027,-0.6831906184550289,1.4475116225989193,1.1390455674357334,-0.6514128533997506,1.0063698245815704,0.8787878787878787,0.0,0.0,0.0,-0.3521669230772707,0.4728474345645141,0.532130521804794,-1.284211833304747,1.8723551767625084,2.316137880885375,1.0,6.123233995736766e-17,0.49999999999999994,-0.8660254037844387,-2.4492935982947064e-16,1.0
0.29588121892154856,-0.7991504858038802,-0.7978589991593985,-0.05705668653291797,-0.42049315882922256,-1.876947231754956,-1.4997052830875146,0.12706614832492283,-0.6831906184550289,1.5791954593452233,0.28592212390221455,-0.6514128533997506,0.7193949550931448,0.8787878787878787,0.0,0.0,0.0,-0.06274428164677277,0.6584972626470856,0.5388632423564786,-1.3920848884458037,2.3640668593189638,2.4699687067988934,1.0,6.123233995736766e-17,0.258819045102521,-0.9659258262890682,-2.4492935982947064e-16,1.0
0.6853841322518616,-1.0886550297950905,-1.5088630270449392,0.1011607999698797,0.01101283229131838,0.010553540802670241,-1.068333807801137,-0.4716829783094169,-0.6831906184550289,2.2259954810108926,-0.0007273531250478081,-0.6514128533997506,1.3514229414664631,0.8787878787878787,0.0,0.0,0.0,-0.19430002775154487,0.798573059798144,0.5295325587180787,-1.0684657230226335,2.685421738470033,2.5280825743662225,1.0,6.123233995736766e-17,1.2246467991473532e-16,-1.0,-2.4492935982947064e-16,1.0
0.5634116895211727,-1.0886550297950905,-1.0875273068164708,-0.05705668653291797,0.01101283229131838,-1.984804418758249,-0.7448052013363538,-0.6841423458248278,-0.6831906184550289,2.4467595602620493,-0.6525136639846563,-0.6514128533997506,1.8638780655529374,0.8787878787878787,0.0,0.0,0.0,-0.19430002775154487,0.8709614917519655,0.5179114347714939,-0.9605926678815769,2.487962716341063,2.3058824924911403,1.0,6.123233995736766e-17,-0.2588190451025208,-0.9659258262890683,-2.4492935982947064e-16,1.0
0.6190721227098387,-1.0886550297950905,-1.2191947193878672,-0.05705668653291797,-0.42049315882922256,-1.8230186382533096,-0.9604909389795426,-0.6841423458248278,-0.6831906184550289,2.264726021230394,-0.6525136639846563,-0.6514128533997506,1.8570453305651178,0.8787878787878787,0.0,0.0,0.0,-0.3521669230772707,0.8841829925425813,0.49717997412075954,-0.9605926678815769,2.2014535469774588,1.7418361308082395,1.0,6.123233995736766e-17,-0.4999999999999997,-0.8660254037844388,-2.4492935982947064e-16,1.0
0.6747325558985046,-0.7991504858038802,-1.6668639221306147,-0.05705668653291797,-1.60713463441071,-1.283732703236845,-1.068333807801137,-0.6841423458248278,-0.6831906184550289,1.5908146214110737,-0.6525136639846563,-0.6514128533997506,1.1806045667709717,0.0,0.0,0.0,0.0,-0.19430002775154487,0.8153701865887376,0.5050756368254326,-0.8527196127405202,1.4116174584615777,0.9521712244521782,1.0,6.123233995736766e-17,-0.7071067811865471,-0.7071067811865479,-2.4492935982947064e-16,1.0
0.7303929890871708,-0.9307434603453393,-2.114533124873362,-0.05705668653291797,-1.8768258788610481,0.2801965083109026,-1.068333807801137,-0.6841423458248278,-0.6831906184550289,0.700012196362547,-0.6525136639846563,-0.6514128533997506,0.32651269329351446,0.0,0.0,0.8787878787878787,0.8787878787878787,-0.3521669230772707,0.6867141738639528,0.4986463926999295,-0.8527196127405202,1.0321863963313993,1.1436051411445567,1.0,6.123233995736766e-17,-0.8660254037844385,-0.5000000000000004,-2.4492935982947064e-16,1.0
0.33511809684388844,-0.7991504858038802,-2.2462005374447584,0.23300870538887822,-1.8768258788610481,0.441982288815842,-0.9604909389795426,-0.6841423458248278,-0.6831906184550289,0.08032355285052836,-0.6525136639846563,-0.6514128533997506,0.036121456311178995,0.0,0.0,0.8787878787878787,0.8787878787878787,-0.7994564598334941,0.4551189819320658,0.5377806126146724,-0.42122739217629346,0.13006968738924102,0.28898944162500967,1.0,6.123233995736766e-17,-0.9659258262890683,-0.25881904510252063,-2.4492935982947064e-16,1.0
0.668943390325158,-1.5097525483277596,-2.114533124873362,-0.7954049568793099,0.01101283229131838,0.2801965083109026,0.3336234868795902,-0.6841423458248278,-0.6831906184550289,-0.5238728745736898,-0.6525136639846563,-0.6514128533997506,-0.6061556325438688,0.0,0.0,0.8787878787878787,0.8787878787878787,-1.088879101263992,0.09880924137070729,0.5910111460616928,0.010264828387933323,-0.47005087006155105,0.0018385665864418855,1.0,6.123233995736766e-17,-1.0,-1.8369701987210297e-16,-2.4492935982947064e-16,1.0
0.6060236696673569,-1.0886550297950905,-1.8248648172162902,-1.085470348801107,-1.9847023766411835,0.11841072780596318,0.279702052468793,-0.6841423458248278,-0.5130253883228107,-0.6826680894736445,-0.6525136639846563,-0.25867244872647094,-0.6505684099646967,0.0,0.0,0.8787878787878787,0.8787878787878787,-1.088879101263992,0.0,0.6141618132206829,0.010264828387933323,-0.6829968743182837,-0.651087827846492,1.0,6.123233995736766e-17,-0.9659258262890684,0.2588190451025203,-2.4492935982947064e-16,1.0
0.3716206070755881,-1.2202480043365496,-1.0875273068164708,-1.085470348801107,-1.8228876299709806,-0.5287323942137945,0.010094880414807005,-0.6841423458248278,-0.10694927096183547,-0.6826680894736445,-0.6525136639846563,-0.4225988785031442,-0.6505684099646967,0.0,0.0,0.8787878787878787,0.8787878787878787,-1.088879101263992,0.0,0.6409685902154998,-0.42122739217629346,-0.6829968743182837,-0.651087827846492,1.0,6.123233995736766e-17,-0.8660254037844386,0.5000000000000001,-2.4492935982947064e-16,1.0
0.4140037559115552,-1.6676641177775104,-0.6398581040737229,-1.2173182542201055,-1.2835051410703044,-0.9062325487253197,-0.15166942281758458,-0.6841423458248278,0.7361420965114275,-0.6826680894736445,-0.6525136639846563,0.5951110396937024,-0.6505684099646967,0.0,0.0,0.0,0.0,-0.7994564598334941,0.0,0.6492750345130807,-1.607830998727917,-0.6829968743182837,-0.651087827846492,1.0,6.123233995736766e-17,-0.7071067811865477,0.7071067811865474,-2.4492935982947064e-16,1.0
0.970791143693594,-2.115080231218471,-0.350189796416651,-1.3755357407229036,0.2807040767416565,-0.9601611422269661,0.279702052468793,-0.6841423458248278,1.4438747581976985,-0.6826680894736445,-0.6525136639846563,1.0049271141353855,-0.6505684099646967,0.0,0.0,0.0,0.0,-0.9310122059382657,0.0,0.5493439607960701,-1.8775136365805587,-0.6829968743182837,-0.651087827846492,1.0,6.123233995736766e-17,-0.5000000000000004,0.8660254037844384,-2.4492935982947064e-16,1.0
0.4015044934371973,-2.2466732057599303,-0.06052148875957856,-1.3755357407229036,0.44251882341185933,-1.499447077243431,0.010094880414807005,-0.6841423458248278,1.5753660723907763,-0.6826680894736445,-0.6525136639846563,0.7180558620262073,-0.6505684099646967,0.0,0.0,0.0,0.0,-0.7994564598334941,0.0,0.489832873867463,-1.8775136365805587,-0.6829968743182837,-0.651087827846492,1.0,6.123233995736766e-17,-0.25881904510252157,0.9659258262890681,-2.4492935982947064e-16,1.0
0.3282077345051339,-2.115080231218471,0.09747940632609654,-2.1138840110692954,0.2807040767416565,-1.0680183292302592,-0.8526480701579482,-0.6841423458248278,2.2212204685744226,-0.6826680894736445,-0.6525136639846563,1.3498556434571356,-0.6505684099646967,0.0,0.0,0.0,0.0,-1.509857488799261,0.0,0.5571672501353094,0.010264828387933323,-0.6829968743182837,-0.651087827846492,1.0,6.123233995736766e-17,-2.4492935982947064e-16,1.0,-2.4492935982947064e-16,1.0
0.22046218087262096,-1.8255756872272613,-0.06052148875957856,-1.5073836461419021,0.11888933007145361,-0.7444467682203804,0.279702052468793,-0.5141748518124991,2.4416617894275237,-0.6826680894736445,-0.26007687995923756,1.8621257365092396,-0.6505684099646967,0.0,0.0,0.0,0.0,-1.088879101263992,0.0,0.574947793091258,-1.9853866917216154,-0.6829968743182837,-0.651087827846492,1.0,6.123233995736766e-17,0.25881904510252074,0.9659258262890683,0.7818314824680298,0.6234898018587336
0.22036494386919434,-1.0886550297950905,-0.06052148875957856,-1.5073836461419021,-0.5283696566093578,-0.9601611422269661,0.279702052468793,-0.10857060473762377,2.2598943845135633,-0.6826680894736445,-0.4238765811176732,1.855295468601878,-0.6505684099646967,0.0,0.0,0.0,0.0,-1.2204348473687636,0.0,0.5703919588837332,-1.8235771090100303,-0.6829968743182837,-0.651087827846492,1.0,6.123233995736766e-17,0.49999999999999994,0.8660254037844387,0.7818314824680298,0.6234898018587336
0.1614209432689695,-0.6412389163541294,-0.06052148875957856,-1.6656011326447004,-0.9059373988398312,-1.0680183292302592,0.4414663557011846,0.7335410701416412,1.5869682471725184,-0.6826680894736445,0.5930465635742813,1.179098945773101,-0.6505684099646967,0.0,0.0,0.0,0.0,-1.6677243841249871,0.0,0.569837711051208,-1.284211833304747,-0.6829968743182837,-0.651087827846492,1.0,6.123233995736766e-17,0.7071067811865476,0.7071067811865476,0.7818314824680298,0.6234898018587336
0.1393398270329814,-0.3517343723629195,-0.06052148875957856,-1.6656011326447004,-0.9598756477298988,-1.0680183292302592,0.279702052468793,1.4404513293292809,0.697468180572287,-0.6826680894736445,1.0025458164703704,0.3253154573529276,-0.6505684099646967,0.0,0.8787878787878787,0.0,0.0,-2.11501392088121,0.0,0.5542607910967134,0.27994746624057504,-0.6829968743182837,-0.651087827846492,1.0,6.123233995736766e-17,0.8660254037844386,0.5000000000000001,0.7818314824680298,0.6234898018587336
0.13889362485569715,-0.06222982837170911,0.22914681889749292,-1.6656011326447004,-1.4992581366305748,-0.9601611422269661,0.279702052468793,1.5717898474297167,0.07868552554603893,-0.6826680894736445,0.715896339443108,0.03502907129006868,-0.6505684099646967,0.0,0.8787878787878787,0.0,0.0,-2.246569666985982,0.0,0.6175323222881742,0.44175704895216006,-0.6829968743182837,-0.651087827846492,1.0,6.123233995736766e-17,0.9659258262890683,0.25881904510252074,0.7818314824680298,0.6234898018587336
0.13796690438534112,0.09568174107804124,-0.7978589991593985,-1.6656011326447004,-1.067752145510034,0.33412510181254906,0.279702052468793,2.2168937451583277,-0.5246275631045528,-0.6826680894736445,1.347207687657912,-0.6070161120019016,-0.6505684099646967,0.0,0.8787878787878787,0.0,0.0,-2.11501392088121,0.0,0.6509097096424628,0.27994746624057504,-0.6829968743182837,-0.651087827846492,1.0,6.123233995736766e-17,1.0,6.123233995736766e-17,0.7818314824680298,0.6234898018587336
0.11092039927539737,-0.06222982837170911,-1.0875273068164708,-1.5073836461419021,-0.7441226521696283,0.2801965083109026,0.1179377492364014,2.437078907856117,-0.6831906184550289,-0.562603414793191,1.8590817537780233,-0.6514128533997506,-0.6403193074829672,0.0,0.8787878787878787,0.0,0.0,-1.825591279450713,0.009024990851719301,0.6638373444209533,0.11813788352899002,-0.5126400709128975,-0.2579646060675004,1.0,6.123233995736766e-17,0.9659258262890683,-0.25881904510252063,0.7818314824680298,0.6234898018587336
0.16615178948877218,-0.06222982837170911,-1.0875273068164708,-1.5073836461419021,-0.9598756477298988,0.010553540802670241,0.4414663557011846,2.2555227210702204,-0.6831906184550289,-0.5006345504419891,1.8522567662297553,-0.6514128533997506,-0.6471520424707868,0.0,0.8787878787878787,0.0,0.0,-1.088879101263992,0.06762645116531747,0.6692363565065882,-0.5291004473173502,-0.1061067900591352,-0.4220508203752534,1.0,6.123233995736766e-17,0.8660254037844387,-0.4999999999999998,0.7818314824680298,0.6234898018587336
0.32916877795587346,-0.06222982837170911,-1.2191947193878672,-1.085470348801107,-1.067752145510034,-0.15123223970226915,-0.15166942281758458,1.5833785402032845,-0.6831906184550289,0.38242176656263743,1.1765829989512082,-0.6514128533997506,-0.4558354628118364,0.0,0.0,0.0,0.0,-0.6415895645077683,0.14917844288279727,0.6762541144104588,-0.9066561403110486,0.7379337359039143,0.5966510934520466,1.0,6.123233995736766e-17,0.7071067811865476,-0.7071067811865475,0.7818314824680298,0.6234898018587336
0.1889250938378574,-0.06222982837170911,-1.3771956144735429,-1.085470348801107,-1.067752145510034,0.2801965083109026,0.1718591836471986,0.6949120942297482,-0.6831906184550289,-0.0010105816104240802,0.32345955541768934,-0.6514128533997506,-0.6129883675316885,0.8787878787878787,0.0,0.0,0.0,-0.3521669230772707,0.27693084336185,0.6371455043207103,-0.9605926678815769,1.446463168249043,1.0068666292214292,1.0,6.123233995736766e-17,0.49999999999999994,-0.8660254037844387,0.7818314824680298,0.6234898018587336
0.19157941347364715,0.22727471561950033,-1.3771956144735429,-1.5073836461419021,-0.9598756477298988,0.010553540802670241,0.7649949621659677,0.07684847963946208,-0.6831906184550289,-0.06297944596162594,0.03339758461629295,-0.6514128533997506,-0.6334865724951475,0.8787878787878787,0.0,0.0,0.0,-0.06274428164677277,0.452424789318129,0.5975173221014787,-1.4999579435868604,1.578102516335023,0.7197157541828613,1.0,6.123233995736766e-17,0.258819045102521,-0.9659258262890682,0.7818314824680298,0.6234898018587336
0.19550366278984022,-0.7991504858038802,-2.114533124873362,-1.6656011326447004,0.3346423256317241,-0.8523039552236732,1.3042093062739397,-0.5257635445860669,-0.6831906184550289,0.17714990339928127,-0.6081512449209132,-0.6514128533997506,-0.6334865724951475,0.8787878787878787,0.0,0.0,0.0,0.09512261367895261,0.8243010027026544,0.6122906057476539,-1.0684657230226335,2.2246840201691023,1.352131371827326,1.0,6.123233995736766e-17,1.2246467991473532e-16,-1.0,0.7818314824680298,0.6234898018587336
0.19396293852340277,-1.0886550297950905,-1.5088630270449392,-1.085470348801107,0.2807040767416565,0.2801965083109026,-1.5536267174983118,-0.6841423458248278,-0.6831906184550289,0.8162038170210505,-0.6525136639846563,-0.6514128533997506,-0.6471520424707868,0.8787878787878787,0.0,0.0,0.0,-0.06274428164677277,0.8764256469894014,0.6380696092458024,-0.7448465575994635,2.4453735154897163,1.8649007915390543,1.0,6.123233995736766e-17,-0.2588190451025208,-0.9659258262890683,0.7818314824680298,0.6234898018587336
0.1924145945553202,-1.0886550297950905,-1.5088630270449392,-1.085470348801107,0.01101283229131838,0.2801965083109026,-1.607548151909109,-0.6841423458248278,-0.6831906184550289,0.5102325492869912,-0.6525136639846563,-0.6514128533997506,-0.6266538375073278,0.8787878787878787,0.0,0.0,0.0,-0.06274428164677277,0.9290834753206103,0.6183937343616803,-0.9605926678815769,2.263401475488508,1.8580638659428979,1.0,6.123233995736766e-17,-0.4999999999999997,-0.8660254037844388,0.7818314824680298,0.6234898018587336
0.20286594208211287,-1.2202480043365496,-1.6668639221306147,-1.085470348801107,-0.15080191437888446,0.441982288815842,-1.5536267174983118,-0.6841423458248278,-0.6831906184550289,1.1609056249746108,-0.6525136639846563,-0.6514128533997506,0.008790516359900365,0.0,0.0,0.0,0.0,-0.06274428164677277,0.848604150115676,0.581700950283288,-1.0684657230226335,1.5897177529308448,1.1812082319234167,1.0,6.123233995736766e-17,-0.7071067811865471,-0.7071067811865479,0.7818314824680298,0.6234898018587336
0.20076652207018408,-1.3781595737863004,-1.6668639221306147,-1.8238186191474985,0.2807040767416565,0.2801965083109026,-1.1761766766227313,-0.6841423458248278,-0.6831906184550289,0.19264211948708174,-0.6525136639846563,-0.6514128533997506,-0.16202785833559108,0.0,0.0,0.8787878787878787,0.8787878787878787,-0.06274428164677277,0.7124975306560536,0.5771120281818709,-1.0684657230226335,0.6992162805845084,0.3265925324038697,1.0,6.123233995736766e-17,-0.8660254037844385,-0.5000000000000004,0.7818314824680298,0.6234898018587336
0.3289971802154459,-1.3781595737863004,-1.6668639221306147,-1.2173182542201055,0.01101283229131838,0.2801965083109026,-1.4457838486767174,-0.6841423458248278,-0.6831906184550289,-0.14431358042257839,-0.6525136639846563,-0.6514128533997506,-0.44216999283619707,0.0,0.0,0.8787878787878787,0.8787878787878787,0.22667835978372425,0.47555269665131417,0.5933887622141577,-0.9605926678815769,0.0797369954740133,0.03602319456722376,1.0,6.123233995736766e-17,-0.9659258262890683,-0.25881904510252063,0.7818314824680298,0.6234898018587336
0.35130710030326684,-2.115080231218471,-1.6668639221306147,-1.3755357407229036,-0.8519991499497634,0.2801965083109026,-1.337940979855123,-0.6841423458248278,-0.6831906184550289,-0.4928884423980888,-0.6525136639846563,-0.6514128533997506,-0.25426978067115646,0.0,0.0,0.8787878787878787,0.8787878787878787,-0.7994564598334941,0.10064971419472565,0.6266095198787814,0.3338839938111034,-0.5242553075087194,-0.6066478114714755,1.0,6.123233995736766e-17,-1.0,-1.8369701987210297e-16,0.7818314824680298,0.6234898018587336
0.38488640467085194,-1.5097525483277596,-1.5088630270449392,-1.5073836461419021,0.2807040767416565,0.11841072780596318,-1.2840195454443257,-0.6841423458248278,-0.5633014790436934,-0.6826680894736445,-0.6525136639846563,-0.6411674515387086,-0.6505684099646967,0.0,0.0,0.8787878787878787,0.8787878787878787,-1.088879101263992,0.0,0.6483438612762902,0.27994746624057504,-0.6829968743182837,-0.651087827846492,1.0,6.123233995736766e-17,-0.9659258262890684,0.2588190451025203,0.7818314824680298,0.6234898018587336
0.3003660826378365,-1.5097525483277596,-1.5088630270449392,-1.6656011326447004,0.2807040767416565,0.441982288815842,-1.1761766766227313,-0.6841423458248278,-0.5014232135410686,-0.6826680894736445,-0.6525136639846563,-0.64799771944607,-0.6505684099646967,0.0,0.0,0.8787878787878787,0.8787878787878787,-1.088879101263992,0.0,0.6769458357835532,0.010264828387933323,-0.6829968743182837,-0.651087827846492,1.0,6.123233995736766e-17,-0.8660254037844386,0.5000000000000001,0.7818314824680298,0.6234898018587336
0.3260797097213535,-1.6676641177775104,-1.0875273068164708,-1.6656011326447004,0.44251882341185933,-0.15123223970226915,-1.068333807801137,-0.6841423458248278,0.38034206987133484,-0.6826680894736445,-0.6525136639846563,-0.45675021803995114,-0.6505684099646967,0.0,0.0,0.0,0.0,-1.2204348473687636,0.0,0.631277371460831,-0.15154475432365172,-0.6829968743182837,-0.651087827846492,1.0,6.123233995736766e-17,-0.7071067811865477,0.7071067811865474,0.7818314824680298,0.6234898018587336
0.3977118041048144,-1.6676641177775104,-1.0875273068164708,-1.6656011326447004,0.2807040767416565,0.17233932130760965,-1.1761766766227313,-0.6841423458248278,-0.002529697926156119,-0.6826680894736445,-0.6525136639846563,-0.613846379909263,-0.6505684099646967,0.0,0.0,0.0,0.0,-1.3783017426944895,0.0,0.5090801427204814,0.27994746624057504,-0.6829968743182837,-0.651087827846492,1.0,6.123233995736766e-17,-0.5000000000000004,0.8660254037844384,0.7818314824680298,0.6234898018587336
0.2920399042228563,-1.6676641177775104,-1.5088630270449392,-1.955666524566497,0.2807040767416565,0.7655538498257208,-0.9604909389795426,-0.6841423458248278,-0.06440796342878093,-0.6826680894736445,-0.6525136639846563,-0.6343371836313472,-0.6505684099646967,0.0,0.0,0.0,0.0,-1.3783017426944895,0.0,0.4719868209791793,0.010264828387933323,-0.6829968743182837,-0.651087827846492,1.0,6.123233995736766e-17,-0.25881904510252157,0.9659258262890681,0.7818314824680298,0.6234898018587336
0.21026826256330103,-1.6676641177775104,-1.6668639221306147,-1.5073836461419021,0.2807040767416565,1.3048397848421855,-1.4457838486767174,-0.6841423458248278,0.1753703153938902,-0.6826680894736445,-0.6525136639846563,-0.6343371836313472,-0.6505684099646967,0.0,0.0,0.0,0.0,-2.11501392088121,0.0,0.43444686388997766,-0.8527196127405202,-0.6829968743182837,-0.651087827846492,1.0,6.123233995736766e-17,-2.4492935982947064e-16,1.0,0.7818314824680298,0.6234898018587336
0.1442880544167453,-1.5097525483277596,-1.0875273068164708,-2.245731916488294,0.11888933007145361,-1.5533756707450774,-0.7448052013363538,-0.5643925204979598,0.8134899283897085,-0.6826680894736445,-0.642276182662254,-0.64799771944607,-0.6505684099646967,0.0,0.0,0.0,0.0,-1.509857488799261,0.0,0.4295314165198839,0.27994746624057504,-0.6829968743182837,-0.651087827846492,1.0,6.123233995736766e-17,0.25881904510252074,0.9659258262890683,0.9749279121818236,-0.22252093395631434
0.1381728456999405,-1.5097525483277596,-1.0875273068164708,-2.1138840110692954,0.44251882341185933,-1.607304264246724,-0.8526480701579482,-0.5025861590389312,0.5079659924704985,-0.6826680894736445,-0.6491011702105222,-0.6275069157239859,-0.6505684099646967,0.0,0.0,0.0,0.0,-1.509857488799261,0.0,0.43869845337657076,0.27994746624057504,-0.6829968743182837,-0.651087827846492,1.0,6.123233995736766e-17,0.49999999999999994,0.8660254037844387,0.9749279121818236,-0.22252093395631434
0.1324294612619288,-1.0886550297950905,-1.0875273068164708,-2.245731916488294,-0.15080191437888446,-1.5533756707450774,-0.7448052013363538,0.3781544917522266,1.1576877802480587,-0.6826680894736445,-0.4580015188590139,0.007707999660623131,-0.6505684099646967,0.0,0.0,0.0,0.0,-1.6677243841249871,0.0,0.4386355556463849,0.44175704895216006,-0.6829968743182837,-0.651087827846492,1.0,6.123233995736766e-17,0.7071067811865476,0.7071067811865476,0.9749279121818236,-0.22252093395631434
0.1313597306615067,-1.0886550297950905,-1.8248648172162902,-2.535797308410091,0.17282757896152123,-1.1758755162335521,-0.6369623325147594,-0.004272369775512977,0.1908398817695464,-0.6826680894736445,-0.6149762324691814,-0.16304869802341154,-0.6505684099646967,0.0,0.8787878787878787,0.0,0.0,-1.6677243841249871,0.0,0.4548900603505769,0.27994746624057504,-0.6829968743182837,-0.651087827846492,1.0,6.123233995736766e-17,0.8660254037844386,0.5000000000000001,0.9749279121818236,-0.22252093395631434
0.1307876832766461,-1.5097525483277596,-1.2191947193878672,-2.4039494029910924,0.766148316752265,-1.4455184837417845,-0.5830408981039622,-0.0660787312345416,-0.14562318690097598,-0.6826680894736445,-0.6354511951139858,-0.4430896822252284,-0.6505684099646967,0.0,0.8787878787878787,0.0,0.0,-1.6677243841249871,0.0,0.5111200165009224,0.27994746624057504,-0.6829968743182837,-0.651087827846492,1.0,6.123233995736766e-17,0.9659258262890683,0.25881904510252074,0.9749279121818236,-0.22252093395631434
0.13808417914471566,-1.6676641177775104,-1.3771956144735429,-2.245731916488294,1.305530805652941,-1.3376612967384915,-0.7448052013363538,0.1734209194191943,-0.4936884303532405,-0.6826680894736445,-0.6354511951139858,-0.25525731477279023,-0.6505684099646967,0.0,0.8787878787878787,0.0,0.0,-1.6677243841249871,0.0,0.5748342903468834,0.27994746624057504,-0.6829968743182837,-0.651087827846492,1.0,6.123233995736766e-17,1.0,6.123233995736766e-17,0.9749279121818236,-0.22252093395631434
0.17939475543748493,-1.0886550297950905,-1.5088630270449392,-1.955666524566497,-1.5531963855206425,-1.283732703236845,-1.1761766766227313,0.8107990219654269,-0.6831906184550289,-0.46965011826638814,-0.6491011702105222,-0.6514128533997506,-0.0697859360000257,0.0,0.8787878787878787,0.0,0.0,-1.509857488799261,0.0219138748711045,0.6203760372555343,0.11813788352899002,-0.5629727628281253,-0.6408324394522574,1.0,6.123233995736766e-17,0.9659258262890683,-0.25881904510252063,0.9749279121818236,-0.22252093395631434
0.23543273568987327,-1.0886550297950905,-1.6668639221306147,-1.3755357407229036,-1.60713463441071,-1.1758755162335521,-1.337940979855123,0.5056301122614731,-0.6831906184550289,0.2778493079699843,-0.6286262075657176,-0.6514128533997506,1.1771881992770619,0.0,0.8787878787878787,0.0,0.0,-1.509857488799261,0.0879548515583689,0.6377270522266795,0.44175704895216006,-0.5010248343170758,-0.6476693650484138,1.0,6.123233995736766e-17,0.8660254037844387,-0.4999999999999998,0.9749279121818236,-0.22252093395631434
0.13424286787832143,-1.0886550297950905,-1.6668639221306147,-1.085470348801107,-1.5531963855206425,-1.0680183292302592,-1.5536267174983118,1.1545969075812736,-0.6831906184550289,1.1415403548648602,0.006097634423220343,-0.6514128533997506,1.7784688782051916,0.0,0.0,0.0,0.0,-1.088879101263992,0.2908120288555613,0.6478238793896072,-0.15154475432365172,0.38173314696537963,-0.45623544835603524,1.0,6.123233995736766e-17,0.7071067811865476,-0.7071067811865475,0.9749279121818236,-0.22252093395631434
0.18001826669913257,-1.8255756872272613,-1.6668639221306147,-0.6371874703765118,-1.1756286432901693,-1.1758755162335521,-1.7693124551415005,0.18887250978395145,-0.6831906184550289,1.904531997189033,-0.16452705428348344,-0.6514128533997506,2.0996074226327157,0.8787878787878787,0.0,0.0,0.0,-1.088879101263992,0.4078597434990263,0.6402855761829036,0.17207441109951835,-0.0015696606967391725,-0.6134847370676318,1.0,6.123233995736766e-17,0.49999999999999994,-0.8660254037844387,0.9749279121818236,-0.22252093395631434
0.20960467578975753,-1.2202480043365496,-1.9565322297876868,-0.3471220784547151,-1.4453198877405073,-0.9601611422269661,-1.9310767583738921,-0.14719958064951666,-0.6831906184550289,2.4312673441742487,-0.4443515437624776,-0.6514128533997506,2.2430948573769283,0.8787878787878787,0.0,0.0,0.0,-1.509857488799261,0.2931348087237664,0.6183844636050324,0.7653762143753301,-0.06351758920778867,-0.633995513856101,1.0,6.123233995736766e-17,0.258819045102521,-0.9659258262890682,0.9749279121818236,-0.22252093395631434
0.1797894525504056,-1.3781595737863004,-1.5088630270449392,-0.5053395649575132,-1.3374433899603722,-1.4455184837417845,-1.9310767583738921,-0.49486036385655263,-0.6831906184550289,2.7178733417985574,-0.25666438618510345,-0.6514128533997506,2.3182549422429446,0.8787878787878787,0.0,0.0,0.0,-1.6677243841249871,0.2675566097099713,0.5674107191561542,1.3047414900806136,0.17653063377252814,-0.633995513856101,1.0,6.123233995736766e-17,1.2246467991473532e-16,-1.0,0.9749279121818236,-0.22252093395631434
0.21565696361892317,-1.5097525483277596,-2.2462005374447584,-0.18890459195191697,-1.2835051410703044,-0.7444467682203804,-2.200683930427878,-0.6841423458248278,-0.6831906184550289,2.7178733417985574,-0.6525136639846563,-0.6514128533997506,2.3182549422429446,0.8787878787878787,0.0,0.0,0.0,-1.088879101263992,0.20905493790025723,0.5636117064968591,-1.5538944711573888,0.8153686465427261,-0.6476693650484138,1.0,6.123233995736766e-17,-0.2588190451025208,-0.9659258262890683,0.9749279121818236,-0.22252093395631434
0.2745952494429142,-1.6676641177775104,-2.114533124873362,-0.18890459195191697,-1.1756286432901693,-0.8523039552236732,-1.9849981927846894,-0.6841423458248278,-0.6831906184550289,2.4583787223278994,-0.6525136639846563,-0.6514128533997506,2.2601766948464777,0.8787878787878787,0.0,0.0,0.0,-1.088879101263992,0.2625008408541887,0.5477953346786685,-1.607830998727917,0.5095007495194193,-0.6271585882599446,1.0,6.123233995736766e-17,-0.4999999999999997,-0.8660254037844388,0.9749279121818236,-0.22252093395631434
0.15019732868354682,-1.6676641177775104,-2.2462005374447584,-0.18890459195191697,-1.067752145510034,-0.7444467682203804,-1.9849981927846894,-0.6841423458248278,-0.6831906184550289,1.931643375342684,-0.6525136639846563,-0.6514128533997506,2.113272892608355,0.0,0.0,0.0,0.0,-1.088879101263992,0.240880776668276,0.5269870957726014,-1.5538944711573888,1.159953998885439,0.008675492182598261,1.0,6.123233995736766e-17,-0.7071067811865471,-0.7071067811865479,0.9749279121818236,-0.22252093395631434
0.1266059944460862,-1.6676641177775104,-2.535868845101831,-0.3471220784547151,-1.1756286432901693,-0.6365895812170874,-1.8232338895522977,-0.6841423458248278,-0.6831906184550289,1.1841439491063115,-0.6525136639846563,-0.6514128533997506,1.8092161856503801,0.0,0.0,0.8787878787878787,0.8787878787878787,-1.825591279450713,0.0790241046286575,0.5257946511012198,-1.1763387781636903,0.1920176159002905,-0.16224764772131112,1.0,6.123233995736766e-17,-0.8660254037844385,-0.5000000000000004,0.9749279121818236,-0.22252093395631434
0.11027970249747165,-1.9571686617687203,-2.4042014325304346,-0.6371874703765118,-0.9598756477298988,-0.582660987715441,-2.0389196271954866,-0.6841423458248278,-0.6831906184550289,0.32432595623338567,-0.6525136639846563,-0.6514128533997506,1.2420991816613485,0.0,0.0,0.8787878787878787,0.8787878787878787,-1.2204348473687636,0.050114201835659206,0.5257635095540268,-1.446021416016332,-0.14482424537854116,-0.4425615971637225,1.0,6.123233995736766e-17,-0.9659258262890683,-0.25881904510252063,0.9749279121818236,-0.22252093395631434
0.1880498544057787,-1.5097525483277596,-2.2462005374447584,-0.7954049568793099,-1.4453198877405073,-0.7444467682203804,-1.7153910207307033,-0.6841423458248278,-0.6831906184550289,-0.44641179413468746,-0.6525136639846563,-0.6514128533997506,-0.004874953615738951,0.0,0.0,0.8787878787878787,0.8787878787878787,-1.3783017426944895,0.010898730235669079,0.5426573379293749,-1.3381483608752753,-0.4932813432531946,-0.2545461432694222,1.0,6.123233995736766e-17,-1.0,-1.8369701987210297e-16,0.9749279121818236,-0.22252093395631434
0.23245806938126973,-2.2466732057599303,-1.9565322297876868,-0.9272528622983084,-0.7441226521696283,-1.1758755162335521,-1.7693124551415005,-0.6841423458248278,-0.4704840807897562,-0.6787950354516944,-0.6525136639846563,-0.07084008127403281,-0.6505684099646967,0.0,0.0,0.8787878787878787,0.8787878787878787,-1.509857488799261,0.0,0.5594692148647414,-1.284211833304747,-0.6829968743182837,-0.651087827846492,1.0,6.123233995736766e-17,-0.9659258262890684,0.2588190451025203,0.9749279121818236,-0.22252093395631434
0.32803614019700433,-2.115080231218471,-1.3771956144735429,-0.9272528622983084,-0.8519991499497634,-1.3376612967384915,-1.7693124551415005,-0.6841423458248278,0.2759224968356555,-0.6826680894736445,-0.6525136639846563,1.1756838118194202,-0.6505684099646967,0.0,0.0,0.8787878787878787,0.8787878787878787,-1.6677243841249871,0.0,0.5952441428153401,-1.1763387781636903,-0.6829968743182837,-0.651087827846492,1.0,6.123233995736766e-17,-0.8660254037844386,0.5000000000000001,0.9749279121818236,-0.22252093395631434
0.7093358406218594,-2.2466732057599303,-1.0875273068164708,-1.085470348801107,-0.7441226521696283,-1.5533756707450774,-1.7153910207307033,-0.6841423458248278,1.1383508222784886,-0.6826680894736445,-0.6525136639846563,1.7767473876672222,-0.6505684099646967,0.0,0.0,0.0,0.0,-1.6677243841249871,0.0,0.5567440221674547,-1.0684657230226335,-0.6829968743182837,-0.651087827846492,1.0,6.123233995736766e-17,-0.7071067811865477,0.7071067811865474,0.9749279121818236,-0.22252093395631434
0.8476402900773965,-2.5361777497511406,-0.6398581040737229,-0.7954049568793099,-0.6362461543894931,-1.769090044751663,-2.0928410616062836,-0.6841423458248278,1.9002269662795563,-0.6826680894736445,-0.6525136639846563,2.0977699793132074,-0.6505684099646967,0.0,0.0,0.0,0.0,-1.6677243841249871,0.0,0.45719929827030714,-1.1763387781636903,-0.6829968743182837,-0.651087827846492,1.0,6.123233995736766e-17,-0.5000000000000004,0.8660254037844384,0.9749279121818236,-0.22252093395631434
0.3575252916904144,-2.4045847752096816,-0.350189796416651,-1.085470348801107,-0.5823079054994255,-1.9308758252566025,-1.607548151909109,-0.6841423458248278,2.426192223051867,-0.6826680894736445,-0.6525136639846563,2.2412056053677967,-0.6505684099646967,0.0,0.0,0.0,0.0,-1.9571470255554846,0.0,0.443443031994303,-0.9605926678815769,-0.6829968743182837,-0.651087827846492,1.0,6.123233995736766e-17,-0.25881904510252157,0.9659258262890681,0.9749279121818236,-0.22252093395631434
0.23101651793435254,-2.2466732057599303,-0.5081906915023265,-0.9272528622983084,-0.7441226521696283,-1.9308758252566025,-1.1222552422119343,-0.6841423458248278,2.712379201001507,-0.6826680894736445,-0.6525136639846563,2.3163385523487716,-0.6505684099646967,0.0,0.0,0.0,0.0,-1.509857488799261,0.0,0.4500156911397739,-1.446021416016332,-0.6829968743182837,-0.651087827846492,1.0,6.123233995736766e-17,-2.4492935982947064e-16,1.0,0.9749279121818236,-0.22252093395631434
0.20460497080001433,-1.9571686617687203,-0.1921889013309754,-1.5073836461419021,-1.1756286432901693,-2.200518792764835,-1.4457838486767174,-0.4716829783094169,2.712379201001507,-0.6826680894736445,-0.07238972238186339,2.3163385523487716,-0.6505684099646967,0.0,0.0,0.0,0.0,-2.246569666985982,0.0,0.40167284401255343,-0.7448465575994635,-0.6829968743182837,-0.651087827846492,1.0,6.123233995736766e-17,0.25881904510252074,0.9659258262890683,0.43388373911755823,-0.900968867902419
0.1348435166027356,-1.3781595737863004,-0.1921889013309754,-1.6656011326447004,-1.3374433899603722,-1.984804418758249,0.279702052468793,0.27385625679011577,2.4532639642092655,-0.6826680894736445,1.1731705051770742,2.2582812751362,-0.6505684099646967,0.0,0.0,0.0,0.0,-2.11501392088121,0.0,0.40189851779040264,-0.8527196127405202,-0.6829968743182837,-0.651087827846492,1.0,6.123233995736766e-17,0.49999999999999994,0.8660254037844387,0.43388373911755823,-0.900968867902419
0.13099933936747934,-1.0886550297950905,-0.1921889013309754,-1.8238186191474985,-1.5531963855206425,-1.984804418758249,0.4414663557011846,1.135282419625327,1.9272987074369547,-0.6826680894736445,1.7737694094246714,2.11143051512793,-0.6505684099646967,0.0,0.0,0.0,0.0,-2.246569666985982,0.0,0.3972608345821963,-0.7448465575994635,-0.6829968743182837,-0.651087827846492,1.0,6.123233995736766e-17,0.7071067811865476,0.7071067811865476,0.43388373911755823,-0.900968867902419
0.1295005715122628,-0.6412389163541294,-0.350189796416651,-1.8238186191474985,-1.768949381080913,-1.8230186382533096,0.4414663557011846,1.896273245089617,1.1808921298115431,-0.6826680894736445,2.094543824193275,1.8074835932503486,-0.6505684099646967,0.0,0.8787878787878787,0.0,0.0,-2.53599230841648,0.0,0.41791510722039804,-0.6369735024584068,-0.6829968743182837,-0.651087827846492,1.0,6.123233995736766e-17,0.8660254037844386,0.5000000000000001,0.43388373911755823,-0.900968867902419
0.12911157887868183,-0.3517343723629195,-0.6398581040737229,-1.6656011326447004,-1.9307641277511158,-2.0387330122598954,-0.15166942281758458,2.42162731749136,0.3223311959626241,-0.6826680894736445,2.2378685627069057,1.2405713569393535,-0.6505684099646967,0.0,0.8787878787878787,0.0,0.0,-2.4044365623117083,0.0,0.47920838187035397,-0.5830369748878784,-0.6829968743182837,-0.651087827846492,1.0,6.123233995736766e-17,0.9659258262890683,0.25881904510252074,0.43388373911755823,-0.900968867902419
0.15913846507346305,-0.5096459418126703,-0.7978589991593985,-1.955666524566497,-1.9307641277511158,-1.7151614512500166,0.1179377492364014,2.7074817392393675,-0.4472797312262719,-0.6787950354516944,2.3129434257378554,-0.005952536154099642,-0.6471520424707868,0.0,0.8787878787878787,0.0,0.0,-2.246569666985982,0.0,0.5643649426695896,-0.7448465575994635,-0.6829968743182837,-0.651087827846492,1.0,6.123233995736766e-17,1.0,6.123233995736766e-17,0.43388373911755823,-0.900968867902419
0.2486585298515001,-0.19382280291316867,-0.9295264117307949,-1.8238186191474985,-2.200455372201454,-1.769090044751663,-0.15166942281758458,2.7074817392393675,-0.6793232268611149,-0.43091957804688696,2.3129434257378554,-0.6514128533997506,-0.16202785833559108,0.0,0.8787878787878787,0.0,0.0,-1.9571470255554846,0.02188615728358542,0.5988641427979254,-1.1763387781636903,-0.47005087006155105,-0.06994915217320005,1.0,6.123233995736766e-17,0.9659258262890683,-0.25881904510252063,0.43388373911755823,-0.900968867902419
0.198146532279374,-0.19382280291316867,-0.9295264117307949,-0.9272528622983084,-1.9847023766411835,-1.769090044751663,-0.9065695045687454,2.448667600629685,-0.6831906184550289,0.1616576873114808,2.254931031577576,-0.6514128533997506,0.7603913650200628,0.0,0.8787878787878787,0.0,0.0,-1.3783017426944895,0.09925272543194359,0.6177831961338178,-1.3381483608752753,0.27719601760298357,1.1777897691253385,1.0,6.123233995736766e-17,0.8660254037844387,-0.4999999999999998,0.43388373911755823,-0.900968867902419
0.24269204260869726,-0.19382280291316867,-1.0875273068164708,-0.6371874703765118,-1.9847023766411835,-1.7151614512500166,-0.9065695045687454,1.9233135282279419,-0.6831906184550289,0.8084577089771502,2.1081937992898108,-0.6514128533997506,0.6374021352393089,0.0,0.0,0.0,0.0,-1.088879101263992,0.262312367113107,0.6140713080991532,-1.5538944711573888,1.1405952712257361,1.7794392215870996,1.0,6.123233995736766e-17,0.7071067811865476,-0.7071067811865475,0.43388373911755823,-0.900968867902419
0.42206965630169074,-0.3517343723629195,-0.7978589991593985,-0.3471220784547151,-1.8228876299709806,-2.092661605761542,-0.529119463693165,1.1777742931284092,-0.6831906184550289,1.2267475433477628,1.8044818533918783,-0.6514128533997506,0.5998220928063007,0.8787878787878787,0.0,0.0,0.0,-0.6415895645077683,0.39196066760842335,0.5949095248419656,-1.769640581439502,1.903329141018033,2.100774724606449,1.0,6.123233995736766e-17,0.49999999999999994,-0.8660254037844387,0.43388373911755823,-0.900968867902419
0.10318628883973555,-0.6412389163541294,-1.0875273068164708,-0.3471220784547151,-2.0386406255312512,-1.607304264246724,-0.259512291639179,0.32021102788438727,-0.6831906184550289,2.198884102857242,1.2380078868856217,-0.6514128533997506,1.8433798605894784,0.8787878787878787,0.0,0.0,0.0,-0.3521669230772707,0.7257634024707064,0.593676206889893,-1.931450164151087,2.429886533361954,2.244350162125733,1.0,6.123233995736766e-17,0.258819045102521,-0.9659258262890682,0.43388373911755823,-0.900968867902419
0.10319772525679932,-0.7991504858038802,-0.9295264117307949,-0.18890459195191697,-1.7150111321908454,-1.1219469227319057,-0.259512291639179,-0.44850559276228114,-0.6831906184550289,2.7178733417985574,-0.007552340673315959,-0.6514128533997506,2.5232369918775346,0.8787878787878787,0.0,0.0,0.0,-0.5100338184029966,0.7381977333551316,0.5777099151561862,-1.931450164151087,2.7163957027255576,2.319556343683453,1.0,6.123233995736766e-17,1.2246467991473532e-16,-1.0,0.43388373911755823,-0.900968867902419
0.10022878745362176,-0.9307434603453393,-1.5088630270449392,-0.18890459195191697,-1.768949381080913,-1.4455184837417845,-0.529119463693165,-0.6802794482336385,-0.6831906184550289,2.1950110488352914,-0.6525136639846563,-0.6514128533997506,1.734056100784364,0.8787878787878787,0.0,0.0,0.0,-0.19430002775154487,0.5915249561265701,0.5704846152305624,-2.2011328020037286,2.7163957027255576,2.319556343683453,1.0,6.123233995736766e-17,-0.2588190451025208,-0.9659258262890683,0.43388373911755823,-0.900968867902419
0.09987411436812633,-0.9307434603453393,-1.6668639221306147,-0.6371874703765118,-1.768949381080913,0.2801965083109026,-0.15166942281758458,-0.6841423458248278,-0.6831906184550289,0.5218517113528416,-0.6525136639846563,-0.6514128533997506,-0.6334865724951475,0.8787878787878787,0.0,0.0,0.0,-0.19430002775154487,0.42899752725006196,0.5425785621076925,-1.9853866917216154,2.456988752085538,2.261442476116124,1.0,6.123233995736766e-17,-0.4999999999999997,-0.8660254037844388,0.43388373911755823,-0.900968867902419
0.1054573237535821,-1.0886550297950905,-1.8248648172162902,-0.7954049568793099,-1.7150111321908454,0.441982288815842,0.1718591836471986,-0.6841423458248278,-0.6831906184550289,0.0919427149163787,-0.6525136639846563,-0.6514128533997506,-0.5173300777022133,0.0,0.0,0.0,0.0,-0.19430002775154487,0.38373397374491336,0.5405553859331479,-1.9853866917216154,1.9304313597416172,2.114448575798762,1.0,6.123233995736766e-17,-0.7071067811865471,-0.7071067811865479,0.43388373911755823,-0.900968867902419
0.1170470547061601,-0.7991504858038802,-1.8248648172162902,-0.7954049568793099,-2.0925788744213185,0.441982288815842,0.1718591836471986,-0.6841423458248278,-0.6831906184550289,0.057085228718827666,-0.6525136639846563,-0.6514128533997506,-0.6198211025195082,0.0,0.0,0.8787878787878787,0.8787878787878787,-0.3521669230772707,0.343598273715707,0.5713141174621257,-1.8235771090100303,1.1831844720770825,1.8102053867698031,1.0,6.123233995736766e-17,-0.8660254037844385,-0.5000000000000004,0.43388373911755823,-0.900968867902419
0.19882155203768326,-1.0886550297950905,-1.6668639221306147,-0.9272528622983084,-1.60713463441071,-0.15123223970226915,0.4414663557011846,-0.6841423458248278,-0.6831906184550289,-0.26825130912498213,-0.6525136639846563,-0.6514128533997506,-0.6334865724951475,0.0,0.0,0.8787878787878787,0.8787878787878787,-0.6415895645077683,0.3355489309017959,0.6314513646118418,-2.0393232192921436,0.3236569639862707,1.2427405622888241,1.0,6.123233995736766e-17,-0.9659258262890683,-0.25881904510252063,0.43388373911755823,-0.900968867902419
0.29030946654694484,-0.9307434603453393,-1.9565322297876868,-0.9272528622983084,-1.1216903944001015,0.11841072780596318,0.6032306589335762,-0.6841423458248278,-0.6793232268611149,-0.5780956308809914,-0.6525136639846563,-0.64799771944607,-0.5788246925925902,0.0,0.0,0.8787878787878787,0.8787878787878787,-0.7994564598334941,0.01863760360600851,0.6451240404190648,-1.7157040538689736,-0.4468203968699075,-0.00499835900971449,1.0,6.123233995736766e-17,-1.0,-1.8369701987210297e-16,0.43388373911755823,-0.900968867902419
0.5391224489620831,-1.5097525483277596,-1.8248648172162902,-0.9272528622983084,-1.4453198877405073,-0.15123223970226915,0.1718591836471986,-0.6841423458248278,-0.4318101648506157,-0.6749219814297444,-0.6525136639846563,-0.16304869802341154,-0.6505684099646967,0.0,0.0,0.8787878787878787,0.8787878787878787,-0.9310122059382657,0.0,0.6500334438704598,-1.769640581439502,-0.6791251287863431,-0.651087827846492,1.0,6.123233995736766e-17,-0.9659258262890684,0.2588190451025203,0.43388373911755823,-0.900968867902419
0.3968365681050337,-1.6676641177775104,-0.9295264117307949,-0.9272528622983084,0.2807040767416565,-0.9062325487253197,0.279702052468793,-0.6841423458248278,0.15990074901823398,-0.6826680894736445,-0.6525136639846563,0.7590374694703756,-0.6505684099646967,0.0,0.0,0.8787878787878787,0.8787878787878787,-0.9310122059382657,0.0,0.697341858946513,-1.769640581439502,-0.6829968743182837,-0.651087827846492,1.0,6.123233995736766e-17,-0.8660254037844386,0.5000000000000001,0.43388373911755823,-0.900968867902419
0.9705852058112927,-1.8255756872272613,-0.6398581040737229,-1.085470348801107,0.44251882341185933,-0.9062325487253197,0.4414663557011846,-0.6841423458248278,0.8057551452018804,-0.6826680894736445,-0.6525136639846563,0.6360926471378707,-0.6505684099646967,0.0,0.0,0.0,0.0,-1.088879101263992,0.0,0.674222999190166,-1.7157040538689736,-0.6829968743182837,-0.651087827846492,1.0,6.123233995736766e-17,-0.7071067811865477,0.7071067811865474,0.43388373911755823,-0.900968867902419
0.21564552033726328,-1.8255756872272613,-0.350189796416651,-1.085470348801107,0.44251882341185933,-0.5287323942137945,0.4414663557011846,-0.6841423458248278,1.2234334373445976,-0.6826680894736445,-0.6525136639846563,0.598526173647383,-0.6505684099646967,0.0,0.0,0.0,0.0,-0.7994564598334941,0.0,0.6173759999164093,-2.093259746862672,-0.6829968743182837,-0.651087827846492,1.0,6.123233995736766e-17,-0.5000000000000004,0.8660254037844384,0.43388373911755823,-0.900968867902419
0.19864421549493555,-1.6676641177775104,-0.350189796416651,-0.9272528622983084,-0.15080191437888446,-0.2590894267055621,-1.0144123733903398,-0.6841423458248278,2.194148727417024,-0.6826680894736445,-0.6525136639846563,1.8416349327871555,-0.6505684099646967,0.0,0.0,0.0,0.0,-1.088879101263992,0.0,0.6040487494287087,-1.607830998727917,-0.6829968743182837,-0.651087827846492,1.0,6.123233995736766e-17,-0.25881904510252157,0.9659258262890681,0.43388373911755823,-0.900968867902419
0.23917107458281883,-1.9571686617687203,-0.1921889013309754,-0.5053395649575132,0.11888933007145361,-0.2590894267055621,-1.2840195454443257,-0.6802794482336385,2.712379201001507,-0.6826680894736445,-0.6491011702105222,2.5212465895696132,-0.6505684099646967,0.0,0.0,0.0,0.0,-0.9310122059382657,0.0,0.5910628266885312,-1.122402250593162,-0.6829968743182837,-0.651087827846492,1.0,6.123233995736766e-17,-2.4492935982947064e-16,1.0,0.43388373911755823,-0.900968867902419
0.2622732994852177,-1.8255756872272613,-0.1921889013309754,-0.9272528622983084,-0.15080191437888446,-0.5287323942137945,-1.0144123733903398,-0.433054002397524,2.1902813358231104,-0.6826680894736445,-0.16452705428348344,1.7323506462693732,-0.6505684099646967,0.0,0.0,0.0,0.0,-1.509857488799261,0.0,0.5762634722405118,-1.446021416016332,-0.6829968743182837,-0.651087827846492,1.0,6.123233995736766e-17,0.25881904510252074,0.9659258262890683,-0.433883739117558,-0.9009688679024191
0.2746352940641277,-0.9307434603453393,-0.6398581040737229,-1.2173182542201055,-0.9059373988398312,-0.15123223970226915,-0.15166942281758458,0.15796932905443714,0.5195681672522406,-0.6826680894736445,0.756846264732717,-0.6343371836313472,-0.6505684099646967,0.0,0.0,0.0,0.0,-1.6677243841249871,0.0,0.5875305659663761,0.27994746624057504,-0.6829968743182837,-0.651087827846492,1.0,6.123233995736766e-17,0.49999999999999994,0.8660254037844387,-0.433883739117558,-0.9009688679024191
0.20493103224906203,-0.6412389163541294,-0.7978589991593985,-1.3755357407229036,-0.9059373988398312,0.17233932130760965,0.1179377492364014,0.8030732267830484,0.09028770032778108,-0.6826680894736445,0.6339964888638903,-0.5182226292062037,-0.6505684099646967,0.0,0.0,0.0,0.0,-1.825591279450713,0.0,0.588140540778089,0.44175704895216006,-0.6829968743182837,-0.651087827846492,1.0,6.123233995736766e-17,0.7071067811865476,0.7071067811865476,-0.433883739117558,-0.9009688679024191
0.12758420968391165,-0.3517343723629195,-0.7978589991593985,-1.085470348801107,-0.5283696566093578,0.17233932130760965,-0.9065695045687454,1.2202661666314916,0.055481175982554636,-0.6826680894736445,0.5964590573484154,-0.6206766478166245,-0.6505684099646967,0.0,0.8787878787878787,0.0,0.0,-1.825591279450713,0.0,0.6337530732430238,0.44175704895216006,-0.6829968743182837,-0.651087827846492,1.0,6.123233995736766e-17,0.8660254037844386,0.5000000000000001,-0.433883739117558,-0.9009688679024191
0.12632569582678388,-0.3517343723629195,-0.9295264117307949,-1.085470348801107,-0.2586784121590197,0.441982288815842,-1.0144123733903398,2.1898534620200025,-0.26937971790622556,-0.6826680894736445,1.838606791133219,-0.6343371836313472,-0.6505684099646967,0.0,0.8787878787878787,0.0,0.0,-1.6677243841249871,0.0,0.7038105422025074,-0.15154475432365172,-0.6829968743182837,-0.651087827846492,1.0,6.123233995736766e-17,0.9659258262890683,0.25881904510252074,-0.433883739117558,-0.9009688679024191
0.12450085622562553,-0.19382280291316867,-0.9295264117307949,-1.085470348801107,-0.2586784121590197,0.6037680693207814,-1.0144123733903398,2.7074817392393675,-0.5787710454193495,-0.6749219814297444,2.5176930521859,-0.5796950403724561,-0.643735674976877,0.0,0.8787878787878787,0.0,0.0,-1.9571470255554846,0.0,0.7095651723180123,0.11813788352899002,-0.6791251287863431,-0.6476693650484138,1.0,6.123233995736766e-17,1.0,6.123233995736766e-17,-0.433883739117558,-0.9009688679024191
0.12371714931763368,-0.19382280291316867,-0.9295264117307949,-1.3755357407229036,-0.5283696566093578,0.17233932130760965,0.1179377492364014,2.1859905644288133,-0.6754558352672009,-0.4193004159810366,1.7294069903609286,-0.6514128533997506,0.36067636823261273,0.0,0.8787878787878787,0.0,0.0,-1.825591279450713,0.044969733506698306,0.6813778720970558,-0.15154475432365172,-0.4313334147421451,-0.16224764772131112,1.0,6.123233995736766e-17,0.9659258262890683,-0.25881904510252063,-0.433883739117558,-0.9009688679024191
0.12614264107550427,-0.6412389163541294,-0.9295264117307949,-1.085470348801107,-0.15080191437888446,0.2801965083109026,0.010094880414807005,0.5172188050350409,-0.6831906184550289,0.3746756585187372,-0.6354511951139858,-0.6514128533997506,1.5495722561132332,0.0,0.8787878787878787,0.0,0.0,-0.9310122059382657,0.11991374485801698,0.6952740192371785,-0.9066561403110486,0.16104365164476578,0.7607373077597995,1.0,6.123233995736766e-17,0.8660254037844387,-0.4999999999999998,-0.433883739117558,-0.9009688679024191
0.1290886957476601,-0.7991504858038802,-1.0875273068164708,-0.5053395649575132,0.17282757896152123,0.441982288815842,-0.7448052013363538,0.08843717241302995,-0.6831906184550289,1.2306205973697129,-0.5194264067934272,-0.6514128533997506,2.051778277717978,0.0,0.0,0.0,0.0,-0.6415895645077683,0.27139832880762194,0.6590116338776393,-0.9066561403110486,0.807625155478845,0.6376726470289847,1.0,6.123233995736766e-17,0.7071067811865476,-0.7071067811865475,-0.433883739117558,-0.9009688679024191
0.1883015516855274,-0.7991504858038802,-1.0875273068164708,0.1011607999698797,0.17282757896152123,0.441982288815842,-1.4457838486767174,0.05367109409232635,-0.6831906184550289,1.970373915562185,-0.6218012200174495,-0.6514128533997506,2.314838574749035,0.8787878787878787,0.0,0.0,0.0,-0.3521669230772707,0.5539337580392046,0.6518253633253066,-0.5291004473173502,1.2257736729284292,0.6000695562501247,1.0,6.123233995736766e-17,0.49999999999999994,-0.8660254037844387,-0.433883739117558,-0.9009688679024191
0.28492075862672667,-0.9307434603453393,-0.9295264117307949,0.1011607999698797,0.44251882341185933,-1.0140897357286127,-1.3918624142659202,-0.2708123035675739,-0.6831906184550289,2.47774399243765,-0.6354511951139858,-0.6514128533997506,2.424162334554149,0.8787878787878787,0.0,0.0,0.0,-0.3521669230772707,0.730514228636556,0.6253412701254167,-0.2594178094647084,2.1975818014455184,1.8443900147505852,1.0,6.123233995736766e-17,0.258819045102521,-0.9659258262890682,-0.433883739117558,-0.9009688679024191
0.3628968381204409,-0.9307434603453393,-0.5081906915023265,-0.05705668653291797,0.6043335700820621,-1.283732703236845,-0.7448052013363538,-0.5798441108627169,-0.6831906184550289,2.5978086671181035,-0.5808512947278406,-0.6514128533997506,2.383165924627231,0.8787878787878787,0.0,0.0,0.0,-0.19430002775154487,0.7098864921351395,0.608304231608701,-0.2594178094647084,2.7163957027255576,2.5246641115681445,1.0,6.123233995736766e-17,1.2246467991473532e-16,-1.0,-0.433883739117558,-0.9009688679024191
0.34790342763055115,-0.9307434603453393,-0.9295264117307949,0.1011607999698797,0.17282757896152123,-1.0140897357286127,-0.9604909389795426,-0.6764165506424492,-0.6831906184550289,2.6481583694034554,-0.6525136639846563,-0.6514128533997506,2.1030237901266253,0.8787878787878787,0.0,0.0,0.0,-0.19430002775154487,0.9103155300021032,0.6029908587778469,-0.5291004473173502,2.1937100559135776,1.734999205212083,1.0,6.123233995736766e-17,-0.2588190451025208,-0.9659258262890683,-0.433883739117558,-0.9009688679024191
0.2199301952704641,-0.9307434603453393,-1.2191947193878672,-0.05705668653291797,0.2807040767416565,-0.15123223970226915,-0.7448052013363538,-0.6841423458248278,-0.6831906184550289,1.9819930776280354,-0.6525136639846563,-0.6514128533997506,1.3377574714908238,0.8787878787878787,0.0,0.0,0.0,-0.6415895645077683,0.8630618529148051,0.597426816979949,-0.15154475432365172,0.521115986115241,-0.633995513856101,1.0,6.123233995736766e-17,-0.4999999999999997,-0.8660254037844388,-0.433883739117558,-0.9009688679024191
0.2140438041346843,-1.0886550297950905,-1.3771956144735429,0.1011607999698797,0.44251882341185933,0.11841072780596318,-0.9604909389795426,-0.6841423458248278,-0.6831906184550289,1.7418637282671283,-0.6525136639846563,-0.6514128533997506,1.8297143906138391,0.0,0.0,0.0,0.0,-0.7994564598334941,0.7398274870551029,0.5973052727505264,0.17207441109951835,0.09135223206983509,-0.5177677787214426,1.0,6.123233995736766e-17,-0.7071067811865471,-0.7071067811865479,-0.433883739117558,-0.9009688679024191
0.7650420377843701,-1.0886550297950905,-1.0875273068164708,-0.3471220784547151,0.44251882341185933,-0.9062325487253197,-0.3673551604607734,-0.6841423458248278,-0.6831906184550289,-0.05136028389577559,-0.6525136639846563,-0.6514128533997506,-0.4899991377509347,0.0,0.0,0.8787878787878787,0.8787878787878787,-0.7994564598334941,0.5778322310692855,0.6170147989446907,0.17207441109951835,0.056506522282369735,-0.6203216626637883,1.0,6.123233995736766e-17,-0.8660254037844385,-0.5000000000000004,-0.433883739117558,-0.9009688679024191
0.18032146217864875,-0.9307434603453393,-1.0875273068164708,0.1011607999698797,-1.0138138966199663,-1.0140897357286127,-0.9604909389795426,-0.6841423458248278,-0.6831906184550289,0.15778463328953068,-0.6525136639846563,-0.6514128533997506,0.4631673930499076,0.0,0.0,0.8787878787878787,0.8787878787878787,-0.9310122059382657,0.4207098182392556,0.632445794116368,0.44175704895216006,-0.26872010240064015,-0.633995513856101,1.0,6.123233995736766e-17,-0.9659258262890683,-0.25881904510252063,-0.433883739117558,-0.9009688679024191
0.1265773931065326,-0.5096459418126703,-1.0875273068164708,0.23300870538887822,-1.2835051410703044,-1.0140897357286127,-1.5536267174983118,-0.6841423458248278,-0.6754558352672009,-0.45028484815663755,-0.6525136639846563,-0.6445825854923893,-0.45241909531792657,0.0,0.0,0.8787878787878787,0.8787878787878787,-0.9310122059382657,0.1349757237945131,0.6668176109751827,0.6035666316637451,-0.5784597449558877,-0.57930010908685,1.0,6.123233995736766e-17,-1.0,-1.8369701987210297e-16,-0.433883739117558,-0.9009688679024191
0.22519304082161581,-0.9307434603453393,-1.3771956144735429,-0.3471220784547151,-1.0138138966199663,0.11841072780596318,-0.9604909389795426,-0.6841423458248278,-0.42020799006887355,-0.6787950354516944,-0.6525136639846563,0.35946679688973454,-0.6403193074829672,0.0,0.0,0.8787878787878787,0.8787878787878787,-0.9310122059382657,0.0,0.6911748594289511,0.17207441109951835,-0.6752533832544025,-0.651087827846492,1.0,6.123233995736766e-17,-0.9659258262890684,0.2588190451025203,-0.433883739117558,-0.9009688679024191
0.27968649038904225,-1.2202480043365496,-1.0875273068164708,-0.6371874703765118,-0.15080191437888446,0.010553540802670241,-0.6369623325147594,-0.6841423458248278,0.37260728668350673,-0.6826680894736445,-0.6525136639846563,1.547933412770616,-0.6505684099646967,0.0,0.0,0.8787878787878787,0.8787878787878787,-0.9310122059382657,0.0,0.7297062752829795,0.27994746624057504,-0.6829968743182837,-0.651087827846492,1.0,6.123233995736766e-17,-0.8660254037844386,0.5000000000000001,-0.433883739117558,-0.9009688679024191
0.27905151181964843,-1.3781595737863004,-0.5081906915023265,-1.085470348801107,0.11888933007145361,-0.7444467682203804,0.4414663557011846,-0.6841423458248278,1.2273008289385117,-0.6826680894736445,-0.6525136639846563,2.0499581039616777,-0.6505684099646967,0.0,0.0,0.0,0.0,-1.088879101263992,0.0,0.6831715842396522,0.44175704895216006,-0.6829968743182837,-0.651087827846492,1.0,6.123233995736766e-17,-0.7071067811865477,0.7071067811865474,-0.433883739117558,-0.9009688679024191
0.19277498584934752,-1.0886550297950905,0.09747940632609654,-0.9272528622983084,-0.9059373988398312,-1.4455184837417845,0.1718591836471986,-0.6841423458248278,1.9659726233760952,-0.6826680894736445,-0.6525136639846563,2.312923418395091,-0.6505684099646967,0.0,0.0,0.0,0.0,-1.088879101263992,0.0,0.5892665535634355,0.44175704895216006,-0.6829968743182837,-0.651087827846492,1.0,6.123233995736766e-17,-0.5000000000000004,0.8660254037844384,-0.433883739117558,-0.9009688679024191
0.14395054625373968,-1.0886550297950905,0.09747940632609654,-0.6371874703765118,-1.0138138966199663,-1.391589890240138,-1.1222552422119343,-0.6841423458248278,2.472600922178836,-0.6826680894736445,-0.6525136639846563,2.422207704912873,-0.6505684099646967,0.0,0.0,0.0,0.0,-0.9310122059382657,0.0,0.5341926249133297,-1.0145291954521052,-0.6829968743182837,-0.651087827846492,1.0,6.123233995736766e-17,-0.25881904510252157,0.9659258262890681,-0.433883739117558,-0.9009688679024191
0.13522678759548665,-1.0886550297950905,-0.06052148875957856,-0.6371874703765118,-1.0138138966199663,-0.7444467682203804,-0.15166942281758458,-0.6764165506424492,2.5924900615901714,-0.6826680894736445,-0.645688676436388,2.381226097468705,-0.6505684099646967,0.0,0.0,0.0,0.0,-0.5100338184029966,0.0,0.4891641501172136,-1.284211833304747,-0.6829968743182837,-0.651087827846492,1.0,6.123233995736766e-17,-2.4492935982947064e-16,1.0,-0.433883739117558,-0.9009688679024191
0.11450715072547894,-1.3781595737863004,0.09747940632609654,-0.6371874703765118,0.11888933007145361,-0.9601611422269661,-1.7153910207307033,-0.4214653096239561,2.642766152311054,-0.6826680894736445,0.3575844931590301,2.101185113266888,-0.6505684099646967,0.0,0.0,0.0,0.0,-0.9310122059382657,0.0,0.4861858811293338,-1.0145291954521052,-0.6829968743182837,-0.651087827846492,1.0,6.123233995736766e-17,0.25881904510252074,0.9659258262890683,-0.9749279121818236,-0.2225209339563146
0.11442705805075391,-1.0886550297950905,-0.06052148875957856,-0.7954049568793099,0.01101283229131838,-0.7444467682203804,-1.4997052830875146,0.370428696569848,1.9775747981578373,-0.6826680894736445,1.5451323265576884,1.3361951076424128,-0.6505684099646967,0.0,0.0,0.0,0.0,-1.2204348473687636,0.0,0.5101139601358488,-0.15154475432365172,-0.6829968743182837,-0.651087827846492,1.0,6.123233995736766e-17,0.49999999999999994,0.8660254037844387,-0.9749279121818236,-0.2225209339563146
0.1134259734110989,-0.5096459418126703,0.09747940632609654,-1.5073836461419021,-0.7441226521696283,-0.9601611422269661,0.1179377492364014,1.2241290642226808,1.7377965193351663,-0.6826680894736445,2.0467689113553975,1.8279743969724327,-0.6505684099646967,0.0,0.0,0.0,0.0,-1.3783017426944895,0.0,0.49560988697001296,0.11813788352899002,-0.6829968743182837,-0.651087827846492,1.0,6.123233995736766e-17,0.7071067811865476,0.7071067811865476,-0.9749279121818236,-0.2225209339563146
0.11614893214305966,0.09568174107804124,-0.350189796416651,-1.955666524566497,-1.4453198877405073,-0.366946613708855,0.7649949621659677,1.9619425041398348,-0.05280578864703877,-0.6826680894736445,2.3095309319637214,-0.4909015575767581,-0.6505684099646967,0.0,0.8787878787878787,0.0,0.0,-1.088879101263992,0.0,0.44860940442969033,-0.9066561403110486,-0.6829968743182837,-0.651087827846492,1.0,6.123233995736766e-17,0.8660254037844386,0.5000000000000001,-0.9749279121818236,-0.2225209339563146
0.3702533854749895,0.09568174107804124,0.09747940632609654,-1.6656011326447004,-1.3913816388504396,-0.9601611422269661,0.279702052468793,2.4679820885856314,0.15603335742431992,-0.6826680894736445,2.418730732736012,0.46192081550015535,-0.6505684099646967,0.0,0.8787878787878787,0.0,0.0,-1.088879101263992,0.0,0.4674814893465432,-1.0145291954521052,-0.6829968743182837,-0.651087827846492,1.0,6.123233995736766e-17,0.9659258262890683,0.25881904510252074,-0.9749279121818236,-0.2225209339563146
0.4820905352630026,-0.06222982837170911,0.22914681889749292,-1.8238186191474985,-0.7441226521696283,-1.5533756707450774,0.4414663557011846,2.5877319139124992,-0.45114712282018593,-0.6787950354516944,2.377780807446403,-0.4533350840862705,-0.6505684099646967,0.0,0.8787878787878787,0.0,0.0,-1.088879101263992,0.0,0.4904110412765329,-1.0145291954521052,-0.6752533832544025,-0.6442509022503355,1.0,6.123233995736766e-17,1.0,6.123233995736766e-17,-0.9749279121818236,-0.2225209339563146
0.5939276850510156,0.09568174107804124,-0.350189796416651,-1.3755357407229036,-0.9598756477298988,-0.9601611422269661,0.010094880414807005,2.63794958259796,-0.6793232268611149,-0.4773962263102884,2.097956317967409,-0.6411674515387086,-0.5139137102083035,0.0,0.8787878787878787,0.0,0.0,-1.3783017426944895,0.016802670840283685,0.5334000520494082,0.11813788352899002,-0.41971817814632334,0.3607771603846516,1.0,6.123233995736766e-17,0.9659258262890683,-0.25881904510252063,-0.9749279121818236,-0.2225209339563146
0.7057648348390287,-0.06222982837170911,-0.6398581040737229,-0.18890459195191697,-0.7441226521696283,-0.6365895812170874,-1.2840195454443257,1.9735311969134028,-0.6831906184550289,0.17714990339928127,1.3335577125613758,-0.6514128533997506,0.36409273572652257,0.0,0.8787878787878787,0.0,0.0,-1.088879101263992,0.05926669478738523,0.5390632550896838,0.010264828387933323,0.37398965590149846,1.5504022141158609,1.0,6.123233995736766e-17,0.8660254037844387,-0.4999999999999998,-0.9749279121818236,-0.2225209339563146
0.8176019846270418,0.09568174107804124,-1.0875273068164708,0.681291583813473,-0.9598756477298988,0.441982288815842,-1.9310767583738921,1.734031546259667,-0.6831906184550289,1.0098565181185564,1.8249568160366827,-0.6514128533997506,0.9858716196181113,0.0,0.0,0.0,0.0,-0.5100338184029966,0.26656985667587135,0.49763915828290617,-0.7448465575994635,1.2296454184603698,2.0529162454333547,1.0,6.123233995736766e-17,0.7071067811865476,-0.7071067811865475,-0.9749279121818236,-0.2225209339563146
0.26762197651341463,-0.3517343723629195,-0.9295264117307949,1.2614223676570673,-0.36655490993915496,0.17233932130760965,-1.9849981927846894,-0.05449003846097373,-0.6831906184550289,1.7496098363110284,-0.49212645660035464,-0.6514128533997506,1.3445902064786435,0.8787878787878787,0.0,0.0,0.0,0.09512261367895261,0.5083763978402607,0.5126321742275319,-1.446021416016332,1.9691488150610232,2.316137880885375,1.0,6.123233995736766e-17,0.49999999999999994,-0.8660254037844387,-0.9749279121818236,-0.2225209339563146
0.6625249929934331,0.09568174107804124,-0.6398581040737229,1.1295744622380688,-0.9598756477298988,-1.1219469227319057,-1.6614695863199063,0.15410643146324784,-0.6831906184550289,2.2918373993840446,0.4599593063830524,-0.6514128533997506,1.5461558886193234,0.8787878787878787,0.0,0.0,0.0,0.09512261367895261,0.6963490057910374,0.5338079141222664,-1.3920848884458037,2.476347479745241,2.425528690423877,1.0,6.123233995736766e-17,0.258819045102521,-0.9659258262890682,-0.9749279121818236,-0.2225209339563146
0.19214572892078366,0.22727471561950033,-0.6398581040737229,0.9713569757352701,-1.5531963855206425,-0.15123223970226915,-1.9310767583738921,-0.45236849035347043,-0.6831906184550289,2.5861895050522534,-0.45458902508487986,-0.6514128533997506,1.6486469134366182,0.8787878787878787,0.0,0.0,0.0,-0.06274428164677277,0.8299554810282008,0.5408875453633231,-0.7448465575994635,2.5963715912353993,2.384507136846939,1.0,6.123233995736766e-17,1.2246467991473532e-16,-1.0,-0.9749279121818236,-0.2225209339563146
0.16685541745123117,-0.3517343723629195,-0.6398581040737229,0.9713569757352701,-0.9598756477298988,-1.7151614512500166,-1.9310767583738921,-0.6802794482336385,-0.6831906184550289,2.5978086671181035,-0.642276182662254,-0.6514128533997506,1.6657287509061673,0.8787878787878787,0.0,0.0,0.0,0.09512261367895261,0.8983746554626572,0.48322087803080105,-0.9605926678815769,2.646704283150627,2.1041931874045274,1.0,6.123233995736766e-17,-0.2588190451025208,-0.9659258262890683,-0.9749279121818236,-0.2225209339563146
0.16683253432020945,-0.6412389163541294,-0.7978589991593985,1.1295744622380688,-0.6362461543894931,-1.499447077243431,-2.146762496017081,-0.6841423458248278,-0.6831906184550289,2.3150757235157453,-0.6525136639846563,-0.6514128533997506,1.570070461076692,0.8787878787878787,0.0,0.0,0.0,-0.06274428164677277,0.8989179111308658,0.46310466781572823,-0.7448465575994635,1.980764051656845,1.3384575206350133,1.0,6.123233995736766e-17,-0.4999999999999997,-0.8660254037844388,-0.9749279121818236,-0.2225209339563146
0.16582573147202254,-1.0886550297950905,-1.5088630270449392,0.681291583813473,0.44251882341185933,0.11841072780596318,-0.798726635747151,-0.6841423458248278,-0.6831906184550289,1.7534828903329787,-0.6525136639846563,-0.6514128533997506,1.3411738389847336,0.0,0.0,0.0,0.0,0.09512261367895261,0.8322450125638516,0.48234983666309716,-0.9605926678815769,1.740715828676528,1.8307161635582723,1.0,6.123233995736766e-17,-0.7071067811865471,-0.7071067811865479,-0.9749279121818236,-0.2225209339563146
0.19947369896186495,-0.9307434603453393,-1.9565322297876868,0.681291583813473,0.17282757896152123,0.7655538498257208,-1.337940979855123,-0.6841423458248278,-0.6831906184550289,1.0137295721405064,-0.6525136639846563,-0.6514128533997506,0.9858716196181113,0.0,0.0,0.8787878787878787,0.8787878787878787,-0.3521669230772707,0.6179402308070242,0.47712558602322275,-0.3672908646057651,-0.05190235261196689,-0.4904200763368171,1.0,6.123233995736766e-17,-0.8660254037844385,-0.5000000000000004,-0.9749279121818236,-0.2225209339563146
0.30506833095038355,-0.6412389163541294,-1.6668639221306147,0.681291583813473,-1.1216903944001015,0.2801965083109026,-1.4457838486767174,-0.6841423458248278,-0.6831906184550289,0.1810229574212314,-0.6525136639846563,-0.6514128533997506,0.36067636823261273,0.0,0.0,0.8787878787878787,0.8787878787878787,0.09512261367895261,0.29232543334857514,0.4778206878932164,-0.9605926678815769,0.15717190611282517,0.46333104432699723,1.0,6.123233995736766e-17,-0.9659258262890683,-0.25881904510252063,-0.9749279121818236,-0.2225209339563146
0.29750013093729977,-0.6412389163541294,-1.8248648172162902,0.1011607999698797,-0.15080191437888446,0.441982288815842,-0.8526480701579482,-0.6841423458248278,-0.6793232268611149,-0.4773962263102884,-0.6525136639846563,-0.6514128533997506,-0.5104973427143936,0.0,0.0,0.8787878787878787,0.8787878787878787,0.22667835978372425,0.13497017575342665,0.49264478143218016,-1.5538944711573888,-0.4506921424018481,-0.4528169855579571,1.0,6.123233995736766e-17,-1.0,-1.8369701987210297e-16,-0.9749279121818236,-0.2225209339563146
0.3201475660527224,-0.6412389163541294,-1.3771956144735429,0.39122619189167684,-1.7150111321908454,0.010553540802670241,-1.4457838486767174,-0.6841423458248278,-0.4782188639775843,-0.6787950354516944,-0.6525136639846563,-0.5148074952525229,-0.6505684099646967,0.0,0.0,0.8787878787878787,0.8787878787878787,-0.3521669230772707,0.0,0.5065651554667474,-0.9605926678815769,-0.6791251287863431,-0.6408324394522574,1.0,6.123233995736766e-17,-0.9659258262890684,0.2588190451025203,-0.9749279121818236,-0.2225209339563146
0.45173044329080686,-0.7991504858038802,-0.1921889013309754,0.39122619189167684,-1.4992581366305748,-1.283732703236845,-1.7153910207307033,-0.6841423458248278,0.1753703153938902,-0.6826680894736445,-0.6525136639846563,0.36288193084341525,-0.6505684099646967,0.0,0.0,0.8787878787878787,0.8787878787878787,-0.6415895645077683,0.0,0.5288145104448901,-0.6369735024584068,-0.6829968743182837,-0.651087827846492,1.0,6.123233995736766e-17,-0.8660254037844386,0.5000000000000001,-0.9749279121818236,-0.2225209339563146
0.14420796860661636,-1.5097525483277596,0.6768160216402405,0.23300870538887822,0.11888933007145361,-1.9308758252566025,-1.5536267174983118,-0.6841423458248278,1.0068595080854108,-0.6826680894736445,-0.6525136639846563,0.9844363104133014,-0.6505684099646967,0.0,0.0,0.0,0.0,-1.088879101263992,0.0,0.49339765906736077,0.44175704895216006,-0.6829968743182837,-0.651087827846492,1.0,6.123233995736766e-17,-0.7071067811865477,0.7071067811865474,-0.9749279121818236,-0.2225209339563146
0.1438933367100364,-1.9571686617687203,1.2561526369543852,0.1011607999698797,0.766148316752265,-1.984804418758249,-1.2840195454443257,-0.6841423458248278,1.7455313025229944,-0.6826680894736445,-0.6525136639846563,1.3430253755497743,-0.6505684099646967,0.0,0.0,0.0,0.0,-0.9310122059382657,0.0,0.37867194311012975,0.17207441109951835,-0.6829968743182837,-0.651087827846492,1.0,6.123233995736766e-17,-0.5000000000000004,0.8660254037844384,-0.9749279121818236,-0.2225209339563146
0.14436814022687425,-1.6676641177775104,1.1244852243829888,-0.18890459195191697,0.2807040767416565,-1.6612328577483704,-0.7448052013363538,-0.6841423458248278,2.2869661256709612,-0.6826680894736445,-0.6525136639846563,1.5445182788169352,-0.6505684099646967,0.0,0.0,0.0,0.0,-0.6415895645077683,0.0,0.2996776184010076,-1.122402250593162,-0.6829968743182837,-0.651087827846492,1.0,6.123233995736766e-17,-0.25881904510252157,0.9659258262890681,-0.9749279121818236,-0.2225209339563146
0.1491247355465607,-1.8255756872272613,0.9664843292973129,-1.085470348801107,0.44251882341185933,-1.9308758252566025,0.9806806998091566,-0.6802794482336385,2.580887886808429,-0.6826680894736445,-0.6525136639846563,1.646972297427356,-0.6505684099646967,0.0,0.0,0.0,0.0,-0.6415895645077683,0.0,0.2888745234843887,-0.15154475432365172,-0.6829968743182837,-0.651087827846492,1.0,6.123233995736766e-17,-2.4492935982947064e-16,1.0,-0.9749279121818236,-0.2225209339563146
0.14977401650188035,-1.3781595737863004,0.9664843292973129,-0.9272528622983084,0.01101283229131838,-1.9308758252566025,0.010094880414807005,-0.47940877349179545,2.5924900615901714,-0.6826680894736445,-0.5160139130192932,1.6640479671957593,-0.6505684099646967,0.0,0.0,0.0,0.0,-0.6415895645077683,0.0,0.2880725774245192,-1.7157040538689736,-0.6829968743182837,-0.651087827846492,1.0,6.123233995736766e-17,0.25881904510252074,0.9659258262890683,-0.7818314824680299,0.6234898018587334
0.1495966765268346,-0.19382280291316867,1.1244852243829888,-1.2173182542201055,-1.2835051410703044,-2.1465901992631884,0.6032306589335762,0.1734209194191943,2.310170475234446,-0.6826680894736445,0.3609969869331642,1.5684242164927,-0.6505684099646967,0.0,0.0,0.0,0.0,-0.7994564598334941,0.0,0.29367549493675826,-1.4999579435868604,-0.6829968743182837,-0.651087827846492,1.0,6.123233995736766e-17,0.49999999999999994,0.8660254037844387,-0.7818314824680299,0.6234898018587334
0.15808589253093466,0.6746908290604611,0.6768160216402405,-1.3755357407229036,-1.9307641277511158,-0.7983753617220268,0.4414663557011846,1.0039439015248914,1.7493986941169084,-0.6826680894736445,0.982070853825566,1.3396102415960935,-0.6505684099646967,0.0,0.0,0.0,0.0,-1.509857488799261,0.0,0.2990954046395885,0.11813788352899002,-0.6829968743182837,-0.651087827846492,1.0,6.123233995736766e-17,0.7071067811865476,0.7071067811865476,-0.7818314824680299,0.6234898018587334
0.2597677116203241,1.2536999170428818,0.6768160216402405,-1.5073836461419021,-1.9847023766411835,-1.3376612967384915,0.6032306589335762,1.7417573414420455,1.0107268996793248,-0.6826680894736445,1.340382700109644,0.9844363104133014,-0.6505684099646967,0.0,0.8787878787878787,0.0,0.0,-1.9571470255554846,0.0,0.28675198118886647,0.7653762143753301,-0.6829968743182837,-0.651087827846492,1.0,6.123233995736766e-17,0.8660254037844386,0.5000000000000001,-0.7818314824680299,0.6234898018587334
0.1491218730099967,1.1221069425014227,0.6768160216402405,-1.6656011326447004,-1.6610728833007777,-1.4455184837417845,0.6032306589335762,2.2825630042085456,0.17923770698780422,-0.6826680894736445,1.5417198327835544,0.35946679688973454,-0.6505684099646967,0.0,0.8787878787878787,0.0,0.0,-1.6677243841249871,0.0,0.3081197435514075,0.27994746624057504,-0.6829968743182837,-0.651087827846492,1.0,6.123233995736766e-17,0.9659258262890683,0.25881904510252074,-0.7818314824680299,0.6234898018587334
0.15373831387158496,0.9641953730516715,0.09747940632609654,-1.2173182542201055,-1.9307641277511158,-0.8523039552236732,-0.529119463693165,2.5761432211389317,-0.4782188639775843,-0.6787950354516944,1.6440946460075767,-0.5113923612988422,-0.6505684099646967,0.0,0.8787878787878787,0.0,0.0,-1.825591279450713,0.0,0.2990387044870513,0.44175704895216006,-0.6791251287863431,-0.651087827846492,1.0,6.123233995736766e-17,1.0,6.123233995736766e-17,-0.7818314824680299,0.6234898018587334
0.1431954406853015,0.9641953730516715,0.38714771398316894,-0.9272528622983084,-1.9307641277511158,-1.4455184837417845,-0.529119463693165,2.5877319139124992,-0.6793232268611149,-0.46965011826638814,1.6611571148782471,-0.6514128533997506,-0.5207464451961231,0.0,0.8787878787878787,0.0,0.0,-1.3783017426944895,0.06307515091736128,0.30880869906340247,0.010264828387933323,-0.4777943611254322,-0.5143493159233644,1.0,6.123233995736766e-17,0.9659258262890683,-0.25881904510252063,-0.7818314824680299,0.6234898018587334
0.14408211310214594,1.1221069425014227,0.38714771398316894,-0.05705668653291797,-2.146517123311386,-1.7151614512500166,-1.4997052830875146,2.305740389755681,-0.6831906184550289,0.1848960114431815,1.5656072892024928,-0.6514128533997506,0.3230963257996046,0.0,0.8787878787878787,0.0,0.0,-0.19430002775154487,0.11623833926827379,0.4173363251755283,-1.284211833304747,0.17653063377252814,0.3641956231827298,1.0,6.123233995736766e-17,0.8660254037844387,-0.4999999999999998,-0.7818314824680299,0.6234898018587334
0.14411644294712558,0.6746908290604611,0.22914681889749292,0.8131394892324716,-0.7980609010596958,-1.5533756707450774,-1.9849981927846894,1.7456202390332347,-0.6831906184550289,1.0214756801844067,1.3369702063355098,-0.6514128533997506,0.9448752096911934,0.0,0.0,0.0,0.0,0.6739678965399476,0.2504102357286821,0.47854227032225394,-1.931450164151087,1.0089559231397558,0.98635585243296,1.0,6.123233995736766e-17,0.7071067811865476,-0.7071067811865475,-0.7818314824680299,0.6234898018587334
0.15048907401680703,0.6746908290604611,0.09747940632609654,1.5514877595788634,-1.3374433899603722,-1.283732703236845,-2.5242125368926613,1.0078067991160806,-0.6831906184550289,1.7767212144646793,0.982070853825566,-0.6514128533997506,1.3172592665273648,0.8787878787878787,0.0,0.0,0.0,1.2528131794009436,0.5602257555128104,0.5084190506980801,-1.9853866917216154,1.7484593197404092,1.3452944462311698,1.0,6.123233995736766e-17,0.49999999999999994,-0.8660254037844387,-0.7818314824680299,0.6234898018587334
0.1241233034414064,0.6746908290604611,-0.1921889013309754,1.5514877595788634,-1.4453198877405073,-0.7444467682203804,-2.2546053648386755,0.1772838170103836,-0.6831906184550289,2.3112026694937953,0.3575844931590301,-0.6514128533997506,1.515408581174135,0.8787878787878787,0.0,0.0,0.0,1.121257433296172,0.528028490694405,0.4748373481599878,-1.6617675262984453,2.2905036942120924,1.5469837513177829,1.0,6.123233995736766e-17,0.258819045102521,-0.9659258262890682,-0.7818314824680299,0.6234898018587334
0.12389447899578532,0.09568174107804124,-1.0875273068164708,0.9713569757352701,-0.8519991499497634,0.9812682238323067,-1.0144123733903398,-0.47940877349179545,-0.6831906184550289,2.419648182108398,-0.5126014192451591,-0.6514128533997506,1.4402484963081186,0.8787878787878787,0.0,0.0,0.0,0.9633905379704456,0.48027587574431563,0.5095527464309251,-1.931450164151087,2.5847563546395778,1.6495376352601285,1.0,6.123233995736766e-17,1.2246467991473532e-16,-1.0,-0.7818314824680299,0.6234898018587334
0.19004630890885485,0.3851862850692516,-0.9295264117307949,0.681291583813473,-1.4453198877405073,0.010553540802670241,-0.2055908572283818,-0.6802794482336385,-0.6831906184550289,2.439013452218149,-0.6525136639846563,-0.6514128533997506,1.4573303337776677,0.8787878787878787,0.0,0.0,0.0,0.9633905379704456,0.5010144932395323,0.4324691195449727,-1.931450164151087,2.5963715912353993,1.6666299492505194,1.0,6.123233995736766e-17,-0.2588190451025208,-0.9659258262890683,-0.7818314824680299,0.6234898018587334
0.18963443314425218,0.3851862850692516,-1.2191947193878672,0.8131394892324716,-1.7150111321908454,0.6037680693207814,-1.1222552422119343,-0.6841423458248278,-0.6831906184550289,2.1640266166596906,-0.6525136639846563,-0.6514128533997506,1.3616720439481926,0.8787878787878787,0.0,0.0,0.0,1.121257433296172,0.5508903049299174,0.39996840771988695,-2.1471962744332003,2.313734167403736,1.57091299090433,1.0,6.123233995736766e-17,-0.4999999999999997,-0.8660254037844388,-0.7818314824680299,0.6234898018587334
0.192437487983236,0.22727471561950033,-1.3771956144735429,0.681291583813473,-1.5531963855206425,0.441982288815842,-0.6908837669255565,-0.6841423458248278,-0.6831906184550289,1.730244566201278,-0.6525136639846563,-0.6514128533997506,1.2625973866248075,0.0,0.0,0.0,0.0,0.6739678965399476,0.2509646007837187,0.4137995571241744,-0.7987830851699919,1.7523310652723498,1.3418759834330916,1.0,6.123233995736766e-17,-0.7071067811865471,-0.7071067811865479,-0.7818314824680299,0.6234898018587334
0.23001541956550536,0.09568174107804124,-1.5088630270449392,0.39122619189167684,-1.2835051410703044,0.6037680693207814,-0.9604909389795426,-0.6841423458248278,-0.6831906184550289,1.002110410074656,-0.6525136639846563,-0.6514128533997506,0.9141279022460049,0.0,0.0,0.8787878787878787,0.8787878787878787,0.6739678965399476,0.14964410580372461,0.4298374027089149,-1.3381483608752753,1.0128276686716964,0.98635585243296,1.0,6.123233995736766e-17,-0.8660254037844385,-0.5000000000000004,-0.7818314824680299,0.6234898018587334
0.4435043575512212,-0.19382280291316867,-1.6668639221306147,0.23300870538887822,-0.7441226521696283,0.6037680693207814,-1.1761766766227313,-0.6841423458248278,-0.6831906184550289,0.06095828274077778,-0.6525136639846563,-0.6514128533997506,0.036121456311178995,0.0,0.0,0.8787878787878787,0.8787878787878787,0.6739678965399476,0.0529802466853315,0.4601136963546514,-1.446021416016332,0.18040237930446873,0.3607771603846516,1.0,6.123233995736766e-17,-0.9659258262890683,-0.25881904510252063,-0.7818314824680299,0.6234898018587334
0.7014987372189605,-1.0886550297950905,-1.2191947193878672,-0.05705668653291797,0.9819013123125355,-0.5287323942137945,-0.47519802928236776,-0.6841423458248278,-0.6793232268611149,-0.5122537125078395,-0.6525136639846563,-0.6514128533997506,-0.544661017653492,0.0,0.0,0.8787878787878787,0.8787878787878787,0.09512261367895261,0.009429674148778825,0.44414827535499435,-0.8527196127405202,-0.4777943611254322,-0.5109308531252863,1.0,6.123233995736766e-17,-1.0,-1.8369701987210297e-16,-0.7818314824680299,0.6234898018587334
0.7244379519906238,-0.9307434603453393,-0.9295264117307949,-0.5053395649575132,0.01101283229131838,-0.5287323942137945,0.818916396576765,-0.6841423458248278,-0.4704840807897562,-0.6787950354516944,-0.6525136639846563,-0.5216377631598843,-0.6505684099646967,0.0,0.0,0.8787878787878787,0.8787878787878787,0.3845452551094506,0.0,0.4653975666671122,-1.446021416016332,-0.6791251287863431,-0.651087827846492,1.0,6.123233995736766e-17,-0.9659258262890684,0.2588190451025203,-0.7818314824680299,0.6234898018587334
0.3853154419256464,-1.2202480043365496,-0.06052148875957856,-0.6371874703765118,0.6043335700820621,-1.499447077243431,0.6571520933443734,-0.6841423458248278,0.18310509858171828,-0.6826680894736445,-0.6525136639846563,0.3219003233992469,-0.6505684099646967,0.0,0.0,0.8787878787878787,0.8787878787878787,0.3845452551094506,0.0,0.48129860456673357,-1.7157040538689736,-0.6829968743182837,-0.651087827846492,1.0,6.123233995736766e-17,-0.8660254037844386,0.5000000000000001,-0.7818314824680299,0.6234898018587334
0.2586465171431148,-1.3781595737863004,0.8084834342116368,-0.7954049568793099,0.44251882341185933,-1.984804418758249,0.818916396576765,-0.6841423458248278,1.018461682867153,-0.6826680894736445,-0.6525136639846563,0.9434547029691331,-0.6505684099646967,0.0,0.0,0.0,0.0,0.22667835978372425,0.0,0.4553663006561698,-1.5538944711573888,-0.6829968743182837,-0.651087827846492,1.0,6.123233995736766e-17,-0.7071067811865477,0.7071067811865474,-0.7818314824680299,0.6234898018587334
0.24336132699698443,-1.5097525483277596,1.5458209446114568,-0.7954049568793099,0.6043335700820621,-2.5240903537747137,0.818916396576765,-0.6841423458248278,1.7726030436803928,-0.6826680894736445,-0.6525136639846563,1.3157043039203287,-0.6505684099646967,0.0,0.0,0.0,0.0,0.09512261367895261,0.0,0.36873927492541514,-1.284211833304747,-0.6829968743182837,-0.651087827846492,1.0,6.123233995736766e-17,-0.5000000000000004,0.8660254037844384,-0.7818314824680299,0.6234898018587334
0.30153308113236754,-1.6676641177775104,1.5458209446114568,-0.9272528622983084,0.6043335700820621,-2.2544473862664813,0.9806806998091566,-0.6841423458248278,2.3063030836405316,-0.6826680894736445,-0.6525136639846563,1.513782073233809,-0.6505684099646967,0.0,0.0,0.0,0.0,-0.19430002775154487,0.0,0.37856468916305386,-0.7448465575994635,-0.6829968743182837,-0.651087827846492,1.0,6.123233995736766e-17,-0.25881904510252157,0.9659258262890681,-0.7818314824680299,0.6234898018587334
0.4436444982801273,-1.2202480043365496,0.9664843292973129,-0.7954049568793099,-0.5283696566093578,-1.0140897357286127,1.1424450030415483,-0.6802794482336385,2.4145900482701252,-0.6826680894736445,-0.6525136639846563,1.4386491262528336,-0.6505684099646967,0.0,0.0,0.0,0.0,-1.088879101263992,0.0,0.36384170321316733,0.9811223246574435,-0.6829968743182837,-0.651087827846492,1.0,6.123233995736766e-17,-2.4492935982947064e-16,1.0,-0.7818314824680299,0.6234898018587334
0.48327899420101855,-0.9307434603453393,0.6768160216402405,-1.085470348801107,-0.5283696566093578,-0.20516083320391562,1.1424450030415483,-0.4716829783094169,2.433927006239695,-0.6826680894736445,-0.5228389005675613,1.4557247960212372,-0.6505684099646967,0.0,0.0,0.0,0.0,-0.9310122059382657,0.0,0.3464786516242748,0.010264828387933323,-0.6829968743182837,-0.651087827846492,1.0,6.123233995736766e-17,0.25881904510252074,0.9659258262890683,-2.4492935982947064e-16,1.0
0.2586751081857743,-0.06222982837170911,0.8084834342116368,-1.2173182542201055,-1.4992581366305748,-1.1219469227319057,1.5198950439171286,0.18114671460157286,2.1593422030717977,-0.6826680894736445,0.3200470616435553,1.3601010453181777,-0.6505684099646967,0.0,0.0,0.0,0.0,-1.2204348473687636,0.0,0.3345288511837142,0.6035666316637451,-0.6829968743182837,-0.651087827846492,1.0,6.123233995736766e-17,0.49999999999999994,0.8660254037844387,-2.4492935982947064e-16,1.0
0.2562610562772656,0.8062838036019201,0.6768160216402405,-1.2173182542201055,-1.9847023766411835,-0.6905181747187339,1.3042093062739397,1.0155325942984592,1.7261943445534242,-0.6826680894736445,0.9411209285359571,1.2610621606614376,-0.6505684099646967,0.0,0.0,0.0,0.0,-1.3783017426944895,0.0,0.3053743703120255,0.44175704895216006,-0.6829968743182837,-0.651087827846492,1.0,6.123233995736766e-17,0.7071067811865476,0.7071067811865476,-2.4492935982947064e-16,1.0
0.16423542766042104,1.5432044610340911,0.38714771398316894,-1.5073836461419021,-2.5240848655418597,-0.9601611422269661,1.5198950439171286,1.7687976245803705,0.9991247248975827,-0.6826680894736445,1.3130827499165714,0.9127184973860069,-0.6505684099646967,0.0,0.8787878787878787,0.0,0.0,-1.509857488799261,0.0,0.3283080710336641,0.6035666316637451,-0.6829968743182837,-0.651087827846492,1.0,6.123233995736766e-17,0.8660254037844386,0.5000000000000001,-2.4492935982947064e-16,1.0
0.1353011551970837,1.5432044610340911,0.22914681889749292,-1.5073836461419021,-2.2543936210915216,-1.1758755162335521,1.5198950439171286,2.301877492164492,0.05934856757646868,-0.6826680894736445,1.5110073888163478,0.03502907129006868,-0.6505684099646967,0.0,0.8787878787878787,0.0,0.0,-1.6677243841249871,0.0,0.35696561886116474,0.6035666316637451,-0.6829968743182837,-0.651087827846492,1.0,6.123233995736766e-17,0.9659258262890683,0.25881904510252074,-2.4492935982947064e-16,1.0
0.135741635733538,0.9641953730516715,-0.06052148875957856,-1.3755357407229036,-1.0138138966199663,-0.47480380071214795,1.5198950439171286,2.4100386247177923,-0.5130253883228107,-0.6787950354516944,1.435932525785398,-0.5455437008356492,-0.6505684099646967,0.0,0.8787878787878787,0.0,0.0,-1.2204348473687636,0.0,0.29613583082395456,-0.5291004473173502,-0.6791251287863431,-0.651087827846492,1.0,6.123233995736766e-17,1.0,6.123233995736766e-17,-2.4492935982947064e-16,1.0
0.1335907243864378,0.6746908290604611,-0.5081906915023265,-1.2173182542201055,-0.20474016326895209,0.8194824433273673,1.5198950439171286,2.4293531126737387,-0.6793232268611149,-0.46577706424443804,1.4529949946560685,-0.6514128533997506,-0.46608456529356584,0.0,0.8787878787878787,0.0,0.0,-0.9310122059382657,0.018099874691438443,0.3029789809410145,-0.5291004473173502,-0.47005087006155105,-0.5211862415195209,1.0,6.123233995736766e-17,0.9659258262890683,-0.25881904510252063,-2.4492935982947064e-16,1.0
0.135741635733538,0.8062838036019201,-0.6398581040737229,-0.7954049568793099,-1.1216903944001015,0.6576966628224279,0.9806806998091566,2.155087383699299,-0.6831906184550289,-0.330220173476184,1.3574451689803142,-0.6514128533997506,-0.6403193074829672,0.0,0.8787878787878787,0.0,0.0,-0.06274428164677277,0.11476927918998707,0.34285501504654037,-1.4999579435868604,0.18427412483640934,0.32317406960579154,1.0,6.123233995736766e-17,0.8660254037844387,-0.4999999999999998,-2.4492935982947064e-16,1.0
0.13663975143204235,0.6746908290604611,-0.7978589991593985,-0.5053395649575132,-0.6901844032795607,0.8194824433273673,0.6571520933443734,1.722442853486099,-0.6831906184550289,0.6574086021210956,1.258482849530426,-0.6514128533997506,0.35384363324479307,0.0,0.0,0.0,0.0,0.8055236426447192,0.21715413325601732,0.3746355273731382,-1.9853866917216154,1.0205711597355775,0.9453342988560218,1.0,6.123233995736766e-17,0.7071067811865476,-0.7071067811865475,-2.4492935982947064e-16,1.0
0.14030086705142292,0.3851862850692516,-0.7978589991593985,0.1011607999698797,-0.9598756477298988,0.8194824433273673,-0.09774798840678739,0.9962181063425127,-0.6831906184550289,0.8626804652844519,0.9104084845687505,-0.6514128533997506,0.02587235382944951,0.8787878787878787,0.0,0.0,0.0,1.5422358208314406,0.416718421774164,0.405434363888057,-2.524751967426899,1.7755615384639936,1.3179467438465442,1.0,6.123233995736766e-17,0.49999999999999994,-0.8660254037844387,-2.4492935982947064e-16,1.0
0.3087122816472743,0.22727471561950033,-0.9295264117307949,0.23300870538887822,-1.1756286432901693,0.9812682238323067,0.0640163148256042,0.05753399168351564,-0.6831906184550289,2.3266948855815954,0.03339758461629295,-0.6514128533997506,1.6008177685218805,0.8787878787878787,0.0,0.0,0.0,1.5422358208314406,0.4642991938017764,0.43222633840402735,-2.255069329574257,2.3098624218717956,1.516217586135079,1.0,6.123233995736766e-17,0.258819045102521,-0.9659258262890682,-2.4492935982947064e-16,1.0
0.3315828367289783,-0.06222982837170911,-0.7978589991593985,0.39122619189167684,-0.47443140771929015,1.1430540043372461,-0.2055908572283818,-0.5141748518124991,-0.6831906184550289,2.574570342986403,-0.5467263569864999,-0.6514128533997506,1.9595363553824126,0.8787878787878787,0.0,0.0,0.0,0.9633905379704456,0.45975341897699334,0.4361000293130056,-1.0145291954521052,2.418271296766132,1.441011404577359,1.0,6.123233995736766e-17,1.2246467991473532e-16,-1.0,-2.4492935982947064e-16,1.0
0.22154907296323484,-0.5096459418126703,-1.0875273068164708,0.23300870538887822,0.8200865656423326,1.1430540043372461,-0.09774798840678739,-0.6802794482336385,-0.6831906184550289,2.6636505854912556,-0.6525136639846563,-0.6514128533997506,2.0551946452118877,0.8787878787878787,0.0,0.0,0.0,0.6739678965399476,0.6771182181384382,0.4371532077560686,-0.20548128189418005,2.437630024425835,1.45810371856775,1.0,6.123233995736766e-17,-0.2588190451025208,-0.9659258262890683,-2.4492935982947064e-16,1.0
0.11350606265352589,-0.6412389163541294,-1.2191947193878672,0.23300870538887822,0.6582718189721298,1.5205541588487714,0.0640163148256042,-0.6841423458248278,-0.6831906184550289,2.415775128086448,-0.6525136639846563,-0.6514128533997506,2.00736550029715,0.8787878787878787,0.0,0.0,0.0,0.8055236426447192,0.8284475979669635,0.45873460727871174,-1.122402250593162,2.162736091658053,1.3623867602215607,1.0,6.123233995736766e-17,-0.4999999999999997,-0.8660254037844388,-2.4492935982947064e-16,1.0
0.23862477286554395,-0.7991504858038802,-1.2191947193878672,-0.05705668653291797,0.8200865656423326,1.3048397848421855,0.3336234868795902,-0.6841423458248278,-0.6831906184550289,1.6179259995647246,-0.6525136639846563,-0.6514128533997506,1.132775421856234,0.0,0.0,0.0,0.0,0.6739678965399476,0.48668982368458474,0.4587796805707016,-0.6909100300289351,1.7291005920807063,1.2632513390772933,1.0,6.123233995736766e-17,-0.7071067811865471,-0.7071067811865479,-2.4492935982947064e-16,1.0
0.4085464020305698,-0.7991504858038802,-1.5088630270449392,-0.18890459195191697,0.8200865656423326,1.5205541588487714,0.4953877901119818,-0.6841423458248278,-0.6831906184550289,1.0756984364917082,-0.6525136639846563,-0.6514128533997506,1.4060848213690202,0.0,0.0,0.8787878787878787,0.8787878787878787,0.3845452551094506,0.25218419858293717,0.4719387769474901,-0.9605926678815769,1.0012124320758746,0.9145681336733181,1.0,6.123233995736766e-17,-0.8660254037844385,-0.5000000000000004,-2.4492935982947064e-16,1.0
0.5936102146439579,-0.9307434603453393,-1.5088630270449392,-0.3471220784547151,0.9819013123125355,1.5205541588487714,0.6571520933443734,-0.6841423458248278,-0.6831906184550289,0.3049606861236351,-0.6525136639846563,-0.6514128533997506,0.9482915771851033,0.0,0.0,0.8787878787878787,0.8787878787878787,0.22667835978372425,0.30094021069038596,0.485549835515777,-1.1763387781636903,0.060378267814310334,0.03602319456722376,1.0,6.123233995736766e-17,-0.9659258262890683,-0.25881904510252063,-2.4492935982947064e-16,1.0
0.42058233859273014,-0.7991504858038802,-1.3771956144735429,-0.7954049568793099,1.1437160589827384,1.5205541588487714,1.1424450030415483,-0.6841423458248278,-0.6793232268611149,-0.4347926320688371,-0.6525136639846563,-0.6514128533997506,-0.15861149084168125,0.0,0.0,0.8787878787878787,0.8787878787878787,-0.06274428164677277,0.10866576876211788,0.4767390313247598,-0.47516391974682176,-0.5126400709128975,-0.5451154811060681,1.0,6.123233995736766e-17,-1.0,-1.8369701987210297e-16,-2.4492935982947064e-16,1.0
0.417636259894488,-1.0886550297950905,-1.2191947193878672,-0.9272528622983084,1.1437160589827384,1.5205541588487714,1.358130740684737,-0.6841423458248278,-0.46661668919584215,-0.6826680894736445,-0.6525136639846563,-0.46699561990099325,-0.6505684099646967,0.0,0.0,0.8787878787878787,0.8787878787878787,-0.5100338184029966,0.0,0.47344192001570173,0.8193127419458585,-0.6791251287863431,-0.651087827846492,1.0,6.123233995736766e-17,-0.9659258262890684,0.2588190451025203,-2.4492935982947064e-16,1.0
0.43717176767045524,-1.2202480043365496,-0.7978589991593985,-0.9272528622983084,1.5212838012132117,0.9812682238323067,1.358130740684737,-0.6841423458248278,-0.3312579834088504,-0.6826680894736445,-0.6525136639846563,-0.6411674515387086,-0.6505684099646967,0.0,0.0,0.8787878787878787,0.8787878787878787,-0.6415895645077683,0.0,0.4824487930268748,0.6575031592342735,-0.6829968743182837,-0.651087827846492,1.0,6.123233995736766e-17,-0.8660254037844386,0.5000000000000001,-2.4492935982947064e-16,1.0
0.4999942513248297,-1.2202480043365496,-0.5081906915023265,-1.085470348801107,1.305530805652941,0.6576966628224279,1.5198950439171286,-0.6841423458248278,0.6549268730392324,-0.6826680894736445,-0.6525136639846563,0.35263652898237313,-0.6505684099646967,0.0,0.0,0.0,0.0,-0.7994564598334941,0.0,0.4447582501667071,0.8193127419458585,-0.6829968743182837,-0.651087827846492,1.0,6.123233995736766e-17,-0.7071067811865477,0.7071067811865474,-2.4492935982947064e-16,1.0
0.35159884563652705,-1.5097525483277596,0.09747940632609654,-0.9272528622983084,1.5212838012132117,-0.09730364620062269,1.1424450030415483,-0.6841423458248278,0.859898627516677,-0.6826680894736445,-0.6525136639846563,0.024783669429026597,-0.6505684099646967,0.0,0.0,0.0,0.0,-0.7994564598334941,0.0,0.35551707593984083,0.8193127419458585,-0.6829968743182837,-0.651087827846492,1.0,6.123233995736766e-17,-0.5000000000000004,0.8660254037844384,-2.4492935982947064e-16,1.0
0.26529371146207653,-1.5097525483277596,0.22914681889749292,-0.9272528622983084,1.5212838012132117,0.06448213430431671,1.358130740684737,-0.6841423458248278,2.3217726500161877,-0.6826680894736445,-0.6525136639846563,1.5991604220758262,-0.6505684099646967,0.0,0.0,0.0,0.0,-0.9310122059382657,0.0,0.3583017346507641,0.9811223246574435,-0.6829968743182837,-0.651087827846492,1.0,6.123233995736766e-17,-0.25881904510252157,0.9659258262890681,-2.4492935982947064e-16,1.0
0.2509324273019107,-1.3781595737863004,0.38714771398316894,-0.7954049568793099,1.5212838012132117,-0.20516083320391562,0.4414663557011846,-0.6802794482336385,2.569285712026687,-0.6826680894736445,-0.6525136639846563,1.957749487212299,-0.6505684099646967,0.0,0.0,0.0,0.0,-0.7994564598334941,0.0,0.3387352649390176,1.1429319073690285,-0.6829968743182837,-0.651087827846492,1.0,6.123233995736766e-17,-2.4492935982947064e-16,1.0,-2.4492935982947064e-16,1.0
0.27858815844906654,-1.2202480043365496,0.22914681889749292,-0.7954049568793099,1.5212838012132117,-0.09730364620062269,0.9806806998091566,-0.4678200807182276,2.65823571868671,-0.6826680894736445,-0.4682390001814161,2.053373237915358,-0.6505684099646967,0.0,0.0,0.0,0.0,-1.088879101263992,0.0,0.3122740157030226,1.1429319073690285,-0.6829968743182837,-0.651087827846492,1.0,6.123233995736766e-17,0.25881904510252074,0.9659258262890683,0.7818314824680298,0.6234898018587336
0.18825008437644225,-0.7991504858038802,0.22914681889749292,-0.7954049568793099,0.9819013123125355,0.06448213430431671,0.818916396576765,-0.3326186650266025,2.410722656676211,-0.6826680894736445,-0.642276182662254,2.005561362563829,-0.6505684099646967,0.0,0.0,0.0,0.0,-1.2204348473687636,0.0,0.31110784671208513,1.520487600362727,-0.6829968743182837,-0.651087827846492,1.0,6.123233995736766e-17,0.49999999999999994,0.8660254037844387,0.7818314824680298,0.6234898018587336
0.13657110547127524,-0.5096459418126703,-0.06052148875957856,-1.085470348801107,0.6582718189721298,0.33412510181254906,1.1424450030415483,0.6524202207266661,1.6140399883299168,-0.6826680894736445,0.35075950561076197,1.1312870704215712,-0.6505684099646967,0.0,0.0,0.0,0.0,-1.2204348473687636,0.0,0.32731999276573653,1.3047414900806136,-0.6829968743182837,-0.651087827846492,1.0,6.123233995736766e-17,0.7071067811865476,0.7071067811865476,0.7818314824680298,0.6234898018587336
0.13671412246593742,0.09568174107804124,-0.1921889013309754,-1.2173182542201055,-0.09686366548881685,0.4959108823174885,1.1424450030415483,0.8571537930596984,1.0726051651819497,-0.6826680894736445,0.02316010329389072,1.4044977867160267,-0.6505684099646967,0.0,0.8787878787878787,0.0,0.0,-1.509857488799261,0.0,0.3276702839520077,1.520487600362727,-0.6829968743182837,-0.651087827846492,1.0,6.123233995736766e-17,0.8660254037844386,0.5000000000000001,0.7818314824680298,0.6234898018587336
0.13646241832159267,0.22727471561950033,-0.350189796416651,-1.3755357407229036,0.064951081181386,0.6576966628224279,1.1424450030415483,2.317329082529249,0.30299423799305386,-0.6826680894736445,1.5963197331696997,0.9468698369228138,-0.6505684099646967,0.0,0.8787878787878787,0.0,0.0,-1.509857488799261,0.0,0.38568473270795156,1.520487600362727,-0.6829968743182837,-0.651087827846492,1.0,6.123233995736766e-17,0.9659258262890683,0.25881904510252074,0.7818314824680298,0.6234898018587336
0.24273208379761274,0.3851862850692516,-0.7978589991593985,-1.3755357407229036,-0.20474016326895209,1.1430540043372461,1.3042093062739397,2.5645545283653637,-0.4356775564445297,-0.6710489274077942,1.9546315794537774,-0.15963356406973084,-0.6403193074829672,0.0,0.8787878787878787,0.0,0.0,-1.3783017426944895,0.0,0.4742597953867177,1.520487600362727,-0.6791251287863431,-0.651087827846492,1.0,6.123233995736766e-17,1.0,6.123233995736766e-17,0.7818314824680298,0.6234898018587336
0.24146213352342116,0.22727471561950033,-0.9295264117307949,-1.2173182542201055,-0.09686366548881685,1.358768378343832,1.3042093062739397,2.653401172962717,-0.6831906184550289,-0.37669682173958535,2.0501814051295315,-0.6514128533997506,0.2855162833665965,0.0,0.8787878787878787,0.0,0.0,-1.2204348473687636,0.028904362734704758,0.5588789083986242,1.520487600362727,-0.46617912452961047,-0.4664908367502698,1.0,6.123233995736766e-17,0.9659258262890683,-0.25881904510252063,0.7818314824680298,0.6234898018587336
0.23137117729065582,0.22727471561950033,-0.9295264117307949,-0.3471220784547151,0.064951081181386,1.358768378343832,0.3336234868795902,2.4061757271266027,-0.6831906184550289,0.41727925276018846,2.0024064922916547,-0.6514128533997506,1.3992520863812006,0.0,0.8787878787878787,0.0,0.0,-0.7994564598334941,0.14196621564950984,0.5606338984858292,0.9811223246574435,-0.33066803091168967,-0.6408324394522574,1.0,6.123233995736766e-17,0.8660254037844387,-0.4999999999999998,0.7818314824680298,0.6234898018587336
0.10904979341219556,-0.06222982837170911,-1.0875273068164708,0.5230740973106753,0.3346423256317241,1.5205541588487714,-1.5536267174983118,1.6104188233416097,-0.6831906184550289,1.2925894617209148,1.1288080861133312,-0.6514128533997506,1.9458708854067732,0.0,0.0,0.0,0.0,-0.5100338184029966,0.28641595800752895,0.5582984873249548,0.6575031592342735,0.6566270797331618,0.35394023478849523,1.0,6.123233995736766e-17,0.7071067811865476,-0.7071067811865475,0.7818314824680298,0.6234898018587336
0.10826036486337379,-0.19382280291316867,-0.9295264117307949,0.8131394892324716,0.4964570723019269,1.1430540043372461,-2.0928410616062836,1.0696131605751091,-0.6831906184550289,2.0284697258914366,1.4018075880440573,-0.6514128533997506,2.20893118243783,0.8787878787878787,0.0,0.0,0.0,0.09512261367895261,0.3665820517225377,0.5717239771013335,-0.09760822675312336,0.8618295929260132,0.0257678061729892,1.0,6.123233995736766e-17,0.49999999999999994,-0.8660254037844387,0.7818314824680298,0.6234898018587336
0.11272807395406596,-0.3517343723629195,-0.9295264117307949,1.5514877595788634,0.6582718189721298,1.358768378343832,-2.5781339713034583,0.30089653992844084,-0.6831906184550289,2.547458964832752,0.9445334223100912,-0.6514128533997506,2.3421695147003136,0.8787878787878787,0.0,0.0,0.0,0.22667835978372425,0.6298866933015214,0.587673007812994,0.06420135595846167,2.325349403999558,1.6016791560870338,1.0,6.123233995736766e-17,0.258819045102521,-0.9659258262890682,0.7818314824680298,0.6234898018587336
0.11579998069839417,-0.7991504858038802,-0.7978589991593985,1.7097052460816622,1.1437160589827384,0.441982288815842,-2.146762496017081,-0.4369168999887133,-0.6831906184550289,2.7953344222375596,-0.16111456050934936,-0.6514128533997506,2.3797495571333216,0.8787878787878787,0.0,0.0,0.0,0.3845452551094506,0.8232810013360002,0.5868301884724337,-0.20548128189418005,2.573141118043756,1.9606177498852435,1.0,6.123233995736766e-17,1.2246467991473532e-16,-1.0,0.7818314824680298,0.6234898018587336
0.11132655339917012,-0.9307434603453393,-0.7978589991593985,0.8131394892324716,1.3594690545430088,0.9812682238323067,-0.798726635747151,-0.6841423458248278,-0.6831906184550289,2.7798422061497594,-0.6525136639846563,-0.6514128533997506,2.294340369785576,0.8787878787878787,0.0,0.0,0.0,0.22667835978372425,0.9389039870112509,0.5785395710466995,-0.09760822675312336,2.6621912652783895,2.0563347082314327,1.0,6.123233995736766e-17,-0.2588190451025208,-0.9659258262890683,0.7818314824680298,0.6234898018587336
0.11018817340568283,-0.9307434603453393,-0.7978589991593985,0.8131394892324716,1.3594690545430088,0.8194824433273673,-0.6908837669255565,-0.6841423458248278,-0.6831906184550289,2.504855370591301,-0.6525136639846563,-0.6514128533997506,2.3045894722673053,0.8787878787878787,0.0,0.0,0.0,0.22667835978372425,0.8395458887126288,0.5996772547414926,0.06420135595846167,2.4143995512341916,2.008476229058338,1.0,6.123233995736766e-17,-0.4999999999999997,-0.8660254037844388,0.7818314824680298,0.6234898018587336
0.1856872904001433,-1.0886550297950905,-1.0875273068164708,0.23300870538887822,1.5212838012132117,1.1430540043372461,0.1718591836471986,-0.6841423458248278,-0.6831906184550289,1.9742469695841351,-0.6525136639846563,-0.6514128533997506,2.154269302535273,0.0,0.0,0.0,0.0,-0.06274428164677277,0.47134512615367324,0.5664051749875805,0.3338839938111034,1.6168199716544291,1.133349752750322,1.0,6.123233995736766e-17,-0.7071067811865471,-0.7071067811865479,0.7818314824680298,0.6234898018587336
0.15079798084025905,-0.9307434603453393,-1.2191947193878672,0.1011607999698797,1.1437160589827384,1.1430540043372461,0.3336234868795902,-0.6841423458248278,-0.6831906184550289,1.2422397594355632,-0.6525136639846563,-0.6514128533997506,1.8877926380103063,0.0,0.0,0.8787878787878787,0.8787878787878787,-0.19430002775154487,0.4285263029833932,0.5592329898389945,0.4956935765226884,1.074775597182746,1.4068267765965772,1.0,6.123233995736766e-17,-0.8660254037844385,-0.5000000000000004,0.7818314824680298,0.6234898018587336
0.16414962020946217,-0.9307434603453393,-1.3771956144735429,-0.05705668653291797,1.3594690545430088,1.1430540043372461,-0.259512291639179,-0.6841423458248278,-0.6831906184550289,0.401787036672388,-0.6525136639846563,-0.6514128533997506,1.3958357188872907,0.0,0.0,0.8787878787878787,0.8787878787878787,-0.3521669230772707,0.4456227845088688,0.5878273838380593,0.6575031592342735,0.3042982363265678,0.9487527616540999,1.0,6.123233995736766e-17,-0.9659258262890683,-0.25881904510252063,0.7818314824680298,0.6234898018587336
0.23197754765589992,-0.7991504858038802,-1.3771956144735429,-0.3471220784547151,0.44251882341185933,1.3048397848421855,-0.3673551604607734,-0.6841423458248278,-0.6715884436732867,-0.39218903782738584,-0.6525136639846563,-0.6411674515387086,0.25476897592140807,0.0,0.0,0.8787878787878787,0.8787878787878787,-0.7994564598334941,0.1383961323687565,0.5964208630541753,1.1429319073690285,-0.4352051602740857,-0.15882918492323295,1.0,6.123233995736766e-17,-1.0,-1.8369701987210297e-16,0.7818314824680298,0.6234898018587336
0.27171210879380137,-0.7991504858038802,-1.2191947193878672,-0.5053395649575132,0.9819013123125355,1.3048397848421855,-0.529119463693165,-0.6841423458248278,-0.377666682535819,-0.6749219814297444,-0.6525136639846563,0.28433384990875926,-0.643735674976877,0.0,0.0,0.8787878787878787,0.8787878787878787,-0.9310122059382657,0.0,0.5687222495137589,1.358678017651142,-0.6829968743182837,-0.651087827846492,1.0,6.123233995736766e-17,-0.9659258262890684,0.2588190451025203,0.7818314824680298,0.6234898018587336
0.37500138632038793,-0.7991504858038802,-0.350189796416651,-0.5053395649575132,0.8200865656423326,0.33412510181254906,-0.259512291639179,-0.6841423458248278,0.4151485942165613,-0.6826680894736445,-0.6525136639846563,1.3976675188086654,-0.6505684099646967,0.0,0.0,0.8787878787878787,0.8787878787878787,-0.9310122059382657,0.0,0.5907958698727913,1.358678017651142,-0.6829968743182837,-0.651087827846492,1.0,6.123233995736766e-17,-0.8660254037844386,0.5000000000000001,0.7818314824680298,0.6234898018587336
0.4452262385081231,-1.0886550297950905,0.5188151265545653,-0.6371874703765118,1.1437160589827384,-1.5533756707450774,0.4953877901119818,-0.6841423458248278,1.2891790944411365,-0.6826680894736445,-0.6525136639846563,1.9440889513975763,-0.6505684099646967,0.0,0.0,0.0,0.0,-1.088879101263992,0.0,0.5410191286441435,1.520487600362727,-0.6829968743182837,-0.651087827846492,1.0,6.123233995736766e-17,-0.7071067811865477,0.7071067811865474,0.7818314824680298,0.6234898018587336
0.37220406341912815,-1.2202480043365496,0.8084834342116368,-0.3471220784547151,1.1437160589827384,-2.092661605761542,-1.068333807801137,-0.6841423458248278,2.023983497284806,-0.6826680894736445,-0.6525136639846563,2.2070542658309895,-0.6505684099646967,0.0,0.0,0.0,0.0,-0.9310122059382657,0.0,0.4607078955141676,1.1429319073690285,-0.6829968743182837,-0.651087827846492,1.0,6.123233995736766e-17,-0.5000000000000004,0.8660254037844384,0.7818314824680298,0.6234898018587336
0.256386915214034,-1.3781595737863004,1.5458209446114568,-0.6371874703765118,1.1437160589827384,-2.57801894727636,-0.259512291639179,-0.6841423458248278,2.542213970869289,-0.6826680894736445,-0.6525136639846563,2.3402444900245367,-0.6505684099646967,0.0,0.0,0.0,0.0,-0.9310122059382657,0.0,0.4090564126566417,1.358678017651142,-0.6829968743182837,-0.651087827846492,1.0,6.123233995736766e-17,-0.25881904510252157,0.9659258262890681,0.7818314824680298,0.6234898018587336
0.23033290713405324,-1.3781595737863004,1.7038218396971327,-0.18890459195191697,1.305530805652941,-2.1465901992631884,-1.9310767583738921,-0.6725536530512599,2.789727032879788,-0.6826680894736445,-0.642276182662254,2.3778109635150244,-0.6505684099646967,0.0,0.0,0.0,0.0,-0.7994564598334941,0.0,0.39633729307325416,0.44175704895216006,-0.6829968743182837,-0.651087827846492,1.0,6.123233995736766e-17,-2.4492935982947064e-16,1.0,0.7818314824680298,0.6234898018587336
0.14105025441132923,-1.2202480043365496,0.8084834342116368,-1.2173182542201055,1.305530805652941,-0.7983753617220268,0.6032306589335762,-0.378973436120874,2.7742574665041317,-0.6826680894736445,0.28250963012808045,2.292432614673007,-0.6505684099646967,0.0,0.0,0.0,0.0,-0.7994564598334941,0.0,0.40215963556604384,0.9811223246574435,-0.6829968743182837,-0.651087827846492,1.0,6.123233995736766e-17,0.25881904510252074,0.9659258262890683,0.9749279121818236,-0.22252093395631434
0.14128479706548225,-0.3517343723629195,0.8084834342116368,-1.3755357407229036,0.3346423256317241,-0.6905181747187339,0.7649949621659677,0.4129205700729302,2.4996726633362343,-0.6826680894736445,1.394982600495789,2.302678016534049,-0.6505684099646967,0.0,0.0,0.0,0.0,-0.7994564598334941,0.0,0.38321107971175816,0.8193127419458585,-0.6829968743182837,-0.651087827846492,1.0,6.123233995736766e-17,0.49999999999999994,0.8660254037844387,0.9749279121818236,-0.22252093395631434
0.13806988019108787,0.5167792596107107,0.22914681889749292,-1.2173182542201055,-1.5531963855206425,0.17233932130760965,0.010094880414807005,1.2859354256817095,1.9698400149700093,-0.6826680894736445,1.9409816043572412,2.1524121225720987,-0.6505684099646967,0.0,0.0,0.0,0.0,-1.088879101263992,0.0,0.36064913120973574,1.1429319073690285,-0.6829968743182837,-0.651087827846492,1.0,6.123233995736766e-17,0.7071067811865476,0.7071067811865476,0.9749279121818236,-0.22252093395631434
0.13780673276508326,0.8062838036019201,0.09747940632609654,-1.2173182542201055,-2.0925788744213185,0.33412510181254906,-0.9065695045687454,2.019885968007674,1.2389030037202537,-0.6826680894736445,2.203743624965565,1.8860316741850045,-0.6505684099646967,0.0,0.8787878787878787,0.0,0.0,-1.2204348473687636,0.0,0.3750975286160342,1.1429319073690285,-0.6829968743182837,-0.651087827846492,1.0,6.123233995736766e-17,0.8660254037844386,0.5000000000000001,0.9749279121818236,-0.22252093395631434
0.13713743464760392,1.5432044610340911,-0.06052148875957856,-1.3755357407229036,-2.5780231144319274,-0.2590894267055621,-0.9065695045687454,2.5375142452270385,0.3996790278409051,-0.6826680894736445,2.336830882156794,1.3942523848549846,-0.6505684099646967,0.0,0.8787878787878787,0.0,0.0,-1.3783017426944895,0.0,0.42311999683257673,1.1429319073690285,-0.6829968743182837,-0.651087827846492,1.0,6.123233995736766e-17,0.9659258262890683,0.25881904510252074,0.9749279121818236,-0.22252093395631434
0.3203420572210658,1.7011160304838424,-0.350189796416651,-1.3755357407229036,-2.146517123311386,-0.366946613708855,-1.0144123733903398,2.784739691063153,-0.3931362489114752,-0.663302819363894,2.3743683136722686,0.25359764432563303,-0.6095720000377787,0.0,0.8787878787878787,0.0,0.0,-1.3783017426944895,0.0,0.5281636111328366,1.3047414900806136,-0.671381637722462,-0.6408324394522574,1.0,6.123233995736766e-17,1.0,6.123233995736766e-17,0.9749279121818236,-0.22252093395631434
0.2571019658643646,0.8062838036019201,-0.5081906915023265,-0.7954049568793099,-0.7980609010596958,-0.5287323942137945,-1.4457838486767174,2.769288100698396,-0.6754558352672009,-0.32247406543228374,2.289055969318917,-0.6445825854923893,0.7330604250687841,0.0,0.8787878787878787,0.0,0.0,-1.2204348473687636,0.018199659603065733,0.5626517990364251,1.3047414900806136,-0.3771289772949768,0.28557097882693144,1.0,6.123233995736766e-17,0.9659258262890683,-0.25881904510252063,0.9749279121818236,-0.22252093395631434
0.256381186708608,0.8062838036019201,-0.5081906915023265,0.39122619189167684,-0.6901844032795607,-0.2590894267055621,-2.0928410616062836,2.4950223717239566,-0.6831906184550289,0.5179786573308915,2.299293450641319,-0.6514128533997506,1.7853016131930113,0.0,0.8787878787878787,0.0,0.0,-0.3521669230772707,0.0671552455251656,0.5887747937038962,0.3338839938111034,0.41657885675284495,1.3999898510004207,1.0,6.123233995736766e-17,0.8660254037844387,-0.4999999999999998,0.9749279121818236,-0.22252093395631434
0.17746121838974985,0.22727471561950033,-0.6398581040737229,0.8131394892324716,0.17282757896152123,0.4959108823174885,-2.685976840125053,1.9658054017310242,-0.6831906184550289,1.3932888662916179,2.1491437245794196,-0.6514128533997506,2.2430948573769283,0.0,0.0,0.0,0.0,0.5161010012142222,0.291294335899748,0.6026232041302295,-1.5538944711573888,1.2915933469714191,1.9469438986929308,1.0,6.123233995736766e-17,0.7071067811865476,-0.7071067811865475,0.9749279121818236,-0.22252093395631434
0.10980490241293182,0.09568174107804124,-0.350189796416651,1.2614223676570673,0.3346423256317241,-1.0680183292302592,-2.8477411433574447,1.2357177569962485,-0.6831906184550289,2.12916913046214,1.882969210196962,-0.6514128533997506,2.465158744481067,0.8787878787878787,0.0,0.0,0.0,0.8055236426447192,0.5433066782555532,0.6077482935277262,-2.093259746862672,2.0272249980401322,2.2101655341449513,1.0,6.123233995736766e-17,0.49999999999999994,-0.8660254037844387,0.9749279121818236,-0.22252093395631434
0.1125793421831699,-0.06222982837170911,-0.6398581040737229,1.7097052460816622,-0.2586784121590197,-0.2590894267055621,-2.955584012179039,0.397468979708173,-0.6831906184550289,2.6597775314693055,1.391570106721655,-0.6514128533997506,2.588147974261821,0.8787878787878787,0.0,0.0,0.0,1.5422358208314406,0.7427600325612802,0.6177755131863194,-2.578688494997427,2.5460388993201715,2.3434855832700006,1.0,6.123233995736766e-17,0.258819045102521,-0.9659258262890682,0.9749279121818236,-0.22252093395631434
0.10959324288980055,-0.3517343723629195,-0.1921889013309754,1.5514877595788634,-0.36655490993915496,-1.9308758252566025,-2.36244823366027,-0.3944250264856311,-0.6831906184550289,2.892160772786313,0.25179718616087376,-0.6514128533997506,2.60522981173137,0.8787878787878787,0.0,0.0,0.0,1.700102716157167,0.8857685215697194,0.6066332929671271,-2.1471962744332003,2.7938306133643698,2.3810886740488604,1.0,6.123233995736766e-17,1.2246467991473532e-16,-1.0,0.9749279121818236,-0.22252093395631434
0.10888962179193766,-0.5096459418126703,-1.2191947193878672,1.5514877595788634,-0.5283696566093578,0.6037680693207814,-2.416369668071067,-0.6764165506424492,-0.6831906184550289,2.892160772786313,-0.645688676436388,-0.6514128533997506,2.60522981173137,0.8787878787878787,0.0,0.0,0.0,0.8055236426447192,0.9544315570235379,0.6054835142641859,-0.7987830851699919,2.7783436312366074,2.295627104096906,1.0,6.123233995736766e-17,-0.2588190451025208,-0.9659258262890683,0.9749279121818236,-0.22252093395631434
0.10919280354226168,-0.5096459418126703,-1.3771956144735429,0.9713569757352701,-0.2586784121590197,0.7655538498257208,-0.9065695045687454,-0.6841423458248278,-0.6831906184550289,2.4932362085254507,-0.6525136639846563,-0.6514128533997506,2.424162334554149,0.8787878787878787,0.0,0.0,0.0,0.8055236426447192,0.9639444118746493,0.5991256191111167,-0.6909100300289351,2.5034496984688253,2.3058824924911403,1.0,6.123233995736766e-17,-0.4999999999999997,-0.8660254037844388,0.9749279121818236,-0.22252093395631434
0.1474171672724788,-0.6412389163541294,-1.2191947193878672,1.1295744622380688,0.4964570723019269,0.010553540802670241,-1.8232338895522977,-0.6841423458248278,-0.6831906184550289,1.9277703213207338,-0.6525136639846563,-0.6514128533997506,2.273842164822117,0.0,0.0,0.0,0.0,0.22667835978372425,0.9080150221261732,0.5893780587414603,0.17207441109951835,1.9730205605929638,2.1554701293757,1.0,6.123233995736766e-17,-0.7071067811865471,-0.7071067811865479,0.9749279121818236,-0.22252093395631434
0.10864363928842284,-0.3517343723629195,-1.2191947193878672,0.681291583813473,-1.067752145510034,-0.9062325487253197,-1.337940979855123,-0.6841423458248278,-0.6831906184550289,1.1299211927990098,-0.6525136639846563,-0.6514128533997506,1.6144832384975198,0.0,0.0,0.8787878787878787,0.8787878787878787,0.09512261367895261,0.7744917009820326,0.6040576104281568,0.3338839938111034,1.2412606550561915,1.8888300311256017,1.0,6.123233995736766e-17,-0.8660254037844385,-0.5000000000000004,0.9749279121818236,-0.22252093395631434
0.10753958570761717,-0.6412389163541294,-1.3771956144735429,0.5230740973106753,-0.2586784121590197,-0.9062325487253197,-1.7693124551415005,-0.6841423458248278,-0.6831906184550289,0.30883374014558523,-0.6525136639846563,-0.6514128533997506,0.7877223049713413,0.0,0.0,0.8787878787878787,0.8787878787878787,-0.06274428164677277,0.5633745415748114,0.6317223165602808,-0.2594178094647084,0.4010918746250826,1.3965713882023425,1.0,6.123233995736766e-17,-0.9659258262890683,-0.25881904510252063,0.9749279121818236,-0.22252093395631434
0.15671296988329442,-0.19382280291316867,-1.3771956144735429,0.23300870538887822,-1.9307641277511158,-1.0140897357286127,-1.9849981927846894,-0.6841423458248278,-0.6638536604854587,-0.4076812539151863,-0.6525136639846563,-0.6104312459555824,-0.23035520821378766,0.0,0.0,0.8787878787878787,0.8787878787878787,-0.3521669230772707,0.17720137223146099,0.644820410333933,-0.3672908646057651,-0.39261595942273914,0.25480481364422775,1.0,6.123233995736766e-17,-1.0,-1.8369701987210297e-16,0.9749279121818236,-0.22252093395631434
0.15989357064190127,-1.2202480043365496,-0.7978589991593985,0.23300870538887822,0.6043335700820621,-1.4455184837417845,-2.0928410616062836,-0.6841423458248278,-0.32352320022102227,-0.667175873385844,-0.6525136639846563,0.7317163978409301,-0.6369029399890573,0.0,0.0,0.8787878787878787,0.8787878787878787,-0.5100338184029966,0.0,0.6336273802219521,-0.5291004473173502,-0.6752533832544025,-0.6442509022503355,1.0,6.123233995736766e-17,-0.9659258262890684,0.2588190451025203,0.9749279121818236,-0.22252093395631434
0.2411589586376932,-1.3781595737863004,0.38714771398316894,0.23300870538887822,0.766148316752265,-2.092661605761542,-2.0928410616062836,-0.6841423458248278,0.5157007756583266,-0.6826680894736445,-0.6525136639846563,1.7835776555745837,-0.6505684099646967,0.0,0.0,0.8787878787878787,0.8787878787878787,-0.5100338184029966,0.0,0.6256611368395949,-0.2594178094647084,-0.6829968743182837,-0.651087827846492,1.0,6.123233995736766e-17,-0.8660254037844386,0.5000000000000001,0.9749279121818236,-0.22252093395631434
0.4527486688268654,-1.2202480043365496,0.8084834342116368,-0.18890459195191697,0.01101283229131838,-2.685876134279653,-1.7693124551415005,-0.6841423458248278,1.389731275882902,-0.6826680894736445,-0.6525136639846563,2.2412056053677967,-0.6505684099646967,0.0,0.0,0.0,0.0,-0.6415895645077683,0.0,0.5689957112250473,0.4956935765226884,-0.6829968743182837,-0.651087827846492,1.0,6.123233995736766e-17,-0.7071067811865477,0.7071067811865474,0.9749279121818236,-0.22252093395631434
0.5284880569809048,-1.2202480043365496,1.2561526369543852,0.1011607999698797,-0.9059373988398312,-2.8476619147845925,-1.877155323963095,-0.6841423458248278,2.1245356787265712,-0.6826680894736445,-0.6525136639846563,2.4631893123570414,-0.6505684099646967,0.0,0.0,0.0,0.0,-0.3521669230772707,0.0,0.43621348083773015,-1.0684657230226335,-0.6829968743182837,-0.651087827846492,1.0,6.123233995736766e-17,-0.5000000000000004,0.8660254037844384,0.9749279121818236,-0.22252093395631434
0.3893999109142699,-1.3781595737863004,1.7038218396971327,0.1011607999698797,-0.9059373988398312,-2.9555191017878855,-1.9849981927846894,-0.6841423458248278,2.6543683270927962,-0.6826680894736445,-0.6525136639846563,2.5861341346895466,-0.6505684099646967,0.0,0.0,0.0,0.0,-0.6415895645077683,0.0,0.368171453885643,-0.2594178094647084,-0.6829968743182837,-0.651087827846492,1.0,6.123233995736766e-17,-0.25881904510252157,0.9659258262890681,0.9749279121818236,-0.22252093395631434
0.40496538251821235,-1.3781595737863004,1.5458209446114568,-0.18890459195191697,-1.0138138966199663,-2.3623045732697743,-1.9849981927846894,-0.6648278578688813,2.886411822727639,-0.6826680894736445,-0.6115637386950473,2.60320980445795,-0.6505684099646967,0.0,0.0,0.0,0.0,-0.19430002775154487,0.0,0.37197937876403586,-1.931450164151087,-0.6829968743182837,-0.651087827846492,1.0,6.123233995736766e-17,-2.4492935982947064e-16,1.0,0.9749279121818236,-0.22252093395631434
0.25923572601816713,-0.7991504858038802,1.5458209446114568,-0.5053395649575132,-1.4453198877405073,-2.4162331667714207,-1.6614695863199063,-0.32489286984422394,2.886411822727639,-0.6826680894736445,0.7295463145396444,2.60320980445795,-0.6505684099646967,0.0,0.0,0.0,0.0,-1.2204348473687636,0.0,0.38977124126263185,0.6035666316637451,-0.6829968743182837,-0.651087827846492,1.0,6.123233995736766e-17,0.25881904510252074,0.9659258262890683,0.43388373911755823,-0.900968867902419
0.20914132928377163,0.3851862850692516,0.9664843292973129,-0.6371874703765118,-2.0925788744213185,-0.9062325487253197,-1.607548151909109,0.5133559074438517,2.488070488554492,-0.6826680894736445,1.7805943969729396,2.422207704912873,-0.6505684099646967,0.0,0.0,0.0,0.0,-1.3783017426944895,0.0,0.395205082710259,0.7653762143753301,-0.6829968743182837,-0.651087827846492,1.0,6.123233995736766e-17,0.49999999999999994,0.8660254037844387,0.43388373911755823,-0.900968867902419
0.1365596656219134,0.8062838036019201,1.1244852243829888,-0.6371874703765118,-2.6858996122120624,-1.8230186382533096,-1.7153910207307033,1.386370763052631,1.9234313158430407,-0.6826680894736445,2.2378685627069057,2.271941810950923,-0.6505684099646967,0.0,0.0,0.0,0.0,-1.2204348473687636,0.0,0.39001187117827774,0.010264828387933323,-0.6829968743182837,-0.651087827846492,1.0,6.123233995736766e-17,0.7071067811865476,0.7071067811865476,0.43388373911755823,-0.900968867902419
0.1362908034196749,1.2536999170428818,0.6768160216402405,-0.3471220784547151,-2.847714358882265,-1.3376612967384915,-2.146762496017081,2.1203213053785954,1.1267486474967463,-0.6826680894736445,2.4596806580256207,1.612820957890549,-0.6505684099646967,0.0,0.8787878787878787,0.0,0.0,-1.2204348473687636,0.0,0.37424579705637595,-0.9066561403110486,-0.6829968743182837,-0.651087827846492,1.0,6.123233995736766e-17,0.8660254037844386,0.5000000000000001,0.43388373911755823,-0.900968867902419
0.13595329182437124,1.7011160304838424,0.5188151265545653,-0.5053395649575132,-2.9555908566624005,-1.769090044751663,-2.36244823366027,2.649538275371528,0.3068616295869679,-0.6826680894736445,2.5825304338944473,0.7863585410998212,-0.6505684099646967,0.0,0.8787878787878787,0.0,0.0,-1.3783017426944895,0.0,0.4525572613918518,-0.9066561403110486,-0.6829968743182837,-0.651087827846492,1.0,6.123233995736766e-17,0.9659258262890683,0.25881904510252074,0.43388373911755823,-0.900968867902419
0.17893710654624273,1.5432044610340911,0.22914681889749292,-0.9272528622983084,-2.3622701188716566,-1.984804418758249,-2.0928410616062836,2.8813121308428853,-0.40860581528713136,-0.6749219814297444,2.5995929027651177,-0.2313513770970254,-0.6505684099646967,0.0,0.8787878787878787,0.0,0.0,-1.3783017426944895,0.0,0.5431290196861187,-1.0145291954521052,-0.6636381466585808,-0.6100662742695537,1.0,6.123233995736766e-17,1.0,6.123233995736766e-17,0.43388373911755823,-0.900968867902419
0.25334931428859914,1.5432044610340911,0.22914681889749292,-0.18890459195191697,-2.4162083677617243,-2.092661605761542,-2.4702911024818643,2.8813121308428853,-0.6677210520793727,-0.4231734700029868,2.5995929027651177,-0.6377523175850279,-0.5822410600865,0.0,0.8787878787878787,0.0,0.0,-0.7994564598334941,0.01852118920624216,0.5884184585989263,-1.446021416016332,-0.32292453984780845,0.7333896053751741,1.0,6.123233995736766e-17,0.9659258262890683,-0.25881904510252063,0.43388373911755823,-0.900968867902419
0.1706881479725295,0.9641953730516715,0.22914681889749292,0.39122619189167684,-0.9059373988398312,-2.092661605761542,-2.73989827453585,2.4834336789503886,-0.6831906184550289,0.15778463328953068,2.418730732736012,-0.6514128533997506,0.21718893348839993,0.0,0.8787878787878787,0.0,0.0,0.3845452551094506,0.06994922305072969,0.6019483340219814,-2.093259746862672,0.5172442405833004,1.786276147183256,1.0,6.123233995736766e-17,0.8660254037844387,-0.4999999999999998,0.43388373911755823,-0.900968867902419
0.10624675230240388,1.1221069425014227,-0.1921889013309754,1.1295744622380688,-1.8228876299709806,-1.769090044751663,-3.1173483154114305,1.9194506306367527,-0.6831906184550289,1.0640792744258578,2.2685810066741126,-0.6514128533997506,0.4836655980133666,0.0,0.0,0.0,0.0,0.8055236426447192,0.29232543334857514,0.6225360211151981,-2.686561550138484,1.3922587308018746,2.244350162125733,1.0,6.123233995736766e-17,0.7071067811865476,-0.7071067811865475,0.43388373911755823,-0.900968867902419
0.10830613112541722,0.6746908290604611,0.09747940632609654,1.5514877595788634,-1.3374433899603722,-1.876947231754956,-3.225191184233025,1.1236937268517593,-0.6831906184550289,1.7844673225085794,1.6099697082662359,-0.6514128533997506,1.0883626444354062,0.8787878787878787,0.0,0.0,0.0,1.2528131794009436,0.536781836016829,0.617635529882901,-2.848371132850069,2.1278903818705874,2.4665502440008154,1.0,6.123233995736766e-17,0.49999999999999994,-0.8660254037844387,0.43388373911755823,-0.900968867902419
0.11175559065396455,0.5167792596107107,0.09747940632609654,1.8415531515006607,-1.768949381080913,-1.984804418758249,-3.1173483154114305,0.3047594375196301,-0.6831906184550289,2.3266948855815954,0.7841462149257895,-0.6514128533997506,1.3821702489116514,0.8787878787878787,0.0,0.0,0.0,1.700102716157167,0.7338403923574656,0.5934955551843837,-2.9562441879911256,2.658319519746449,2.58961490473163,1.0,6.123233995736766e-17,0.258819045102521,-0.9659258262890682,0.43388373911755823,-0.900968867902419
0.1098392185287193,0.22727471561950033,-0.1921889013309754,2.448053516428054,-1.9847023766411835,-1.984804418758249,-3.1173483154114305,-0.4098766168503883,-0.6831906184550289,2.1872649407913913,-0.23277692976616493,-0.6514128533997506,0.8799642273069067,0.8787878787878787,0.0,0.0,0.0,1.5422358208314406,0.8690045765884056,0.5516109937242099,-2.3629423847153137,2.8906242516628846,2.606707218722021,1.0,6.123233995736766e-17,1.2246467991473532e-16,-1.0,0.43388373911755823,-0.900968867902419
0.09986267795106253,0.22727471561950033,-0.5081906915023265,2.2898360299252554,-2.0925788744213185,-1.6612328577483704,-3.009505446589836,-0.6686907554600706,-0.6831906184550289,2.706254179732707,-0.63886368888812,-0.6514128533997506,1.433415761320299,0.8787878787878787,0.0,0.0,0.0,1.5422358208314406,0.9274287221741127,0.5590254478172412,-2.416878912285842,2.8906242516628846,2.606707218722021,1.0,6.123233995736766e-17,-0.2588190451025208,-0.9659258262890683,0.43388373911755823,-0.900968867902419
0.1055545676216048,0.22727471561950033,-0.6398581040737229,1.8415531515006607,-2.0925788744213185,-1.607304264246724,-3.0634268810006335,-0.6841423458248278,-0.6831906184550289,1.9548816994743847,-0.6525136639846563,-0.6514128533997506,0.8389678173799888,0.8787878787878787,0.0,0.0,0.0,0.9633905379704456,0.9359381665632096,0.5555729873097682,-0.9066561403110486,2.4918344618730033,2.425528690423877,1.0,6.123233995736766e-17,-0.4999999999999997,-0.8660254037844388,0.43388373911755823,-0.900968867902419
0.09337563465857053,-0.19382280291316867,-0.6398581040737229,1.1295744622380688,-1.768949381080913,-1.7151614512500166,-2.36244823366027,-0.6841423458248278,-0.6831906184550289,1.9238972672987837,-0.6525136639846563,-0.6514128533997506,0.9619570471607426,0.0,0.0,0.0,0.0,1.121257433296172,0.8912123073805285,0.550317543903051,-1.8235771090100303,1.9265596142096766,2.275116327308437,1.0,6.123233995736766e-17,-0.7071067811865471,-0.7071067811865479,0.43388373911755823,-0.900968867902419
0.09314682050984356,0.09568174107804124,-0.350189796416651,0.9713569757352701,-1.8768258788610481,-2.1465901992631884,-2.2546053648386755,-0.6841423458248278,-0.6831906184550289,0.9169032215917535,-0.6525136639846563,-0.6514128533997506,0.3777582057021619,0.0,0.0,0.8787878787878787,0.8787878787878787,0.6739678965399476,0.7501164423395416,0.5327349136746579,-1.3381483608752753,1.1289800346299144,1.6153530072793465,1.0,6.123233995736766e-17,-0.8660254037844385,-0.5000000000000004,0.43388373911755823,-0.900968867902419
0.09465702478212393,0.09568174107804124,-0.5081906915023265,0.681291583813473,-1.9847023766411835,-2.3623045732697743,-2.0928410616062836,-0.6841423458248278,-0.6831906184550289,0.26623014590413396,-0.6525136639846563,-0.6514128533997506,0.18644162604321146,0.0,0.0,0.8787878787878787,0.8787878787878787,0.5161010012142222,0.5528749336896001,0.5495095539244828,-1.769640581439502,0.30816998185850836,0.788085010144425,1.0,6.123233995736766e-17,-0.9659258262890683,-0.25881904510252063,0.43388373911755823,-0.900968867902419
0.14393338476354792,-0.19382280291316867,-0.9295264117307949,0.1011607999698797,-1.9847023766411835,-2.092661605761542,-1.5536267174983118,-0.6841423458248278,-0.6754558352672009,-0.4580309562005378,-0.6525136639846563,-0.6514128533997506,-0.4455863603301069,0.0,0.0,0.8787878787878787,0.8787878787878787,0.22667835978372425,0.16934054307259616,0.5676022294274611,-1.9853866917216154,-0.40810294155050153,-0.23061690368287488,1.0,6.123233995736766e-17,-1.0,-1.8369701987210297e-16,0.43388373911755823,-0.900968867902419
0.2085807183159749,-0.5096459418126703,-0.1921889013309754,0.1011607999698797,-1.6610728833007777,-2.470161760273067,-1.8232338895522977,-0.6841423458248278,-0.4240753816627876,-0.6787950354516944,-0.6525136639846563,-0.5831101743261368,-0.6505684099646967,0.0,0.0,0.8787878787878787,0.8787878787878787,0.22667835978372425,0.0,0.6107682553106965,-2.093259746862672,-0.6675098921905214,-0.6374139766541792,1.0,6.123233995736766e-17,-0.9659258262890684,0.2588190451025203,0.43388373911755823,-0.900968867902419
0.2655282747100177,-0.6412389163541294,0.38714771398316894,-0.18890459195191697,-1.60713463441071,-2.7398047277812996,-0.8526480701579482,-0.6841423458248278,0.15603335742431992,-0.6826680894736445,-0.6525136639846563,0.21603117083514542,-0.6505684099646967,0.0,0.0,0.8787878787878787,0.8787878787878787,0.22667835978372425,0.0,0.6173817365172081,-2.093259746862672,-0.6829968743182837,-0.651087827846492,1.0,6.123233995736766e-17,-0.8660254037844386,0.5000000000000001,0.43388373911755823,-0.900968867902419
0.2957725180426739,-0.6412389163541294,1.1244852243829888,-0.18890459195191697,-1.7150111321908454,-3.117304882292825,-0.8526480701579482,-0.6841423458248278,1.0610029904002076,-0.6826680894736445,-0.6525136639846563,0.4824116192222395,-0.6505684099646967,0.0,0.0,0.0,0.0,-0.19430002775154487,0.0,0.5768320615750339,-1.769640581439502,-0.6829968743182837,-0.651087827846492,1.0,6.123233995736766e-17,-0.7071067811865477,0.7071067811865474,0.43388373911755823,-0.900968867902419
0.26956693624902134,-0.3517343723629195,1.5458209446114568,-0.18890459195191697,-2.146517123311386,-3.225162069296118,-1.1761766766227313,-0.6841423458248278,1.7803378268682208,-0.6826680894736445,-0.6525136639846563,1.0868903290237222,-0.6505684099646967,0.0,0.0,0.0,0.0,0.09512261367895261,0.0,0.44701273428059973,-1.8775136365805587,-0.6829968743182837,-0.651087827846492,1.0,6.123233995736766e-17,-0.5000000000000004,0.8660254037844384,0.43388373911755823,-0.900968867902419
0.6495680678986409,-0.5096459418126703,1.835489252268529,-0.3471220784547151,-2.3622701188716566,-3.117304882292825,-1.4997052830875146,-0.6841423458248278,2.3217726500161877,-0.6826680894736445,-0.6525136639846563,1.3805918490402618,-0.6505684099646967,0.0,0.0,0.0,0.0,0.09512261367895261,0.0,0.37343248023420883,-1.9853866917216154,-0.6829968743182837,-0.651087827846492,1.0,6.123233995736766e-17,-0.25881904510252157,0.9659258262890681,0.43388373911755823,-0.900968867902419
0.28043302894157673,-0.9307434603453393,2.4411593500969526,-0.7162962136279111,-2.0925788744213185,-3.117304882292825,0.818916396576765,-0.6764165506424492,2.1825465526352823,-0.6826680894736445,-0.6525136639846563,0.8785671578491999,-0.6505684099646967,0.0,0.0,0.0,0.0,-0.19430002775154487,0.0,0.35049314535107146,-1.9853866917216154,-0.6829968743182837,-0.651087827846492,1.0,6.123233995736766e-17,-2.4492935982947064e-16,1.0,0.43388373911755823,-0.900968867902419
0.2972655676893585,-0.19382280291316867,2.2831584550112765,-0.3471220784547151,-2.470146616651792,-3.009447695289532,-1.9849981927846894,-0.4253282072151454,2.700777026219765,-0.6826680894736445,-0.5842637885019747,1.4318188583454723,-0.6505684099646967,0.0,0.0,0.0,0.0,-0.5100338184029966,0.0,0.35168840710320237,-1.6617675262984453,-0.6829968743182837,-0.651087827846492,1.0,6.123233995736766e-17,0.25881904510252074,0.9659258262890683,-0.433883739117558,-0.9009688679024191
0.15276010893065362,0.3851862850692516,1.835489252268529,-0.6371874703765118,-2.73983786110213,-3.0633762887911784,-1.9310767583738921,0.15410643146324784,1.9505030570004391,-0.6826680894736445,0.21425975464539895,0.8375855504050316,-0.6505684099646967,0.0,0.0,0.0,0.0,-0.6415895645077683,0.0,0.3571107753492322,-1.607830998727917,-0.6829968743182837,-0.651087827846492,1.0,6.123233995736766e-17,0.49999999999999994,0.8660254037844387,-0.433883739117558,-0.9009688679024191
0.14095872531954043,1.1221069425014227,1.1244852243829888,-0.5053395649575132,-3.117405603332603,-2.3623045732697743,-2.146762496017081,1.0580244678015414,1.9195639242491267,-0.6826680894736445,0.48043426902785685,0.9605303727375366,-0.6505684099646967,0.0,0.0,0.0,0.0,-0.6415895645077683,0.0,0.35009260768816153,-1.7157040538689736,-0.6829968743182837,-0.651087827846492,1.0,6.123233995736766e-17,0.7071067811865476,0.7071067811865476,-0.433883739117558,-0.9009688679024191
0.1402493825808476,1.5432044610340911,0.9664843292973129,-0.5053395649575132,-3.2252821011127386,-2.2544473862664813,-2.200683930427878,1.776523419762749,0.9140421098314737,-0.6826680894736445,1.0844456670495883,0.376542466658138,-0.6505684099646967,0.0,0.8787878787878787,0.0,0.0,-0.3521669230772707,0.0,0.35539855366976747,-2.1471962744332003,-0.6829968743182837,-0.651087827846492,1.0,6.123233995736766e-17,0.8660254037844386,0.5000000000000001,-0.433883739117558,-0.9009688679024191
0.15470507896315444,1.8327090050253017,0.6768160216402405,-0.7954049568793099,-3.117405603332603,-2.092661605761542,-2.416369668071067,2.317329082529249,0.2643203220539133,-0.6826680894736445,1.3779201316251188,0.1852949652520192,-0.6505684099646967,0.0,0.8787878787878787,0.0,0.0,-0.5100338184029966,0.0,0.42471277428826837,-2.3629423847153137,-0.6829968743182837,-0.651087827846492,1.0,6.123233995736766e-17,0.9659258262890683,0.25881904510252074,-0.433883739117558,-0.9009688679024191
0.2707682268332536,2.438036687916014,0.09747940632609654,-0.9272528622983084,-3.117405603332603,-1.5533756707450774,-2.3085267992494725,2.178264769246435,-0.45888190600801404,-0.6555567113199937,0.8762835468274097,-0.4465048161789091,-0.6300702050012377,0.0,0.8787878787878787,0.0,0.0,-0.9310122059382657,0.0,0.49177491811642593,-2.093259746862672,-0.6752533832544025,-0.651087827846492,1.0,6.123233995736766e-17,1.0,6.123233995736766e-17,-0.433883739117558,-0.9009688679024191
0.26599162121600356,2.2801251184662625,0.09747940632609654,0.39122619189167684,-3.009529105552468,-1.8230186382533096,-2.9016625777682417,2.6958930464657995,-0.6793232268611149,-0.3108549033664334,1.4291075382371299,-0.6514128533997506,0.25476897592140807,0.0,0.8787878787878787,0.0,0.0,-0.19430002775154487,0.021049072303668,0.513605450016613,-2.4708154398563704,-0.4235899236782639,-0.5827185718849281,1.0,6.123233995736766e-17,0.9659258262890683,-0.25881904510252063,-0.433883739117558,-0.9009688679024191
0.1845489001097619,1.8327090050253017,-0.1921889013309754,0.9713569757352701,-3.063467354442536,-0.8523039552236732,-2.8477411433574447,1.9464909137750777,-0.6831906184550289,0.5063594952650412,0.8353336215378007,-0.6514128533997506,1.4607467012715776,0.0,0.8787878787878787,0.0,0.0,0.3845452551094506,0.07425106235008315,0.5432258760442469,-2.740498077709012,0.15717190611282517,0.2172017228653677,1.0,6.123233995736766e-17,0.8660254037844387,-0.4999999999999998,-0.433883739117558,-0.9009688679024191
0.3524969750642235,1.1221069425014227,-0.1921889013309754,1.5514877595788634,-2.3622701188716566,-0.8523039552236732,-2.955584012179039,1.9155877330455635,-0.6831906184550289,1.2770972456331142,0.9581833974066275,-0.6514128533997506,1.9868672953336912,0.0,0.0,0.0,0.0,1.121257433296172,0.29449300111290777,0.5487676372943997,-3.1180537707027107,1.0631603605869242,0.48384182111546636,1.0,6.123233995736766e-17,0.7071067811865476,-0.7071067811865475,-0.433883739117558,-0.9009688679024191
0.37445225295723145,0.9641953730516715,-0.1921889013309754,2.2898360299252554,-2.2543936210915216,-1.1758755162335521,-3.1712697498222275,0.9112343593363484,-0.6831906184550289,2.009104455781686,0.3746469620297005,-0.6514128533997506,2.150852935041363,0.8787878787878787,0.0,0.0,0.0,1.5422358208314406,0.5285274152525415,0.5334522448727465,-3.2259268258437674,1.7833050295278747,1.0889097363753057,1.0,6.123233995736766e-17,0.49999999999999994,-0.8660254037844387,-0.433883739117558,-0.9009688679024191
0.23166292262391605,0.6746908290604611,-0.350189796416651,2.448053516428054,-2.0925788744213185,-1.499447077243431,-3.1173483154114305,0.26226756401654794,-0.6831906184550289,2.373171533844997,0.18354731067819227,-0.6514128533997506,2.130354730077904,0.8787878787878787,0.0,0.0,0.0,1.8316584622619385,0.7158624641412941,0.541559649610472,-3.1180537707027107,2.325349403999558,1.3828975370100298,1.0,6.123233995736766e-17,0.258819045102521,-0.9659258262890682,-0.433883739117558,-0.9009688679024191
0.11641779434529818,0.09568174107804124,-0.7188585516165609,2.2898360299252554,-1.5531963855206425,0.8194824433273673,-2.685976840125053,-0.460094285535849,-0.6831906184550289,2.675269747557106,-0.4477640375366117,-0.6514128533997506,2.1030237901266253,0.8787878787878787,0.0,0.0,0.0,2.4368148943438883,0.867020054265962,0.5271294351799194,-3.1180537707027107,2.1859665648496964,0.8803835056925362,1.0,6.123233995736766e-17,1.2246467991473532e-16,-1.0,-0.433883739117558,-0.9009688679024191
0.11335160924179989,0.09568174107804124,-0.350189796416651,1.7097052460816622,-1.8228876299709806,-1.984804418758249,-2.146762496017081,-0.6802794482336385,-0.6831906184550289,2.737238611908308,-0.6525136639846563,-0.6514128533997506,1.9253726804433142,0.8787878787878787,0.0,0.0,0.0,2.278947999018162,0.9441482029988054,0.5501299775447931,-3.010180715561654,2.704780466129736,1.4341744789812025,1.0,6.123233995736766e-17,-0.2588190451025208,-0.9659258262890683,-0.433883739117558,-0.9009688679024191
0.11333444775160811,-0.19382280291316867,-0.6398581040737229,2.131618543422457,-0.8519991499497634,-1.9308758252566025,-2.8477411433574447,-0.6841423458248278,-0.6831906184550289,2.4661248303718,-0.6525136639846563,-0.6514128533997506,2.031280072754519,0.8787878787878787,0.0,0.0,0.0,1.8316584622619385,0.9684902000040873,0.5575137510674814,-3.0641172431321824,1.9536618329332607,0.8393619521155978,1.0,6.123233995736766e-17,-0.4999999999999997,-0.8660254037844388,-0.433883739117558,-0.9009688679024191
0.2048967298624667,-0.19382280291316867,-0.5081906915023265,1.9997706380034583,-0.8519991499497634,-2.1465901992631884,-2.9016625777682417,-0.6841423458248278,-0.6831906184550289,1.9200242132768337,-0.6525136639846563,-0.6514128533997506,2.1611020375230927,0.0,0.0,0.0,0.0,1.121257433296172,0.8813613546395141,0.5391256918430196,-2.3629423847153137,1.922687868677736,0.9624266128464127,1.0,6.123233995736766e-17,-0.7071067811865471,-0.7071067811865479,-0.433883739117558,-0.9009688679024191
0.15324635572915135,-0.19382280291316867,-0.5081906915023265,1.7097052460816622,-1.1756286432901693,-2.200518792764835,-3.0634268810006335,-0.6841423458248278,-0.6831906184550289,1.2383667054136132,-0.6525136639846563,-0.6514128533997506,1.429999393826389,0.0,0.0,0.8787878787878787,0.8787878787878787,0.9633905379704456,0.5855655617204004,0.5436280015163064,-2.255069329574257,0.9160340303731815,0.37786947437504254,1.0,6.123233995736766e-17,-0.8660254037844385,-0.5000000000000004,-0.433883739117558,-0.9009688679024191
0.11081743376654477,-0.3517343723629195,-0.7978589991593985,0.9713569757352701,-1.4992581366305748,-2.4162331667714207,-2.73989827453585,-0.6841423458248278,-0.6831906184550289,0.4715020090674901,-0.6525136639846563,-0.6514128533997506,1.1464408918318734,0.0,0.0,0.8787878787878787,0.8787878787878787,0.6739678965399476,0.1830609551166935,0.5456782216660451,-2.093259746862672,0.2655807810071618,0.186435557682664,1.0,6.123233995736766e-17,-0.9659258262890683,-0.25881904510252063,-0.433883739117558,-0.9009688679024191
0.17530458883411776,-0.7201947010790051,-0.9295264117307949,0.23300870538887822,0.8200865656423326,-2.308375979768128,-2.0389196271954866,-0.6841423458248278,-0.6561188772976306,-0.4231734700029868,-0.6525136639846563,-0.6309220496776665,-0.32601349804326285,0.0,0.0,0.8787878787878787,0.8787878787878787,0.09512261367895261,0.017800519956556578,0.5683907559390335,-1.5538944711573888,-0.45843563346572924,-0.4459800599618007,1.0,6.123233995736766e-17,-1.0,-1.8369701987210297e-16,-0.433883739117558,-0.9009688679024191
0.2909158334798909,-0.3517343723629195,0.38714771398316894,-0.18890459195191697,-1.9847023766411835,-2.901590508286239,-0.6369623325147594,-0.6841423458248278,-0.31192102543928013,-0.667175873385844,-0.6525136639846563,0.25359764432563303,-0.6369029399890573,0.0,0.0,0.8787878787878787,0.8787878787878787,0.09512261367895261,0.0,0.5718466993827058,-1.8235771090100303,-0.6791251287863431,-0.651087827846492,1.0,6.123233995736766e-17,-0.9659258262890684,0.2588190451025203,-0.433883739117558,-0.9009688679024191
0.3517704948614252,-0.6412389163541294,0.9664843292973129,-0.18890459195191697,-1.9307641277511158,-2.8476619147845925,-0.259512291639179,-0.6841423458248278,0.5040986008765844,-0.6826680894736445,-0.6525136639846563,1.4591399299749177,-0.6505684099646967,0.0,0.0,0.8787878787878787,0.8787878787878787,-0.19430002775154487,0.0,0.5627876847678445,-0.8527196127405202,-0.6829968743182837,-0.651087827846492,1.0,6.123233995736766e-17,-0.8660254037844386,0.5000000000000001,-0.433883739117558,-0.9009688679024191
0.43696009785042983,-0.5096459418126703,1.5458209446114568,-0.3471220784547151,-2.146517123311386,-2.9555191017878855,0.6571520933443734,-0.6841423458248278,1.2737095280654802,-0.6826680894736445,-0.6525136639846563,1.9850705588417445,-0.6505684099646967,0.0,0.0,0.0,0.0,-0.19430002775154487,0.0,0.5086263366215835,-0.8527196127405202,-0.6829968743182837,-0.651087827846492,1.0,6.123233995736766e-17,-0.7071067811865477,0.7071067811865474,-0.433883739117558,-0.9009688679024191
0.4014587065813657,-0.5096459418126703,2.2831584550112765,-0.47896998387371365,-2.200455372201454,-3.1712334757944713,0.9806806998091566,-0.6841423458248278,2.0046465393152357,-0.6826680894736445,-0.6525136639846563,2.1489969886184177,-0.6505684099646967,0.0,0.0,0.0,0.0,-0.19430002775154487,0.0,0.36620200712393625,-1.1763387781636903,-0.6829968743182837,-0.651087827846492,1.0,6.123233995736766e-17,-0.5000000000000004,0.8660254037844384,-0.433883739117558,-0.9009688679024191
0.45400145761086513,-0.7991504858038802,2.4411593500969526,-0.5844483082089126,-2.4162083677617243,-3.117304882292825,0.818916396576765,-0.6841423458248278,2.3681813491431565,-0.6826680894736445,-0.6525136639846563,2.1285061848963336,-0.6505684099646967,0.0,0.0,0.0,0.0,-0.3521669230772707,0.0,0.2849500739022719,-1.4999579435868604,-0.6829968743182837,-0.651087827846492,1.0,6.123233995736766e-17,-0.25881904510252157,0.9659258262890681,-0.433883739117558,-0.9009688679024191
0.35390710039030154,-0.9307434603453393,2.2831584550112765,-0.7954049568793099,-2.3083318699815893,-2.685876134279653,0.010094880414807005,-0.6571020626865027,2.6698378934684524,-0.6826680894736445,-0.6320387013398517,2.101185113266888,-0.6505684099646967,0.0,0.0,0.0,0.0,-0.7205230121706314,0.0,0.29658005884830463,0.8193127419458585,-0.6829968743182837,-0.651087827846492,1.0,6.123233995736766e-17,-2.4492935982947064e-16,1.0,-0.433883739117558,-0.9009688679024191
0.3043847373115745,0.3851862850692516,1.7038218396971327,-0.8481441190469096,-2.901652607772333,-2.1465901992631884,0.3336234868795902,-0.31330417707065605,2.7317161589710772,-0.6826680894736445,0.25179718616087376,1.923598147675492,-0.6505684099646967,0.0,0.0,0.0,0.0,-0.3521669230772707,0.0,0.32996497549114134,-1.9853866917216154,-0.6829968743182837,-0.651087827846492,1.0,6.123233995736766e-17,0.25881904510252074,0.9659258262890683,-0.9749279121818236,-0.2225209339563146
0.18307874389099307,0.9641953730516715,2.1251575599256007,-0.9799920244659082,-2.847714358882265,-2.8476619147845925,0.279702052468793,0.5017672146702838,2.4609987473970936,-0.6826680894736445,1.4564074884302025,2.0294673002395935,-0.6505684099646967,0.0,0.0,0.0,0.0,-0.6415895645077683,0.0,0.3193455030197313,-1.931450164151087,-0.6829968743182837,-0.651087827846492,1.0,6.123233995736766e-17,0.49999999999999994,0.8660254037844387,-0.9749279121818236,-0.2225209339563146
0.1800011052089408,1.5432044610340911,1.9934901473542042,-1.085470348801107,-2.9555908566624005,-2.901590508286239,0.279702052468793,1.2704838353169523,1.9156965326552127,-0.6826680894736445,1.98193152964685,2.1592423904794598,-0.6505684099646967,0.0,0.0,0.0,0.0,-0.5100338184029966,0.0,0.3198685580854135,-2.1471962744332003,-0.6829968743182837,-0.651087827846492,1.0,6.123233995736766e-17,0.7071067811865476,0.7071067811865476,-0.9749279121818236,-0.2225209339563146
0.17992102969570598,2.2801251184662625,1.7038218396971327,-1.2173182542201055,-3.171343852222671,-3.0633762887911784,0.4414663557011846,2.0005714800517276,1.2350356121263397,-0.6826680894736445,2.1457312308052856,1.4284037243917915,-0.6505684099646967,0.0,0.8787878787878787,0.0,0.0,-0.5100338184029966,0.0,0.3060731087771682,-2.2011328020037286,-0.6829968743182837,-0.651087827846492,1.0,6.123233995736766e-17,0.8660254037844386,0.5000000000000001,-0.9749279121818236,-0.2225209339563146
0.1795491916877207,2.438036687916014,0.9664843292973129,-1.2173182542201055,-3.117405603332603,-2.7398047277812996,0.279702052468793,2.3636838536235207,0.469292076531358,-0.6826680894736445,2.125256268160481,1.144947606236294,-0.6505684099646967,0.0,0.8787878787878787,0.0,0.0,-0.7994564598334941,0.0,0.3649474842367685,-2.416878912285842,-0.6829968743182837,-0.651087827846492,1.0,6.123233995736766e-17,0.9659258262890683,0.25881904510252074,-0.9749279121818236,-0.2225209339563146
0.23752643749327018,2.2801251184662625,0.22914681889749292,-1.085470348801107,-2.6858996122120624,-2.0387330122598954,0.4414663557011846,2.664989865736285,-0.4240753816627876,-0.6749219814297444,2.097956317967409,-0.3269751278000848,-0.6505684099646967,0.0,0.8787878787878787,0.0,0.0,-0.9310122059382657,0.0,0.43058864131529595,-2.3090058571447853,-0.6558946555946995,-0.6305770510580229,1.0,6.123233995736766e-17,1.0,6.123233995736766e-17,-0.9749279121818236,-0.2225209339563146
0.3026199697906834,1.7011160304838424,-0.1921889013309754,-0.9272528622983084,-2.146517123311386,-0.6365895812170874,0.6032306589335762,2.726796227195314,-0.6677210520793727,-0.5393650906614903,1.9205066417124368,-0.6377523175850279,-0.643735674976877,0.0,0.8787878787878787,0.0,0.0,0.3845452551094506,0.026326585850999788,0.45219959457598236,-2.9023076604205973,-0.3113093032519867,0.25480481364422775,1.0,6.123233995736766e-17,0.9659258262890683,-0.25881904510252063,-0.9749279121818236,-0.2225209339563146
0.18145413426049825,2.122213549016511,-0.1921889013309754,-0.7954049568793099,-2.847714358882265,-0.2590894267055621,0.6032306589335762,2.4563933958120634,-0.6831906184550289,-0.25275909303718164,2.026293948710593,-0.6514128533997506,-0.643735674976877,0.0,0.8787878787878787,0.0,0.0,0.9633905379704456,0.08542697511327052,0.46400434096777576,-2.848371132850069,0.5056290039874787,1.4615221813658281,1.0,6.123233995736766e-17,0.8660254037844387,-0.4999999999999998,-0.9749279121818236,-0.2225209339563146
0.15294316711423125,1.990620574475052,-0.350189796416651,-0.3471220784547151,-2.901652607772333,0.6576966628224279,0.1718591836471986,1.911724835454374,-0.6831906184550289,0.23911876775048313,2.155968712127688,-0.6514128533997506,-0.643735674976877,0.0,0.0,0.0,0.0,1.5422358208314406,0.3093942145825829,0.5056473505586039,-2.9562441879911256,1.2761063648436568,1.987965452269869,1.0,6.123233995736766e-17,0.7071067811865476,-0.7071067811865475,-0.9749279121818236,-0.2225209339563146
0.15612948608137003,1.7011160304838424,-0.48185720898804735,-0.05705668653291797,-3.063467354442536,0.9812682238323067,-0.259512291639179,1.2318548594050593,-0.6831906184550289,0.3165798481894855,1.4256950444629959,-0.6514128533997506,-0.6471520424707868,0.8787878787878787,0.0,0.0,0.0,2.278947999018162,0.5510233647834087,0.5169848713032025,-3.171990298273239,2.007866270380429,2.152051666577622,1.0,6.123233995736766e-17,0.49999999999999994,-0.8660254037844387,-0.9749279121818236,-0.2225209339563146
0.15931580161621076,0.9641953730516715,-0.5871911390451645,-0.3471220784547151,-2.73983786110213,0.8194824433273673,0.1718591836471986,0.46700113634958024,-0.6831906184550289,0.9401415457234542,1.1424580612098676,-0.6514128533997506,-0.643735674976877,0.8787878787878787,0.0,0.0,0.0,2.4368148943438883,0.7482870522930413,0.4954884451798902,-3.1180537707027107,2.371810350382845,2.131540889789153,1.0,6.123233995736766e-17,0.258819045102521,-0.9659258262890682,-0.9749279121818236,-0.2225209339563146
0.15927575699499727,0.22727471561950033,-0.7978589991593985,-0.18890459195191697,-2.0386406255312512,0.010553540802670241,0.010094880414807005,-0.4253282072151454,-0.6831906184550289,1.3080816778087152,-0.328326755441919,-0.6514128533997506,-0.4114226853910086,0.8787878787878787,0.0,0.0,0.0,2.278947999018162,0.8845766107573136,0.5001274600989962,-2.686561550138484,2.6738065018742114,2.1041931874045274,1.0,6.123233995736766e-17,1.2246467991473532e-16,-1.0,-0.9749279121818236,-0.2225209339563146
0.15796004389106033,-0.19382280291316867,-0.8505259641879573,0.1011607999698797,-0.6362461543894931,0.33412510181254906,-0.259512291639179,-0.6686907554600706,-0.6831906184550289,2.504855370591301,-0.63886368888812,-0.6514128533997506,1.1088608493988652,0.8787878787878787,0.0,0.0,0.0,1.700102716157167,0.9535113538731659,0.49278727449844817,-2.1471962744332003,2.735754430385261,1.9264331219044617,1.0,6.123233995736766e-17,-0.2588190451025208,-0.9659258262890683,-0.9749279121818236,-0.2225209339563146
0.15800580672080572,-0.19382280291316867,-0.9821933767593537,0.1011607999698797,-0.2586784121590197,0.2801965083109026,-0.3673551604607734,-0.6841423458248278,-0.6831906184550289,1.8580553489256317,-0.6525136639846563,-0.6514128533997506,0.7535586300322431,0.8787878787878787,0.0,0.0,0.0,2.1210811036924357,0.9556234678359437,0.5051485736070161,-2.848371132850069,2.464732243149419,2.0324054686448854,1.0,6.123233995736766e-17,-0.4999999999999997,-0.8660254037844388,-0.9749279121818236,-0.2225209339563146
0.18690575620375952,-0.3517343723629195,-1.0875273068164708,-0.18890459195191697,0.6582718189721298,0.2801965083109026,-0.529119463693165,-0.6841423458248278,-0.6831906184550289,0.6922660883186468,-0.6525136639846563,-0.6514128533997506,-0.4729173002813855,0.0,0.0,0.0,0.0,1.989525357587664,0.9026265570703703,0.5176011973515138,-2.9023076604205973,1.9188161231457954,2.1623070549718566,1.0,6.123233995736766e-17,-0.7071067811865471,-0.7071067811865479,-0.9749279121818236,-0.2225209339563146
0.216355834416301,-0.48332734690437856,-1.2191947193878672,-0.5053395649575132,0.9819013123125355,0.441982288815842,-0.09774798840678739,-0.6841423458248278,-0.6831906184550289,1.0524601123600075,-0.6525136639846563,-0.6514128533997506,0.8184696124165298,0.0,0.0,0.8787878787878787,0.8787878787878787,1.700102716157167,0.7693398059947156,0.5293320850080236,-3.0641172431321824,1.237388909524251,1.4307560161831243,1.0,6.123233995736766e-17,-0.8660254037844385,-0.5000000000000004,-0.9749279121818236,-0.2225209339563146
0.2352496740739976,-0.5886017265375459,-1.2191947193878672,-0.6371874703765118,0.8200865656423326,0.2801965083109026,-0.15166942281758458,-0.6841423458248278,-0.6831906184550289,0.21975349764073254,-0.6525136639846563,-0.6514128533997506,0.015623251347720022,0.0,0.0,0.8787878787878787,0.8787878787878787,0.9633905379704456,0.5404683430106072,0.5385566415316477,-2.740498077709012,0.4707832942000133,1.147023603942635,1.0,6.123233995736766e-17,-0.9659258262890683,-0.25881904510252063,-0.9749279121818236,-0.2225209339563146
0.2335506865450116,-0.7991504858038802,-1.0875273068164708,-0.6371874703765118,0.01101283229131838,0.441982288815842,-0.15166942281758458,-0.6841423458248278,-0.6754558352672009,-0.4541579021785877,-0.6525136639846563,-0.6514128533997506,-0.5309955476778526,0.0,0.0,0.8787878787878787,0.8787878787878787,0.22667835978372425,0.163935527026118,0.5417303134842335,-2.0393232192921436,-0.4235899236782639,-0.3263338620290641,1.0,6.123233995736766e-17,-1.0,-1.8369701987210297e-16,-0.9749279121818236,-0.2225209339563146
0.2667124003717602,-0.8517876756204641,-0.9295264117307949,-0.6371874703765118,0.3346423256317241,0.6037680693207814,-0.15166942281758458,-0.6841423458248278,-0.540097129480209,-0.6710489274077942,-0.6525136639846563,-0.6445825854923893,-0.6505684099646967,0.0,0.0,0.8787878787878787,0.8787878787878787,-0.19430002775154487,0.0,0.5685323782712517,-0.6369735024584068,-0.6675098921905214,-0.6374139766541792,1.0,6.123233995736766e-17,-0.9659258262890684,0.2588190451025203,-0.9749279121818236,-0.2225209339563146
0.362284756411261,-0.9833806501619232,-0.7978589991593985,-0.7954049568793099,0.2807040767416565,0.6037680693207814,0.010094880414807005,-0.6841423458248278,-0.2539101515305694,-0.6826680894736445,-0.6525136639846563,-0.6445825854923893,-0.6505684099646967,0.0,0.0,0.8787878787878787,0.8787878787878787,-0.19430002775154487,0.0,0.5572527869507902,-0.2594178094647084,-0.6829968743182837,-0.651087827846492,1.0,6.123233995736766e-17,-0.8660254037844386,0.5000000000000001,-0.9749279121818236,-0.2225209339563146
0.40808304179539184,-1.0886550297950905,-0.350189796416651,-0.7954049568793099,0.2807040767416565,0.17233932130760965,-0.15166942281758458,-0.6841423458248278,0.237248580896515,-0.6826680894736445,-0.6525136639846563,-0.6445825854923893,-0.6505684099646967,0.0,0.0,0.0,0.0,-0.3521669230772707,0.0,0.5328467773902328,0.6575031592342735,-0.6829968743182837,-0.651087827846492,1.0,6.123233995736766e-17,-0.7071067811865477,0.7071067811865474,-0.9749279121818236,-0.2225209339563146
0.39233737454443574,-1.2202480043365496,-0.06052148875957856,-0.6371874703765118,0.44251882341185933,-0.2590894267055621,-0.259512291639179,-0.6841423458248278,0.314596412774796,-0.6826680894736445,-0.6525136639846563,-0.64799771944607,-0.6505684099646967,0.0,0.0,0.0,0.0,-0.4837226691820424,0.0,0.4232681752799934,0.9811223246574435,-0.6829968743182837,-0.651087827846492,1.0,6.123233995736766e-17,-0.5000000000000004,0.8660254037844384,-0.9749279121818236,-0.2225209339563146
0.28953146755059084,-1.2202480043365496,-0.350189796416651,-0.6371874703765118,0.2807040767416565,0.17233932130760965,-0.259512291639179,-0.6841423458248278,0.9372464593949581,-0.6826680894736445,-0.6525136639846563,-0.6445825854923893,-0.6505684099646967,0.0,0.0,0.0,0.0,-0.5889672660658598,0.0,0.3374481663544572,0.8193127419458585,-0.6829968743182837,-0.651087827846492,1.0,6.123233995736766e-17,-0.25881904510252157,0.9659258262890681,-0.9749279121818236,-0.2225209339563146
0.19257477990477026,-1.0886550297950905,-0.1921889013309754,-1.5073836461419021,0.44251882341185933,0.010553540802670241,0.1179377492364014,-0.6764165506424492,1.3046486608167926,-0.6826680894736445,-0.6525136639846563,-0.41235347664210215,-0.6505684099646967,0.0,0.0,0.0,0.0,-0.7994564598334941,0.0,0.40820826647248265,0.010264828387933323,-0.6829968743182837,-0.651087827846492,1.0,6.123233995736766e-17,-2.4492935982947064e-16,1.0,-0.9749279121818236,-0.2225209339563146
0.18624217972711013,-0.9307434603453393,0.09747940632609654,-0.7954049568793099,0.6043335700820621,-0.2590894267055621,0.010094880414807005,-0.5412151349508241,2.4996726633362343,-0.6826680894736445,-0.645688676436388,1.1073811327458063,-0.6505684099646967,0.0,0.0,0.0,0.0,-0.852078758275403,0.0,0.3933652728826731,0.3338839938111034,-0.6829968743182837,-0.651087827846492,0.8660254037844387,-0.4999999999999998,0.25881904510252074,0.9659258262890683,-0.7818314824680299,0.6234898018587334
0.18502657302775985,-0.7991504858038802,0.09747940632609654,-0.7954049568793099,0.6043335700820621,-0.366946613708855,0.010094880414807005,-0.2553607132028167,1.8538182671525878,-0.6826680894736445,-0.645688676436388,0.7522072015630142,-0.6505684099646967,0.0,0.0,0.0,0.0,-0.9836345043801746,0.0,0.35679843792360244,0.27994746624057504,-0.6829968743182837,-0.651087827846492,0.8660254037844387,-0.4999999999999998,0.49999999999999994,0.8660254037844387,-0.7818314824680299,0.6234898018587334
0.181700113331715,-0.3517343723629195,-0.1921889013309754,-1.085470348801107,0.17282757896152123,-0.5287323942137945,0.279702052468793,0.23522728087822292,0.6897333973844588,-0.6826680894736445,-0.645688676436388,-0.4738258878083546,-0.6505684099646967,0.0,0.0,0.0,0.0,-1.088879101263992,0.0,0.3333873188444211,0.27994746624057504,-0.6829968743182837,-0.651087827846492,0.8660254037844387,-0.4999999999999998,0.7071067811865476,0.7071067811865476,-0.7818314824680299,0.6234898018587334
0.18120527205892922,-0.06222982837170911,-0.5081906915023265,-1.3755357407229036,-0.2586784121590197,-0.09730364620062269,0.4414663557011846,0.3124852327020087,1.0494008156184653,-0.6826680894736445,-0.6491011702105222,0.8170947466829475,-0.6505684099646967,0.0,0.8787878787878787,0.0,0.0,-1.2204348473687636,0.0,0.34342278486666256,0.44175704895216006,-0.6829968743182837,-0.651087827846492,0.8660254037844387,-0.4999999999999998,0.8660254037844386,0.5000000000000001,-0.7818314824680299,0.6234898018587334
0.18051594991469416,-0.3517343723629195,-0.6398581040737229,-1.5073836461419021,0.17282757896152123,-0.15123223970226915,0.279702052468793,0.9344117448834841,0.21791162292694474,-0.6826680894736445,-0.645688676436388,0.014538267567984518,-0.6505684099646967,0.0,0.8787878787878787,0.0,0.0,-1.2204348473687636,0.0,0.367144243805124,0.27994746624057504,-0.6829968743182837,-0.651087827846492,0.8660254037844387,-0.4999999999999998,0.9659258262890683,0.25881904510252074,-0.7818314824680299,0.6234898018587334
0.1794805628884438,-0.19382280291316867,-0.6398581040737229,-1.3755357407229036,0.01101283229131838,-0.15123223970226915,0.010094880414807005,1.3013870160464664,-0.45501451441409996,-0.667175873385844,-0.4136390997952709,-0.5318831650209264,-0.6471520424707868,0.0,0.8787878787878787,0.0,0.0,-1.088879101263992,0.0,0.35286369319183797,0.44175704895216006,-0.6752533832544025,-0.651087827846492,0.8660254037844387,-0.4999999999999998,1.0,6.123233995736766e-17,-0.7818314824680299,0.6234898018587334
0.1954350168290731,0.09568174107804124,-0.6398581040737229,-1.3755357407229036,-0.2586784121590197,-0.15123223970226915,0.010094880414807005,2.4950223717239566,-0.6715884436732867,-0.34183933554203433,1.1049206296943928,-0.6514128533997506,-0.0800350384817552,0.0,0.8787878787878787,0.0,0.0,-0.9310122059382657,0.020073398055689667,0.3815271824987373,0.6035666316637451,-0.5397422896364817,-0.6442509022503355,0.8660254037844387,-0.4999999999999998,0.9659258262890683,-0.25881904510252063,-0.7818314824680299,0.6234898018587334
0.29418223139256255,0.09568174107804124,-0.7978589991593985,-1.085470348801107,-0.36655490993915496,0.010553540802670241,-0.259512291639179,1.8499184739953456,-0.6831906184550289,0.27397625394803415,0.7500212771844488,-0.6514128533997506,0.4734164955316371,0.0,0.8787878787878787,0.0,0.0,-0.7994564598334941,0.07614697567100165,0.43815060800029415,0.6035666316637451,-0.25323312027287775,-0.6442509022503355,0.8660254037844387,-0.4999999999999998,0.8660254037844387,-0.4999999999999998,-0.7818314824680299,0.6234898018587334
0.2334934701367122,-0.19382280291316867,-0.7978589991593985,-0.7954049568793099,-0.5283696566093578,-0.15123223970226915,-0.6369623325147594,0.6871862990473697,-0.6831906184550289,1.13379424682096,-0.4750639877296843,-0.6514128533997506,1.2591810191308976,0.0,0.0,0.0,0.0,-0.3521669230772707,0.30488170139500903,0.5133260980455759,0.17207441109951835,0.23847856228357764,-0.6442509022503355,0.8660254037844387,-0.4999999999999998,0.7071067811865476,-0.7071067811865475,-0.7818314824680299,0.6234898018587334
0.2345346062621768,-0.5096459418126703,-0.6398581040737229,-0.7954049568793099,-0.09686366548881685,-0.2590894267055621,-0.6369623325147594,1.0464357750279736,-0.6831906184550289,1.830943970771981,0.8148586588929962,-0.6514128533997506,1.40950118886293,0.8787878787878787,0.0,0.0,0.0,-0.06274428164677277,0.5453301033888766,0.5558917784112964,-0.2594178094647084,0.3159134729223895,-0.6476693650484138,0.8660254037844387,-0.4999999999999998,0.49999999999999994,-0.8660254037844387,-0.7818314824680299,0.6234898018587334
0.23908812623612585,-0.6412389163541294,-0.6398581040737229,-0.6371874703765118,-0.15080191437888446,-0.2590894267055621,-0.6369623325147594,0.21591279292227647,-0.6831906184550289,2.040088887957287,0.012922621971488494,-0.6514128533997506,1.6383978109548887,0.8787878787878787,0.0,0.0,0.0,-0.3521669230772707,0.7390791002178984,0.5403374975420969,0.17207441109951835,0.9392645035648252,-0.6442509022503355,0.8660254037844387,-0.4999999999999998,0.258819045102521,-0.9659258262890682,-0.7818314824680299,0.6234898018587334
0.15703618252497029,-0.6412389163541294,-1.5088630270449392,-0.5053395649575132,-0.15080191437888446,0.11841072780596318,-0.7448052013363538,-0.4562313879446597,-0.6831906184550289,2.4971092625474007,-0.5330763818899635,-0.6514128533997506,1.7203906308087247,0.8787878787878787,0.0,0.0,0.0,-0.19430002775154487,0.8684086610961674,0.5351913056488051,0.010264828387933323,1.3070803290991815,-0.4117954319810188,0.8660254037844387,-0.4999999999999998,1.2246467991473532e-16,-1.0,-0.7818314824680299,0.6234898018587334
0.1560951562363904,-0.6412389163541294,-0.7978589991593985,-0.3471220784547151,-0.15080191437888446,0.010553540802670241,-0.7448052013363538,-0.6725536530512599,-0.6831906184550289,2.748857773974158,-0.6525136639846563,-0.6514128533997506,2.2430948573769283,0.8787878787878787,0.0,0.0,0.0,0.09512261367895261,0.942468490319746,0.508712897830064,-0.2594178094647084,2.5034496984688253,1.1094205131637749,0.8660254037844387,-0.4999999999999998,-0.2588190451025208,-0.9659258262890683,-0.7818314824680299,0.6234898018587334
0.17777584342173375,-0.7991504858038802,-0.7978589991593985,-0.3471220784547151,0.01101283229131838,0.010553540802670241,-0.8526480701579482,-0.6841423458248278,-0.6831906184550289,2.4971092625474007,-0.6525136639846563,-0.6514128533997506,2.1576856700291827,0.8787878787878787,0.0,0.0,0.0,0.09512261367895261,0.9402066989895274,0.49395564593433516,-0.3672908646057651,1.8568681946347458,0.7539003821636432,0.8660254037844387,-0.4999999999999998,-0.4999999999999997,-0.8660254037844388,-0.7818314824680299,0.6234898018587334
0.19445681188814176,-0.7991504858038802,-1.0875273068164708,-0.3471220784547151,-0.15080191437888446,0.2801965083109026,-0.6369623325147594,-0.6841423458248278,-0.6831906184550289,1.9742469695841351,-0.6525136639846563,-0.6514128533997506,1.792134348180831,0.0,0.0,0.0,0.0,-0.19430002775154487,0.8991452078548979,0.4975634556402233,-0.5291004473173502,0.6914727895206272,-0.4733277623464262,0.8660254037844387,-0.4999999999999998,-0.7071067811865471,-0.7071067811865479,-0.7818314824680299,0.6234898018587334
0.3144327898188604,-0.6412389163541294,-1.3771956144735429,-0.6371874703765118,-0.2586784121590197,0.441982288815842,-0.4212765948715706,-0.6841423458248278,-0.6831906184550289,1.1570325709526608,-0.6525136639846563,-0.6514128533997506,0.9175442697399148,0.0,0.0,0.8787878787878787,0.8787878787878787,-0.5100338184029966,0.7752234436959777,0.49083703510548693,-0.09760822675312336,1.0515451239911024,0.8188511753271287,0.8660254037844387,-0.4999999999999998,-0.8660254037844385,-0.5000000000000004,-0.7818314824680299,0.6234898018587334
0.319935896232697,-0.6412389163541294,-1.5088630270449392,-0.6371874703765118,-0.2586784121590197,0.2801965083109026,-1.1222552422119343,-0.6841423458248278,-0.6831906184550289,-0.1520596884664786,-0.6525136639846563,-0.6514128533997506,-0.3055152930798039,0.0,0.0,0.8787878787878787,0.8787878787878787,-0.6415895645077683,0.5563175131407415,0.5108809231747761,-0.15154475432365172,0.2191198346238747,0.015512417778754636,0.8660254037844387,-0.4999999999999998,-0.9659258262890683,-0.25881904510252063,-0.7818314824680299,0.6234898018587334
0.47654592378513716,-1.5097525483277596,-1.3771956144735429,-0.9272528622983084,0.11888933007145361,0.010553540802670241,-0.798726635747151,-0.6841423458248278,-0.6677210520793727,-0.3844429297834856,-0.6525136639846563,-0.64799771944607,-0.24060431069551716,0.0,0.0,0.8787878787878787,0.8787878787878787,-0.6415895645077683,0.17682995948572933,0.5301702433604352,-0.15154475432365172,-0.45456388793378866,-0.5314416299137554,0.8660254037844387,-0.4999999999999998,-1.0,-1.8369701987210297e-16,-0.7818314824680299,0.6234898018587334
0.6690177682236492,-0.7991504858038802,-1.3771956144735429,-1.2173182542201055,0.01101283229131838,0.010553540802670241,-0.4212765948715706,-0.6841423458248278,-0.3428601581905925,-0.6594297653419439,-0.6525136639846563,-0.0810854831350749,-0.6095720000377787,0.0,0.0,0.8787878787878787,0.8787878787878787,-0.6415895645077683,0.0,0.5094339680626018,-0.15154475432365172,-0.671381637722462,-0.651087827846492,0.8660254037844387,-0.4999999999999998,-0.9659258262890684,0.2588190451025203,-0.7818314824680299,0.6234898018587334
0.6301241338343371,-0.7991504858038802,-1.0875273068164708,-0.9272528622983084,0.01101283229131838,-0.2590894267055621,-0.6908837669255565,-0.6841423458248278,0.2720551052417414,-0.6826680894736445,-0.6525136639846563,0.4721662173611974,-0.6505684099646967,0.0,0.0,0.8787878787878787,0.8787878787878787,-0.7994564598334941,0.0,0.5128608187450806,0.010264828387933323,-0.6829968743182837,-0.651087827846492,0.8660254037844387,-0.4999999999999998,-0.8660254037844386,0.5000000000000001,-0.7818314824680299,0.6234898018587334
0.653538138393646,-1.0886550297950905,-0.7978589991593985,-0.9272528622983084,0.2807040767416565,-0.6365895812170874,-0.4212765948715706,-0.6841423458248278,1.1306160390906606,-0.6826680894736445,-0.6525136639846563,1.2576470267077569,-0.6505684099646967,0.0,0.0,0.0,0.0,-0.7994564598334941,0.0,0.48175707165378046,-0.15154475432365172,-0.6829968743182837,-0.651087827846492,0.8660254037844387,-0.4999999999999998,-0.7071067811865477,0.7071067811865474,-0.7818314824680299,0.6234898018587334
0.5179223109604938,-1.3781595737863004,-0.7978589991593985,-1.2173182542201055,0.44251882341185933,-0.6365895812170874,-0.3134337260499762,-0.6841423458248278,1.8267465259951894,-0.6826680894736445,-0.6525136639846563,1.4079129206697074,-0.6505684099646967,0.0,0.0,0.0,0.0,-0.6415895645077683,0.0,0.47683901208153734,-0.2594178094647084,-0.6829968743182837,-0.651087827846492,0.8660254037844387,-0.4999999999999998,-0.5000000000000004,0.8660254037844384,-0.7818314824680299,0.6234898018587334
0.3470968375915376,-1.5097525483277596,-0.6398581040737229,-1.3755357407229036,0.2807040767416565,-0.6365895812170874,0.1179377492364014,-0.6841423458248278,2.0355856720665484,-0.6826680894736445,-0.6525136639846563,1.636726895566314,-0.6505684099646967,0.0,0.0,0.0,0.0,-0.6415895645077683,0.0,0.4664103840259842,-0.2594178094647084,-0.6829968743182837,-0.651087827846492,0.8660254037844387,-0.4999999999999998,-0.25881904510252157,0.9659258262890681,-0.7818314824680299,0.6234898018587334
0.3584977646936217,-1.3781595737863004,-0.5081906915023265,-1.085470348801107,0.01101283229131838,-0.7444467682203804,0.010094880414807005,-0.6686907554600706,2.4919378801484062,-0.6826680894736445,-0.6491011702105222,1.7186901104546504,-0.6505684099646967,0.0,0.0,0.0,0.0,-1.509857488799261,0.0,0.47568872118209615,0.11813788352899002,-0.6829968743182837,-0.651087827846492,0.8660254037844387,-0.4999999999999998,-2.4492935982947064e-16,1.0,-0.7818314824680299,0.6234898018587334
0.2020479224906316,-1.3781595737863004,-0.350189796416651,-1.2173182542201055,0.01101283229131838,-0.7444467682203804,-0.15166942281758458,-0.34420735780017037,2.7433183337528195,-0.6826680894736445,-0.08262720370426561,2.2412056053677967,-0.6505684099646967,0.0,0.0,0.0,0.0,-0.7994564598334941,0.0,0.4365135767670125,0.010264828387933323,-0.6829968743182837,-0.651087827846492,0.8660254037844387,-0.4999999999999998,0.25881904510252074,0.9659258262890683,-2.4492935982947064e-16,1.0
0.18214057670667916,-1.0886550297950905,-0.350189796416651,-1.3755357407229036,-0.2586784121590197,-0.8523039552236732,-0.15166942281758458,0.26999335919892653,2.4919378801484062,-0.6826680894736445,0.4701967877054546,2.1558272565257792,-0.6505684099646967,0.0,0.0,0.0,0.0,-0.7994564598334941,0.0,0.3708210975991967,0.010264828387933323,-0.6829968743182837,-0.651087827846492,0.8660254037844387,-0.4999999999999998,0.49999999999999994,0.8660254037844387,-2.4492935982947064e-16,1.0
0.17987527716285467,-0.7991504858038802,-0.350189796416651,-1.6656011326447004,-0.6362461543894931,-0.6365895812170874,-0.04382655399599019,1.1275566244429485,1.9698400149700093,-0.6826680894736445,1.255070355756292,1.790407923481945,-0.6505684099646967,0.0,0.0,0.0,0.0,-1.088879101263992,0.0,0.38689187741888,0.27994746624057504,-0.6829968743182837,-0.651087827846492,0.8660254037844387,-0.4999999999999998,0.7071067811865476,0.7071067811865476,-2.4492935982947064e-16,1.0
0.1800239986368566,-0.7991504858038802,-0.6398581040737229,-1.6656011326447004,-0.6362461543894931,-0.4208752072105015,-0.04382655399599019,1.8228781908570204,1.1538203886541447,-0.6826680894736445,1.4052200818181915,0.9161336313396875,-0.6505684099646967,0.0,0.8787878787878787,0.0,0.0,-1.3783017426944895,0.0,0.37462005903884166,0.44175704895216006,-0.6829968743182837,-0.651087827846492,0.8660254037844387,-0.4999999999999998,0.8660254037844386,0.5000000000000001,-2.4492935982947064e-16,1.0
0.17996680282234548,-0.6412389163541294,-0.6398581040737229,-1.8238186191474985,-0.6362461543894931,-1.1219469227319057,0.1179377492364014,2.031474660781242,-0.15335797008880409,-0.6826680894736445,1.6338571646851745,-0.30648432407800064,-0.6505684099646967,0.0,0.8787878787878787,0.0,0.0,-1.509857488799261,0.0,0.3590855489545377,0.27994746624057504,-0.6829968743182837,-0.651087827846492,0.8660254037844387,-0.4999999999999998,0.9659258262890683,0.25881904510252074,-2.4492935982947064e-16,1.0
0.17947483095071975,-0.5096459418126703,-0.9295264117307949,-1.8238186191474985,-0.7441226521696283,-0.7983753617220268,0.1179377492364014,2.4872965765415778,-0.3854014657236471,-0.6439375492541434,1.7157570152643922,-0.24159677895806747,-0.5822410600865,0.0,0.8787878787878787,0.0,0.0,-1.3783017426944895,0.0,0.3826015658768954,0.010264828387933323,-0.6675098921905214,-0.6476693650484138,0.8660254037844387,-0.4999999999999998,1.0,6.123233995736766e-17,-2.4492935982947064e-16,1.0
0.2111263370728899,-0.3517343723629195,-1.2191947193878672,-1.3755357407229036,-0.7441226521696283,-0.4208752072105015,-0.15166942281758458,2.7383849199688814,-0.6599862688915447,-0.2721243631469322,2.2378685627069057,-0.6104312459555824,0.654483972708858,0.0,0.8787878787878787,0.0,0.0,-1.3783017426944895,0.0233995617765993,0.308472954257728,0.010264828387933323,-0.3422832675075114,-0.08020454056743462,0.8660254037844387,-0.4999999999999998,0.9659258262890683,-0.25881904510252063,-2.4492935982947064e-16,1.0
0.23293287289810757,-0.3517343723629195,-0.9295264117307949,-0.9272528622983084,-0.8519991499497634,-0.6905181747187339,-0.15166942281758458,2.4872965765415778,-0.6831906184550289,0.35918344243093675,2.152556218353554,-0.6514128533997506,0.8116368774287102,0.0,0.8787878787878787,0.0,0.0,-1.088879101263992,0.08192895516522891,0.35980088258627674,-0.2594178094647084,0.273324272071043,0.4735864327212318,0.8660254037844387,-0.4999999999999998,0.8660254037844387,-0.4999999999999998,-2.4492935982947064e-16,1.0
0.3130312795608587,-0.3517343723629195,-0.9295264117307949,-0.5053395649575132,-0.6362461543894931,-0.4208752072105015,-0.529119463693165,1.9658054017310242,-0.6831906184550289,1.4436385685769693,1.7874193845212079,-0.6514128533997506,2.133771097571814,0.0,0.0,0.0,0.0,-0.7994564598334941,0.306106847235314,0.3918782640042078,-0.6369735024584068,1.132851780161855,1.259832876279215,0.8660254037844387,-0.4999999999999998,0.7071067811865476,-0.7071067811865475,-2.4492935982947064e-16,1.0
0.4207081666388162,-0.6412389163541294,-1.2191947193878672,-0.05705668653291797,-0.42049315882922256,-0.3130180202072086,-0.7448052013363538,1.1507340099900842,-0.6831906184550289,1.9471355914304844,0.9138209783428844,-0.6514128533997506,1.6623123834122575,0.8787878787878787,0.0,0.0,0.0,-0.7994564598334941,0.5417489160431573,0.4423343314506526,-0.6369735024584068,1.8297659759111617,1.4102452393946552,0.8660254037844387,-0.4999999999999998,0.49999999999999994,-0.8660254037844387,-2.4492935982947064e-16,1.0
0.38559006009169516,-0.6412389163541294,-1.3771956144735429,0.1011607999698797,-1.1216903944001015,0.11841072780596318,-0.7448052013363538,-0.15492537583189522,-0.6831906184550289,2.439013452218149,-0.3078517927971146,-0.6514128533997506,1.693059690857446,0.8787878787878787,0.0,0.0,0.0,-0.6415895645077683,0.721400606564538,0.41898908084135644,-0.6369735024584068,2.0388402346359538,1.6392822468658939,0.8660254037844387,-0.4999999999999998,0.258819045102521,-0.9659258262890682,-2.4492935982947064e-16,1.0
0.3783593407832327,-0.9307434603453393,-1.0875273068164708,-0.18890459195191697,-0.7980609010596958,0.010553540802670241,-0.09774798840678739,-0.38669923130325257,-0.6831906184550289,2.4738709384157,-0.24301441108856717,-0.6514128533997506,1.6042341360157903,0.8787878787878787,0.0,0.0,0.0,-0.5100338184029966,0.8437479510831478,0.3820327204441235,-0.7448465575994635,2.495706207404944,1.7213253540197704,0.8660254037844387,-0.4999999999999998,1.2246467991473532e-16,-1.0,-2.4492935982947064e-16,1.0
0.27269604567245675,-1.2202480043365496,-1.2191947193878672,-0.05705668653291797,-0.42049315882922256,-0.15123223970226915,-0.7448052013363538,-0.660964960277692,-0.6831906184550289,2.872795502676562,-0.6115637386950473,-0.6514128533997506,2.4788242144567065,0.8787878787878787,0.0,0.0,0.0,-0.3521669230772707,0.9219072637880928,0.35277636368860765,-0.7448465575994635,2.7473696669810823,2.244350162125733,0.8660254037844387,-0.4999999999999998,-0.2588190451025208,-0.9659258262890683,-2.4492935982947064e-16,1.0
0.14030659555684893,-0.9307434603453393,-1.3771956144735429,-0.18890459195191697,-0.6901844032795607,-0.15123223970226915,-0.529119463693165,-0.6841423458248278,-0.6831906184550289,2.5939356130961535,-0.6525136639846563,-0.6514128533997506,2.4173295995663295,0.8787878787878787,0.0,0.0,0.0,-0.3521669230772707,0.9484167354251232,0.3309467025224704,-0.8527196127405202,2.495706207404944,2.1588885921737786,0.8660254037844387,-0.4999999999999998,-0.4999999999999997,-0.8660254037844388,-2.4492935982947064e-16,1.0
0.1389222296275488,-0.9307434603453393,-1.6668639221306147,-0.18890459195191697,-0.42049315882922256,-0.04337505269897623,-1.068333807801137,-0.6841423458248278,-0.6831906184550289,2.067200266110938,-0.6525136639846563,-0.6514128533997506,2.290924002291666,0.0,0.0,0.0,0.0,-0.3521669230772707,0.8800197664596675,0.34872161131692014,-0.6369735024584068,1.9730205605929638,1.7931130727794122,0.8660254037844387,-0.4999999999999998,-0.7071067811865471,-0.7071067811865479,-2.4492935982947064e-16,1.0
0.1387734944243547,-1.2202480043365496,-1.6668639221306147,-0.18890459195191697,-0.3126166610490873,-0.04337505269897623,-0.9604909389795426,-0.6841423458248278,-0.6831906184550289,1.3700505421599172,-0.6525136639846563,-0.6514128533997506,2.1064401576205354,0.0,0.0,0.8787878787878787,0.8787878787878787,-0.6415895645077683,0.76036654803172,0.3639844011580352,-0.42122739217629346,1.1560822533534985,0.9179865964713962,0.8660254037844387,-0.4999999999999998,-0.8660254037844385,-0.5000000000000004,-2.4492935982947064e-16,1.0
0.1377152105378905,-1.3781595737863004,-1.8248648172162902,-0.5053395649575132,0.11888933007145361,0.11841072780596318,-0.259512291639179,-0.6841423458248278,-0.6831906184550289,0.4947403331991908,-0.6525136639846563,-0.6514128533997506,1.6247323409792493,0.0,0.0,0.8787878787878787,0.8787878787878787,-0.6415895645077683,0.5288212219463369,0.4178276752778678,-1.122402250593162,-0.15256773644242233,-0.305823085240595,0.8660254037844387,-0.4999999999999998,-0.9659258262890683,-0.25881904510252063,-2.4492935982947064e-16,1.0
0.15316054484589442,-1.0886550297950905,-1.8248648172162902,-0.7954049568793099,0.01101283229131838,0.11841072780596318,0.010094880414807005,-0.6841423458248278,-0.6445167025158884,-0.32247406543228374,-0.6525136639846563,-0.5831101743261368,0.596405725312391,0.0,0.0,0.8787878787878787,0.8787878787878787,-0.9310122059382657,0.16402421585557234,0.41539561263746516,-0.7987830851699919,-0.38487246835885797,-0.24087229207710945,0.8660254037844387,-0.4999999999999998,-1.0,-1.8369701987210297e-16,-2.4492935982947064e-16,1.0
0.41474169998980165,-1.2202480043365496,-1.3771956144735429,-0.9272528622983084,-0.15080191437888446,-0.15123223970226915,0.1718591836471986,-0.6841423458248278,-0.27324710950013964,-0.6594297653419439,-0.6525136639846563,0.6531683169062742,-0.6129883675316885,0.0,0.0,0.8787878787878787,0.8787878787878787,-1.2204348473687636,0.0,0.43346718564464815,-0.42122739217629346,-0.6597664011266401,-0.6100662742695537,0.8660254037844387,-0.4999999999999998,-0.9659258262890684,0.2588190451025203,-2.4492935982947064e-16,1.0
0.5285452390662239,-1.3781595737863004,-0.9295264117307949,-0.9272528622983084,-0.15080191437888446,-0.15123223970226915,0.1718591836471986,-0.6841423458248278,0.3571377203078505,-0.6826680894736445,-0.6525136639846563,0.810264478775586,-0.6505684099646967,0.0,0.0,0.8787878787878787,0.8787878787878787,-0.9310122059382657,0.0,0.5077648733284273,-0.6909100300289351,-0.6829968743182837,-0.651087827846492,0.8660254037844387,-0.4999999999999998,-0.8660254037844386,0.5000000000000001,-2.4492935982947064e-16,1.0
0.6277272228222318,-1.6676641177775104,-0.5081906915023265,-1.085470348801107,-0.04292541659874924,-0.5287323942137945,0.1718591836471986,-0.6841423458248278,1.4400073666037845,-0.6826680894736445,-0.6525136639846563,2.1319213188500146,-0.6505684099646967,0.0,0.0,0.0,0.0,-0.9310122059382657,0.0,0.5074876213630398,-0.42122739217629346,-0.6829968743182837,-0.651087827846492,0.8660254037844387,-0.4999999999999998,-0.7071067811865477,0.7071067811865474,-2.4492935982947064e-16,1.0
0.6454149872722307,-1.6676641177775104,-0.06052148875957856,-0.9272528622983084,-0.04292541659874924,-0.7444467682203804,0.010094880414807005,-0.6841423458248278,1.942768273812611,-0.6826680894736445,-0.6525136639846563,1.6606328332420788,-0.6505684099646967,0.0,0.0,0.0,0.0,-1.2204348473687636,0.0,0.41206807685631397,-0.31335433703523674,-0.6829968743182837,-0.651087827846492,0.8660254037844387,-0.4999999999999998,-0.5000000000000004,0.8660254037844384,-2.4492935982947064e-16,1.0
0.36543673866882403,-1.8255756872272613,0.09747940632609654,-0.9272528622983084,0.11888933007145361,-0.7444467682203804,0.1718591836471986,-0.6841423458248278,2.433927006239695,-0.6826680894736445,-0.6525136639846563,1.691369038825205,-0.6505684099646967,0.0,0.0,0.0,0.0,-1.3783017426944895,0.0,0.3827660833926584,0.11813788352899002,-0.6829968743182837,-0.651087827846492,0.8660254037844387,-0.4999999999999998,-0.25881904510252157,0.9659258262890681,-2.4492935982947064e-16,1.0
0.7382415220425371,-1.8255756872272613,-0.1921889013309754,-0.05705668653291797,0.11888933007145361,-0.09730364620062269,-0.7448052013363538,-0.6455133699129348,2.4687335305849216,-0.6826680894736445,-0.5842637885019747,1.602575556029507,-0.6505684099646967,0.0,0.0,0.0,0.0,-1.088879101263992,0.0,0.37708777055563636,0.010264828387933323,-0.6829968743182837,-0.651087827846492,0.8660254037844387,-0.4999999999999998,-2.4492935982947064e-16,1.0,-2.4492935982947064e-16,1.0
0.1828213215381164,-1.3781595737863004,-0.06052148875957856,-1.2173182542201055,-0.15080191437888446,-0.7444467682203804,0.1179377492364014,-0.27467520115876315,2.867074864758069,-0.6826680894736445,0.6510589577345606,2.4768498481717645,-0.6505684099646967,0.0,0.0,0.0,0.0,-1.2204348473687636,0.0,0.3892615545255965,-0.15154475432365172,-0.6829968743182837,-0.651087827846492,0.8660254037844387,-0.4999999999999998,0.25881904510252074,0.9659258262890683,0.7818314824680298,0.6234898018587336
0.1843830171455682,-0.9307434603453393,-0.1921889013309754,-1.3755357407229036,-0.15080191437888446,-0.5287323942137945,0.279702052468793,0.3549771062050909,2.5886226699962576,-0.6826680894736445,0.808033671344728,2.415377437005512,-0.6505684099646967,0.0,0.0,0.0,0.0,-1.3783017426944895,0.0,0.39443893918573136,-0.15154475432365172,-0.6829968743182837,-0.651087827846492,0.8660254037844387,-0.4999999999999998,0.49999999999999994,0.8660254037844387,0.7818314824680298,0.6234898018587336
0.1816943951231831,-0.5096459418126703,-0.1921889013309754,-1.3755357407229036,-0.5283696566093578,-1.0680183292302592,0.279702052468793,1.4365884317380917,2.0626574132239464,-0.6826680894736445,2.128668761934615,2.2890174807193264,-0.6505684099646967,0.0,0.0,0.0,0.0,-1.6677243841249871,0.0,0.38034846469355255,-0.043671699182595024,-0.6829968743182837,-0.651087827846492,0.8660254037844387,-0.4999999999999998,0.7071067811865476,0.7071067811865476,0.7818314824680298,0.6234898018587336
0.18238083756936407,-0.06222982837170911,-0.1921889013309754,-1.5073836461419021,-0.7441226521696283,-0.9601611422269661,0.279702052468793,1.938765118592699,1.3665269263194175,-0.6826680894736445,1.657744621104113,2.104600247220569,-0.6505684099646967,0.0,0.8787878787878787,0.0,0.0,-1.6677243841249871,0.0,0.3772679100646458,-0.043671699182595024,-0.6829968743182837,-0.651087827846492,0.8660254037844387,-0.4999999999999998,0.8660254037844386,0.5000000000000001,0.7818314824680298,0.6234898018587336
0.18760937730162242,0.09568174107804124,-0.5081906915023265,-1.6656011326447004,-0.7441226521696283,-0.2590894267055621,0.279702052468793,2.4293531126737387,0.4924964260948423,-0.6826680894736445,1.6884570650713195,1.623066359751591,-0.6505684099646967,0.0,0.8787878787878787,0.0,0.0,-1.825591279450713,0.0,0.4326330736445858,0.11813788352899002,-0.6829968743182837,-0.651087827846492,0.8660254037844387,-0.4999999999999998,0.9659258262890683,0.25881904510252074,0.7818314824680298,0.6234898018587336
0.18160858767222424,-0.19382280291316867,-0.7978589991593985,-1.6656011326447004,-0.09686366548881685,0.010553540802670241,0.1179377492364014,2.464119190994442,-0.32352320022102227,-0.6361914412102432,1.5997322269438337,0.5951110396937024,-0.5173300777022133,0.0,0.8787878787878787,0.0,0.0,-1.825591279450713,0.0,0.6009754679901004,0.11813788352899002,-0.6442794189988778,-0.5827185718849281,0.8660254037844387,-0.4999999999999998,1.0,6.123233995736766e-17,0.7818314824680298,0.6234898018587336
0.28212341856397666,-0.06222982837170911,-0.9295264117307949,-1.2173182542201055,-0.7441226521696283,0.17233932130760965,0.010094880414807005,2.861997642886939,-0.6599862688915447,-0.2217746608615807,2.473330633122157,-0.613846379909263,0.9892879871120211,0.0,0.8787878787878787,0.0,0.0,-1.3783017426944895,0.026509524855649818,0.6232959670620771,-0.15154475432365172,-0.27259184793258073,0.6547649610193758,0.8660254037844387,-0.4999999999999998,0.9659258262890683,-0.25881904510252063,0.7818314824680298,0.6234898018587336
0.2885361011194677,-0.19382280291316867,-0.9295264117307949,-0.6371874703765118,-0.5283696566093578,0.17233932130760965,-0.529119463693165,2.58386901632131,-0.6831906184550289,0.6302972239674449,2.4119057451877435,-0.6514128533997506,1.8775435355285768,0.0,0.8787878787878787,0.0,0.0,-0.9310122059382657,0.09313258418546987,0.5477367906187317,-0.15154475432365172,0.35850267377373607,0.8120142497309724,0.8660254037844387,-0.4999999999999998,0.8660254037844387,-0.4999999999999998,0.7818314824680298,0.6234898018587336
0.1542188424615508,-0.19382280291316867,-1.0875273068164708,0.1011607999698797,-1.067752145510034,0.17233932130760965,-1.068333807801137,2.0585149439195667,-0.6831906184550289,1.4862421628184206,2.285643475544783,-0.6514128533997506,2.2635930623403873,0.0,0.0,0.0,0.0,-0.5100338184029966,0.319555631445307,0.5386002806734379,-0.5291004473173502,1.4425914227171024,2.1349593525872312,0.8660254037844387,-0.4999999999999998,0.7071067811865476,-0.7071067811865475,0.7818314824680298,0.6234898018587336
0.15660428616590988,-0.19382280291316867,-0.9295264117307949,0.8131394892324716,-0.9598756477298988,0.010553540802670241,-1.4457838486767174,1.3631933775054952,-0.6831906184550289,2.1950110488352914,2.1013688117415428,-0.6514128533997506,2.4583260094932475,0.8787878787878787,0.0,0.0,0.0,-0.06274428164677277,0.5599596624151376,0.5301895019488307,-0.7448465575994635,1.9459183418693795,1.6632114864524412,0.8660254037844387,-0.4999999999999998,0.49999999999999994,-0.8660254037844387,0.7818314824680298,0.6234898018587336
0.15743375933594514,-0.5096459418126703,-0.9295264117307949,0.681291583813473,-0.2586784121590197,0.17233932130760965,-0.9604909389795426,0.49017852189671596,-0.6831906184550289,2.683015855601006,1.620207189588638,-0.6514128533997506,2.547151564334903,0.8787878787878787,0.0,0.0,0.0,0.09512261367895261,0.7465907087953774,0.5128295235389376,-0.7448465575994635,2.437630024425835,1.6939776516351448,0.8660254037844387,-0.4999999999999998,0.258819045102521,-0.9659258262890682,0.7818314824680298,0.6234898018587336
0.15981920304030423,-0.7991504858038802,-0.06052148875957856,0.8131394892324716,0.01101283229131838,-0.7444467682203804,-1.0144123733903398,-0.32489286984422394,-0.6831906184550289,2.9308913130058136,0.5930465635742813,-0.6514128533997506,2.584731606767911,0.8787878787878787,0.0,0.0,0.0,-0.19430002775154487,0.8684391819744703,0.4885072068864613,-0.09760822675312336,2.4724757342133006,1.605097618885112,0.8660254037844387,-0.4999999999999998,1.2246467991473532e-16,-1.0,0.7818314824680298,0.6234898018587336
0.15864078185790148,-0.9307434603453393,-1.2191947193878672,0.9713569757352701,0.17282757896152123,0.11841072780596318,-1.2300981110335285,-0.660964960277692,-0.6831906184550289,2.9270182589838636,-0.6149762324691814,-0.6514128533997506,2.591564341755731,0.8787878787878787,0.0,0.0,0.0,-0.06274428164677277,0.9273787498903697,0.47588924611180095,-0.7448465575994635,2.8712655240031815,2.480224095193128,0.8660254037844387,-0.4999999999999998,-0.2588190451025208,-0.9659258262890683,0.7818314824680298,0.6234898018587336
0.15890964749243805,-0.9307434603453393,-1.3771956144735429,0.5230740973106753,0.17282757896152123,0.2801965083109026,-0.9604909389795426,-0.6841423458248278,-0.6831906184550289,2.6481583694034554,-0.6525136639846563,-0.6514128533997506,2.543735196840993,0.8787878787878787,0.0,0.0,0.0,-0.19430002775154487,0.9360101447461302,0.4757022431696931,-0.5291004473173502,2.592499845703459,2.4186917648277206,0.8660254037844387,-0.4999999999999998,-0.4999999999999997,-0.8660254037844388,0.7818314824680298,0.6234898018587336
0.2132715370760543,-1.0886550297950905,-1.3771956144735429,0.8131394892324716,0.17282757896152123,0.2801965083109026,-1.337940979855123,-0.6841423458248278,-0.6831906184550289,2.12916913046214,-0.6525136639846563,-0.6514128533997506,2.4378278045297885,0.0,0.0,0.0,0.0,-0.19430002775154487,0.8553562624691226,0.4884459994047252,-1.0684657230226335,2.065942453359538,2.292208641298828,0.8660254037844387,-0.4999999999999998,-0.7071067811865471,-0.7071067811865479,0.7818314824680298,0.6234898018587336
0.15741659441345532,-0.9307434603453393,-1.5088630270449392,0.681291583813473,0.01101283229131838,0.2801965083109026,-1.068333807801137,-0.6841423458248278,-0.6831906184550289,1.401034974335518,-0.6525136639846563,-0.6514128533997506,2.2260130199073793,0.0,0.0,0.8787878787878787,0.8787878787878787,-0.19430002775154487,0.6882775506407096,0.49373207216213544,-0.9605926678815769,1.369028257610231,2.1076116502026054,0.8660254037844387,-0.4999999999999998,-0.8660254037844385,-0.5000000000000004,0.7818314824680298,0.6234898018587336
0.1567701794269977,-0.9307434603453393,-1.6668639221306147,0.681291583813473,0.17282757896152123,0.2801965083109026,-1.2300981110335285,-0.6841423458248278,-0.6831906184550289,0.5412169814625922,-0.6525136639846563,-0.6514128533997506,1.8160489206381998,0.0,0.0,0.8787878787878787,0.8787878787878787,-0.5100338184029966,0.49849770489381395,0.5022861634674103,-0.2594178094647084,0.49401376739165687,1.6256083956735812,0.8660254037844387,-0.4999999999999998,-0.9659258262890683,-0.25881904510252063,0.7818314824680298,0.6234898018587336
0.1566958152576987,-0.06222982837170911,-1.6668639221306147,0.23300870538887822,-0.7441226521696283,0.11841072780596318,-0.9604909389795426,-0.6841423458248278,-0.6367819193280604,-0.2953626872786329,-0.6525136639846563,-0.5182226292062037,0.8389678173799888,0.0,0.0,0.8787878787878787,0.8787878787878787,-0.7994564598334941,0.1562188192108147,0.5143376861328482,0.010264828387933323,-0.32292453984780845,0.5966510934520466,0.8660254037844387,-0.4999999999999998,-1.0,-1.8369701987210297e-16,0.7818314824680298,0.6234898018587336
0.335163869970528,-1.2202480043365496,-1.2191947193878672,0.9713569757352701,0.11888933007145361,0.010553540802670241,-2.200683930427878,-0.6841423458248278,-0.22297101877925699,-0.6555567113199937,-0.6525136639846563,0.9878514443669821,-0.5754083250986803,0.0,0.0,0.8787878787878787,0.8787878787878787,-0.9310122059382657,0.0,0.5241884028775813,0.17207441109951835,-0.6597664011266401,-0.6134847370676318,0.8660254037844387,-0.4999999999999998,-0.9659258262890684,0.2588190451025203,0.7818314824680298,0.6234898018587336
0.8149991357326352,-1.3781595737863004,-0.6398581040737229,0.5230740973106753,0.2807040767416565,-0.5287323942137945,-1.1761766766227313,-0.6841423458248278,0.6278551318818341,-0.6826680894736445,-0.6525136639846563,1.8757862723239624,-0.6505684099646967,0.0,0.0,0.8787878787878787,0.8787878787878787,-0.9310122059382657,0.0,0.5381652721860858,0.17207441109951835,-0.6829968743182837,-0.651087827846492,0.8660254037844387,-0.4999999999999998,-0.8660254037844386,0.5000000000000001,0.7818314824680298,0.6234898018587336
0.34594128581096445,-1.3781595737863004,0.09747940632609654,-0.05705668653291797,0.2807040767416565,-1.0680183292302592,-0.47519802928236776,-0.6841423458248278,1.482548674136839,-0.6826680894736445,-0.6525136639846563,2.261696409089881,-0.6505684099646967,0.0,0.0,0.0,0.0,-1.088879101263992,0.0,0.5076304729668577,0.17207441109951835,-0.6829968743182837,-0.651087827846492,0.8660254037844387,-0.4999999999999998,-0.7071067811865477,0.7071067811865474,0.7818314824680298,0.6234898018587336
0.3869801407972292,-1.5097525483277596,0.8084834342116368,-0.18890459195191697,0.2807040767416565,-1.4455184837417845,-0.3673551604607734,-0.6841423458248278,2.1902813358231104,-0.6826680894736445,-0.6525136639846563,2.4563590444496803,-0.6505684099646967,0.0,0.0,0.0,0.0,-0.9310122059382657,0.0,0.4436224032085627,0.010264828387933323,-0.6829968743182837,-0.651087827846492,0.8660254037844387,-0.4999999999999998,-0.5000000000000004,0.8660254037844384,0.7818314824680298,0.6234898018587336
0.43128537653467547,-1.6676641177775104,0.6768160216402405,0.1011607999698797,0.2807040767416565,-0.9601611422269661,-0.6369623325147594,-0.6841423458248278,2.6775726766562804,-0.6826680894736445,-0.6525136639846563,2.5451525272453783,-0.6505684099646967,0.0,0.0,0.0,0.0,-0.9310122059382657,0.0,0.3777117283317959,0.17207441109951835,-0.6829968743182837,-0.651087827846492,0.8660254037844387,-0.4999999999999998,-0.25881904510252157,0.9659258262890681,0.7818314824680298,0.6234898018587336
0.6054487597459324,-1.6676641177775104,0.8084834342116368,0.23300870538887822,0.11888933007145361,-1.0140897357286127,-1.2840195454443257,-0.6377875747305563,2.92508573866678,-0.6826680894736445,-0.5194264067934272,2.582719000735866,-0.6505684099646967,0.0,0.0,0.0,0.0,-0.06274428164677277,0.0,0.32565981025066015,-0.7448465575994635,-0.6829968743182837,-0.651087827846492,0.8660254037844387,-0.4999999999999998,-2.4492935982947064e-16,1.0,0.7818314824680298,0.6234898018587336
0.18127106578002647,-1.2202480043365496,0.9664843292973129,-0.18890459195191697,0.01101283229131838,-1.2298041097351986,-0.8526480701579482,-0.2244575324733024,2.9212183470728657,-0.6826680894736445,0.9854833475997001,2.589549268643227,-0.6505684099646967,0.0,0.0,0.0,0.0,-1.2204348473687636,0.0,0.30155102831898584,0.11813788352899002,-0.6829968743182837,-0.651087827846492,0.8660254037844387,-0.4999999999999998,0.25881904510252074,0.9659258262890683,0.9749279121818236,-0.22252093395631434
0.18236939085540613,-0.6412389163541294,0.5188151265545653,-0.3471220784547151,-0.5283696566093578,-0.9601611422269661,-0.9604909389795426,0.6253799375883411,2.642766152311054,-0.6826680894736445,1.8727317288745597,2.5417373932916973,-0.6505684099646967,0.0,0.0,0.0,0.0,-1.3783017426944895,0.0,0.30250745284322067,0.27994746624057504,-0.6829968743182837,-0.651087827846492,0.8660254037844387,-0.4999999999999998,0.49999999999999994,0.8660254037844387,0.9749279121818236,-0.22252093395631434
0.17925173157822663,0.09568174107804124,0.8084834342116368,-0.5053395649575132,-1.067752145510034,-1.3376612967384915,-1.2300981110335285,1.4790803052411738,2.1245356787265712,-0.6826680894736445,2.25834352535171,2.4358682407275962,-0.6505684099646967,0.0,0.0,0.0,0.0,-1.3783017426944895,0.0,0.299075889952943,0.27994746624057504,-0.6829968743182837,-0.651087827846492,0.8660254037844387,-0.4999999999999998,0.7071067811865476,0.7071067811865476,0.9749279121818236,-0.22252093395631434
0.17953774497376282,0.8062838036019201,0.6768160216402405,-0.6371874703765118,-1.4453198877405073,-1.0680183292302592,-1.337940979855123,2.1859905644288133,1.39746605907073,-0.6826680894736445,2.4528556704773523,2.224129935599393,-0.6505684099646967,0.0,0.8787878787878787,0.0,0.0,-1.509857488799261,0.0,0.3034731481241032,0.27994746624057504,-0.6829968743182837,-0.651087827846492,0.8660254037844387,-0.4999999999999998,0.8660254037844386,0.5000000000000001,0.9749279121818236,-0.22252093395631434
0.17899430922534995,0.6746908290604611,0.6768160216402405,-0.7954049568793099,-0.9598756477298988,-1.2298041097351986,-1.2300981110335285,2.6727156609186635,0.5389051252218109,-0.6826680894736445,2.5415805086048384,1.8143138611577099,-0.6505684099646967,0.0,0.8787878787878787,0.0,0.0,-1.6677243841249871,0.0,0.3394646327548534,0.27994746624057504,-0.6829968743182837,-0.651087827846492,0.8660254037844387,-0.4999999999999998,0.9659258262890683,0.25881904510252074,0.9749279121818236,-0.22252093395631434
0.31211027386673657,0.8062838036019201,0.22914681889749292,-0.6371874703765118,-1.0138138966199663,-0.9601611422269661,-1.3918624142659202,2.919941106754778,-0.2964514590636239,-0.6478106032760935,2.5791179401203133,0.8375855504050316,-0.6198211025195082,0.0,0.8787878787878787,0.0,0.0,-1.6677243841249871,0.0,0.4371849639390615,0.11813788352899002,-0.6365359279349966,-0.5177677787214426,0.8660254037844387,-0.4999999999999998,1.0,6.123233995736766e-17,0.9749279121818236,-0.22252093395631434
0.32650303219991406,0.9641953730516715,0.9664843292973129,0.1011607999698797,-1.2295668921802367,-2.200518792764835,-1.7153910207307033,2.916078209163589,-0.6561188772976306,-0.264378255103032,2.5859429276685812,-0.5762799064187755,0.44608555558035845,0.0,0.8787878787878787,0.0,0.0,-1.2204348473687636,0.03569527944458494,0.4471564053988174,0.010264828387933323,-0.22225915601735302,0.9897743152310382,0.8660254037844387,-0.4999999999999998,0.9659258262890683,-0.25881904510252063,0.9749279121818236,-0.22252093395631434
0.29594986488231567,0.5167792596107107,0.5188151265545653,1.1295744622380688,-0.9598756477298988,-1.1758755162335521,-2.4702911024818643,2.63794958259796,-0.6831906184550289,0.5760744676601433,2.5381680148307044,-0.6514128533997506,1.453913966283758,0.0,0.8787878787878787,0.0,0.0,-0.6415895645077683,0.09903098207085996,0.4428277303389916,-0.5291004473173502,0.6295248610095776,1.878574642731367,0.8660254037844387,-0.4999999999999998,0.8660254037844387,-0.4999999999999998,0.9749279121818236,-0.22252093395631434
0.1605628687593806,0.8062838036019201,-0.06052148875957856,1.8415531515006607,-1.3374433899603722,-0.47480380071214795,-2.685976840125053,2.1203213053785954,-0.6831906184550289,1.4397655145550192,2.432380707832548,-0.6514128533997506,1.9253726804433142,0.0,0.0,0.0,0.0,0.09512261367895261,0.31912324346624366,0.4868363706841874,-1.0684657230226335,1.4851806235684488,2.264860938914202,0.8660254037844387,-0.4999999999999998,0.7071067811865476,-0.7071067811865475,0.9749279121818236,-0.22252093395631434
0.15518560068852422,0.6746908290604611,-0.1921889013309754,2.73811890834985,-1.067752145510034,-0.366946613708855,-2.8477411433574447,1.3940965582350096,-0.6831906184550289,2.1717727247035907,2.2208060938362353,-0.6514128533997506,2.1781838749926417,0.8787878787878787,0.0,0.0,0.0,0.8055236426447192,0.5447646289470122,0.4856665650981007,-1.446021416016332,2.1937100559135776,2.459713318404659,0.8660254037844387,-0.4999999999999998,0.49999999999999994,-0.8660254037844387,0.9749279121818236,-0.22252093395631434
0.1584863284461755,0.6746908290604611,0.09747940632609654,3.160032205690646,-1.2295668921802367,-0.6365895812170874,-3.0634268810006335,0.5365332929909874,-0.6831906184550289,2.702381125710757,1.8113068409401463,-0.6514128533997506,2.3285040447246743,0.8787878787878787,0.0,0.0,0.0,0.6739678965399476,0.7209681520622002,0.5160657346841593,-0.9605926678815769,2.6815499929380926,2.548593351154692,0.8660254037844387,-0.4999999999999998,0.258819045102521,-0.9659258262890682,0.9749279121818236,-0.22252093395631434
0.15874375079905217,0.22727471561950033,0.22914681889749292,3.3182496921934437,-0.9598756477298988,-1.283732703236845,-3.1173483154114305,-0.2978525867058989,-0.6831906184550289,2.9580026911594643,0.8353336215378007,-0.6514128533997506,2.3797495571333216,0.8787878787878787,0.0,0.0,0.0,0.8055236426447192,0.8341298298025973,0.508970942426706,-1.0145291954521052,2.9293417069822905,2.5861964419335517,0.8660254037844387,-0.4999999999999998,1.2246467991473532e-16,-1.0,0.9749279121818236,-0.22252093395631434
0.15567184405472392,0.9641953730516715,-0.1921889013309754,3.160032205690646,-2.200455372201454,-0.8523039552236732,-3.1712697498222275,-0.6571020626865027,-0.6831906184550289,2.9541296371375143,-0.5774388009537066,-0.6514128533997506,2.389998659615051,0.8787878787878787,0.0,0.0,0.0,0.9633905379704456,0.9141684250098561,0.4771392616697697,-1.2302753057342186,2.9254699614503497,2.593033367529708,0.8660254037844387,-0.4999999999999998,-0.2588190451025208,-0.9659258262890683,0.9749279121818236,-0.22252093395631434
0.1557290501661292,0.5167792596107107,-0.350189796416651,2.8699668137688485,-1.1756286432901693,-0.9601611422269661,-3.009505446589836,-0.6841423458248278,-0.6831906184550289,2.6520314234254054,-0.6525136639846563,-0.6514128533997506,2.311422207255125,0.8787878787878787,0.0,0.0,0.0,0.5161010012142222,0.9182317996578683,0.47574849451363266,-0.9605926678815769,2.646704283150627,2.5451748883566134,0.8660254037844387,-0.4999999999999998,-0.4999999999999997,-0.8660254037844388,0.9749279121818236,-0.22252093395631434
0.19255188647685445,-0.06222982837170911,-0.5081906915023265,2.73811890834985,-0.47443140771929015,-1.2298041097351986,-3.009505446589836,-0.6841423458248278,-0.6831906184550289,2.109803860352389,-0.6525136639846563,-0.6514128533997506,2.1679347725109124,0.0,0.0,0.0,0.0,0.8055236426447192,0.8526675912869625,0.4979066785147961,-1.3381483608752753,2.1278903818705874,2.43920254161619,0.8660254037844387,-0.4999999999999998,-0.7071067811865471,-0.7071067811865479,0.9749279121818236,-0.22252093395631434
0.13897371409812412,-0.19382280291316867,-0.6398581040737229,2.73811890834985,-0.36655490993915496,-1.3376612967384915,-3.009505446589836,-0.6841423458248278,-0.6831906184550289,1.3584313800940668,-0.6525136639846563,-0.6514128533997506,1.9014581079859456,0.0,0.0,0.8787878787878787,0.8787878787878787,0.6739678965399476,0.7110949539382205,0.49243452476897753,-1.0684657230226335,1.4000022218657557,2.227257848135342,0.8660254037844387,-0.4999999999999998,-0.8660254037844385,-0.5000000000000004,0.9749279121818236,-0.22252093395631434
0.19734566388119038,0.09568174107804124,-0.7978589991593985,1.8415531515006607,-0.6362461543894931,-1.2298041097351986,-2.36244823366027,-0.6841423458248278,-0.6831906184550289,0.4715020090674901,-0.6525136639846563,-0.6514128533997506,1.3650884114421025,0.0,0.0,0.8787878787878787,0.8787878787878787,0.6739678965399476,0.3645531051574377,0.47532757143002746,-1.2302753057342186,0.5404747137749439,1.8170423123659596,0.8660254037844387,-0.4999999999999998,-0.9659258262890683,-0.25881904510252063,0.9749279121818236,-0.22252093395631434
0.23979173703709467,0.22727471561950033,-0.6398581040737229,0.8131394892324716,-1.2835051410703044,-1.391589890240138,-1.4457838486767174,-0.6841423458248278,-0.6483840941098025,-0.34183933554203433,-0.6525136639846563,-0.6206766478166245,0.275267180884867,0.0,0.0,0.8787878787878787,0.8787878787878787,0.22667835978372425,0.11523494211091441,0.5023558221913946,-0.9605926678815769,-0.2958223211242243,0.8393619521155978,0.8660254037844387,-0.4999999999999998,-1.0,-1.8369701987210297e-16,0.9749279121818236,-0.22252093395631434
0.2851610194894115,-0.19382280291316867,0.09747940632609654,0.681291583813473,-0.8519991499497634,-1.7151614512500166,-1.337940979855123,-0.6841423458248278,-0.26551232631231153,-0.663302819363894,-0.6525136639846563,0.4448451457317519,-0.6403193074829672,0.0,0.0,0.8787878787878787,0.8787878787878787,0.9633905379704456,0.0,0.527868637168553,-2.2011328020037286,-0.6558946555946995,-0.5758816462887718,0.8660254037844387,-0.4999999999999998,-0.9659258262890684,0.2588190451025203,0.9749279121818236,-0.22252093395631434
0.4113895117876613,-0.3517343723629195,1.1244852243829888,0.681291583813473,-0.9598756477298988,-2.470161760273067,-1.337940979855123,-0.6841423458248278,0.5737116495670374,-0.6826680894736445,-0.6525136639846563,1.4523096620675564,-0.6505684099646967,0.0,0.0,0.8787878787878787,0.8787878787878787,0.5161010012142222,0.0,0.505371993720266,-1.1763387781636903,-0.6829968743182837,-0.651087827846492,0.8660254037844387,-0.4999999999999998,-0.8660254037844386,0.5000000000000001,0.9749279121818236,-0.22252093395631434
0.4651164056403935,-0.5096459418126703,1.835489252268529,0.681291583813473,-1.2295668921802367,-2.685876134279653,-1.4457838486767174,-0.6841423458248278,1.4361399750098705,-0.6826680894736445,-0.6525136639846563,1.923598147675492,-0.6505684099646967,0.0,0.0,0.0,0.0,-0.06274428164677277,0.0,0.4585681434162491,-0.47516391974682176,-0.6829968743182837,-0.651087827846492,0.8660254037844387,-0.4999999999999998,-0.7071067811865477,0.7071067811865474,0.9749279121818236,-0.22252093395631434
0.5250442950671012,-0.6412389163541294,2.7308276577540243,0.681291583813473,-1.3374433899603722,-2.8476619147845925,-1.5536267174983118,-0.6841423458248278,2.1670769862596257,-0.6826680894736445,-0.6525136639846563,2.1763180602478633,-0.6505684099646967,0.0,0.0,0.0,0.0,-0.19430002775154487,0.0,0.41275032259416045,-0.3672908646057651,-0.6829968743182837,-0.651087827846492,0.8660254037844387,-0.4999999999999998,-0.5000000000000004,0.8660254037844384,0.9749279121818236,-0.22252093395631434
0.37743835225060074,-0.7991504858038802,3.152163377982493,0.681291583813473,-1.2295668921802367,-3.0633762887911784,-1.5536267174983118,-0.6841423458248278,2.6969096346258508,-0.6826680894736445,-0.6525136639846563,2.3265839542098137,-0.6505684099646967,0.0,0.0,0.0,0.0,0.09512261367895261,0.0,0.34531601678918655,-0.6369735024584068,-0.6829968743182837,-0.651087827846492,0.8660254037844387,-0.4999999999999998,-0.25881904510252157,0.9659258262890681,0.9749279121818236,-0.22252093395631434
0.8365539674135082,-0.6412389163541294,3.310164273068168,-0.7954049568793099,-1.3913816388504396,-3.117304882292825,0.1718591836471986,-0.6493762675041241,2.952157479824178,-0.6826680894736445,-0.6218012200174495,2.3778109635150244,-0.6505684099646967,0.0,0.0,0.0,0.0,0.22667835978372425,0.0,0.34387561779221076,-1.284211833304747,-0.6829968743182837,-0.651087827846492,0.8660254037844387,-0.4999999999999998,-2.4492935982947064e-16,1.0,0.9749279121818236,-0.22252093395631434
0.29877579255542713,0.09568174107804124,3.152163377982493,0.23300870538887822,-1.7150111321908454,-3.1712334757944713,-1.3918624142659202,-0.2669494059763846,2.948290088230264,-0.6826680894736445,0.442896837512382,2.3880563653760665,-0.6505684099646967,0.0,0.0,0.0,0.0,-0.19430002775154487,0.0,0.36957758693677656,-0.8527196127405202,-0.6829968743182837,-0.651087827846492,0.8660254037844387,-0.4999999999999998,0.25881904510252074,0.9659258262890683,0.43388373911755823,-0.900968867902419
0.21601737550673872,1.1221069425014227,2.8624950703254206,0.1011607999698797,-2.470146616651792,-3.009447695289532,-1.4457838486767174,0.5712993713116911,2.646633543904968,-0.6826680894736445,1.4495825008819343,2.3095082844414105,-0.6505684099646967,0.0,0.0,0.0,0.0,-0.3521669230772707,0.0,0.36515256771532234,-0.9605926678815769,-0.6829968743182837,-0.651087827846492,0.8660254037844387,-0.4999999999999998,0.49999999999999994,0.8660254037844387,0.43388373911755823,-0.900968867902419
0.15163317565112425,1.8327090050253017,2.7308276577540243,-0.05705668653291797,-2.6858996122120624,-3.009447695289532,-1.2840195454443257,1.4327255341469023,2.105198720757001,-0.6826680894736445,1.9205066417124368,2.1660726583868213,-0.6505684099646967,0.0,0.0,0.0,0.0,-0.5100338184029966,0.0,0.323736512393593,-1.2302753057342186,-0.6829968743182837,-0.651087827846492,0.8660254037844387,-0.4999999999999998,0.7071067811865476,0.7071067811865476,0.43388373911755823,-0.900968867902419
0.15147871537480218,2.727541231907223,2.7308276577540243,-0.3471220784547151,-2.847714358882265,-3.009447695289532,-1.1222552422119343,2.162813178881678,1.3549247515376754,-0.6826680894736445,2.1730311809983585,1.8996922099997273,-0.6505684099646967,0.0,0.8787878787878787,0.0,0.0,-0.6415895645077683,0.0,0.3100741317360177,-1.3381483608752753,-0.6829968743182837,-0.651087827846492,0.8660254037844387,-0.4999999999999998,0.8660254037844386,0.5000000000000001,0.43388373911755823,-0.900968867902419
0.15101536200422025,3.1486387504398925,1.835489252268529,-0.5053395649575132,-3.063467354442536,-2.3623045732697743,-1.3918624142659202,2.6920301488746103,0.469292076531358,-0.6826680894736445,2.323180907060258,1.3635161792718584,-0.6505684099646967,0.0,0.8787878787878787,0.0,0.0,-0.7994564598334941,0.0,0.40269662237652304,-1.2302753057342186,-0.6829968743182837,-0.651087827846492,0.8660254037844387,-0.4999999999999998,0.9659258262890683,0.25881904510252074,0.43388373911755823,-0.900968867902419
0.19036094767003092,3.306550319889643,0.8084834342116368,-0.3471220784547151,-3.117405603332603,-1.4455184837417845,-1.4997052830875146,2.946981389893103,-0.3428601581905925,-0.632318387188293,2.3743683136722686,0.2740884480477172,-0.5754083250986803,0.0,0.8787878787878787,0.0,0.0,-0.6415895645077683,0.0021509192505370822,0.44762194079756257,-1.3920848884458037,-0.6481511645308183,-0.6203216626637883,0.8660254037844387,-0.4999999999999998,1.0,6.123233995736766e-17,0.43388373911755823,-0.900968867902419
0.2842228488727995,3.1486387504398925,0.6768160216402405,0.23300870538887822,-3.171343852222671,-1.3376612967384915,-1.7153910207307033,2.943118492301914,-0.6638536604854587,-0.2217746608615807,2.384605794994671,-0.6411674515387086,0.7228113225870546,0.0,0.8787878787878787,0.0,0.0,0.09512261367895261,0.06772623740741025,0.4800968891387041,-1.7157040538689736,-0.26484835686869956,0.44623873033660627,0.8660254037844387,-0.4999999999999998,0.9659258262890683,-0.25881904510252063,0.43388373911755823,-0.900968867902419
0.23832731275604987,2.859134206448682,0.6768160216402405,0.8131394892324716,-3.009529105552468,-1.3376612967384915,-1.7693124551415005,2.6418124801891496,-0.6831906184550289,0.6264241699454948,2.3061184381895874,-0.6514128533997506,1.652063280930528,0.0,0.8787878787878787,0.0,0.0,1.121257433296172,0.12797414916199834,0.509157535611614,-2.4708154398563704,0.5753204235624093,1.4546852557696717,0.8660254037844387,-0.4999999999999998,0.8660254037844387,-0.4999999999999998,0.43388373911755823,-0.900968867902419
0.1526743083442908,2.727541231907223,0.6768160216402405,1.1295744622380688,-3.009529105552468,-1.4455184837417845,-1.8232338895522977,2.101006817422649,-0.6831906184550289,1.4823691087964705,2.162793699675956,-0.6514128533997506,2.0756928501753467,0.0,0.0,0.0,0.0,1.8316584622619385,0.3317515695235273,0.5714483641647454,-2.686561550138484,1.4387196771851618,1.9264331219044617,0.8660254037844387,-0.4999999999999998,0.7071067811865476,-0.7071067811865475,0.43388373911755823,-0.900968867902419
0.1551569993489706,2.727541231907223,0.6768160216402405,1.7097052460816622,-3.009529105552468,-1.5533756707450774,-1.7153910207307033,1.3516046847319272,-0.6831906184550289,2.1911379948133414,1.8966191852934982,-0.6514128533997506,2.2875076347977563,0.8787878787878787,0.0,0.0,0.0,2.726237535774385,0.5395425652098389,0.5605920520317886,-2.848371132850069,2.170479582721934,2.1793993689622475,0.8660254037844387,-0.4999999999999998,0.49999999999999994,-0.8660254037844387,0.43388373911755823,-0.900968867902419
0.15897256494777914,1.8327090050253017,0.6768160216402405,1.5514877595788634,-2.3622701188716566,-1.5533756707450774,-1.1222552422119343,0.46700113634958024,-0.6831906184550289,2.671396693535156,1.3608576627544484,-0.6514128533997506,2.3797495571333216,0.8787878787878787,0.0,0.0,0.0,3.1472159233096546,0.722487064682336,0.5512491781166913,-3.0641172431321824,2.7009087205977953,2.3298117320776877,0.8660254037844387,-0.4999999999999998,0.258819045102521,-0.9659258262890682,0.43388373911755823,-0.900968867902419
0.1519134777027246,0.8062838036019201,-0.7978589991593985,1.419639854159865,-1.4453198877405073,0.17233932130760965,-1.2300981110335285,-0.34420735780017037,-0.6831906184550289,2.9270182589838636,0.27227214880567824,-0.6514128533997506,2.4378278045297885,0.8787878787878787,0.0,0.0,0.0,3.30508281863538,0.8230813782941261,0.5414772884132905,-3.1180537707027107,2.9564439257058748,2.3810886740488604,0.8660254037844387,-0.4999999999999998,1.2246467991473532e-16,-1.0,0.43388373911755823,-0.900968867902419
0.144156484136041,0.6746908290604611,0.22914681889749292,1.1295744622380688,-1.3374433899603722,-1.391589890240138,-0.5830408981039622,-0.6648278578688813,-0.6831906184550289,2.896033826808263,-0.642276182662254,-0.6514128533997506,2.4207459670602396,0.8787878787878787,0.0,0.0,0.0,3.1472159233096546,0.9067787535943855,0.5078089734470675,-3.171990298273239,2.952572180173934,2.3913440624430953,0.8660254037844387,-0.4999999999999998,-0.2588190451025208,-0.9659258262890683,0.43388373911755823,-0.900968867902419
0.1640752526078651,0.6746908290604611,0.09747940632609654,1.2614223676570673,-1.3374433899603722,-1.4455184837417845,-1.2300981110335285,-0.6841423458248278,-0.6831906184550289,2.6287930992937047,-0.6525136639846563,-0.6514128533997506,2.3797495571333216,0.8787878787878787,0.0,0.0,0.0,2.857793281879157,0.9129709528517091,0.4824493052233747,-3.010180715561654,2.6505760286825675,2.3127194180872968,0.8660254037844387,-0.4999999999999998,-0.4999999999999997,-0.8660254037844388,0.43388373911755823,-0.900968867902419
0.13951143850260114,0.6746908290604611,-0.06052148875957856,0.681291583813473,-1.4453198877405073,-1.283732703236845,-0.9604909389795426,-0.6841423458248278,-0.6831906184550289,2.109803860352389,-0.6525136639846563,-0.6514128533997506,2.2635930623403873,0.0,0.0,0.0,0.0,2.726237535774385,0.8538927504319223,0.4983854285832382,-3.010180715561654,2.1085316542108847,2.169143980568013,0.8660254037844387,-0.4999999999999998,-0.7071067811865471,-0.7071067811865479,0.43388373911755823,-0.900968867902419
0.13932838031902348,0.6746908290604611,-0.350189796416651,0.39122619189167684,-1.5531963855206425,-1.1219469227319057,-0.8526480701579482,-0.6841423458248278,-0.6831906184550289,1.3739235961818672,-0.6525136639846563,-0.6514128533997506,2.0176146027788797,0.0,0.0,0.8787878787878787,0.8787878787878787,2.726237535774385,0.72367344075831,0.5018329720043124,-3.010180715561654,1.3574130210144093,1.9025038823179143,0.8660254037844387,-0.4999999999999998,-0.8660254037844385,-0.5000000000000004,0.43388373911755823,-0.900968867902419
0.13983751024854296,0.6746908290604611,-0.5081906915023265,0.1011607999698797,-1.5531963855206425,-1.391589890240138,-0.09774798840678739,-0.6841423458248278,-0.6831906184550289,0.5063594952650412,-0.6525136639846563,-0.6514128533997506,1.5495722561132332,0.0,0.0,0.8787878787878787,0.8787878787878787,1.8316584622619385,0.5215646369936674,0.5092472212187439,-2.3629423847153137,0.4707832942000133,1.365805223019639,0.8660254037844387,-0.4999999999999998,-0.9659258262890683,-0.25881904510252063,0.43388373911755823,-0.900968867902419
0.1784966260097884,-0.7991504858038802,-0.350189796416651,-0.05705668653291797,0.17282757896152123,-1.499447077243431,-0.3673551604607734,-0.6841423458248278,-0.6329145277341462,-0.3108549033664334,-0.6525136639846563,-0.5762799064187755,0.5212456404463747,0.0,0.0,0.8787878787878787,0.8787878787878787,0.8055236426447192,0.168564429334614,0.5130819339740809,-1.446021416016332,-0.3422832675075114,0.2753155904326969,0.8660254037844387,-0.4999999999999998,-1.0,-1.8369701987210297e-16,0.43388373911755823,-0.900968867902419
0.7842914635188403,0.22727471561950033,0.22914681889749292,-0.18890459195191697,-1.3913816388504396,-1.7151614512500166,-0.6369623325147594,-0.6841423458248278,-0.22297101877925699,-0.6555567113199937,-0.6525136639846563,0.7214709959798881,-0.6164047350255983,0.0,0.0,0.8787878787878787,0.8787878787878787,0.6739678965399476,0.0,0.5219541505254341,-1.3381483608752753,-0.6636381466585808,-0.6408324394522574,0.8660254037844387,-0.4999999999999998,-0.9659258262890684,0.2588190451025203,0.43388373911755823,-0.900968867902419
0.6565127738115673,0.09568174107804124,0.8084834342116368,-0.5053395649575132,-1.4453198877405073,-1.769090044751663,-0.259512291639179,-0.6841423458248278,0.62398774028792,-0.6826680894736445,-0.6525136639846563,1.6503874313810367,-0.6505684099646967,0.0,0.0,0.8787878787878787,0.8787878787878787,0.6739678965399476,0.0,0.5402121630585752,-1.3381483608752753,-0.6829968743182837,-0.651087827846492,0.8660254037844387,-0.4999999999999998,-0.8660254037844386,0.5000000000000001,0.43388373911755823,-0.900968867902419
0.625639252956559,-0.06222982837170911,1.1244852243829888,-0.6371874703765118,-1.2835051410703044,-1.8230186382533096,0.010094880414807005,-0.6841423458248278,1.478681282542925,-0.6826680894736445,-0.6525136639846563,2.0738640416374428,-0.6505684099646967,0.0,0.0,0.0,0.0,0.6739678965399476,0.0,0.49620091051122994,-1.446021416016332,-0.6829968743182837,-0.651087827846492,0.8660254037844387,-0.4999999999999998,-0.7071067811865477,0.7071067811865474,0.43388373911755823,-0.900968867902419
0.4602253809357369,-0.3517343723629195,1.7038218396971327,-0.6371874703765118,-1.1216903944001015,-1.7151614512500166,0.3336234868795902,-0.6841423458248278,2.186413944229196,-0.6826680894736445,-0.6525136639846563,2.2856023467656454,-0.6505684099646967,0.0,0.0,0.0,0.0,0.6739678965399476,0.0,0.35759029371242423,-1.5538944711573888,-0.6829968743182837,-0.651087827846492,0.8660254037844387,-0.4999999999999998,-0.5000000000000004,0.8660254037844384,0.43388373911755823,-0.900968867902419
0.2894456600996319,-0.5096459418126703,1.5458209446114568,-0.7954049568793099,-1.3913816388504396,-1.1219469227319057,0.3336234868795902,-0.6841423458248278,2.6659705018745385,-0.6826680894736445,-0.6525136639846563,2.3778109635150244,-0.6505684099646967,0.0,0.0,0.0,0.0,0.6739678965399476,0.0,0.3083968418578452,-1.5538944711573888,-0.6829968743182837,-0.651087827846492,0.8660254037844387,-0.4999999999999998,-0.25881904510252157,0.9659258262890681,0.43388373911755823,-0.900968867902419
0.4483410146549503,-0.3517343723629195,1.4141535320400604,-0.6371874703765118,-1.4992581366305748,-1.2298041097351986,0.010094880414807005,-0.633924677139367,2.9212183470728657,-0.6826680894736445,-0.5774388009537066,2.4358682407275962,-0.6505684099646967,0.0,0.0,0.0,0.0,-0.7994564598334941,0.0,0.3261396359317522,0.17207441109951835,-0.6829968743182837,-0.651087827846492,0.8660254037844387,-0.4999999999999998,-2.4492935982947064e-16,1.0,0.43388373911755823,-0.900968867902419
0.4252287949006638,0.22727471561950033,1.1244852243829888,-0.9272528622983084,-1.7150111321908454,-0.582660987715441,0.279702052468793,-0.2244575324733024,2.8902792143215534,-0.6826680894736445,0.7193088332172421,2.4187925709591926,-0.6505684099646967,0.0,0.0,0.0,0.0,0.22667835978372425,0.0,0.4259324165937938,-1.3920848884458037,-0.6829968743182837,-0.651087827846492,0.8660254037844387,-0.4999999999999998,0.25881904510252074,0.9659258262890683,-0.433883739117558,-0.9009688679024191
0.4021165751463773,0.8062838036019201,1.2561526369543852,-0.9272528622983084,-1.768949381080913,-1.2298041097351986,0.1718591836471986,0.6215170399971518,2.6234291943414836,-0.6826680894736445,1.6475071397817107,2.3778109635150244,-0.6505684099646967,0.0,0.0,0.0,0.0,0.09512261367895261,0.0,0.37766337698220676,-1.446021416016332,-0.6829968743182837,-0.651087827846492,0.8660254037844387,-0.4999999999999998,0.49999999999999994,0.8660254037844387,-0.433883739117558,-0.9009688679024191
0.14712542193921857,1.1221069425014227,0.6768160216402405,-0.9272528622983084,-1.8228876299709806,-0.9601611422269661,0.010094880414807005,1.4752174076499844,2.105198720757001,-0.6826680894736445,2.070656367774336,2.261696409089881,-0.6505684099646967,0.0,0.0,0.0,0.0,-0.06274428164677277,0.0,0.2772477858641653,-1.284211833304747,-0.6829968743182837,-0.651087827846492,0.8660254037844387,-0.4999999999999998,0.7071067811865476,0.7071067811865476,-0.433883739117558,-0.9009688679024191
0.14721694759870937,1.7011160304838424,0.38714771398316894,-0.9272528622983084,-1.7150111321908454,-0.8523039552236732,0.1718591836471986,2.182127666837624,1.3703943179133315,-0.6826680894736445,2.2822309817706485,2.015806764424871,-0.6505684099646967,0.0,0.8787878787878787,0.0,0.0,-0.3521669230772707,0.0,0.30653131976596504,-1.122402250593162,-0.6829968743182837,-0.651087827846492,0.8660254037844387,-0.4999999999999998,0.8660254037844386,0.5000000000000001,-0.433883739117558,-0.9009688679024191
0.1460556844742004,1.5432044610340911,0.09747940632609654,-0.9272528622983084,-1.1216903944001015,-0.09730364620062269,0.010094880414807005,2.661126968145096,0.5040986008765844,-0.6826680894736445,2.3743683136722686,1.547933412770616,-0.6505684099646967,0.0,0.8787878787878787,0.0,0.0,-0.5100338184029966,0.0,0.3092263953090586,-1.3920848884458037,-0.6829968743182837,-0.651087827846492,0.8660254037844387,-0.4999999999999998,0.9659258262890683,0.25881904510252074,-0.433883739117558,-0.9009688679024191
0.2393512702298325,1.4116114864926321,-0.06052148875957856,-0.9272528622983084,-1.2295668921802367,-0.366946613708855,0.010094880414807005,2.916078209163589,-0.31192102543928013,-0.6400644952321932,2.432380707832548,0.5199780927127271,-0.602739265049959,0.0,0.8787878787878787,0.0,0.0,-0.3521669230772707,0.00453466982849129,0.3569598822603661,-1.4999579435868604,-0.632664182403056,-0.5758816462887718,0.8660254037844387,-0.4999999999999998,1.0,6.123233995736766e-17,-0.433883739117558,-0.9009688679024191
0.2810880143762361,1.1221069425014227,-0.1921889013309754,-0.6371874703765118,-0.5823079054994255,-0.6365895812170874,-0.529119463693165,2.8851750284340745,-0.6561188772976306,-0.34183933554203433,2.4153182389618775,-0.6172615138629437,-0.3123480280676236,0.0,0.8787878787878787,0.0,0.0,0.22667835978372425,0.08360312512506375,0.41875679972865876,-1.7157040538689736,-0.22225915601735302,0.7231342169809395,0.8660254037844387,-0.4999999999999998,0.9659258262890683,-0.25881904510252063,-0.433883739117558,-0.9009688679024191
0.3077655508793547,1.2536999170428818,-0.5081906915023265,-0.5053395649575132,-1.2295668921802367,-0.2590894267055621,-0.6369623325147594,2.6186350946420136,-0.6831906184550289,0.25073792981633347,2.3743683136722686,-0.6514128533997506,0.24451987343967857,0.0,0.8787878787878787,0.0,0.0,0.8055236426447192,0.17994267662834074,0.431228323524002,-1.769640581439502,0.625653115477637,1.6529560980582065,0.8660254037844387,-0.4999999999999998,0.8660254037844387,-0.4999999999999998,-0.433883739117558,-0.9009688679024191
0.15924143401461371,0.6746908290604611,-0.6398581040737229,-0.3471220784547151,-0.9598756477298988,0.010553540802670241,-0.6369623325147594,2.101006817422649,-0.6831906184550289,0.5567091975503926,2.25834352535171,-0.6514128533997506,-0.1551951233477714,0.0,0.0,0.0,0.0,1.121257433296172,0.34265585179167934,0.4342162730257295,-1.8235771090100303,1.4813088780365082,2.076845485019902,0.8660254037844387,-0.4999999999999998,0.7071067811865476,-0.7071067811865475,-0.433883739117558,-0.9009688679024191
0.15262854208224735,0.3851862850692516,-0.6398581040737229,-0.18890459195191697,-0.8519991499497634,0.33412510181254906,-0.9604909389795426,1.3670562750966844,-0.6831906184550289,1.3390661099843162,2.0126439736140567,-0.6514128533997506,-0.0458713635426569,0.8787878787878787,0.0,0.0,0.0,1.700102716157167,0.613621779315583,0.5060808736761063,-1.7157040538689736,2.189838310381637,2.2887901785007494,0.8660254037844387,-0.4999999999999998,0.49999999999999994,-0.8660254037844387,-0.433883739117558,-0.9009688679024191
0.15536865887210186,0.09568174107804124,-0.7978589991593985,0.1011607999698797,-0.09686366548881685,0.33412510181254906,-1.068333807801137,0.5017672146702838,-0.6831906184550289,1.7224984581573777,1.5451323265576884,-0.6514128533997506,0.019039618841629854,0.8787878787878787,0.0,0.0,0.0,1.5422358208314406,0.7248431061877502,0.49810664002835103,-1.122402250593162,2.6699347563422706,2.3810886740488604,0.8660254037844387,-0.4999999999999998,0.258819045102521,-0.9659258262890682,-0.433883739117558,-0.9009688679024191
0.15612518884422602,-0.06222982837170911,-0.6398581040737229,0.1011607999698797,-0.36655490993915496,0.010553540802670241,-1.068333807801137,-0.31330417707065605,-0.6831906184550289,1.7224984581573777,0.5179717005433316,-0.6514128533997506,0.15227795110411319,0.8787878787878787,0.0,0.0,0.0,1.410680074726669,0.9063269275145373,0.5103711852180909,-1.2302753057342186,2.9254699614503497,2.43920254161619,0.8660254037844387,-0.4999999999999998,1.2246467991473532e-16,-1.0,-0.433883739117558,-0.9009688679024191
0.13984322845707486,-0.19382280291316867,-0.9295264117307949,0.23300870538887822,-0.6362461543894931,0.2801965083109026,-1.1761766766227313,-0.6571020626865027,-0.6831906184550289,2.0943116442645886,-0.6183887262433154,-0.6514128533997506,0.6818149126601367,0.8787878787878787,0.0,0.0,0.0,1.121257433296172,1.0,0.550952360245008,-0.5830369748878784,2.894495997194825,2.4221102276257986,0.8660254037844387,-0.4999999999999998,-0.2588190451025208,-0.9659258262890683,-0.433883739117558,-0.9009688679024191
0.13843027148511522,-0.5096459418126703,-0.9295264117307949,0.39122619189167684,-0.2586784121590197,0.17233932130760965,-1.2840195454443257,-0.6841423458248278,-0.6831906184550289,2.675269747557106,-0.6525136639846563,-0.6514128533997506,2.3455858821942233,0.8787878787878787,0.0,0.0,0.0,1.2528131794009436,0.8902643507200693,0.5789942990992972,-1.2302753057342186,2.627345555490924,2.3810886740488604,0.8660254037844387,-0.4999999999999998,-0.4999999999999997,-0.8660254037844388,-0.433883739117558,-0.9009688679024191
0.22365423864207987,-0.6412389163541294,-0.9295264117307949,0.23300870538887822,0.01101283229131838,0.010553540802670241,-1.1761766766227313,-0.6841423458248278,-0.6831906184550289,2.012977509803636,-0.6525136639846563,-0.6514128533997506,1.8604616980590276,0.0,0.0,0.0,0.0,0.6739678965399476,0.6760815859531796,0.5776031221859603,-0.9605926678815769,2.1085316542108847,2.264860938914202,0.8660254037844387,-0.4999999999999998,-0.7071067811865471,-0.7071067811865479,-0.433883739117558,-0.9009688679024191
0.1731479558461876,-0.6412389163541294,-0.9295264117307949,-0.18890459195191697,0.3346423256317241,0.17233932130760965,-0.6369623325147594,-0.6841423458248278,-0.6831906184550289,1.3197008398745655,-0.6525136639846563,-0.6514128533997506,1.8604616980590276,0.0,0.0,0.8787878787878787,0.8787878787878787,0.3845452551094506,0.3106027029949736,0.5892398681257915,-0.8527196127405202,1.3729000031421716,2.018731617452573,0.8660254037844387,-0.4999999999999998,-0.8660254037844385,-0.5000000000000004,-0.433883739117558,-0.9009688679024191
0.13421998131500168,-0.7991504858038802,-0.9295264117307949,-0.3471220784547151,0.3346423256317241,0.010553540802670241,-0.529119463693165,-0.6841423458248278,-0.6831906184550289,0.28559541601388455,-0.6525136639846563,-0.6514128533997506,0.5895729903245713,0.0,0.0,0.8787878787878787,0.8787878787878787,0.09512261367895261,0.24513826623104035,0.6268798571914206,-0.09760822675312336,0.5056290039874787,1.5504022141158609,0.8660254037844387,-0.4999999999999998,-0.9659258262890683,-0.25881904510252063,-0.433883739117558,-0.9009688679024191
0.1548881405790301,-0.6412389163541294,-0.9295264117307949,-0.7954049568793099,0.01101283229131838,0.010553540802670241,0.010094880414807005,-0.6841423458248278,-0.6406493109219744,-0.39993514587128604,-0.6525136639846563,-0.603600978048221,-0.32601349804326285,0.0,0.0,0.8787878787878787,0.8787878787878787,-0.06274428164677277,0.1826784595934438,0.591832709247508,-0.3672908646057651,-0.3113093032519867,0.5214449118943264,0.8660254037844387,-0.4999999999999998,-1.0,-1.8369701987210297e-16,-0.433883739117558,-0.9009688679024191
0.3298838629291845,-0.9307434603453393,-0.6398581040737229,-0.7954049568793099,0.2807040767416565,-0.5287323942137945,0.010094880414807005,-0.6841423458248278,-0.3428601581905925,-0.6749219814297444,-0.6525136639846563,-0.31331459198536205,-0.6505684099646967,0.0,0.0,0.8787878787878787,0.8787878787878787,-0.19430002775154487,0.0,0.5781791383697308,-0.6369735024584068,-0.6558946555946995,-0.6169031998657101,0.8660254037844387,-0.4999999999999998,-0.9659258262890684,0.2588190451025203,-0.433883739117558,-0.9009688679024191
0.6070505102714918,-0.9307434603453393,-0.5081906915023265,-0.7954049568793099,0.17282757896152123,-0.6365895812170874,0.010094880414807005,-0.6841423458248278,0.24885075567825715,-0.6826680894736445,-0.6525136639846563,0.24335224246459097,-0.6505684099646967,0.0,0.0,0.8787878787878787,0.8787878787878787,-0.5100338184029966,0.0,0.584131527553841,-0.2594178094647084,-0.6829968743182837,-0.651087827846492,0.8660254037844387,-0.4999999999999998,-0.8660254037844386,0.5000000000000001,-0.433883739117558,-0.9009688679024191
0.5594588148393397,-0.9307434603453393,-0.350189796416651,-0.6371874703765118,0.01101283229131838,-0.6365895812170874,-0.15166942281758458,-0.6841423458248278,0.5543746915974671,-0.6826680894736445,-0.6525136639846563,-0.15621843011605016,-0.6505684099646967,0.0,0.0,0.0,0.0,-0.6415895645077683,0.0,0.5599785942838766,0.010264828387933323,-0.6829968743182837,-0.651087827846492,0.8660254037844387,-0.4999999999999998,-0.7071067811865477,0.7071067811865474,-0.433883739117558,-0.9009688679024191
0.5589497020713105,-0.9307434603453393,-0.1921889013309754,-0.6371874703765118,0.17282757896152123,-0.9601611422269661,-0.15166942281758458,-0.6841423458248278,1.335587793568105,-0.6826680894736445,-0.6525136639846563,-0.04693414359826796,-0.6505684099646967,0.0,0.0,0.0,0.0,-0.6415895645077683,0.0,0.5311959680711041,0.3338839938111034,-0.6829968743182837,-0.651087827846492,0.8660254037844387,-0.4999999999999998,-0.5000000000000004,0.8660254037844384,-0.433883739117558,-0.9009688679024191
0.32128022440537973,-0.9307434603453393,0.09747940632609654,-0.6371874703765118,0.01101283229131838,-1.0680183292302592,0.010094880414807005,-0.6841423458248278,1.718459561365596,-0.6826680894736445,-0.6525136639846563,0.017953401521665212,-0.6505684099646967,0.0,0.0,0.0,0.0,-0.7994564598334941,0.0,0.456853258314985,0.3338839938111034,-0.6829968743182837,-0.651087827846492,0.8660254037844387,-0.4999999999999998,-0.25881904510252157,0.9659258262890681,-0.433883739117558,-0.9009688679024191
0.40091238770260057,-0.9307434603453393,0.09747940632609654,-0.6371874703765118,0.01101283229131838,-1.0680183292302592,0.1718591836471986,-0.6416504723217455,1.718459561365596,-0.6826680894736445,-0.6047387511467791,0.15114362571521225,-0.6505684099646967,0.0,0.0,0.0,0.0,-0.6415895645077683,0.0,0.36202489100842616,0.010264828387933323,-0.6829968743182837,-0.651087827846492,0.8660254037844387,-0.4999999999999998,-2.4492935982947064e-16,1.0,-0.433883739117558,-0.9009688679024191
0.4294104837312237,-0.6412389163541294,0.22914681889749292,-0.6371874703765118,-0.5283696566093578,-1.1758755162335521,-0.529119463693165,-0.34420735780017037,2.0897291543813448,-0.6826680894736445,-0.31467678034538277,0.6804893885357197,-0.6505684099646967,0.0,0.0,0.0,0.0,-0.9310122059382657,0.0,0.4008948175292285,0.27994746624057504,-0.6829968743182837,-0.651087827846492,0.8660254037844387,-0.4999999999999998,0.25881904510252074,0.9659258262890683,-0.9749279121818236,-0.2225209339563146
0.4579085797598469,-0.5096459418126703,0.38714771398316894,-0.6371874703765118,-0.6362461543894931,-1.283732703236845,-0.529119463693165,0.24681597365179078,2.6698378934684524,-0.6826680894736445,0.24155970483847156,2.3436596239782173,-0.6505684099646967,0.0,0.0,0.0,0.0,-0.9310122059382657,0.0,0.3975987818328204,0.17207441109951835,-0.6829968743182837,-0.651087827846492,0.8660254037844387,-0.4999999999999998,0.49999999999999994,0.8660254037844387,-0.9749279121818236,-0.2225209339563146
0.17694635995480434,-0.3517343723629195,0.22914681889749292,-0.6371874703765118,-0.6362461543894931,-1.1758755162335521,-0.6369623325147594,0.5519848833557446,2.00851393090915,-0.6826680894736445,-0.15770206673521528,1.8587106025555589,-0.6505684099646967,0.0,0.0,0.0,0.0,-0.9310122059382657,0.0,0.4122179455521803,0.010264828387933323,-0.6829968743182837,-0.651087827846492,0.8660254037844387,-0.4999999999999998,0.7071067811865476,0.7071067811865476,-0.9749279121818236,-0.2225209339563146
0.17628279377504905,-0.19382280291316867,-0.1921889013309754,-0.6371874703765118,-0.9598756477298988,-0.6365895812170874,-0.6369623325147594,1.3322901967759808,1.316250835598535,-0.6826680894736445,-0.04850226596292486,1.8587106025555589,-0.6505684099646967,0.0,0.8787878787878787,0.0,0.0,-0.9310122059382657,0.0,0.41227971645006634,0.17207441109951835,-0.6829968743182837,-0.651087827846492,0.8660254037844387,-0.4999999999999998,0.8660254037844386,0.5000000000000001,-0.9749279121818236,-0.2225209339563146
0.17592240248102173,0.09568174107804124,-0.350189796416651,-0.6371874703765118,-1.067752145510034,-0.5287323942137945,-0.798726635747151,1.7147170583037203,0.2836572800234836,-0.6826680894736445,0.016335115745622568,0.588280771786341,-0.6505684099646967,0.0,0.8787878787878787,0.0,0.0,-0.9310122059382657,0.0,0.36085093663069046,0.010264828387933323,-0.6829968743182837,-0.651087827846492,0.8660254037844387,-0.4999999999999998,0.9659258262890683,0.25881904510252074,-0.9749279121818236,-0.2225209339563146
0.2551970576145675,0.09568174107804124,-0.7978589991593985,-0.6371874703765118,-1.067752145510034,0.010553540802670241,-0.6369623325147594,1.7147170583037203,-0.4008710320993033,-0.6400644952321932,0.1494223729368515,-0.3269751278000848,-0.6505684099646967,0.0,0.8787878787878787,0.0,0.0,-0.9310122059382657,0.0,0.42131460660978304,0.010264828387933323,-0.6404076734669372,-0.6032293486733973,0.8660254037844387,-0.4999999999999998,1.0,6.123233995736766e-17,-0.9749279121818236,-0.2225209339563146
0.27277040984175577,0.22727471561950033,-0.7978589991593985,-0.5053395649575132,-1.1756286432901693,0.010553540802670241,-0.7448052013363538,2.085555227057892,-0.6754558352672009,-0.3340932274981341,0.6783589079276332,-0.6514128533997506,-0.2850170881163449,0.0,0.8787878787878787,0.0,0.0,-0.6415895645077683,0.03464199515327388,0.48846387506257116,-0.5291004473173502,-0.3422832675075114,-0.3126600108367514,0.8660254037844387,-0.4999999999999998,0.9659258262890683,-0.25881904510252063,-0.9749279121818236,-0.2225209339563146
0.30373546665314893,0.3851862850692516,-0.7978589991593985,-0.18890459195191697,-1.2835051410703044,0.010553540802670241,-0.8526480701579482,2.664989865736285,-0.6831906184550289,0.3940409286284878,2.3402433759309282,-0.6514128533997506,0.4836655980133666,0.0,0.8787878787878787,0.0,0.0,-0.5100338184029966,0.13097877928833507,0.533130226933269,-0.6369735024584068,0.2500937988793994,0.2445494252499932,0.8660254037844387,-0.4999999999999998,0.8660254037844387,-0.4999999999999998,-0.9749279121818236,-0.2225209339563146
0.1499799475195856,0.22727471561950033,-0.6398581040737229,0.1011607999698797,-1.1756286432901693,-0.15123223970226915,-0.8526480701579482,2.0044343776429168,-0.6831906184550289,1.0214756801844067,1.8556692600038893,-0.6514128533997506,0.3880073081838914,0.0,0.0,0.0,0.0,-0.3521669230772707,0.35107101939627094,0.5304356123670253,-0.6369735024584068,0.5559616959027064,-0.15541072212515475,0.8660254037844387,-0.4999999999999998,0.7071067811865476,-0.7071067811865475,-0.9749279121818236,-0.2225209339563146
0.1532978401997267,-0.19382280291316867,-0.6398581040737229,0.23300870538887822,-0.6362461543894931,-0.15123223970226915,-0.8526480701579482,1.3129757088200344,-0.6831906184550289,1.9548816994743847,1.8556692600038893,-0.6514128533997506,1.392419351393381,0.8787878787878787,0.0,0.0,0.0,-0.19430002775154487,0.5472537170012628,0.5261422276460416,-0.9605926678815769,1.3380542933547064,-0.04601991258665274,0.8660254037844387,-0.4999999999999998,0.49999999999999994,-0.8660254037844387,-0.9749279121818236,-0.2225209339563146
0.1566958152576987,-0.3517343723629195,-0.6398581040737229,0.23300870538887822,-0.5283696566093578,0.010553540802670241,-0.7448052013363538,0.28158205197249436,-0.6831906184550289,2.4351403981961988,0.5862215760260132,-0.6514128533997506,1.6486469134366182,0.8787878787878787,0.0,0.0,0.0,0.09512261367895261,0.7207851997528953,0.5365147701848573,-1.0684657230226335,1.7213571010168252,0.018930880576832825,0.8660254037844387,-0.4999999999999998,0.258819045102521,-0.9659258262890682,-0.9749279121818236,-0.2225209339563146
0.15731362890460268,-0.7991504858038802,-0.6398581040737229,0.1011607999698797,0.01101283229131838,0.17233932130760965,-0.7448052013363538,-0.4021508216680097,-0.6831906184550289,2.6636505854912556,-0.328326755441919,-0.6514128533997506,1.7306397332904542,0.8787878787878787,0.0,0.0,0.0,0.09512261367895261,0.8676686561915393,0.508588638959192,-1.0684657230226335,1.7213571010168252,0.15225092970188214,0.8660254037844387,-0.4999999999999998,1.2246467991473532e-16,-1.0,-0.9749279121818236,-0.2225209339563146
0.14554084663304312,-0.7991504858038802,-0.6398581040737229,0.23300870538887822,0.01101283229131838,-0.5287323942137945,-0.8526480701579482,-0.6764165506424492,-0.6831906184550289,2.605554775162004,-0.6525136639846563,-0.6514128533997506,1.6759778533878968,0.8787878787878787,0.0,0.0,0.0,0.22667835978372425,0.8830909464697323,0.50362099876576,-1.1763387781636903,2.093044672083122,0.6821126634040012,0.8660254037844387,-0.4999999999999998,-0.2588190451025208,-0.9659258262890683,-0.9749279121818236,-0.2225209339563146
0.13844742611071092,-0.7991504858038802,-0.6398581040737229,0.1011607999698797,0.01101283229131838,-0.5287323942137945,-0.259512291639179,-0.6841423458248278,-0.6831906184550289,2.419648182108398,-0.6525136639846563,-0.6514128533997506,1.693059690857446,0.8787878787878787,0.0,0.0,0.0,0.3845452551094506,0.9073054316626094,0.49444294968432545,-1.284211833304747,2.6738065018742114,2.3469040460680786,0.8660254037844387,-0.4999999999999998,-0.4999999999999997,-0.8660254037844388,-0.9749279121818236,-0.2225209339563146
0.18759793745226058,-0.6412389163541294,-0.6398581040737229,-0.05705668653291797,-0.15080191437888446,-0.6365895812170874,-0.09774798840678739,-0.6841423458248278,-0.6831906184550289,1.900658943167083,-0.6525136639846563,-0.6514128533997506,1.491494008716766,0.0,0.0,0.0,0.0,0.22667835978372425,0.8895381826565202,0.44014110603814616,-1.1763387781636903,2.01173801591237,1.861482328740976,0.8660254037844387,-0.4999999999999998,-0.7071067811865471,-0.7071067811865479,-0.9749279121818236,-0.2225209339563146
0.18477773141997908,-0.6412389163541294,-0.6398581040737229,-0.18890459195191697,-0.15080191437888446,-0.6365895812170874,0.010094880414807005,-0.6841423458248278,-0.6831906184550289,1.0873175985575585,-0.6525136639846563,-0.6514128533997506,1.0610317044841275,0.0,0.0,0.8787878787878787,0.8787878787878787,-0.19430002775154487,0.6384737570472095,0.44724660320244713,-0.6369735024584068,1.3186955656950035,1.861482328740976,0.8660254037844387,-0.4999999999999998,-0.8660254037844385,-0.5000000000000004,-0.9749279121818236,-0.2225209339563146
0.1895085707751857,-0.6412389163541294,-0.6398581040737229,-0.3471220784547151,0.01101283229131838,-0.7983753617220268,0.010094880414807005,-0.6841423458248278,-0.6831906184550289,0.3204529022114356,-0.6525136639846563,-0.6514128533997506,0.5314947429281042,0.0,0.0,0.8787878787878787,0.8787878787878787,-0.3521669230772707,0.361321165002414,0.44844217227247796,-0.5291004473173502,0.2849395086668648,0.5898141678558901,0.8660254037844387,-0.4999999999999998,-0.9659258262890683,-0.25881904510252063,-0.9749279121818236,-0.2225209339563146
0.21721294788243914,-0.6412389163541294,-0.6398581040737229,-0.6371874703765118,0.17282757896152123,-0.6365895812170874,0.3336234868795902,-0.6841423458248278,-0.6406493109219744,-0.3844429297834856,-0.6525136639846563,-0.6514128533997506,-0.27135161814070563,0.0,0.0,0.8787878787878787,0.8787878787878787,-0.7994564598334941,0.14343526774500362,0.44702405382324717,0.010264828387933323,-0.40035945048662036,-0.3263338620290641,0.8660254037844387,-0.4999999999999998,-1.0,-1.8369701987210297e-16,-0.9749279121818236,-0.2225209339563146
0.342120005435922,-0.6412389163541294,-0.5081906915023265,-0.7954049568793099,-0.5283696566093578,-0.7444467682203804,0.6032306589335762,-0.6841423458248278,-0.3351253750027644,-0.6594297653419439,-0.6525136639846563,-0.2859935203559165,-0.6505684099646967,0.0,0.0,0.8787878787878787,0.8787878787878787,-0.7994564598334941,0.0,0.45683912169158825,0.010264828387933323,-0.6752533832544025,-0.651087827846492,0.8660254037844387,-0.4999999999999998,-0.9659258262890684,0.2588190451025203,-0.9749279121818236,-0.2225209339563146
0.42320231465434816,-0.6412389163541294,-0.1921889013309754,-0.7954049568793099,-0.5283696566093578,-0.8523039552236732,0.4414663557011846,-0.6841423458248278,0.391944244653077,-0.6826680894736445,-0.6525136639846563,0.4824116192222395,-0.6505684099646967,0.0,0.0,0.8787878787878787,0.8787878787878787,-0.7994564598334941,0.0,0.4615077415683876,0.010264828387933323,-0.6829968743182837,-0.651087827846492,0.8660254037844387,-0.4999999999999998,-0.8660254037844386,0.5000000000000001,-0.9749279121818236,-0.2225209339563146
0.4560894617995184,-0.6412389163541294,0.09747940632609654,-0.9272528622983084,-0.6362461543894931,-0.8523039552236732,0.4414663557011846,-0.6841423458248278,1.018461682867153,-0.6826680894736445,-0.6525136639846563,0.38678786851918007,-0.6505684099646967,0.0,0.0,0.0,0.0,-0.6415895645077683,0.0,0.3940190917147759,-0.15154475432365172,-0.6829968743182837,-0.651087827846492,0.8660254037844387,-0.4999999999999998,-0.7071067811865477,0.7071067811865474,-0.9749279121818236,-0.2225209339563146
0.5346490319597531,-0.6412389163541294,0.22914681889749292,-0.6371874703765118,-0.6362461543894931,-0.8523039552236732,0.010094880414807005,-0.6841423458248278,1.9505030570004391,-0.6826680894736445,-0.6525136639846563,1.3908372509013038,-0.6505684099646967,0.0,0.0,0.0,0.0,-0.6415895645077683,0.0,0.2949183909633786,-0.15154475432365172,-0.6829968743182837,-0.651087827846492,0.8660254037844387,-0.4999999999999998,-0.5000000000000004,0.8660254037844384,-0.9749279121818236,-0.2225209339563146
0.3898003228034244,-0.6412389163541294,0.22914681889749292,-0.6371874703765118,-0.7980609010596958,-0.7444467682203804,0.010094880414807005,-0.6841423458248278,2.4300596146457814,-0.6826680894736445,-0.6525136639846563,1.646972297427356,-0.6505684099646967,0.0,0.0,0.0,0.0,-0.6415895645077683,0.0,0.2839157442904048,0.010264828387933323,-0.6829968743182837,-0.651087827846492,0.8660254037844387,-0.4999999999999998,-0.25881904510252157,0.9659258262890681,-0.9749279121818236,-0.2225209339563146
0.15352951688501765,-0.6412389163541294,0.09747940632609654,-0.6371874703765118,-0.6362461543894931,-0.7444467682203804,0.3336234868795902,-0.6416504723217455,2.65823571868671,-0.6826680894736445,-0.6525136639846563,1.7289355123156926,-0.6505684099646967,0.0,0.0,0.0,0.0,-0.6415895645077683,0.0,0.2413445322024853,0.17207441109951835,-0.6829968743182837,-0.651087827846492,0.8660254037844387,-0.4999999999999998,-2.4492935982947064e-16,1.0,-0.9749279121818236,-0.2225209339563146
0.14948798937715202,-0.5096459418126703,0.22914681889749292,-0.7954049568793099,-0.7441226521696283,-0.8523039552236732,0.3336234868795902,-0.3364815626177918,2.6002248447779994,-0.6826680894736445,-0.28737683015231014,1.6742933690568014,-0.6505684099646967,0.0,0.0,0.0,0.0,-0.6415895645077683,0.0,0.2397857902042112,-0.5291004473173502,-0.6829968743182837,-0.651087827846492,0.8660254037844387,-0.4999999999999998,0.25881904510252074,0.9659258262890683,-0.7818314824680299,0.6234898018587334
0.1473618729510809,-0.19382280291316867,0.09747940632609654,-0.9272528622983084,-0.8519991499497634,-0.2590894267055621,0.279702052468793,0.38974318452579443,2.4145900482701252,-0.6826680894736445,0.48043426902785685,1.691369038825205,-0.6505684099646967,0.0,0.0,0.0,0.0,-0.6415895645077683,0.0,0.2503450027574098,-0.5291004473173502,-0.6829968743182837,-0.651087827846492,0.8660254037844387,-0.4999999999999998,0.49999999999999994,0.8660254037844387,-0.7818314824680299,0.6234898018587334
0.1480521424095746,0.09568174107804124,-0.06052148875957856,-1.085470348801107,-0.8519991499497634,-0.09730364620062269,0.6032306589335762,1.0155325942984592,1.8963595746856423,-0.6826680894736445,0.3848844433521027,1.489876135558044,-0.6505684099646967,0.0,0.0,0.0,0.0,-0.6415895645077683,0.0,0.2330341952115056,-0.6369735024584068,-0.6829968743182837,-0.651087827846492,0.8660254037844387,-0.4999999999999998,0.7071067811865476,0.7071067811865476,-0.7818314824680299,0.6234898018587334
0.1470567759784515,0.22727471561950033,-0.1921889013309754,-0.9272528622983084,-0.8519991499497634,0.010553540802670241,0.4414663557011846,1.9464909137750777,1.0842073399636918,-0.6826680894736445,1.388157612947521,1.0595692573942768,-0.6505684099646967,0.0,0.8787878787878787,0.0,0.0,-0.6415895645077683,0.0,0.2421139537846122,-0.6369735024584068,-0.6829968743182837,-0.651087827846492,0.8660254037844387,-0.4999999999999998,0.8660254037844386,0.5000000000000001,-0.7818314824680299,0.6234898018587334
0.14685655973698009,0.22727471561950033,-0.350189796416651,-1.085470348801107,-0.7441226521696283,0.010553540802670241,0.279702052468793,2.4254902150825495,0.31846380436871,-0.6826680894736445,1.6440946460075767,0.5302234945737692,-0.6505684099646967,0.0,0.8787878787878787,0.0,0.0,-0.6415895645077683,0.0,0.23113527790783295,-0.7987830851699919,-0.6829968743182837,-0.651087827846492,0.8660254037844387,-0.4999999999999998,0.9659258262890683,0.25881904510252074,-0.7818314824680299,0.6234898018587334
0.14689087585276756,0.09568174107804124,-0.6398581040737229,-1.2173182542201055,-0.7441226521696283,0.33412510181254906,0.4414663557011846,2.653401172962717,-0.3854014657236471,-0.6284453331663429,1.7259944965867944,-0.2723329845411937,-0.6403193074829672,0.0,0.8787878787878787,0.0,0.0,-0.6415895645077683,0.0,0.24965407528889028,-0.6369735024584068,-0.6404076734669372,-0.651087827846492,0.8660254037844387,-0.4999999999999998,1.0,6.123233995736766e-17,-0.7818314824680299,0.6234898018587334
0.14064410028755653,0.22727471561950033,-0.7978589991593985,-0.9272528622983084,-0.8519991499497634,0.6037680693207814,0.279702052468793,2.595457709094878,-0.6599862688915447,-0.30310879532253315,1.6713945962006493,-0.6514128533997506,-0.052704098530476556,0.0,0.8787878787878787,0.0,0.0,-0.5100338184029966,0.01879836907282947,0.2735671725477836,-0.7448465575994635,-0.33453977644363025,-0.28531230845212585,0.8660254037844387,-0.4999999999999998,0.9659258262890683,-0.25881904510252063,-0.7818314824680299,0.6234898018587334
0.22492990026020723,0.09568174107804124,-0.7978589991593985,-0.5053395649575132,-0.2586784121590197,0.441982288815842,0.1718591836471986,2.4100386247177923,-0.6831906184550289,0.38242176656263743,1.6884570650713195,-0.6514128533997506,0.47683286302554695,0.0,0.8787878787878787,0.0,0.0,-0.19430002775154487,0.06818081355942306,0.33195224669104406,-0.8527196127405202,0.3933483835612014,0.48384182111546636,0.8660254037844387,-0.4999999999999998,0.8660254037844387,-0.4999999999999998,-0.7818314824680299,0.6234898018587334
0.23861332615158606,-0.06222982837170911,-0.9295264117307949,-0.05705668653291797,-0.09686366548881685,0.441982288815842,-0.47519802928236776,1.8924103474984277,-0.6831906184550289,0.8394421411527512,1.4871199323974091,-0.6514128533997506,-0.08686777346957485,0.0,0.0,0.0,0.0,0.09512261367895261,0.11735814683400304,0.3421434204492505,-0.8527196127405202,1.0205711597355775,0.3881248627692771,0.8660254037844387,-0.4999999999999998,0.7071067811865476,-0.7071067811865475,-0.7818314824680299,0.6234898018587334
0.22593670310839414,-0.19382280291316867,-0.6398581040737229,0.1011607999698797,0.01101283229131838,0.010553540802670241,-0.3673551604607734,1.0812018533486771,-0.6831906184550289,1.2151283812819125,1.0571457168565157,-0.6514128533997506,0.16935978857366232,0.8787878787878787,0.0,0.0,0.0,0.22667835978372425,0.3003359531795358,0.328708967234124,-0.8527196127405202,1.9536618329332607,1.3931529254042643,0.8660254037844387,-0.4999999999999998,0.49999999999999994,-0.8660254037844387,-0.7818314824680299,0.6234898018587334
0.32587377183905214,-0.3517343723629195,-0.6398581040737229,0.39122619189167684,0.01101283229131838,0.010553540802670241,-0.47519802928236776,0.31634813029319797,-0.6831906184550289,2.4816170464596,0.5282091818657338,-0.6514128533997506,1.5598213585949625,0.8787878787878787,0.0,0.0,0.0,0.22667835978372425,0.24712841642249966,0.36872800660241767,-0.7448465575994635,2.4337582788938943,1.6495376352601285,0.8660254037844387,-0.4999999999999998,0.258819045102521,-0.9659258262890682,-0.7818314824680299,0.6234898018587334
0.3618442552810184,-0.6412389163541294,-0.6398581040737229,0.39122619189167684,0.3346423256317241,0.33412510181254906,-0.47519802928236776,-0.38669923130325257,-0.6831906184550289,2.837938016479011,-0.2737268550557738,-0.6514128533997506,1.9629527228763224,0.8787878787878787,0.0,0.0,0.0,0.09512261367895261,0.6275695013883674,0.3763208075167088,-0.7448465575994635,2.6621912652783895,1.7315807424140048,0.8660254037844387,-0.4999999999999998,1.2246467991473532e-16,-1.0,-0.7818314824680299,0.6234898018587334
0.3716034112624159,-0.7991504858038802,-0.7978589991593985,0.39122619189167684,0.6043335700820621,0.33412510181254906,-0.3673551604607734,-0.660964960277692,-0.6831906184550289,2.7527308279961082,-0.6525136639846563,-0.6514128533997506,1.894625372998126,0.8787878787878787,0.0,0.0,0.0,0.22667835978372425,0.8272834406646452,0.33627313636407175,-0.8527196127405202,2.6041150822992805,1.676885337644754,0.8660254037844387,-0.4999999999999998,-0.2588190451025208,-0.9659258262890683,-0.7818314824680299,0.6234898018587334
0.37989241102504456,-0.7991504858038802,-0.9295264117307949,0.23300870538887822,0.44251882341185933,0.2801965083109026,-0.3673551604607734,-0.6841423458248278,-0.6831906184550289,2.5280936947230015,-0.6525136639846563,-0.6514128533997506,1.8809599030224866,0.8787878787878787,0.0,0.0,0.0,0.09512261367895261,0.8121161340972972,0.32678556693775684,-0.2594178094647084,2.418271296766132,1.6939776516351448,0.8660254037844387,-0.4999999999999998,-0.4999999999999997,-0.8660254037844388,-0.7818314824680299,0.6234898018587334
0.24500884035228923,-0.9307434603453393,-1.0875273068164708,0.1011607999698797,0.44251882341185933,0.6037680693207814,-0.259512291639179,-0.6841423458248278,-0.6831906184550289,1.8890397811012327,-0.6525136639846563,-0.6514128533997506,1.6008177685218805,0.0,0.0,0.0,0.0,-0.06274428164677277,0.419639897807478,0.3010065634396084,-0.09760822675312336,1.8994573954860925,1.4922883465485317,0.8660254037844387,-0.4999999999999998,-0.7071067811865471,-0.7071067811865479,-0.7818314824680299,0.6234898018587334
0.22855669289920427,-0.6412389163541294,-0.9295264117307949,0.1011607999698797,0.01101283229131838,0.441982288815842,-0.09774798840678739,-0.6841423458248278,-0.6831906184550289,1.2151283812819125,-0.6525136639846563,-0.6514128533997506,0.9072951672581853,0.0,0.0,0.8787878787878787,0.8787878787878787,-0.19430002775154487,0.14356830897197806,0.2623706082799534,0.010264828387933323,1.0863908337785677,1.0615620339906802,0.8660254037844387,-0.4999999999999998,-0.8660254037844385,-0.5000000000000004,-0.7818314824680299,0.6234898018587334
0.23777813477301887,-0.6412389163541294,-1.0875273068164708,-0.18890459195191697,0.01101283229131838,0.2801965083109026,0.010094880414807005,-0.6841423458248278,-0.6831906184550289,0.335945118299236,-0.6525136639846563,-0.6514128533997506,0.7569749975261529,0.0,0.0,0.8787878787878787,0.8787878787878787,-0.3521669230772707,0.11026787006737902,0.2796014414643656,0.010264828387933323,0.3197852184543301,0.531700300288561,0.8660254037844387,-0.4999999999999998,-0.9659258262890683,-0.25881904510252063,-0.7818314824680299,0.6234898018587334
0.3583547751573438,-0.6412389163541294,-1.2191947193878672,-0.5053395649575132,0.3346423256317241,0.441982288815842,0.1718591836471986,-0.6841423458248278,-0.6290471361402322,-0.3612046056517849,-0.6525136639846563,-0.6411674515387086,-0.12103144840867314,0.0,0.0,0.8787878787878787,0.8787878787878787,-0.6415895645077683,0.04561833543227569,0.29233722792185945,0.3338839938111034,-0.38487246835885797,-0.2716384572598131,0.8660254037844387,-0.4999999999999998,-1.0,-1.8369701987210297e-16,-0.7818314824680299,0.6234898018587334
0.38010981278279404,-0.7991504858038802,-0.9295264117307949,-0.7954049568793099,0.3346423256317241,0.2801965083109026,0.6032306589335762,-0.6841423458248278,-0.304186242251452,-0.6555567113199937,-0.6525136639846563,-0.05376441150562935,-0.6471520424707868,0.0,0.0,0.8787878787878787,0.8787878787878787,-0.7994564598334941,0.0,0.3597867971825299,0.6035666316637451,-0.6597664011266401,-0.651087827846492,0.8660254037844387,-0.4999999999999998,-0.9659258262890684,0.2588190451025203,-0.7818314824680299,0.6234898018587334
0.4236942659321856,-0.9307434603453393,-0.5081906915023265,-0.7954049568793099,0.2807040767416565,0.17233932130760965,0.4414663557011846,-0.6841423458248278,0.38034206987133484,-0.6826680894736445,-0.6525136639846563,0.4755813513148781,-0.6505684099646967,0.0,0.0,0.8787878787878787,0.8787878787878787,-0.7994564598334941,0.0,0.36959551381427247,0.44175704895216006,-0.6829968743182837,-0.651087827846492,0.8660254037844387,-0.4999999999999998,-0.8660254037844386,0.5000000000000001,-0.7818314824680299,0.6234898018587334
0.47799322089897056,-1.0886550297950905,-0.06052148875957856,-0.7954049568793099,0.6043335700820621,-0.47480380071214795,0.4414663557011846,-0.6841423458248278,0.8366942779531927,-0.6826680894736445,-0.6525136639846563,-0.08791575104243628,-0.6505684099646967,0.0,0.0,0.0,0.0,-0.9310122059382657,0.0,0.328170853591345,0.44175704895216006,-0.6829968743182837,-0.651087827846492,0.8660254037844387,-0.4999999999999998,-0.7071067811865477,0.7071067811865474,-0.7818314824680299,0.6234898018587334
0.4904181741207981,-0.9307434603453393,0.09747940632609654,-0.7954049568793099,0.44251882341185933,-0.366946613708855,0.4414663557011846,-0.6841423458248278,1.2118312625628556,-0.6826680894736445,-0.6525136639846563,0.16821929548361572,-0.6505684099646967,0.0,0.0,0.0,0.0,-0.6415895645077683,0.0,0.2487393179499211,0.010264828387933323,-0.6829968743182837,-0.651087827846492,0.8660254037844387,-0.4999999999999998,-0.5000000000000004,0.8660254037844384,-0.7818314824680299,0.6234898018587334
0.605566041369903,-1.0886550297950905,0.38714771398316894,-0.7954049568793099,0.2807040767416565,-0.47480380071214795,0.4414663557011846,-0.6841423458248278,2.4764683137727497,-0.6826680894736445,-0.6525136639846563,1.558178814631658,-0.6505684099646967,0.0,0.0,0.0,0.0,-0.6415895645077683,0.0,0.24755470988498773,0.010264828387933323,-0.6829968743182837,-0.651087827846492,0.8660254037844387,-0.4999999999999998,-0.25881904510252157,0.9659258262890681,-0.7818314824680299,0.6234898018587334
0.33928262761655464,-1.2202480043365496,0.38714771398316894,-0.5053395649575132,0.44251882341185933,-0.47480380071214795,0.4953877901119818,-0.6300617795481778,2.8322683404128424,-0.6826680894736445,-0.642276182662254,1.9611646211659797,-0.6505684099646967,0.0,0.0,0.0,0.0,-0.6415895645077683,0.0,0.24104090211735374,0.3338839938111034,-0.6829968743182837,-0.651087827846492,0.8660254037844387,-0.4999999999999998,-2.4492935982947064e-16,1.0,-0.7818314824680299,0.6234898018587334
0.24686228129300122,-0.9307434603453393,0.38714771398316894,-0.6371874703765118,0.2807040767416565,-0.366946613708855,0.3336234868795902,-0.30557838188827746,2.7471857253467333,-0.6826680894736445,-0.05532725351119302,1.8928619420923658,-0.6505684099646967,0.0,0.0,0.0,0.0,-0.7994564598334941,0.0,0.24670927834227807,0.3338839938111034,-0.6829968743182837,-0.651087827846492,0.8660254037844387,-0.4999999999999998,0.25881904510252074,0.9659258262890683,-2.4492935982947064e-16,1.0
0.14606140954732835,-0.5096459418126703,0.22914681889749292,-0.6371874703765118,0.17282757896152123,-0.366946613708855,0.3336234868795902,0.3781544917522266,2.5228770128997184,-0.6826680894736445,0.4736092814795887,1.879201406277643,-0.6505684099646967,0.0,0.0,0.0,0.0,-0.9310122059382657,0.0,0.24880013616231744,0.27994746624057504,-0.6829968743182837,-0.651087827846492,0.8660254037844387,-0.4999999999999998,0.49999999999999994,0.8660254037844387,-2.4492935982947064e-16,1.0
0.14363592465405384,-0.06222982837170911,0.09747940632609654,-0.6371874703765118,-0.47443140771929015,-0.2590894267055621,0.3336234868795902,0.8339764075125626,1.8847573999039002,-0.6826680894736445,-0.08945219125253377,1.5991604220758262,-0.6505684099646967,0.0,0.0,0.0,0.0,-1.088879101263992,0.0,0.2613840153818755,0.6035666316637451,-0.6829968743182837,-0.651087827846492,0.8660254037844387,-0.4999999999999998,0.7071067811865476,0.7071067811865476,-2.4492935982947064e-16,1.0
0.14330985290811202,0.09568174107804124,0.09747940632609654,-0.6371874703765118,-0.36655490993915496,-0.09730364620062269,0.3336234868795902,1.2086774738579236,1.2118312625628556,-0.6826680894736445,0.16648484180752188,0.9058882294786454,-0.6505684099646967,0.0,0.8787878787878787,0.0,0.0,-0.9310122059382657,0.0,0.2952395893884563,0.44175704895216006,-0.6829968743182837,-0.651087827846492,0.8660254037844387,-0.4999999999999998,0.8660254037844386,0.5000000000000001,-2.4492935982947064e-16,1.0
0.1426462729991646,0.3851862850692516,-0.1921889013309754,-0.5053395649575132,-0.47443140771929015,0.010553540802670241,0.1718591836471986,2.4718449861768206,0.33393337074436624,-0.6826680894736445,1.5553698078800906,0.755622335516695,-0.6505684099646967,0.0,0.8787878787878787,0.0,0.0,-1.088879101263992,0.0,0.3095107155861445,0.27994746624057504,-0.6829968743182837,-0.651087827846492,0.8660254037844387,-0.4999999999999998,0.9659258262890683,0.25881904510252074,-2.4492935982947064e-16,1.0
0.14261195001878102,0.3851862850692516,-0.5081906915023265,-0.5053395649575132,-0.47443140771929015,0.17233932130760965,0.1718591836471986,2.8272315645662354,-0.36219711616016276,-0.6439375492541434,1.9580440732279116,-0.12206709057924321,-0.6505684099646967,0.0,0.8787878787878787,0.0,0.0,-1.2204348473687636,0.004107812195323403,0.30513128185318017,0.44175704895216006,-0.6287924368711154,-0.6408324394522574,0.8660254037844387,-0.4999999999999998,1.0,6.123233995736766e-17,-2.4492935982947064e-16,1.0
0.14330985290811202,0.3851862850692516,-0.7978589991593985,-0.3471220784547151,-0.36655490993915496,0.6037680693207814,-0.09774798840678739,2.742247817560071,-0.6561188772976306,-0.4812692803322385,1.8897941977452302,-0.64799771944607,-0.6369029399890573,0.0,0.8787878787878787,0.0,0.0,-0.9310122059382657,0.07618578002743527,0.31179485587738043,0.27994746624057504,-0.3035658121881055,-0.05285683818280912,0.8660254037844387,-0.4999999999999998,0.9659258262890683,-0.25881904510252063,-2.4492935982947064e-16,1.0
0.1456495337827257,0.22727471561950033,-0.7978589991593985,-0.3471220784547151,-0.36655490993915496,0.441982288815842,-0.09774798840678739,2.518199757271092,-0.6831906184550289,-0.16755190455427907,1.8761442226486937,-0.6514128533997506,-0.6334865724951475,0.0,0.8787878787878787,0.0,0.0,-0.5100338184029966,0.189813080774795,0.3408080217347511,0.17207441109951835,0.38173314696537963,0.47700489551930997,0.8660254037844387,-0.4999999999999998,0.8660254037844387,-0.4999999999999998,-2.4492935982947064e-16,1.0
0.1498197758993277,0.09568174107804124,-0.7978589991593985,-0.18890459195191697,-0.2586784121590197,0.441982288815842,-0.259512291639179,1.8808216547248597,-0.6831906184550289,0.1810229574212314,1.5963197331696997,-0.6514128533997506,-0.6403193074829672,0.0,0.0,0.0,0.0,-0.06274428164677277,0.368056646537256,0.3367122424234229,-0.47516391974682176,0.8385991197343697,-0.087041466163591,0.8660254037844387,-0.4999999999999998,0.7071067811865476,-0.7071067811865475,-2.4492935982947064e-16,1.0
0.8081745602510513,0.09568174107804124,-0.7978589991593985,-0.05705668653291797,-0.09686366548881685,0.441982288815842,-0.3673551604607734,1.2086774738579236,-0.6831906184550289,0.5993127917918439,0.9035834970204822,-0.6514128533997506,-0.6334865724951475,0.8787878787878787,0.0,0.0,0.0,0.09512261367895261,0.48253211903344767,0.3181073704205598,-0.3672908646057651,1.2141584363326072,0.16934324369227308,0.8660254037844387,-0.4999999999999998,0.49999999999999994,-0.8660254037844387,-2.4492935982947064e-16,1.0
0.36649505344597055,-0.19382280291316867,-0.7978589991593985,-0.05705668653291797,0.01101283229131838,0.441982288815842,-0.259512291639179,0.3317997206579551,-0.6831906184550289,0.6845199802747465,0.7534337709585829,-0.6514128533997506,-0.6471520424707868,0.8787878787878787,0.0,0.0,0.0,0.3845452551094506,0.5441493019632987,0.3358042204684273,-0.47516391974682176,2.4802192252771817,1.5606576025100956,0.8660254037844387,-0.4999999999999998,0.258819045102521,-0.9659258262890682,-2.4492935982947064e-16,1.0
0.4217321241125989,-0.5096459418126703,-0.5081906915023265,-0.05705668653291797,0.17282757896152123,0.4959108823174885,-0.259512291639179,-0.3635218457561168,-0.6831906184550289,0.6845199802747465,-0.12357712899387452,-0.6514128533997506,-0.6505684099646967,0.8787878787878787,0.0,0.0,0.0,0.3845452551094506,0.7165166540219227,0.32520590171246244,-0.47516391974682176,2.836419814215716,1.9640362126833217,0.8660254037844387,-0.4999999999999998,1.2246467991473532e-16,-1.0,-2.4492935982947064e-16,1.0
0.5451575958948451,-0.7991504858038802,-0.6398581040737229,-0.05705668653291797,0.6043335700820621,0.33412510181254906,-0.3673551604607734,-0.6571020626865027,-0.6831906184550289,0.9943643020307558,-0.6491011702105222,-0.6514128533997506,-0.643735674976877,0.8787878787878787,0.0,0.0,0.0,0.3845452551094506,0.8487981319838795,0.31435952619160334,-0.3672908646057651,2.751241412513023,1.895666956721758,0.8660254037844387,-0.4999999999999998,-0.2588190451025208,-0.9659258262890683,-2.4492935982947064e-16,1.0
0.4244265123956884,-0.7991504858038802,-0.6398581040737229,0.23300870538887822,0.44251882341185933,0.33412510181254906,-0.47519802928236776,-0.6841423458248278,-0.6831906184550289,0.7464888446259483,-0.6525136639846563,-0.6514128533997506,-0.643735674976877,0.8787878787878787,0.0,0.0,0.0,0.22667835978372425,0.8742101026395585,0.3170513748967476,-0.3672908646057651,2.5266801716604688,1.8819931055294452,0.8660254037844387,-0.4999999999999998,-0.4999999999999997,-0.8660254037844388,-2.4492935982947064e-16,1.0
0.44729131494588004,-0.7991504858038802,-0.6398581040737229,0.1011607999698797,0.44251882341185933,0.33412510181254906,-0.3673551604607734,-0.6841423458248278,-0.6831906184550289,0.6031858458137941,-0.6525136639846563,-0.6514128533997506,-0.6471520424707868,0.0,0.0,0.0,0.0,0.09512261367895261,0.9198616997090432,0.33703851159384945,-0.2594178094647084,1.8878421588902707,1.6016791560870338,0.8660254037844387,-0.4999999999999998,-0.7071067811865471,-0.7071067811865479,-2.4492935982947064e-16,1.0
0.49812938083165,-0.7991504858038802,-0.6398581040737229,0.1011607999698797,0.44251882341185933,0.33412510181254906,-0.3673551604607734,-0.6841423458248278,-0.6831906184550289,0.4637559010235899,-0.6525136639846563,-0.6514128533997506,-0.4148390528849184,0.0,0.0,0.8787878787878787,0.8787878787878787,0.09512261367895261,0.7797470529657247,0.3816965658812491,-0.09760822675312336,1.2141584363326072,0.9077312080771617,0.8660254037844387,-0.4999999999999998,-0.8660254037844385,-0.5000000000000004,-2.4492935982947064e-16,1.0
0.5710028001236624,-0.7991504858038802,-0.5081906915023265,-0.05705668653291797,0.44251882341185933,0.17233932130760965,-0.3673551604607734,-0.6841423458248278,-0.6831906184550289,-0.0745986080274763,-0.6525136639846563,-0.6514128533997506,-0.4250881553666479,0.0,0.0,0.8787878787878787,0.8787878787878787,-0.19430002775154487,0.5741180237840398,0.4100745056394627,0.010264828387933323,0.3352722005820925,0.7573188449617213,0.8660254037844387,-0.4999999999999998,-0.9659258262890683,-0.25881904510252063,-2.4492935982947064e-16,1.0
0.5578227756563772,-0.5096459418126703,-0.5081906915023265,-0.5053395649575132,0.4964570723019269,0.17233932130760965,0.010094880414807005,-0.6841423458248278,-0.6445167025158884,-0.3844429297834856,-0.6525136639846563,-0.6514128533997506,-0.2952661905980744,0.0,0.0,0.8787878787878787,0.8787878787878787,-0.5100338184029966,0.21086214908706652,0.4400809229494097,0.17207441109951835,-0.3616419951672144,-0.12122609414437287,0.8660254037844387,-0.4999999999999998,-1.0,-1.8369701987210297e-16,-2.4492935982947064e-16,1.0
0.3106515506327335,-0.6412389163541294,-0.350189796416651,-0.6371874703765118,0.3346423256317241,-0.09730364620062269,0.4414663557011846,-0.6841423458248278,-0.4820862555714983,-0.667175873385844,-0.6525136639846563,-0.6377523175850279,-0.6505684099646967,0.0,0.0,0.8787878787878787,0.8787878787878787,-0.7994564598334941,0.0,0.4355359985273325,0.6035666316637451,-0.6558946555946995,-0.6476693650484138,0.8660254037844387,-0.4999999999999998,-0.9659258262890684,0.2588190451025203,-2.4492935982947064e-16,1.0
0.2798581190201522,-0.6412389163541294,-0.350189796416651,-0.5053395649575132,0.3346423256317241,-0.09730364620062269,0.3336234868795902,-0.6841423458248278,-0.16882753646446028,-0.6826680894736445,-0.6525136639846563,-0.6343371836313472,-0.6505684099646967,0.0,0.0,0.8787878787878787,0.8787878787878787,-0.7994564598334941,0.0,0.5011454506425171,0.44175704895216006,-0.6829968743182837,-0.651087827846492,0.8660254037844387,-0.4999999999999998,-0.8660254037844386,0.5000000000000001,-2.4492935982947064e-16,1.0
0.319243721848792,-0.6412389163541294,-0.1921889013309754,-0.5053395649575132,0.3346423256317241,-0.2590894267055621,0.4953877901119818,-0.6841423458248278,0.17923770698780422,-0.6826680894736445,-0.6525136639846563,-0.6411674515387086,-0.6505684099646967,0.0,0.0,0.0,0.0,-0.7994564598334941,0.0,0.43418943392913556,0.44175704895216006,-0.6829968743182837,-0.651087827846492,0.8660254037844387,-0.4999999999999998,-0.7071067811865477,0.7071067811865474,-2.4492935982947064e-16,1.0
0.3867856324673956,-0.6412389163541294,-0.06052148875957856,-0.3471220784547151,0.3346423256317241,-0.366946613708855,0.010094880414807005,-0.6841423458248278,0.5969159991305216,-0.6826680894736445,-0.6525136639846563,-0.6343371836313472,-0.6505684099646967,0.0,0.0,0.0,0.0,-0.7994564598334941,0.0,0.3249281887702248,0.44175704895216006,-0.6829968743182837,-0.651087827846492,0.8660254037844387,-0.4999999999999998,-0.5000000000000004,0.8660254037844384,-2.4492935982947064e-16,1.0
0.31200157985245786,-0.5096459418126703,-0.06052148875957856,-0.5053395649575132,0.17282757896152123,-0.2590894267055621,0.3336234868795902,-0.6841423458248278,0.6819986141966308,-0.6826680894736445,-0.6525136639846563,-0.64799771944607,-0.6505684099646967,0.0,0.0,0.0,0.0,-0.7994564598334941,0.0,0.2536829361275086,0.44175704895216006,-0.6829968743182837,-0.651087827846492,0.8660254037844387,-0.4999999999999998,-0.25881904510252157,0.9659258262890681,-2.4492935982947064e-16,1.0
0.26002800337436077,-0.5096459418126703,-0.06052148875957856,-0.7954049568793099,0.17282757896152123,-0.2590894267055621,0.4414663557011846,-0.6455133699129348,0.6819986141966308,-0.6826680894736445,-0.6525136639846563,-0.6514128533997506,-0.6505684099646967,0.0,0.0,0.0,0.0,-0.5100338184029966,0.0,0.23729244325259735,0.4956935765226884,-0.6829968743182837,-0.651087827846492,0.8660254037844387,-0.4999999999999998,-2.4492935982947064e-16,1.0,-2.4492935982947064e-16,1.0
0.1749556270925581,-0.3517343723629195,-0.06052148875957856,-0.9272528622983084,-0.09686366548881685,-0.366946613708855,0.7649949621659677,-0.48327167108298474,0.9913899417097547,-0.6826680894736445,-0.63886368888812,-0.6445825854923893,-0.6505684099646967,0.0,0.0,0.0,0.0,-0.6415895645077683,0.0,0.22064426431859396,0.3338839938111034,-0.6829968743182837,-0.651087827846492,0.8660254037844387,-0.4999999999999998,0.25881904510252074,0.9659258262890683,0.7818314824680298,0.6234898018587336
0.1749327679876227,-0.3517343723629195,0.22914681889749292,-0.6371874703765118,-0.09686366548881685,-0.47480380071214795,0.4414663557011846,-0.17037696619665238,0.7438768796992555,-0.6826680894736445,-0.6354511951139858,-0.6445825854923893,-0.6505684099646967,0.0,0.0,0.0,0.0,-0.6415895645077683,0.0,0.22158972783773123,0.3338839938111034,-0.6829968743182837,-0.651087827846492,0.8660254037844387,-0.4999999999999998,0.49999999999999994,0.8660254037844387,0.7818314824680298,0.6234898018587336
0.17218691926004412,-0.19382280291316867,0.09747940632609654,-0.5053395649575132,-0.2586784121590197,-0.366946613708855,0.3336234868795902,0.1772838170103836,0.6007833907244357,-0.6826680894736445,-0.642276182662254,-0.64799771944607,-0.6505684099646967,0.0,0.0,0.0,0.0,-0.6415895645077683,0.0,0.21550775293914992,0.3338839938111034,-0.6829968743182837,-0.651087827846492,0.8660254037844387,-0.4999999999999998,0.7071067811865476,0.7071067811865476,0.7818314824680298,0.6234898018587336
0.17222695015206546,-0.06222982837170911,0.09747940632609654,-0.6371874703765118,-0.36655490993915496,-0.366946613708855,0.4414663557011846,0.5944767568588267,0.4615572933435299,-0.6826680894736445,-0.6354511951139858,-0.41576861059578285,-0.6505684099646967,0.0,0.8787878787878787,0.0,0.0,-0.6415895645077683,0.0,0.2317745247495141,0.3338839938111034,-0.6829968743182837,-0.651087827846492,0.8660254037844387,-0.4999999999999998,0.8660254037844386,0.5000000000000001,0.7818314824680298,0.6234898018587336
0.17155766919607632,-0.06222982837170911,-0.06052148875957856,-0.6371874703765118,-0.2586784121590197,-0.366946613708855,0.3336234868795902,0.6794605038649911,-0.07601013821052308,-0.6826680894736445,-0.6491011702105222,-0.4260140124568249,-0.6505684099646967,0.0,0.8787878787878787,0.0,0.0,-0.5100338184029966,0.0,0.29697578186411555,0.17207441109951835,-0.6829968743182837,-0.651087827846492,0.8660254037844387,-0.4999999999999998,0.9659258262890683,0.25881904510252074,0.7818314824680298,0.6234898018587336
0.19883872382476916,-0.06222982837170911,-0.5081906915023265,-0.6371874703765118,-0.2586784121590197,0.010553540802670241,0.6032306589335762,0.6794605038649911,-0.3854014657236471,-0.6284453331663429,-0.6525136639846563,-0.2962389222169586,-0.6471520424707868,0.0,0.8787878787878787,0.0,0.0,-0.5100338184029966,0.0003326163720909638,0.3786567820937332,0.17207441109951835,-0.6442794189988778,-0.651087827846492,0.8660254037844387,-0.4999999999999998,1.0,6.123233995736766e-17,0.7818314824680298,0.6234898018587336
0.29284934993383777,-0.06222982837170911,-0.6398581040737229,-0.5053395649575132,-0.36655490993915496,0.441982288815842,0.4953877901119818,0.9884923111601341,-0.6677210520793727,-0.4580309562005378,-0.645688676436388,-0.6514128533997506,-0.5993228975560492,0.0,0.8787878787878787,0.0,0.0,-0.3521669230772707,0.03476949765242025,0.38624015859242666,-0.09760822675312336,-0.4816661066573728,-0.6374139766541792,0.8660254037844387,-0.4999999999999998,0.9659258262890683,-0.25881904510252063,0.7818314824680298,0.6234898018587336
0.2867227047999692,0.22727471561950033,-0.5081906915023265,-0.3471220784547151,-0.47443140771929015,0.33412510181254906,0.4953877901119818,0.7412668653240198,-0.6831906184550289,-0.3147279573883835,-0.645688676436388,-0.6514128533997506,-0.643735674976877,0.0,0.8787878787878787,0.0,0.0,-0.3521669230772707,0.12034060342251071,0.3546735395241807,-0.09760822675312336,-0.16805471857018472,-0.633995513856101,0.8660254037844387,-0.4999999999999998,0.8660254037844387,-0.4999999999999998,0.7818314824680298,0.6234898018587336
0.14598703851343328,0.09568174107804124,-0.5081906915023265,-0.05705668653291797,-0.36655490993915496,0.4959108823174885,0.3336234868795902,0.598339654450016,-0.6831906184550289,0.28946847003583465,-0.6491011702105222,-0.6514128533997506,-0.503664607726574,0.0,0.0,0.0,0.0,-0.19430002775154487,0.3636328487884462,0.3899143489646997,-0.2594178094647084,0.18040237930446873,-0.6408324394522574,0.8660254037844387,-0.4999999999999998,0.7071067811865476,-0.7071067811865475,0.7818314824680298,0.6234898018587336
0.14751441800509757,0.09568174107804124,-0.350189796416651,0.23300870538887822,-0.36655490993915496,0.010553540802670241,-0.2055908572283818,0.45927534116720165,-0.6831906184550289,2.1795188327474913,-0.417051593569405,-0.6514128533997506,1.5632377260888723,0.8787878787878787,0.0,0.0,0.0,-0.06274428164677277,0.5942080659629888,0.40546022981130103,-0.3672908646057651,0.5985508967540529,-0.633995513856101,0.8660254037844387,-0.4999999999999998,0.49999999999999994,-0.8660254037844387,0.7818314824680298,0.6234898018587336
0.14831528297098315,-0.06222982837170911,-0.5081906915023265,0.39122619189167684,-0.36655490993915496,0.33412510181254906,-0.47519802928236776,-0.07766742400810946,-0.6831906184550289,2.3692984798230468,-0.42728907489180723,-0.6514128533997506,1.1361917893501439,0.8787878787878787,0.0,0.0,0.0,-0.06274428164677277,0.7496230259085269,0.4090367443110461,-0.2594178094647084,0.6837292984567459,-0.6476693650484138,0.8660254037844387,-0.4999999999999998,0.258819045102521,-0.9659258262890682,0.7818314824680298,0.6234898018587336
0.15093527276179325,-0.5096459418126703,-0.7978589991593985,0.5230740973106753,0.01101283229131838,0.441982288815842,-0.8526480701579482,-0.38669923130325257,-0.6831906184550289,1.9432625374085344,-0.29761431147471235,-0.6514128533997506,0.21035619850058027,0.8787878787878787,0.0,0.0,0.0,-0.06274428164677277,0.8794931682193731,0.4419452669893402,-0.2594178094647084,0.6837292984567459,-0.651087827846492,0.8660254037844387,-0.4999999999999998,1.2246467991473532e-16,-1.0,0.7818314824680298,0.6234898018587336
0.14930493119357438,-0.6412389163541294,-0.9295264117307949,0.681291583813473,0.44251882341185933,0.7655538498257208,-0.9604909389795426,-0.6686907554600706,-0.6831906184550289,2.8844146647424123,-0.6525136639846563,-0.6514128533997506,1.5734868285706018,0.8787878787878787,0.0,0.0,0.0,-0.06274428164677277,0.9529680715956474,0.4642158269025781,-0.3672908646057651,0.9934689410119935,-0.6442509022503355,0.8660254037844387,-0.4999999999999998,-0.2588190451025208,-0.9659258262890683,0.7818314824680298,0.6234898018587336
0.1493392541739579,-0.5096459418126703,-0.6398581040737229,0.23300870538887822,0.3346423256317241,0.441982288815842,-0.6369623325147594,-0.6841423458248278,-0.6831906184550289,1.904531997189033,-0.6525136639846563,-0.6514128533997506,0.39142367567780123,0.8787878787878787,0.0,0.0,0.0,0.22667835978372425,0.976844392375347,0.47942852392600455,-0.47516391974682176,0.7456772269677955,-0.6442509022503355,0.8660254037844387,-0.4999999999999998,-0.4999999999999997,-0.8660254037844388,0.7818314824680298,0.6234898018587336
0.20118411604331865,-0.5096459418126703,-0.5081906915023265,0.39122619189167684,0.4964570723019269,0.33412510181254906,-0.7448052013363538,-0.6841423458248278,-0.6831906184550289,1.4591307846647699,-0.6525136639846563,-0.6514128533997506,0.6715658101784072,0.0,0.0,0.0,0.0,0.09512261367895261,0.9207763947322933,0.5356844484388941,-0.3672908646057651,0.6024226422859935,-0.6476693650484138,0.8660254037844387,-0.4999999999999998,-0.7071067811865471,-0.7071067811865479,0.7818314824680298,0.6234898018587336
0.14590123792707047,-0.3517343723629195,-0.6398581040737229,-0.05705668653291797,0.01101283229131838,0.441982288815842,-0.47519802928236776,-0.6841423458248278,-0.6831906184550289,0.5915666837479437,-0.6525136639846563,-0.6514128533997506,-0.12103144840867314,0.0,0.0,0.8787878787878787,0.8787878787878787,0.09512261367895261,0.7880901891687762,0.5901417437227885,-0.3672908646057651,0.4630398031361321,-0.415213894779097,0.8660254037844387,-0.4999999999999998,-0.8660254037844385,-0.5000000000000004,0.7818314824680298,0.6234898018587336
0.17109430209630225,-0.5096459418126703,-0.6398581040737229,-0.05705668653291797,0.3346423256317241,0.33412510181254906,-0.47519802928236776,-0.6841423458248278,-0.6831906184550289,0.3708026044967871,-0.6525136639846563,-0.6514128533997506,0.39142367567780123,0.0,0.0,0.8787878787878787,0.8787878787878787,-0.06274428164677277,0.5655476174662658,0.44923310610760003,-0.3672908646057651,-0.07513282580361046,-0.42546928317333155,0.8660254037844387,-0.4999999999999998,-0.9659258262890683,-0.25881904510252063,0.7818314824680298,0.6234898018587336
0.21718434311058749,-0.7991504858038802,-0.6398581040737229,-0.5053395649575132,0.44251882341185933,0.6037680693207814,0.010094880414807005,-0.6841423458248278,-0.6290471361402322,-0.42704652402493687,-0.6525136639846563,-0.64799771944607,-0.5480773851474018,0.0,0.0,0.8787878787878787,0.8787878787878787,-0.5100338184029966,0.20777436486770703,0.4458307896374657,0.010264828387933323,-0.38487246835885797,-0.2955676968463604,0.8660254037844387,-0.4999999999999998,-1.0,-1.8369701987210297e-16,0.7818314824680298,0.6234898018587336
0.25396143032075946,-0.9307434603453393,-0.5081906915023265,-0.6371874703765118,0.766148316752265,0.4959108823174885,0.3336234868795902,-0.6841423458248278,-0.45888190600801404,-0.6516836572980436,-0.6525136639846563,-0.6001858440945402,-0.6471520424707868,0.0,0.0,0.8787878787878787,0.8787878787878787,-0.6415895645077683,0.0,0.4695188533641347,0.44175704895216006,-0.6675098921905214,-0.651087827846492,0.8660254037844387,-0.4999999999999998,-0.9659258262890684,0.2588190451025203,0.7818314824680298,0.6234898018587336
0.35481947385485724,-0.6412389163541294,-0.350189796416651,-0.6371874703765118,0.44251882341185933,0.4959108823174885,0.1718591836471986,-0.6841423458248278,-0.31578841703319416,-0.6826680894736445,-0.6525136639846563,-0.6445825854923893,-0.6505684099646967,0.0,0.0,0.8787878787878787,0.8787878787878787,-0.5100338184029966,0.0,0.5246099405969865,0.3338839938111034,-0.6829968743182837,-0.651087827846492,0.8660254037844387,-0.4999999999999998,-0.8660254037844386,0.5000000000000001,0.7818314824680298,0.6234898018587336
0.4496253119349422,-0.5096459418126703,-0.06052148875957856,-0.6371874703765118,0.3346423256317241,0.33412510181254906,0.1718591836471986,-0.6841423458248278,0.28752467161739764,-0.6826680894736445,-0.6525136639846563,-0.5045620933914808,-0.6505684099646967,0.0,0.0,0.0,0.0,-0.5100338184029966,0.0,0.4603954556492379,0.4956935765226884,-0.6829968743182837,-0.651087827846492,0.8660254037844387,-0.4999999999999998,-0.7071067811865477,0.7071067811865474,0.7818314824680298,0.6234898018587336
0.42523306811172157,-0.6412389163541294,0.22914681889749292,-0.7954049568793099,0.44251882341185933,-0.20516083320391562,0.3336234868795902,-0.6841423458248278,2.174811769447454,-0.6826680894736445,-0.6525136639846563,1.5615939485853385,-0.6505684099646967,0.0,0.0,0.0,0.0,-0.3521669230772707,0.0,0.3005913769568018,0.010264828387933323,-0.6829968743182837,-0.651087827846492,0.8660254037844387,-0.4999999999999998,-0.5000000000000004,0.8660254037844384,0.7818314824680298,0.6234898018587336
0.35167322353501823,-0.6412389163541294,0.38714771398316894,-0.7954049568793099,0.3346423256317241,-0.47480380071214795,0.4414663557011846,-0.6841423458248278,2.3643139575492422,-0.6826680894736445,-0.6525136639846563,1.134702204375252,-0.6505684099646967,0.0,0.0,0.0,0.0,-0.5100338184029966,0.0,0.24344968542683665,0.3338839938111034,-0.6829968743182837,-0.651087827846492,0.8660254037844387,-0.4999999999999998,-0.25881904510252157,0.9659258262890681,0.7818314824680298,0.6234898018587336
0.25758821266286236,-0.6412389163541294,0.5188151265545653,-0.6371874703765118,0.6043335700820621,-0.8523039552236732,0.3336234868795902,-0.6300617795481778,1.9389008822186968,-0.6826680894736445,-0.6491011702105222,0.20920090292778404,-0.6505684099646967,0.0,0.0,0.0,0.0,-0.7994564598334941,0.0,0.23559095208980518,0.44175704895216006,-0.6829968743182837,-0.651087827846492,0.8660254037844387,-0.4999999999999998,-2.4492935982947064e-16,1.0,0.7818314824680298,0.6234898018587336
0.14464272750224075,-0.5096459418126703,0.6768160216402405,-0.7954049568793099,0.4964570723019269,-0.9601611422269661,0.3336234868795902,-0.460094285535849,2.878677039539811,-0.6826680894736445,-0.6013262573726451,1.5718393504463806,-0.6505684099646967,0.0,0.0,0.0,0.0,-0.9310122059382657,0.0,0.2617191967714001,0.7653762143753301,-0.6829968743182837,-0.651087827846492,0.8660254037844387,-0.4999999999999998,0.25881904510252074,0.9659258262890683,0.9749279121818236,-0.22252093395631434
0.14442534977057758,-0.3517343723629195,0.22914681889749292,-0.9272528622983084,0.4964570723019269,-0.6365895812170874,0.4414663557011846,-0.31716707466184535,1.9002269662795563,-0.6826680894736445,-0.645688676436388,0.39020300247286077,-0.6505684099646967,0.0,0.0,0.0,0.0,-0.6415895645077683,0.0,0.2609888762700744,0.44175704895216006,-0.6829968743182837,-0.651087827846492,0.8660254037844387,-0.4999999999999998,0.49999999999999994,0.8660254037844387,0.9749279121818236,-0.22252093395631434
0.14198174577595854,-0.06222982837170911,0.38714771398316894,-1.085470348801107,0.3346423256317241,-0.7444467682203804,0.4414663557011846,0.28544494956368366,1.4554769329794406,-0.6826680894736445,-0.505776431696891,0.6702439866746777,-0.6505684099646967,0.0,0.0,0.0,0.0,-0.5100338184029966,0.0,0.2508293869873508,0.3338839938111034,-0.6829968743182837,-0.651087827846492,0.8660254037844387,-0.4999999999999998,0.7071067811865476,0.7071067811865476,0.9749279121818236,-0.22252093395631434
0.14250326286909845,0.22727471561950033,-0.06052148875957856,-1.085470348801107,-0.20474016326895209,-0.47480380071214795,0.4414663557011846,2.170538974064056,0.5891812159426936,-0.6826680894736445,1.5587823016542248,-0.12206709057924321,-0.6505684099646967,0.0,0.8787878787878787,0.0,0.0,-0.6415895645077683,0.0,0.26062478651009635,0.44175704895216006,-0.6829968743182837,-0.651087827846492,0.8660254037844387,-0.4999999999999998,0.8660254037844386,0.5000000000000001,0.9749279121818236,-0.22252093395631434
0.1415021747971454,0.3851862850692516,-0.06052148875957856,-1.085470348801107,-0.47443140771929015,-0.47480380071214795,0.6032306589335762,2.3598209560323316,0.3687398950895927,-0.6826680894736445,1.1322205798874654,0.39020300247286077,-0.6505684099646967,0.0,0.8787878787878787,0.0,0.0,-0.6415895645077683,0.0,0.31100617570685796,0.3338839938111034,-0.6829968743182837,-0.651087827846492,0.8660254037844387,-0.4999999999999998,0.9659258262890683,0.25881904510252074,0.9749279121818236,-0.22252093395631434
0.2683942435720446,0.5167792596107107,-0.5081906915023265,-1.2173182542201055,-0.8519991499497634,0.010553540802670241,0.6032306589335762,1.9349022210015099,-0.42794277325670166,-0.6206992251224427,0.2074347670971308,-0.5489588347893298,-0.6471520424707868,0.0,0.8787878787878787,0.0,0.0,-0.6415895645077683,0.0008814333860410541,0.31920818313811217,0.6035666316637451,-0.6287924368711154,-0.6476693650484138,0.8660254037844387,-0.4999999999999998,1.0,6.123233995736766e-17,0.9749279121818236,-0.22252093395631434
0.33608485850315994,0.6746908290604611,-0.6398581040737229,-0.9272528622983084,-0.9598756477298988,0.33412510181254906,0.6032306589335762,2.873586335660507,-0.6522514857037165,-0.30698184934448325,1.569019782976627,-0.64799771944607,-0.544661017653492,0.0,0.8787878787878787,0.0,0.0,-0.5100338184029966,0.04122779932067497,0.3320292810446267,0.4956935765226884,-0.45843563346572924,-0.5998108858753192,0.8660254037844387,-0.4999999999999998,0.9659258262890683,-0.25881904510252063,0.9749279121818236,-0.22252093395631434
0.2690692530334598,0.22727471561950033,-0.6398581040737229,-0.5053395649575132,-0.6362461543894931,0.17233932130760965,0.4953877901119818,1.896273245089617,-0.6831906184550289,-0.0010105816104240802,0.3882969371262368,-0.6514128533997506,-0.5890737950743197,0.0,0.8787878787878787,0.0,0.0,-0.3521669230772707,0.13242566050693078,0.35805864619191885,0.4956935765226884,-0.3151810487839273,-0.6442509022503355,0.8660254037844387,-0.4999999999999998,0.8660254037844387,-0.4999999999999998,0.9749279121818236,-0.22252093395631434
0.14488870657345754,0.3851862850692516,-0.6398581040737229,-0.05705668653291797,-0.7441226521696283,0.17233932130760965,-0.09774798840678739,1.4520400221028489,-0.6831906184550289,0.7426157906039983,0.668121426605231,-0.6514128533997506,-0.3875081129336398,0.0,0.0,0.0,0.0,-0.06274428164677277,0.35847729502103626,0.38563648379766235,0.3338839938111034,0.2888112541988054,-0.5040939275291298,0.8660254037844387,-0.4999999999999998,0.7071067811865476,-0.7071067811865475,0.9749279121818236,-0.22252093395631434
0.14708538418260117,-0.06222982837170911,-0.7978589991593985,0.39122619189167684,-0.47443140771929015,0.33412510181254906,-0.47519802928236776,0.5867509616764481,-0.6831906184550289,1.1415403548648602,-0.12357712899387452,-0.6514128533997506,-0.25085341317724663,0.8787878787878787,0.0,0.0,0.0,0.22667835978372425,0.5679590861639252,0.39152500207823726,-0.20548128189418005,2.1782230737858153,1.5640760653081738,0.8660254037844387,-0.4999999999999998,0.49999999999999994,-0.8660254037844387,0.9749279121818236,-0.22252093395631434
0.15044331118706164,-0.06222982837170911,-0.7978589991593985,0.681291583813473,-0.47443140771929015,0.441982288815842,-0.47519802928236776,0.3665657989786587,-0.6831906184550289,1.3351930559623661,0.3882969371262368,-0.6514128533997506,-0.24402067818942696,0.8787878787878787,0.0,0.0,0.0,0.3845452551094506,0.7261181710931787,0.38994774417649225,-0.47516391974682176,2.367938604850904,1.1367682155484002,0.8660254037844387,-0.4999999999999998,0.258819045102521,-0.9659258262890682,0.9749279121818236,-0.22252093395631434
0.150494795657637,-0.5096459418126703,-0.6398581040737229,0.8131394892324716,0.01101283229131838,0.33412510181254906,-0.5830408981039622,-0.4291911048063347,-0.6831906184550289,2.547458964832752,-0.550138850760634,-0.6514128533997506,0.6988967501296858,0.8787878787878787,0.0,0.0,0.0,0.5161010012142222,0.8714937444705854,0.3620129568299789,-0.8527196127405202,1.942046596337439,0.21036479726921134,0.8660254037844387,-0.4999999999999998,1.2246467991473532e-16,-1.0,0.9749279121818236,-0.22252093395631434
0.1487271656001819,-0.6412389163541294,-0.7978589991593985,0.8131394892324716,0.3346423256317241,0.33412510181254906,-0.6908837669255565,-0.6532391650953134,-0.6831906184550289,2.605554775162004,-0.6491011702105222,-0.6514128533997506,1.0746971744597669,0.8787878787878787,0.0,0.0,0.0,0.6739678965399476,0.8453888141699472,0.3986438675711851,-0.9605926678815769,2.8828807605990034,1.5743314537024082,0.8660254037844387,-0.4999999999999998,-0.2588190451025208,-0.9659258262890683,0.9749279121818236,-0.22252093395631434
0.14864707292545687,-0.6412389163541294,-0.9295264117307949,0.5230740973106753,0.17282757896152123,0.441982288815842,-0.47519802928236776,-0.6841423458248278,-0.6831906184550289,2.349933209713296,-0.6525136639846563,-0.6514128533997506,1.1191099518805947,0.8787878787878787,0.0,0.0,0.0,0.22667835978372425,0.7456150784527602,0.4068617018742856,-0.6369735024584068,1.903329141018033,0.39154332556735527,0.8660254037844387,-0.4999999999999998,-0.4999999999999997,-0.8660254037844388,0.9749279121818236,-0.22252093395631434
0.16683825252874135,-0.6412389163541294,-1.0875273068164708,0.39122619189167684,0.17282757896152123,0.441982288815842,-0.2055908572283818,-0.6841423458248278,-0.6831906184550289,1.935516429364634,-0.6525136639846563,-0.6514128533997506,1.3821702489116514,0.0,0.0,0.0,0.0,0.3845452551094506,0.8859292284960588,0.4520212477547225,-0.7448465575994635,1.4580784048448647,0.6718572750097667,0.8660254037844387,-0.4999999999999998,-0.7071067811865471,-0.7071067811865479,0.9749279121818236,-0.22252093395631434
0.19016072113166543,-0.7991504858038802,-1.0875273068164708,0.23300870538887822,0.3346423256317241,0.441982288815842,-0.3673551604607734,-0.6841423458248278,-0.6831906184550289,1.13379424682096,-0.6525136639846563,-0.6514128533997506,0.8389678173799888,0.0,0.0,0.8787878787878787,0.8787878787878787,-0.06274428164677277,0.7490631926403333,0.5044837425501658,-0.47516391974682176,0.5908074056901716,-0.12122609414437287,0.8660254037844387,-0.4999999999999998,-0.8660254037844385,-0.5000000000000004,0.9749279121818236,-0.22252093395631434
0.17680337041852645,-0.7991504858038802,-1.0875273068164708,0.1011607999698797,0.44251882341185933,0.6037680693207814,-0.09774798840678739,-0.6841423458248278,-0.6831906184550289,0.2623570918821838,-0.6525136639846563,-0.6514128533997506,0.18302525854930166,0.0,0.0,0.8787878787878787,0.8787878787878787,-0.06274428164677277,0.5141971843518526,0.48849496539011417,-0.47516391974682176,0.3701179103695578,0.39154332556735527,0.8660254037844387,-0.4999999999999998,-0.9659258262890683,-0.25881904510252063,0.9749279121818236,-0.22252093395631434
0.2264572591580833,-0.6412389163541294,-1.2191947193878672,-0.3471220784547151,0.3346423256317241,0.6037680693207814,0.1718591836471986,-0.6841423458248278,-0.6213123529524042,-0.39218903782738584,-0.6525136639846563,-0.64799771944607,-0.24060431069551716,0.0,0.0,0.8787878787878787,0.8787878787878787,-0.5100338184029966,0.17816042497409318,0.502518700678358,0.010264828387933323,-0.4274616692102045,-0.5485339439041463,0.8660254037844387,-0.4999999999999998,-1.0,-1.8369701987210297e-16,0.9749279121818236,-0.22252093395631434
0.30317485225305413,-0.7991504858038802,-0.9295264117307949,-0.6371874703765118,0.3346423256317241,0.6037680693207814,0.3336234868795902,-0.6841423458248278,-0.3080536338453661,-0.6478106032760935,-0.6525136639846563,-0.5455437008356492,-0.6505684099646967,0.0,0.0,0.8787878787878787,0.8787878787878787,-0.6415895645077683,0.001807215577345387,0.5299599866972323,0.3338839938111034,-0.6520229100627589,-0.6476693650484138,0.8660254037844387,-0.4999999999999998,-0.9659258262890684,0.2588190451025203,0.9749279121818236,-0.22252093395631434
0.45701614794689405,-0.9307434603453393,-0.5081906915023265,-0.7954049568793099,0.44251882341185933,0.4959108823174885,0.4414663557011846,-0.6841423458248278,-0.002529697926156119,-0.6826680894736445,-0.6525136639846563,-0.5899404422334982,-0.6505684099646967,0.0,0.0,0.8787878787878787,0.8787878787878787,-0.6415895645077683,0.0,0.5572529406097402,0.17207441109951835,-0.6829968743182837,-0.651087827846492,0.8660254037844387,-0.4999999999999998,-0.8660254037844386,0.5000000000000001,0.9749279121818236,-0.22252093395631434
0.7385790199086487,-1.0886550297950905,-0.06052148875957856,-0.7954049568793099,0.44251882341185933,-0.09730364620062269,0.4414663557011846,-0.6841423458248278,0.7400094881053415,-0.6826680894736445,-0.6525136639846563,-0.38844753896633727,-0.6505684099646967,0.0,0.0,0.0,0.0,-0.6415895645077683,0.0,0.4447672136054551,0.17207441109951835,-0.6829968743182837,-0.651087827846492,0.8660254037844387,-0.4999999999999998,-0.7071067811865477,0.7071067811865474,0.9749279121818236,-0.22252093395631434
0.4326983163451449,-1.0886550297950905,0.38714771398316894,-0.6371874703765118,0.44251882341185933,-0.47480380071214795,0.4414663557011846,-0.6841423458248278,1.1383508222784886,-0.6826680894736445,-0.6525136639846563,-0.2518421808191096,-0.6505684099646967,0.0,0.0,0.0,0.0,-0.7994564598334941,0.0,0.3047270051558212,0.3338839938111034,-0.6829968743182837,-0.651087827846492,0.8660254037844387,-0.4999999999999998,-0.5000000000000004,0.8660254037844384,0.9749279121818236,-0.22252093395631434
0.40672728407024145,-1.0886550297950905,0.6768160216402405,-0.6371874703765118,0.6043335700820621,-0.47480380071214795,0.3336234868795902,-0.6841423458248278,1.331720401974191,-0.6826680894736445,-0.6525136639846563,-0.24501191291174818,-0.6505684099646967,0.0,0.0,0.0,0.0,-0.7994564598334941,0.0,0.25571566988874117,0.44175704895216006,-0.6829968743182837,-0.651087827846492,0.8660254037844387,-0.4999999999999998,-0.25881904510252157,0.9659258262890681,0.9749279121818236,-0.22252093395631434
0.24909041591366637,-1.2202480043365496,0.8084834342116368,-0.7954049568793099,0.6043335700820621,-0.582660987715441,0.818916396576765,-0.6223359843657992,2.542213970869289,-0.6826680894736445,-0.6491011702105222,0.6975650583041232,-0.6505684099646967,0.0,0.0,0.0,0.0,-0.6415895645077683,0.0,0.23004655302767796,0.3338839938111034,-0.6829968743182837,-0.651087827846492,0.8660254037844387,-0.4999999999999998,-2.4492935982947064e-16,1.0,0.9749279121818236,-0.22252093395631434
0.17449799879510416,-0.9307434603453393,0.8084834342116368,-0.7954049568793099,0.6043335700820621,-0.6905181747187339,0.3336234868795902,-0.30944127947946676,2.6002248447779994,-0.6826680894736445,-0.5467263569864999,1.0732297932089994,-0.6505684099646967,0.0,0.0,0.0,0.0,-0.7994564598334941,0.0,0.23661135507884057,0.3338839938111034,-0.6829968743182837,-0.651087827846492,0.8660254037844387,-0.4999999999999998,0.25881904510252074,0.9659258262890683,0.43388373911755823,-0.900968867902419
0.17437215015522983,-0.5096459418126703,0.5188151265545653,-0.9272528622983084,0.4964570723019269,-0.47480380071214795,0.4414663557011846,-0.004272369775512977,2.3449769995796723,-0.6826680894736445,-0.5910887760502429,1.1176265346068484,-0.6505684099646967,0.0,0.0,0.0,0.0,-0.9310122059382657,0.0,0.23394329277915094,0.44175704895216006,-0.6829968743182837,-0.651087827846492,0.8660254037844387,-0.4999999999999998,0.49999999999999994,0.8660254037844387,0.43388373911755823,-0.900968867902419
0.17184939736784635,-0.06222982837170911,0.38714771398316894,-1.3755357407229036,-0.09686366548881685,-0.20516083320391562,0.7649949621659677,0.7374039677328305,1.9311660990308688,-0.6826680894736445,-0.3897516433763324,1.3805918490402618,-0.6505684099646967,0.0,0.0,0.0,0.0,-1.088879101263992,0.0,0.24896987808237925,0.44175704895216006,-0.6829968743182837,-0.651087827846492,0.8660254037844387,-0.4999999999999998,0.7071067811865476,0.7071067811865476,0.43388373911755823,-0.900968867902419
0.1720667888287017,0.3851862850692516,0.22914681889749292,-1.085470348801107,-0.47443140771929015,-0.366946613708855,0.7649949621659677,1.135282419625327,1.1306160390906606,-0.6826680894736445,-0.2532518924109694,0.8375855504050316,-0.6505684099646967,0.0,0.8787878787878787,0.0,0.0,-1.088879101263992,0.0,0.24406352732212344,0.44175704895216006,-0.6829968743182837,-0.651087827846492,0.8660254037844387,-0.4999999999999998,0.8660254037844386,0.5000000000000001,0.43388373911755823,-0.900968867902419
0.171740730811952,0.6746908290604611,0.09747940632609654,-0.7954049568793099,-0.47443140771929015,-0.09730364620062269,0.6032306589335762,1.3284272991847916,0.2604529304599993,-0.6826680894736445,-0.24642690486270125,0.18187983129833848,-0.6505684099646967,0.0,0.8787878787878787,0.0,0.0,-1.088879101263992,0.0,0.2751016927735782,0.6035666316637451,-0.6829968743182837,-0.651087827846492,0.8660254037844387,-0.4999999999999998,0.9659258262890683,0.25881904510252074,0.43388373911755823,-0.900968867902419
0.24683941189117167,0.8062838036019201,-0.350189796416651,-0.6371874703765118,-0.5823079054994255,0.17233932130760965,0.3336234868795902,2.5375142452270385,-0.3931362489114752,-0.6478106032760935,0.6954213767983036,-0.24159677895806747,-0.6505684099646967,0.0,0.8787878787878787,0.0,0.0,-1.2204348473687636,0.0005654478325546385,0.3075633957132329,0.6035666316637451,-0.6210489458072342,-0.6476693650484138,0.8660254037844387,-0.4999999999999998,1.0,6.123233995736766e-17,0.43388373911755823,-0.900968867902419
0.32003886517384766,0.8062838036019201,-0.6398581040737229,-0.5053395649575132,-0.6901844032795607,0.33412510181254906,0.1718591836471986,2.595457709094878,-0.6483840941098025,-0.5393650906614903,1.070795691953052,-0.6514128533997506,-0.6471520424707868,0.0,0.8787878787878787,0.0,0.0,-0.9310122059382657,0.03336696483994819,0.3207838020110576,0.6035666316637451,-0.3074375577200461,-0.5451154811060681,0.8660254037844387,-0.4999999999999998,0.9659258262890683,-0.25881904510252063,0.43388373911755823,-0.900968867902419
0.16391507755530918,0.5167792596107107,-0.7978589991593985,-0.3471220784547151,-0.47443140771929015,0.441982288815842,0.010094880414807005,2.3405064680763847,-0.6831906184550289,0.13067325513587988,1.115158111016795,-0.6514128533997506,-0.623237470013418,0.0,0.8787878787878787,0.0,0.0,-0.5100338184029966,0.12137725423428625,0.36691145049592644,0.4956935765226884,-0.0015696606967391725,-0.5895554974810846,0.8660254037844387,-0.4999999999999998,0.8660254037844387,-0.4999999999999998,0.43388373911755823,-0.900968867902419
0.14486582344243581,0.3851862850692516,-0.7978589991593985,-0.18890459195191697,-0.20474016326895209,0.441982288815842,-0.09774798840678739,1.9271764258191313,-0.6831906184550289,0.1384193631797801,1.3779201316251188,-0.6514128533997506,-0.6505684099646967,0.0,0.0,0.0,0.0,-0.06274428164677277,0.36282347341325494,0.3825166949168646,-0.09760822675312336,0.7418054814358549,-0.3878661923944715,0.8660254037844387,-0.4999999999999998,0.7071067811865476,-0.7071067811865475,0.43388373911755823,-0.900968867902419
0.14862991829986116,0.22727471561950033,-0.6398581040737229,0.23300870538887822,-0.36655490993915496,0.441982288815842,-0.3673551604607734,1.1275566244429485,-0.6831906184550289,1.8464361868597814,0.8353336215378007,-0.6514128533997506,0.9551243121729229,0.8787878787878787,0.0,0.0,0.0,0.3845452551094506,0.5898563262250287,0.3915074849579412,-0.47516391974682176,1.1405952712257361,-0.251127680471344,0.8660254037844387,-0.4999999999999998,0.49999999999999994,-0.8660254037844387,0.43388373911755823,-0.900968867902419
0.1515759626751229,0.09568174107804124,-0.6398581040737229,0.39122619189167684,-0.09686366548881685,0.33412510181254906,-0.3673551604607734,0.25840466642535864,-0.6831906184550289,2.5203475866791014,0.1801348169040582,-0.6514128533997506,1.6691451184000772,0.8787878787878787,0.0,0.0,0.0,0.6739678965399476,0.7665643219394398,0.41868575807412467,-0.47516391974682176,1.3341825478227658,-0.24429075487518762,0.8660254037844387,-0.4999999999999998,0.258819045102521,-0.9659258262890682,0.43388373911755823,-0.900968867902419
0.15072362010325804,-0.3517343723629195,-0.7978589991593985,0.39122619189167684,0.17282757896152123,0.8194824433273673,-0.3673551604607734,-0.3944250264856311,-0.6831906184550289,2.938637421049714,-0.24301441108856717,-0.6514128533997506,2.2362621223891086,0.8787878787878787,0.0,0.0,0.0,0.8055236426447192,0.8888839927758917,0.45880513673674583,-0.5830369748878784,2.5460388993201715,0.6992049773943921,0.8660254037844387,-0.4999999999999998,1.2246467991473532e-16,-1.0,0.43388373911755823,-0.900968867902419
0.1506320875791712,-0.6412389163541294,-0.7978589991593985,0.39122619189167684,0.3346423256317241,0.33412510181254906,-0.3673551604607734,-0.6493762675041241,-0.6831906184550289,2.9463835290936142,-0.6525136639846563,-0.6514128533997506,2.2601766948464777,0.8787878787878787,0.0,0.0,0.0,0.8055236426447192,0.9568929980049403,0.48036476790814386,-0.6909100300289351,2.6041150822992805,1.0752358851829928,0.8660254037844387,-0.4999999999999998,-0.2588190451025208,-0.9659258262890683,0.43388373911755823,-0.900968867902419
0.20767687754434255,-0.7991504858038802,-0.9295264117307949,0.39122619189167684,0.44251882341185933,0.441982288815842,-0.3673551604607734,-0.6841423458248278,-0.6831906184550289,2.6559044774473555,-0.6525136639846563,-0.6514128533997506,2.1986820799561007,0.8787878787878787,0.0,0.0,0.0,0.5161010012142222,0.9791061837055657,0.4829127406164704,-0.47516391974682176,2.3485798771912014,1.1196759015580093,0.8660254037844387,-0.4999999999999998,-0.4999999999999997,-0.8660254037844388,0.43388373911755823,-0.900968867902419
0.1490360724236339,-0.7991504858038802,-1.3771956144735429,0.23300870538887822,0.44251882341185933,0.7655538498257208,-0.3673551604607734,-0.6841423458248278,-0.6831906184550289,2.1214230224182393,-0.6525136639846563,-0.6514128533997506,2.0620273801997073,0.0,0.0,0.0,0.0,0.3845452551094506,0.9186087870539961,0.45876277808620536,-0.20548128189418005,1.9343031052735578,1.3828975370100298,0.8660254037844387,-0.4999999999999998,-0.7071067811865471,-0.7071067811865479,0.43388373911755823,-0.900968867902419
0.1487614817159694,-0.6412389163541294,-1.0875273068164708,0.23300870538887822,0.44251882341185933,0.7655538498257208,-0.47519802928236776,-0.6841423458248278,-0.6831906184550289,1.366177488137967,-0.6525136639846563,-0.6514128533997506,1.7750525107112818,0.0,0.0,0.8787878787878787,0.8787878787878787,0.22667835978372425,0.7670410277239206,0.45329810240928514,-0.3672908646057651,1.132851780161855,0.8393619521155978,0.8660254037844387,-0.4999999999999998,-0.8660254037844385,-0.5000000000000004,0.43388373911755823,-0.900968867902419
0.19443391846022595,-0.6412389163541294,-0.7978589991593985,-0.05705668653291797,0.3346423256317241,0.6037680693207814,-0.09774798840678739,-0.6841423458248278,-0.6831906184550289,0.5141056033089414,-0.6525136639846563,-0.6514128533997506,1.2967610615639058,0.0,0.0,0.8787878787878787,0.8787878787878787,0.09512261367895261,0.5537951767539367,0.45125822862884435,-0.09760822675312336,0.26170903547522123,0.18301709488458584,0.8660254037844387,-0.4999999999999998,-0.9659258262890683,-0.25881904510252063,0.43388373911755823,-0.900968867902419
0.2836508083525351,-0.7991504858038802,-0.6398581040737229,-0.3471220784547151,0.8200865656423326,0.33412510181254906,0.1718591836471986,-0.6841423458248278,-0.6483840941098025,-0.2914896332566828,-0.6525136639846563,-0.6514128533997506,0.31626359081178496,0.0,0.0,0.8787878787878787,0.8787878787878787,-0.3521669230772707,0.2206798801048364,0.45348244192959375,0.17207441109951835,-0.39261595942273914,-0.24087229207710945,0.8660254037844387,-0.4999999999999998,-1.0,-1.8369701987210297e-16,0.43388373911755823,-0.900968867902419
0.5116411712273227,-0.7991504858038802,-0.5081906915023265,-0.5053395649575132,0.3346423256317241,0.17233932130760965,0.6571520933443734,-0.6841423458248278,-0.540097129480209,-0.6478106032760935,-0.6525136639846563,-0.64799771944607,-0.6300702050012377,0.0,0.0,0.8787878787878787,0.8787878787878787,-0.6415895645077683,0.0009479566604592469,0.44673071888776317,0.3338839938111034,-0.6481511645308183,-0.651087827846492,0.8660254037844387,-0.4999999999999998,-0.9659258262890684,0.2588190451025203,0.43388373911755823,-0.900968867902419
0.5839997801365624,-0.9307434603453393,-0.350189796416651,-0.5053395649575132,0.44251882341185933,0.010553540802670241,0.6571520933443734,-0.6841423458248278,0.1289616162669216,-0.6826680894736445,-0.6525136639846563,-0.6240917817703051,-0.6505684099646967,0.0,0.0,0.8787878787878787,0.8787878787878787,-0.7994564598334941,0.0,0.4474542476635003,0.44175704895216006,-0.6829968743182837,-0.651087827846492,0.8660254037844387,-0.4999999999999998,-0.8660254037844386,0.5000000000000001,0.43388373911755823,-0.900968867902419
0.581253941705878,-1.3781595737863004,-0.1921889013309754,-0.6371874703765118,0.766148316752265,-0.09730364620062269,0.6032306589335762,-0.6841423458248278,0.13669639945474968,-0.6826680894736445,-0.6525136639846563,-0.6514128533997506,-0.6505684099646967,0.0,0.0,0.0,0.0,-0.7994564598334941,0.0,0.38785081170596414,0.44175704895216006,-0.6829968743182837,-0.651087827846492,0.8660254037844387,-0.4999999999999998,-0.7071067811865477,0.7071067811865474,0.43388373911755823,-0.900968867902419
0.349127591048911,-1.0886550297950905,0.22914681889749292,-0.7954049568793099,0.766148316752265,-0.366946613708855,0.818916396576765,-0.6841423458248278,1.8422160923708457,-0.6826680894736445,-0.6525136639846563,0.9537001048301752,-0.6505684099646967,0.0,0.0,0.0,0.0,-0.6415895645077683,0.0,0.28693150606207596,0.44175704895216006,-0.6829968743182837,-0.651087827846492,0.8660254037844387,-0.4999999999999998,-0.5000000000000004,0.8660254037844384,0.43388373911755823,-0.900968867902419
0.2554029817676767,-0.7991504858038802,0.38714771398316894,-0.7954049568793099,0.6043335700820621,-0.366946613708855,0.818916396576765,-0.6841423458248278,2.5151422297118904,-0.6826680894736445,-0.6525136639846563,1.66746310114944,-0.6505684099646967,0.0,0.0,0.0,0.0,-0.6415895645077683,0.0,0.2142260836374883,0.3338839938111034,-0.6829968743182837,-0.651087827846492,0.8660254037844387,-0.4999999999999998,-0.25881904510252157,0.9659258262890681,0.43388373911755823,-0.900968867902419
0.233510631626904,-0.6412389163541294,0.38714771398316894,-0.9272528622983084,0.3346423256317241,-0.366946613708855,0.6032306589335762,-0.6493762675041241,2.932820521854608,-0.6826680894736445,-0.6525136639846563,2.234375337460435,-0.6505684099646967,0.0,0.0,0.0,0.0,-0.7994564598334941,0.0,0.2099475526150013,0.8193127419458585,-0.6829968743182837,-0.651087827846492,0.8660254037844387,-0.4999999999999998,-2.4492935982947064e-16,1.0,0.43388373911755823,-0.900968867902419
0.14431093754776703,-0.5096459418126703,0.38714771398316894,-0.7954049568793099,0.17282757896152123,-0.366946613708855,0.6032306589335762,-0.5412151349508241,2.940555305042436,-0.6826680894736445,-0.6491011702105222,2.2582812751362,-0.6505684099646967,0.0,0.0,0.0,0.0,-0.7994564598334941,0.0,0.2131974906264198,0.3338839938111034,-0.6829968743182837,-0.651087827846492,0.8660254037844387,-0.4999999999999998,0.25881904510252074,0.9659258262890683,-0.433883739117558,-0.9009688679024191
0.1447914592731368,-0.3517343723629195,0.38714771398316894,-0.7954049568793099,0.01101283229131838,-0.366946613708855,0.4414663557011846,0.12706614832492283,2.650500935498882,-0.6826680894736445,-0.6252137137915836,2.1968088639699475,-0.6505684099646967,0.0,0.0,0.0,0.0,-0.9310122059382657,0.0,0.20265177445099314,0.44175704895216006,-0.6829968743182837,-0.651087827846492,0.8660254037844387,-0.4999999999999998,0.49999999999999994,0.8660254037844387,-0.433883739117558,-0.9009688679024191
0.1417481538683622,-0.19382280291316867,0.22914681889749292,-0.7954049568793099,-0.09686366548881685,-0.366946613708855,0.4414663557011846,0.13479194350730142,2.116800895538743,-0.6826680894736445,-0.6525136639846563,2.0602035058227197,-0.6505684099646967,0.0,0.0,0.0,0.0,-1.3783017426944895,0.0,0.20431666917386848,0.7653762143753301,-0.6829968743182837,-0.651087827846492,0.8660254037844387,-0.4999999999999998,0.7071067811865476,0.7071067811865476,-0.433883739117558,-0.9009688679024191
0.14214287157507113,0.22727471561950033,0.22914681889749292,-0.7954049568793099,-0.36655490993915496,-0.47480380071214795,0.6032306589335762,1.8383297812217776,1.3626595347255035,-0.6826680894736445,0.9513584098583593,1.7733322537135416,-0.6505684099646967,0.0,0.8787878787878787,0.0,0.0,-1.088879101263992,0.0,0.21850312929012583,0.7653762143753301,-0.6829968743182837,-0.651087827846492,0.8660254037844387,-0.4999999999999998,0.8660254037844386,0.5000000000000001,-0.433883739117558,-0.9009688679024191
0.14089580099960325,0.3851862850692516,-0.06052148875957856,-0.6371874703765118,-0.36655490993915496,-0.09730364620062269,0.4414663557011846,2.5104739620887138,0.5118333840644126,-0.6826680894736445,1.6645696086523811,1.2952135001982445,-0.6505684099646967,0.0,0.8787878787878787,0.0,0.0,-0.7994564598334941,0.0,0.2486860700017931,0.6035666316637451,-0.6829968743182837,-0.651087827846492,0.8660254037844387,-0.4999999999999998,0.9659258262890683,0.25881904510252074,-0.433883739117558,-0.9009688679024191
0.18149415485562545,0.3851862850692516,-0.350189796416651,-0.6371874703765118,-0.36655490993915496,0.17233932130760965,0.3336234868795902,2.927666901937157,-0.2925840674697099,-0.6284453331663429,2.2310435751586377,0.31507005549188555,-0.6505684099646967,0.0,0.8787878787878787,0.0,0.0,-0.6415895645077683,0.0011364393156596427,0.30802058230902984,0.3338839938111034,-0.6481511645308183,-0.651087827846492,0.8660254037844387,-0.4999999999999998,1.0,6.123233995736766e-17,-0.433883739117558,-0.9009688679024191
0.26458439274946993,0.3851862850692516,-0.5081906915023265,-0.6371874703765118,-0.36655490993915496,0.6576966628224279,0.4414663557011846,2.935392697119535,-0.6483840941098025,-0.365077659673735,2.254931031577576,-0.6309220496776665,-0.6505684099646967,0.0,0.8787878787878787,0.0,0.0,-0.5100338184029966,0.0881987711182126,0.38012243237815335,0.17207441109951835,-0.5397422896364817,-0.6476693650484138,0.8660254037844387,-0.4999999999999998,0.9659258262890683,-0.25881904510252063,-0.433883739117558,-0.9009688679024191
0.22291056262610934,0.3851862850692516,-0.5081906915023265,-0.5053395649575132,-0.36655490993915496,0.6576966628224279,0.3336234868795902,2.645675377780339,-0.6831906184550289,-0.047487229873825476,2.193506143643163,-0.6514128533997506,-0.6300702050012377,0.0,0.8787878787878787,0.0,0.0,-0.3521669230772707,0.18598244445466242,0.41340767558211255,0.010264828387933323,0.13006968738924102,-0.6237401254618664,0.8660254037844387,-0.4999999999999998,0.8660254037844387,-0.4999999999999998,-0.433883739117558,-0.9009688679024191
0.14467704705032625,0.22727471561950033,-0.6398581040737229,0.1011607999698797,-0.36655490993915496,0.6037680693207814,-0.09774798840678739,2.112595510196217,-0.6831906184550289,0.2584840378602337,2.0570063926778,-0.6514128533997506,-0.3157643955615334,0.0,0.0,0.0,0.0,-0.19430002775154487,0.3467802948056073,0.39290895702092576,-0.09760822675312336,0.13781317845312221,-0.651087827846492,0.8660254037844387,-0.4999999999999998,0.7071067811865476,-0.7071067811865475,-0.433883739117558,-0.9009688679024191
0.14172527073734048,0.22727471561950033,-0.7978589991593985,0.23300870538887822,-0.47443140771929015,0.8194824433273673,-0.09774798840678739,1.3593304799143058,-0.6831906184550289,1.8812936730573324,1.7703569156505374,-0.6514128533997506,1.3514229414664631,0.8787878787878787,0.0,0.0,0.0,0.22667835978372425,0.27392621323551325,0.37984287552851637,-0.3672908646057651,1.845252958038924,0.9555896872502563,0.8660254037844387,-0.4999999999999998,0.49999999999999994,-0.8660254037844387,-0.433883739117558,-0.9009688679024191
0.19533204788792244,-0.06222982837170911,-0.7978589991593985,0.23300870538887822,-0.09686366548881685,0.8194824433273673,-0.2055908572283818,0.5094930098526624,-0.6831906184550289,1.8464361868597814,1.292607787271767,-0.6514128533997506,0.7535586300322431,0.8787878787878787,0.0,0.0,0.0,0.3845452551094506,0.2047697347413703,0.36280220041665123,-0.3672908646057651,2.5189366805965876,1.6700484120485974,0.8660254037844387,-0.4999999999999998,0.258819045102521,-0.9659258262890682,-0.433883739117558,-0.9009688679024191
